8.7738037109375e-05
4.7206878662109375e-05
4.696846008300781e-05
4.649162292480469e-05
4.601478576660156e-05
4.7206878662109375e-05
4.57763671875e-05
4.57763671875e-05
4.57763671875e-05
4.553794860839844e-05
4.6253204345703125e-05
4.5299530029296875e-05
4.57763671875e-05
9.560585021972656e-05
4.7206878662109375e-05
4.553794860839844e-05
4.6253204345703125e-05
4.553794860839844e-05
4.601478576660156e-05
4.6253204345703125e-05
4.6253204345703125e-05
4.553794860839844e-05
4.57763671875e-05
4.553794860839844e-05
4.553794860839844e-05
4.792213439941406e-05
4.601478576660156e-05
4.553794860839844e-05
4.553794860839844e-05
4.553794860839844e-05
4.553794860839844e-05
0.00010991096496582031
6.079673767089844e-05
4.57763671875e-05
4.57763671875e-05
4.673004150390625e-05
4.57763671875e-05
4.6253204345703125e-05
4.601478576660156e-05
4.5299530029296875e-05
7.581710815429688e-05
4.649162292480469e-05
4.601478576660156e-05
4.601478576660156e-05
4.6253204345703125e-05
4.57763671875e-05
4.673004150390625e-05
0.00013518333435058594
4.887580871582031e-05
6.127357482910156e-05
4.57763671875e-05
4.553794860839844e-05
4.553794860839844e-05
4.5299530029296875e-05
4.601478576660156e-05
4.696846008300781e-05
4.57763671875e-05
4.5299530029296875e-05
4.744529724121094e-05
4.601478576660156e-05
4.649162292480469e-05
4.57763671875e-05
6.508827209472656e-05
4.744529724121094e-05
4.6253204345703125e-05
4.6253204345703125e-05
4.601478576660156e-05
4.553794860839844e-05
4.601478576660156e-05
4.601478576660156e-05
4.6253204345703125e-05
4.601478576660156e-05
4.792213439941406e-05
4.57763671875e-05
4.649162292480469e-05
4.649162292480469e-05
4.57763671875e-05
4.553794860839844e-05
4.76837158203125e-05
4.5299530029296875e-05
9.369850158691406e-05
4.673004150390625e-05
4.649162292480469e-05
4.553794860839844e-05
4.553794860839844e-05
4.5299530029296875e-05
4.601478576660156e-05
4.553794860839844e-05
4.601478576660156e-05
4.601478576660156e-05
4.601478576660156e-05
4.696846008300781e-05
4.649162292480469e-05
4.553794860839844e-05
4.601478576660156e-05
4.6253204345703125e-05
6.461143493652344e-05
9.465217590332031e-05
4.7206878662109375e-05
4.601478576660156e-05
4.601478576660156e-05
4.57763671875e-05
4.649162292480469e-05
4.673004150390625e-05
4.6253204345703125e-05
4.57763671875e-05
9.202957153320312e-05
4.839897155761719e-05
4.601478576660156e-05
4.673004150390625e-05
4.7206878662109375e-05
4.673004150390625e-05
4.649162292480469e-05
4.696846008300781e-05
0.00013780593872070312
4.839897155761719e-05
4.673004150390625e-05
4.673004150390625e-05
4.696846008300781e-05
4.673004150390625e-05
4.673004150390625e-05
4.673004150390625e-05
4.649162292480469e-05
4.8160552978515625e-05
4.7206878662109375e-05
4.6253204345703125e-05
4.6253204345703125e-05
4.673004150390625e-05
4.649162292480469e-05
4.601478576660156e-05
0.001905679702758789
9.870529174804688e-05
4.8160552978515625e-05
4.696846008300781e-05
4.649162292480469e-05
4.6253204345703125e-05
4.6253204345703125e-05
4.6253204345703125e-05
4.6253204345703125e-05
4.601478576660156e-05
4.6253204345703125e-05
0.00012350082397460938
4.6253204345703125e-05
4.649162292480469e-05
4.696846008300781e-05
4.6253204345703125e-05
4.6253204345703125e-05
0.00016808509826660156
5.412101745605469e-05
4.935264587402344e-05
4.9591064453125e-05
4.9591064453125e-05
5.984306335449219e-05
4.6253204345703125e-05
4.673004150390625e-05
4.744529724121094e-05
4.6253204345703125e-05
4.6253204345703125e-05
4.7206878662109375e-05
4.696846008300781e-05
4.649162292480469e-05
4.6253204345703125e-05
4.6253204345703125e-05
9.512901306152344e-05
4.76837158203125e-05
4.7206878662109375e-05
4.673004150390625e-05
4.76837158203125e-05
4.6253204345703125e-05
4.673004150390625e-05
4.7206878662109375e-05
4.696846008300781e-05
4.649162292480469e-05
4.649162292480469e-05
4.649162292480469e-05
4.601478576660156e-05
4.57763671875e-05
4.649162292480469e-05
4.601478576660156e-05
4.649162292480469e-05
0.00011324882507324219
9.083747863769531e-05
4.673004150390625e-05
4.57763671875e-05
4.601478576660156e-05
4.696846008300781e-05
4.649162292480469e-05
4.649162292480469e-05
4.649162292480469e-05
4.7206878662109375e-05
4.649162292480469e-05
4.673004150390625e-05
4.601478576660156e-05
4.6253204345703125e-05
4.601478576660156e-05
4.649162292480469e-05
4.6253204345703125e-05
9.369850158691406e-05
4.7206878662109375e-05
4.673004150390625e-05
4.601478576660156e-05
4.696846008300781e-05
4.57763671875e-05
4.5299530029296875e-05
4.601478576660156e-05
4.5299530029296875e-05
6.413459777832031e-05
4.76837158203125e-05
4.5299530029296875e-05
4.649162292480469e-05
4.601478576660156e-05
4.792213439941406e-05
4.553794860839844e-05
4.649162292480469e-05
0.0001418590545654297
6.413459777832031e-05
4.887580871582031e-05
6.008148193359375e-05
4.601478576660156e-05
4.649162292480469e-05
4.601478576660156e-05
4.57763671875e-05
4.57763671875e-05
4.57763671875e-05
4.553794860839844e-05
4.6253204345703125e-05
4.649162292480469e-05
4.6253204345703125e-05
4.601478576660156e-05
4.6253204345703125e-05
9.202957153320312e-05
6.198883056640625e-05
4.57763671875e-05
4.5299530029296875e-05
4.673004150390625e-05
4.649162292480469e-05
4.649162292480469e-05
4.553794860839844e-05
4.601478576660156e-05
4.673004150390625e-05
4.601478576660156e-05
4.601478576660156e-05
4.601478576660156e-05
4.649162292480469e-05
4.57763671875e-05
4.649162292480469e-05
4.76837158203125e-05
5.173683166503906e-05
0.00010561943054199219
4.935264587402344e-05
4.601478576660156e-05
4.696846008300781e-05
4.57763671875e-05
4.6253204345703125e-05
4.601478576660156e-05
4.673004150390625e-05
4.601478576660156e-05
4.57763671875e-05
4.57763671875e-05
4.6253204345703125e-05
4.6253204345703125e-05
4.5299530029296875e-05
4.5299530029296875e-05
4.744529724121094e-05
4.57763671875e-05
0.0001285076141357422
5.030632019042969e-05
6.008148193359375e-05
4.601478576660156e-05
4.696846008300781e-05
4.5299530029296875e-05
4.601478576660156e-05
4.696846008300781e-05
4.57763671875e-05
6.270408630371094e-05
4.7206878662109375e-05
4.6253204345703125e-05
4.649162292480469e-05
4.57763671875e-05
4.553794860839844e-05
4.57763671875e-05
4.57763671875e-05
0.0001575946807861328
5.1021575927734375e-05
4.8160552978515625e-05
4.649162292480469e-05
4.57763671875e-05
4.673004150390625e-05
4.696846008300781e-05
4.673004150390625e-05
4.649162292480469e-05
4.649162292480469e-05
4.6253204345703125e-05
4.57763671875e-05
4.57763671875e-05
4.6253204345703125e-05
4.76837158203125e-05
4.57763671875e-05
8.654594421386719e-05
6.008148193359375e-05
4.601478576660156e-05
4.57763671875e-05
4.601478576660156e-05
4.57763671875e-05
4.6253204345703125e-05
4.7206878662109375e-05
4.696846008300781e-05
4.649162292480469e-05
4.601478576660156e-05
4.649162292480469e-05
4.649162292480469e-05
4.57763671875e-05
4.601478576660156e-05
4.673004150390625e-05
9.34600830078125e-05
4.76837158203125e-05
4.57763671875e-05
4.6253204345703125e-05
4.57763671875e-05
4.601478576660156e-05
4.601478576660156e-05
4.6253204345703125e-05
4.553794860839844e-05
4.601478576660156e-05
4.649162292480469e-05
4.57763671875e-05
4.601478576660156e-05
4.57763671875e-05
4.649162292480469e-05
4.673004150390625e-05
4.57763671875e-05
4.6253204345703125e-05
9.441375732421875e-05
4.673004150390625e-05
4.553794860839844e-05
4.601478576660156e-05
4.553794860839844e-05
4.601478576660156e-05
4.57763671875e-05
4.57763671875e-05
4.673004150390625e-05
4.6253204345703125e-05
6.365776062011719e-05
4.696846008300781e-05
4.601478576660156e-05
4.6253204345703125e-05
4.6253204345703125e-05
4.6253204345703125e-05
4.649162292480469e-05
6.461143493652344e-05
4.839897155761719e-05
4.601478576660156e-05
4.601478576660156e-05
4.6253204345703125e-05
4.649162292480469e-05
4.649162292480469e-05
4.601478576660156e-05
4.649162292480469e-05
4.57763671875e-05
6.67572021484375e-05
4.76837158203125e-05
4.6253204345703125e-05
4.57763671875e-05
4.601478576660156e-05
4.6253204345703125e-05
4.673004150390625e-05
4.744529724121094e-05
0.0001385211944580078
4.76837158203125e-05
4.6253204345703125e-05
4.649162292480469e-05
4.649162292480469e-05
4.6253204345703125e-05
4.649162292480469e-05
4.696846008300781e-05
4.673004150390625e-05
0.00601506233215332
5.316734313964844e-05
4.673004150390625e-05
4.601478576660156e-05
4.649162292480469e-05
0.00010514259338378906
4.792213439941406e-05
4.601478576660156e-05
4.57763671875e-05
4.601478576660156e-05
4.6253204345703125e-05
4.553794860839844e-05
4.601478576660156e-05
4.553794860839844e-05
4.57763671875e-05
4.673004150390625e-05
4.553794860839844e-05
4.553794860839844e-05
4.649162292480469e-05
4.601478576660156e-05
4.5299530029296875e-05
4.601478576660156e-05
4.553794860839844e-05
0.00014400482177734375
5.030632019042969e-05
4.887580871582031e-05
4.839897155761719e-05
4.839897155761719e-05
4.863739013671875e-05
4.9591064453125e-05
4.863739013671875e-05
4.839897155761719e-05
4.839897155761719e-05
6.151199340820312e-05
4.696846008300781e-05
4.553794860839844e-05
4.601478576660156e-05
4.6253204345703125e-05
9.5367431640625e-05
4.744529724121094e-05
4.601478576660156e-05
4.553794860839844e-05
4.601478576660156e-05
4.57763671875e-05
4.57763671875e-05
4.601478576660156e-05
4.57763671875e-05
4.57763671875e-05
4.6253204345703125e-05
4.649162292480469e-05
4.673004150390625e-05
4.601478576660156e-05
4.673004150390625e-05
4.57763671875e-05
4.673004150390625e-05
4.673004150390625e-05
0.000102996826171875
4.76837158203125e-05
4.601478576660156e-05
4.6253204345703125e-05
4.696846008300781e-05
4.649162292480469e-05
4.649162292480469e-05
4.673004150390625e-05
4.57763671875e-05
4.6253204345703125e-05
4.673004150390625e-05
4.601478576660156e-05
4.601478576660156e-05
4.6253204345703125e-05
6.699562072753906e-05
4.744529724121094e-05
4.649162292480469e-05
9.679794311523438e-05
0.00011897087097167969
4.9114227294921875e-05
5.984306335449219e-05
4.57763671875e-05
4.57763671875e-05
4.673004150390625e-05
4.57763671875e-05
4.553794860839844e-05
0.00018715858459472656
4.9114227294921875e-05
4.7206878662109375e-05
4.696846008300781e-05
9.72747802734375e-05
4.76837158203125e-05
4.696846008300781e-05
4.6253204345703125e-05
4.601478576660156e-05
4.673004150390625e-05
4.649162292480469e-05
4.649162292480469e-05
4.673004150390625e-05
8.153915405273438e-05
4.76837158203125e-05
4.601478576660156e-05
4.601478576660156e-05
4.601478576660156e-05
4.6253204345703125e-05
4.673004150390625e-05
4.696846008300781e-05
9.417533874511719e-05
4.792213439941406e-05
4.649162292480469e-05
4.673004150390625e-05
4.57763671875e-05
4.649162292480469e-05
4.601478576660156e-05
4.6253204345703125e-05
4.601478576660156e-05
4.6253204345703125e-05
4.553794860839844e-05
4.57763671875e-05
4.601478576660156e-05
4.57763671875e-05
4.649162292480469e-05
4.6253204345703125e-05
4.553794860839844e-05
4.649162292480469e-05
9.274482727050781e-05
4.673004150390625e-05
