8.511543273925781e-05
4.8160552978515625e-05
4.6253204345703125e-05
4.57763671875e-05
4.57763671875e-05
4.76837158203125e-05
4.673004150390625e-05
4.57763671875e-05
7.43865966796875e-05
4.839897155761719e-05
4.696846008300781e-05
4.6253204345703125e-05
4.553794860839844e-05
4.649162292480469e-05
4.553794860839844e-05
4.57763671875e-05
6.556510925292969e-05
4.8160552978515625e-05
4.6253204345703125e-05
4.673004150390625e-05
4.57763671875e-05
4.601478576660156e-05
4.6253204345703125e-05
4.57763671875e-05
4.553794860839844e-05
4.792213439941406e-05
4.57763671875e-05
4.57763671875e-05
4.57763671875e-05
4.6253204345703125e-05
4.57763671875e-05
4.57763671875e-05
4.553794860839844e-05
4.57763671875e-05
5.8650970458984375e-05
4.887580871582031e-05
4.6253204345703125e-05
4.6253204345703125e-05
4.6253204345703125e-05
4.6253204345703125e-05
4.57763671875e-05
4.6253204345703125e-05
4.57763671875e-05
4.6253204345703125e-05
4.6253204345703125e-05
4.601478576660156e-05
4.696846008300781e-05
4.601478576660156e-05
4.57763671875e-05
4.649162292480469e-05
4.6253204345703125e-05
4.601478576660156e-05
8.034706115722656e-05
8.106231689453125e-05
6.198883056640625e-05
4.6253204345703125e-05
4.5299530029296875e-05
4.601478576660156e-05
4.76837158203125e-05
4.57763671875e-05
4.5299530029296875e-05
4.57763671875e-05
4.553794860839844e-05
4.673004150390625e-05
4.6253204345703125e-05
4.673004150390625e-05
4.601478576660156e-05
4.601478576660156e-05
6.461143493652344e-05
4.744529724121094e-05
4.57763671875e-05
4.57763671875e-05
4.696846008300781e-05
4.6253204345703125e-05
4.553794860839844e-05
4.5299530029296875e-05
4.673004150390625e-05
4.7206878662109375e-05
4.601478576660156e-05
4.57763671875e-05
4.5299530029296875e-05
4.57763671875e-05
4.5299530029296875e-05
4.57763671875e-05
4.601478576660156e-05
4.601478576660156e-05
0.00015473365783691406
4.9114227294921875e-05
4.7206878662109375e-05
4.649162292480469e-05
4.6253204345703125e-05
4.696846008300781e-05
4.57763671875e-05
4.601478576660156e-05
4.601478576660156e-05
4.6253204345703125e-05
4.553794860839844e-05
4.553794860839844e-05
4.6253204345703125e-05
4.601478576660156e-05
4.6253204345703125e-05
4.649162292480469e-05
4.649162292480469e-05
9.775161743164062e-05
4.7206878662109375e-05
4.57763671875e-05
4.7206878662109375e-05
4.744529724121094e-05
4.6253204345703125e-05
4.57763671875e-05
4.601478576660156e-05
4.673004150390625e-05
4.601478576660156e-05
4.673004150390625e-05
4.6253204345703125e-05
4.6253204345703125e-05
4.6253204345703125e-05
4.601478576660156e-05
4.839897155761719e-05
4.76837158203125e-05
5.3882598876953125e-05
4.76837158203125e-05
4.9591064453125e-05
4.744529724121094e-05
4.7206878662109375e-05
4.649162292480469e-05
4.696846008300781e-05
4.649162292480469e-05
4.6253204345703125e-05
4.6253204345703125e-05
4.601478576660156e-05
4.6253204345703125e-05
4.673004150390625e-05
4.649162292480469e-05
4.553794860839844e-05
4.649162292480469e-05
4.6253204345703125e-05
4.6253204345703125e-05
4.553794860839844e-05
4.601478576660156e-05
6.008148193359375e-05
4.792213439941406e-05
4.744529724121094e-05
4.673004150390625e-05
4.57763671875e-05
4.6253204345703125e-05
4.601478576660156e-05
4.673004150390625e-05
4.673004150390625e-05
4.6253204345703125e-05
4.601478576660156e-05
4.601478576660156e-05
4.553794860839844e-05
4.649162292480469e-05
4.601478576660156e-05
4.57763671875e-05
4.57763671875e-05
4.601478576660156e-05
5.91278076171875e-05
4.76837158203125e-05
4.57763671875e-05
4.601478576660156e-05
4.553794860839844e-05
4.553794860839844e-05
4.57763671875e-05
4.696846008300781e-05
4.744529724121094e-05
4.601478576660156e-05
4.553794860839844e-05
4.553794860839844e-05
4.5299530029296875e-05
4.601478576660156e-05
4.5299530029296875e-05
4.553794860839844e-05
4.57763671875e-05
4.506111145019531e-05
0.00010371208190917969
8.082389831542969e-05
4.6253204345703125e-05
4.6253204345703125e-05
4.6253204345703125e-05
4.601478576660156e-05
4.553794860839844e-05
4.57763671875e-05
4.5299530029296875e-05
7.772445678710938e-05
4.76837158203125e-05
4.649162292480469e-05
4.601478576660156e-05
4.553794860839844e-05
4.6253204345703125e-05
4.696846008300781e-05
5.9604644775390625e-05
4.696846008300781e-05
4.57763671875e-05
4.553794860839844e-05
4.57763671875e-05
6.699562072753906e-05
6.222724914550781e-05
4.6253204345703125e-05
4.506111145019531e-05
4.601478576660156e-05
4.6253204345703125e-05
4.553794860839844e-05
4.6253204345703125e-05
4.601478576660156e-05
4.601478576660156e-05
4.601478576660156e-05
4.601478576660156e-05
4.6253204345703125e-05
5.9604644775390625e-05
4.744529724121094e-05
4.649162292480469e-05
4.57763671875e-05
4.6253204345703125e-05
4.553794860839844e-05
4.57763671875e-05
4.57763671875e-05
4.57763671875e-05
4.601478576660156e-05
4.5299530029296875e-05
4.601478576660156e-05
4.601478576660156e-05
4.5299530029296875e-05
4.673004150390625e-05
4.673004150390625e-05
4.6253204345703125e-05
4.7206878662109375e-05
5.7697296142578125e-05
4.76837158203125e-05
4.57763671875e-05
4.601478576660156e-05
4.744529724121094e-05
4.744529724121094e-05
4.553794860839844e-05
4.6253204345703125e-05
4.57763671875e-05
4.649162292480469e-05
6.4849853515625e-05
4.792213439941406e-05
4.6253204345703125e-05
4.601478576660156e-05
4.6253204345703125e-05
4.553794860839844e-05
4.649162292480469e-05
4.57763671875e-05
0.00011610984802246094
4.863739013671875e-05
4.6253204345703125e-05
4.57763671875e-05
4.673004150390625e-05
4.601478576660156e-05
4.601478576660156e-05
4.553794860839844e-05
4.673004150390625e-05
4.57763671875e-05
4.57763671875e-05
4.553794860839844e-05
4.553794860839844e-05
4.5299530029296875e-05
4.553794860839844e-05
4.553794860839844e-05
4.57763671875e-05
4.506111145019531e-05
0.00012803077697753906
4.649162292480469e-05
4.649162292480469e-05
4.601478576660156e-05
4.553794860839844e-05
4.601478576660156e-05
4.506111145019531e-05
4.553794860839844e-05
4.553794860839844e-05
4.57763671875e-05
4.601478576660156e-05
4.553794860839844e-05
4.553794860839844e-05
4.696846008300781e-05
4.649162292480469e-05
4.57763671875e-05
4.57763671875e-05
9.846687316894531e-05
4.7206878662109375e-05
4.601478576660156e-05
4.5299530029296875e-05
4.649162292480469e-05
4.57763671875e-05
4.5299530029296875e-05
4.649162292480469e-05
4.6253204345703125e-05
4.6253204345703125e-05
4.649162292480469e-05
4.601478576660156e-05
4.553794860839844e-05
4.506111145019531e-05
4.6253204345703125e-05
4.601478576660156e-05
4.601478576660156e-05
4.601478576660156e-05
5.8650970458984375e-05
4.649162292480469e-05
4.601478576660156e-05
4.673004150390625e-05
4.601478576660156e-05
4.649162292480469e-05
4.553794860839844e-05
4.601478576660156e-05
4.601478576660156e-05
4.673004150390625e-05
4.601478576660156e-05
4.57763671875e-05
4.673004150390625e-05
4.57763671875e-05
4.601478576660156e-05
4.57763671875e-05
4.7206878662109375e-05
4.649162292480469e-05
8.106231689453125e-05
9.918212890625e-05
6.103515625e-05
4.5299530029296875e-05
4.553794860839844e-05
4.553794860839844e-05
4.5299530029296875e-05
4.553794860839844e-05
4.5299530029296875e-05
6.246566772460938e-05
4.792213439941406e-05
4.553794860839844e-05
4.5299530029296875e-05
4.601478576660156e-05
4.649162292480469e-05
4.6253204345703125e-05
4.57763671875e-05
8.988380432128906e-05
4.7206878662109375e-05
4.5299530029296875e-05
4.6253204345703125e-05
4.553794860839844e-05
4.553794860839844e-05
4.553794860839844e-05
4.57763671875e-05
4.601478576660156e-05
4.57763671875e-05
4.5299530029296875e-05
4.5299530029296875e-05
4.57763671875e-05
4.553794860839844e-05
4.5299530029296875e-05
4.601478576660156e-05
4.649162292480469e-05
4.6253204345703125e-05
5.984306335449219e-05
4.744529724121094e-05
4.6253204345703125e-05
4.744529724121094e-05
4.649162292480469e-05
4.601478576660156e-05
4.57763671875e-05
4.6253204345703125e-05
4.57763671875e-05
4.553794860839844e-05
4.6253204345703125e-05
4.601478576660156e-05
4.601478576660156e-05
4.5299530029296875e-05
4.601478576660156e-05
4.601478576660156e-05
4.649162292480469e-05
4.8160552978515625e-05
5.793571472167969e-05
4.6253204345703125e-05
4.57763671875e-05
4.696846008300781e-05
4.553794860839844e-05
4.673004150390625e-05
4.6253204345703125e-05
4.673004150390625e-05
4.601478576660156e-05
0.005350828170776367
0.000118255615234375
4.792213439941406e-05
4.673004150390625e-05
4.696846008300781e-05
4.6253204345703125e-05
4.649162292480469e-05
4.57763671875e-05
4.649162292480469e-05
4.7206878662109375e-05
4.553794860839844e-05
4.649162292480469e-05
4.57763671875e-05
4.6253204345703125e-05
4.6253204345703125e-05
4.649162292480469e-05
4.601478576660156e-05
4.6253204345703125e-05
5.936622619628906e-05
4.7206878662109375e-05
4.649162292480469e-05
4.57763671875e-05
4.57763671875e-05
4.57763671875e-05
4.57763671875e-05
8.177757263183594e-05
6.198883056640625e-05
4.57763671875e-05
4.57763671875e-05
4.673004150390625e-05
4.6253204345703125e-05
4.601478576660156e-05
4.57763671875e-05
4.649162292480469e-05
4.553794860839844e-05
6.008148193359375e-05
6.508827209472656e-05
4.553794860839844e-05
4.553794860839844e-05
4.5299530029296875e-05
4.5299530029296875e-05
4.553794860839844e-05
4.5299530029296875e-05
4.553794860839844e-05
4.649162292480469e-05
4.7206878662109375e-05
4.6253204345703125e-05
4.673004150390625e-05
4.553794860839844e-05
4.673004150390625e-05
4.553794860839844e-05
4.601478576660156e-05
4.601478576660156e-05
5.936622619628906e-05
4.673004150390625e-05
4.673004150390625e-05
4.553794860839844e-05
4.601478576660156e-05
4.57763671875e-05
4.5299530029296875e-05
4.553794860839844e-05
4.601478576660156e-05
4.696846008300781e-05
4.839897155761719e-05
4.601478576660156e-05
4.601478576660156e-05
4.649162292480469e-05
4.553794860839844e-05
4.57763671875e-05
4.57763671875e-05
4.553794860839844e-05
0.00017333030700683594
4.792213439941406e-05
4.601478576660156e-05
4.601478576660156e-05
4.57763671875e-05
4.553794860839844e-05
4.5299530029296875e-05
4.553794860839844e-05
4.6253204345703125e-05
4.57763671875e-05
4.6253204345703125e-05
4.5299530029296875e-05
4.649162292480469e-05
4.553794860839844e-05
4.601478576660156e-05
4.5299530029296875e-05
4.57763671875e-05
4.792213439941406e-05
4.6253204345703125e-05
4.57763671875e-05
4.57763671875e-05
4.601478576660156e-05
4.57763671875e-05
4.601478576660156e-05
4.673004150390625e-05
4.553794860839844e-05
4.601478576660156e-05
4.601478576660156e-05
4.601478576660156e-05
4.6253204345703125e-05
4.57763671875e-05
4.5299530029296875e-05
4.601478576660156e-05
4.57763671875e-05
4.601478576660156e-05
5.841255187988281e-05
4.7206878662109375e-05
4.57763671875e-05
4.57763671875e-05
4.553794860839844e-05
4.5299530029296875e-05
4.601478576660156e-05
4.649162292480469e-05
4.553794860839844e-05
4.57763671875e-05
4.553794860839844e-05
4.57763671875e-05
4.5299530029296875e-05
4.553794860839844e-05
