8.249282836914062e-05
5.245208740234375e-05
4.839897155761719e-05
9.918212890625e-05
4.792213439941406e-05
4.887580871582031e-05
4.8160552978515625e-05
4.7206878662109375e-05
4.863739013671875e-05
4.792213439941406e-05
4.792213439941406e-05
4.792213439941406e-05
6.914138793945312e-05
4.887580871582031e-05
4.673004150390625e-05
4.6253204345703125e-05
4.649162292480469e-05
4.601478576660156e-05
4.649162292480469e-05
4.7206878662109375e-05
9.012222290039062e-05
4.673004150390625e-05
4.6253204345703125e-05
4.601478576660156e-05
4.57763671875e-05
4.792213439941406e-05
4.6253204345703125e-05
4.57763671875e-05
4.57763671875e-05
4.601478576660156e-05
4.6253204345703125e-05
4.673004150390625e-05
4.57763671875e-05
4.6253204345703125e-05
4.601478576660156e-05
4.744529724121094e-05
4.649162292480469e-05
9.34600830078125e-05
4.744529724121094e-05
4.7206878662109375e-05
4.553794860839844e-05
4.601478576660156e-05
4.57763671875e-05
4.601478576660156e-05
4.553794860839844e-05
4.553794860839844e-05
4.696846008300781e-05
4.649162292480469e-05
6.413459777832031e-05
4.76837158203125e-05
4.6253204345703125e-05
4.601478576660156e-05
4.601478576660156e-05
4.57763671875e-05
0.00011515617370605469
4.76837158203125e-05
4.649162292480469e-05
4.649162292480469e-05
4.76837158203125e-05
4.649162292480469e-05
4.601478576660156e-05
4.57763671875e-05
4.601478576660156e-05
4.57763671875e-05
4.57763671875e-05
4.6253204345703125e-05
4.553794860839844e-05
4.601478576660156e-05
4.57763671875e-05
4.57763671875e-05
4.649162292480469e-05
9.393692016601562e-05
4.76837158203125e-05
4.673004150390625e-05
4.601478576660156e-05
4.6253204345703125e-05
8.177757263183594e-05
6.127357482910156e-05
4.649162292480469e-05
4.553794860839844e-05
4.57763671875e-05
4.601478576660156e-05
4.57763671875e-05
4.649162292480469e-05
4.601478576660156e-05
4.601478576660156e-05
6.508827209472656e-05
0.00020766258239746094
4.8160552978515625e-05
4.76837158203125e-05
4.6253204345703125e-05
4.792213439941406e-05
4.649162292480469e-05
4.673004150390625e-05
4.6253204345703125e-05
4.6253204345703125e-05
4.57763671875e-05
4.649162292480469e-05
4.57763671875e-05
4.6253204345703125e-05
4.6253204345703125e-05
4.6253204345703125e-05
0.001894235610961914
5.221366882324219e-05
9.822845458984375e-05
4.76837158203125e-05
4.744529724121094e-05
4.696846008300781e-05
4.76837158203125e-05
4.649162292480469e-05
4.7206878662109375e-05
4.57763671875e-05
4.6253204345703125e-05
4.6253204345703125e-05
4.649162292480469e-05
4.6253204345703125e-05
4.673004150390625e-05
4.601478576660156e-05
6.4849853515625e-05
4.839897155761719e-05
4.649162292480469e-05
0.00010061264038085938
4.839897155761719e-05
4.649162292480469e-05
4.601478576660156e-05
4.57763671875e-05
4.601478576660156e-05
4.601478576660156e-05
4.6253204345703125e-05
4.5299530029296875e-05
4.553794860839844e-05
4.6253204345703125e-05
4.601478576660156e-05
4.5299530029296875e-05
4.553794860839844e-05
4.553794860839844e-05
4.553794860839844e-05
4.5299530029296875e-05
6.580352783203125e-05
8.20159912109375e-05
5.936622619628906e-05
4.649162292480469e-05
4.76837158203125e-05
4.57763671875e-05
4.57763671875e-05
4.673004150390625e-05
4.5299530029296875e-05
4.6253204345703125e-05
4.57763671875e-05
4.553794860839844e-05
4.553794860839844e-05
4.5299530029296875e-05
4.553794860839844e-05
4.601478576660156e-05
4.696846008300781e-05
0.0001316070556640625
6.29425048828125e-05
6.103515625e-05
4.649162292480469e-05
4.649162292480469e-05
4.601478576660156e-05
4.696846008300781e-05
4.6253204345703125e-05
4.601478576660156e-05
4.57763671875e-05
4.601478576660156e-05
4.57763671875e-05
4.57763671875e-05
4.7206878662109375e-05
4.649162292480469e-05
9.369850158691406e-05
4.8160552978515625e-05
4.649162292480469e-05
4.6253204345703125e-05
4.553794860839844e-05
4.5299530029296875e-05
6.771087646484375e-05
9.1552734375e-05
4.553794860839844e-05
4.6253204345703125e-05
4.6253204345703125e-05
4.57763671875e-05
4.839897155761719e-05
4.601478576660156e-05
4.673004150390625e-05
4.553794860839844e-05
9.441375732421875e-05
4.696846008300781e-05
4.57763671875e-05
4.5299530029296875e-05
4.57763671875e-05
4.601478576660156e-05
4.553794860839844e-05
4.553794860839844e-05
4.553794860839844e-05
7.271766662597656e-05
4.887580871582031e-05
4.673004150390625e-05
4.601478576660156e-05
4.553794860839844e-05
4.57763671875e-05
4.6253204345703125e-05
4.57763671875e-05
9.465217590332031e-05
4.696846008300781e-05
4.601478576660156e-05
4.553794860839844e-05
4.553794860839844e-05
4.57763671875e-05
4.5299530029296875e-05
4.601478576660156e-05
4.5299530029296875e-05
4.601478576660156e-05
4.57763671875e-05
4.553794860839844e-05
4.57763671875e-05
4.5299530029296875e-05
4.57763671875e-05
4.5299530029296875e-05
4.57763671875e-05
4.553794860839844e-05
9.274482727050781e-05
4.649162292480469e-05
4.57763671875e-05
4.506111145019531e-05
4.5299530029296875e-05
4.506111145019531e-05
4.506111145019531e-05
4.5299530029296875e-05
4.506111145019531e-05
4.696846008300781e-05
4.553794860839844e-05
4.6253204345703125e-05
4.863739013671875e-05
4.601478576660156e-05
4.553794860839844e-05
4.553794860839844e-05
4.5299530029296875e-05
4.506111145019531e-05
9.250640869140625e-05
4.649162292480469e-05
4.5299530029296875e-05
4.6253204345703125e-05
4.506111145019531e-05
4.5299530029296875e-05
4.506111145019531e-05
4.553794860839844e-05
4.6253204345703125e-05
4.5299530029296875e-05
4.6253204345703125e-05
4.553794860839844e-05
0.00010776519775390625
6.318092346191406e-05
4.839897155761719e-05
4.792213439941406e-05
9.632110595703125e-05
4.744529724121094e-05
4.57763671875e-05
4.553794860839844e-05
4.5299530029296875e-05
4.57763671875e-05
4.57763671875e-05
4.8160552978515625e-05
4.601478576660156e-05
4.57763671875e-05
6.556510925292969e-05
4.76837158203125e-05
4.553794860839844e-05
4.649162292480469e-05
4.553794860839844e-05
4.601478576660156e-05
4.553794860839844e-05
6.461143493652344e-05
6.461143493652344e-05
4.601478576660156e-05
4.5299530029296875e-05
4.553794860839844e-05
4.57763671875e-05
4.6253204345703125e-05
4.601478576660156e-05
4.673004150390625e-05
4.601478576660156e-05
4.57763671875e-05
4.696846008300781e-05
4.601478576660156e-05
4.57763671875e-05
4.6253204345703125e-05
4.601478576660156e-05
4.57763671875e-05
4.6253204345703125e-05
9.441375732421875e-05
4.696846008300781e-05
4.649162292480469e-05
4.649162292480469e-05
4.601478576660156e-05
4.6253204345703125e-05
4.57763671875e-05
4.649162292480469e-05
4.57763671875e-05
4.696846008300781e-05
4.57763671875e-05
4.601478576660156e-05
4.57763671875e-05
4.601478576660156e-05
4.601478576660156e-05
4.57763671875e-05
4.6253204345703125e-05
4.601478576660156e-05
9.417533874511719e-05
4.696846008300781e-05
4.57763671875e-05
4.601478576660156e-05
4.553794860839844e-05
4.553794860839844e-05
4.6253204345703125e-05
4.57763671875e-05
4.6253204345703125e-05
4.57763671875e-05
4.57763671875e-05
4.5299530029296875e-05
4.6253204345703125e-05
4.601478576660156e-05
4.6253204345703125e-05
6.389617919921875e-05
4.6253204345703125e-05
4.601478576660156e-05
0.00011038780212402344
5.984306335449219e-05
4.553794860839844e-05
4.601478576660156e-05
4.5299530029296875e-05
4.649162292480469e-05
8.320808410644531e-05
4.601478576660156e-05
4.601478576660156e-05
6.628036499023438e-05
4.744529724121094e-05
4.57763671875e-05
4.57763671875e-05
4.57763671875e-05
4.553794860839844e-05
9.322166442871094e-05
4.7206878662109375e-05
4.7206878662109375e-05
4.7206878662109375e-05
4.6253204345703125e-05
4.601478576660156e-05
4.601478576660156e-05
4.601478576660156e-05
4.5299530029296875e-05
4.57763671875e-05
7.486343383789062e-05
4.649162292480469e-05
4.601478576660156e-05
4.649162292480469e-05
4.5299530029296875e-05
4.5299530029296875e-05
4.553794860839844e-05
8.463859558105469e-05
4.839897155761719e-05
4.673004150390625e-05
4.57763671875e-05
4.6253204345703125e-05
4.57763671875e-05
9.441375732421875e-05
4.601478576660156e-05
4.649162292480469e-05
4.57763671875e-05
4.6253204345703125e-05
4.553794860839844e-05
4.57763671875e-05
8.082389831542969e-05
9.417533874511719e-05
0.00010609626770019531
6.103515625e-05
4.601478576660156e-05
4.6253204345703125e-05
4.553794860839844e-05
4.601478576660156e-05
8.177757263183594e-05
6.914138793945312e-05
8.749961853027344e-05
6.580352783203125e-05
6.222724914550781e-05
4.553794860839844e-05
4.6253204345703125e-05
4.601478576660156e-05
4.57763671875e-05
4.57763671875e-05
4.601478576660156e-05
4.601478576660156e-05
4.57763671875e-05
4.6253204345703125e-05
4.673004150390625e-05
9.393692016601562e-05
4.673004150390625e-05
4.601478576660156e-05
4.57763671875e-05
4.601478576660156e-05
4.6253204345703125e-05
4.6253204345703125e-05
4.57763671875e-05
4.553794860839844e-05
4.5299530029296875e-05
4.57763671875e-05
4.601478576660156e-05
4.5299530029296875e-05
4.57763671875e-05
4.744529724121094e-05
4.649162292480469e-05
4.57763671875e-05
4.601478576660156e-05
0.000133514404296875
4.744529724121094e-05
4.601478576660156e-05
4.649162292480469e-05
4.601478576660156e-05
4.673004150390625e-05
4.6253204345703125e-05
4.6253204345703125e-05
4.673004150390625e-05
4.696846008300781e-05
4.601478576660156e-05
4.649162292480469e-05
4.57763671875e-05
4.601478576660156e-05
4.57763671875e-05
4.601478576660156e-05
4.57763671875e-05
7.510185241699219e-05
4.696846008300781e-05
4.601478576660156e-05
4.696846008300781e-05
4.7206878662109375e-05
4.601478576660156e-05
4.7206878662109375e-05
4.601478576660156e-05
4.696846008300781e-05
6.413459777832031e-05
4.792213439941406e-05
4.673004150390625e-05
4.696846008300781e-05
4.6253204345703125e-05
4.6253204345703125e-05
4.673004150390625e-05
4.696846008300781e-05
0.00021028518676757812
4.887580871582031e-05
4.649162292480469e-05
4.649162292480469e-05
4.649162292480469e-05
4.553794860839844e-05
4.6253204345703125e-05
4.6253204345703125e-05
4.601478576660156e-05
4.649162292480469e-05
4.649162292480469e-05
4.601478576660156e-05
4.601478576660156e-05
4.601478576660156e-05
4.57763671875e-05
0.00011467933654785156
8.130073547363281e-05
8.153915405273438e-05
6.008148193359375e-05
4.5299530029296875e-05
4.57763671875e-05
4.5299530029296875e-05
4.553794860839844e-05
4.649162292480469e-05
4.5299530029296875e-05
4.6253204345703125e-05
4.649162292480469e-05
4.649162292480469e-05
4.5299530029296875e-05
4.57763671875e-05
4.5299530029296875e-05
0.00013136863708496094
5.9604644775390625e-05
4.601478576660156e-05
4.601478576660156e-05
4.553794860839844e-05
4.6253204345703125e-05
4.553794860839844e-05
4.57763671875e-05
4.553794860839844e-05
4.649162292480469e-05
4.673004150390625e-05
4.57763671875e-05
4.553794860839844e-05
4.553794860839844e-05
4.5299530029296875e-05
4.506111145019531e-05
4.5299530029296875e-05
0.00013899803161621094
4.673004150390625e-05
4.57763671875e-05
4.553794860839844e-05
4.553794860839844e-05
