3.331020243363568e-06 3.3302829865717506e-06 3.46296942244168e-06 3.2530780411173192e-06 3.4467888155632934e-06 
3.3286547231264465e-06 3.3278653260519635e-06 3.4607290600436185e-06 3.250787948103638e-06 3.4445427983119146e-06 
3.337928294914675e-06 3.337192196944881e-06 3.469736085878654e-06 3.2598980567747866e-06 3.4535793179496867e-06 
3.3397839418375227e-06 3.338619888495018e-06 3.471709313172736e-06 3.2617910245917536e-06 3.455663166396119e-06 
3.3398866826161514e-06 3.338719926115183e-06 3.4718109293612207e-06 3.2618928369781036e-06 3.4557658009715295e-06 
3.339654558353286e-06 3.3384904522154127e-06 3.471628953336718e-06 3.2616936413332284e-06 3.455574296525697e-06 
3.342571739776841e-06 3.340695929668911e-06 3.4732068932221047e-06 3.2636723061860143e-06 3.4576032771345e-06 
3.3428558544009676e-06 3.3408566302726045e-06 3.473422656715006e-06 3.2639004848863207e-06 3.4578687484959536e-06 
3.3507079815592514e-06 3.348896476564271e-06 3.481062518044748e-06 3.2716376810502514e-06 3.465487569640972e-06 
3.3497833007310776e-06 3.3474569653014008e-06 3.480017240070723e-06 3.2705851239334388e-06 3.464621159674054e-06 
3.3524068825221256e-06 3.349887110887395e-06 3.482520223742411e-06 3.2731138092394893e-06 3.467204288419465e-06 
3.35262204133951e-06 3.35034655567288e-06 3.4827792949328344e-06 3.27338070618726e-06 3.4673808251831567e-06 
3.344842762096124e-06 3.3424682277732685e-06 3.474984194647363e-06 3.2655770762321327e-06 3.4596192325214947e-06 
3.3448472790414502e-06 3.3424723360514473e-06 3.474988568589533e-06 3.265581464489613e-06 3.459623756379971e-06 
3.345348592667055e-06 3.3429129884410233e-06 3.4754285114377542e-06 3.2660375655055245e-06 3.4600929451005566e-06 
3.34033397173704e-06 3.337974411810678e-06 3.4707514895366733e-06 3.2612461014379593e-06 3.455334126910134e-06 
3.3397068146243445e-06 3.3365298397239e-06 3.4695376123379565e-06 3.260161377022871e-06 3.4544728530046974e-06 
3.336521283691409e-06 3.3336378874804503e-06 3.4665773867555563e-06 3.2571474152153186e-06 3.451383623285795e-06 
3.335050807665711e-06 3.3323815168083794e-06 3.4654259643678038e-06 3.2559032765147386e-06 3.4501111438080958e-06 
3.328967776119812e-06 3.3264532616421073e-06 3.4597332155684497e-06 3.250085067129344e-06 3.4443033455909223e-06 
3.338204653913357e-06 3.3361106461898053e-06 3.4694240590880363e-06 3.2596626188996934e-06 3.4537858552516957e-06 
3.3472324406348968e-06 3.3448699355003905e-06 3.478655987358327e-06 3.2688047156910482e-06 3.463064000449541e-06 
3.337357802716336e-06 3.3350140902487625e-06 3.4682575724428468e-06 3.25858352264322e-06 3.452751563163347e-06 
3.341128337042217e-06 3.338166505645455e-06 3.4722710948486852e-06 3.262458990983875e-06 3.4569118628482712e-06 
3.3405787188107235e-06 3.3376791299190767e-06 3.4716866690766687e-06 3.26189180729518e-06 3.4563144748284775e-06 
3.3368334942962618e-06 3.334698298027119e-06 3.468403558895336e-06 3.258516302897868e-06 3.4527169750574723e-06 
3.3325323669726964e-06 3.329740258068022e-06 3.463323498963617e-06 3.2536431267656195e-06 3.44797399210825e-06 
3.3333205278771106e-06 3.3307666584089915e-06 3.464237789555059e-06 3.2545358960462545e-06 3.4487933148630897e-06 
3.3283996094483633e-06 3.3252473853484196e-06 3.4585757820132394e-06 3.2490740498592795e-06 3.4434438525313266e-06 
3.3298142534831317e-06 3.3267828566360948e-06 3.4599766187973375e-06 3.2504916676883057e-06 3.444810020165022e-06 
3.3335999567400196e-06 3.3307661746971177e-06 3.463787020132361e-06 3.254313994921261e-06 3.4485554048898876e-06 
3.3384535189185353e-06 3.335984396721279e-06 3.4689609986523085e-06 3.259412733055817e-06 3.4535616469200987e-06 
3.355068624690909e-06 3.353400161947961e-06 3.4865794109361144e-06 3.2767665014937356e-06 3.4707591805484687e-06 
3.3575744812362162e-06 3.355237116259396e-06 3.4883515754577956e-06 3.2787328943347133e-06 3.472863944602824e-06 
3.3607232907441636e-06 3.3581870575863004e-06 3.4914679442627866e-06 3.281844000116226e-06 3.4760467412648446e-06 
3.359880349895615e-06 3.3571667609464034e-06 3.4904989271767515e-06 3.2809020408248974e-06 3.475154062622847e-06 
3.361698387024855e-06 3.3591344952054144e-06 3.4921683922000636e-06 3.2826383048526163e-06 3.476803438240395e-06 
3.353058253775453e-06 3.3507746120606293e-06 3.484128799241636e-06 3.2744103268197834e-06 3.4685738405033914e-06 
3.3569469834786006e-06 3.3546349531439038e-06 3.487945476087251e-06 3.278251710419469e-06 3.472411563268351e-06 
3.3566161207789643e-06 3.354614867655535e-06 3.487274902332254e-06 3.27772854859686e-06 3.4717048959342344e-06 
3.364131393860891e-06 3.362066800187116e-06 3.4955200058454175e-06 3.2857180186352176e-06 3.4798419614336e-06 
3.353516937298339e-06 3.351644177879482e-06 3.4854531768077445e-06 3.2754737011776114e-06 3.46962152612511e-06 
3.3546659072785323e-06 3.35305644827042e-06 3.4867626105226836e-06 3.2767527518743793e-06 3.4708222808121363e-06 
3.3619822650149875e-06 3.361072069956179e-06 3.4939809015265504e-06 3.2840743258120983e-06 3.4778429235428155e-06 
3.354783217981662e-06 3.3539813615794705e-06 3.487291120772385e-06 3.277214808604165e-06 3.4710316876327774e-06 
3.3630760139245083e-06 3.361333200039582e-06 3.49573717222866e-06 3.285527260621509e-06 3.4797388555102255e-06 
3.361724584370446e-06 3.359928955145869e-06 3.494531325842403e-06 3.2842665225203022e-06 3.478523870919668e-06 
3.34364150349348e-06 3.3427145524193004e-06 3.477185668169339e-06 3.266738566881712e-06 3.4607846691720334e-06 
3.3416555711475375e-06 3.3408992849564967e-06 3.4753598202257133e-06 3.2648729178850022e-06 3.458878769590367e-06 
3.341753756914837e-06 3.3410800277645626e-06 3.4755715639691472e-06 3.2650538948567998e-06 3.459045429116697e-06 
3.3387815554961383e-06 3.3374523745295036e-06 3.4722875367549197e-06 3.2618147280143567e-06 3.4560166295130683e-06 
3.3411112333665684e-06 3.340736269813567e-06 3.4744349159891213e-06 3.2641113005453407e-06 3.4579034035766614e-06 
3.34425940984165e-06 3.34444552316247e-06 3.477926818644534e-06 3.267540303760402e-06 3.4611632998592505e-06 
3.345332584182905e-06 3.3452383360756704e-06 3.4789385222528906e-06 3.2685474096337556e-06 3.46227156738476e-06 
3.342788492257421e-06 3.3432974131682136e-06 3.4771652876072747e-06 3.2665677571978974e-06 3.4601793777391213e-06 
3.3366969170959425e-06 3.3377626048617776e-06 3.4717276386843745e-06 3.2609583859094503e-06 3.4544575954063426e-06 
3.3383687962305704e-06 3.3393566755667296e-06 3.4734591869522758e-06 3.262663735391648e-06 3.4562024780596937e-06 
3.3404144002451148e-06 3.3412075405760325e-06 3.47495122865334e-06 3.264324777276838e-06 3.4578504941434083e-06 
3.3381550609226227e-06 3.3388809567483387e-06 3.4723349036967217e-06 3.261821493728782e-06 3.4553170957625254e-06 
3.3354462238393333e-06 3.3354605503493133e-06 3.469144680321867e-06 3.258726462224973e-06 3.4524289580155634e-06 
3.327481970049168e-06 3.3283395654702467e-06 3.4622248794117175e-06 3.2515275689364218e-06 3.4450693628264474e-06 
3.3354550108326013e-06 3.3367088356820196e-06 3.47058140495074e-06 3.259796844892061e-06 3.4532371229030193e-06 
3.337623807783139e-06 3.3391128221591965e-06 3.472709646161064e-06 3.2619619559363407e-06 3.4553001859699644e-06 
3.336985748615796e-06 3.338622727318153e-06 3.4720089033652145e-06 3.261295919114256e-06 3.45456503705616e-06 
3.3263500082735353e-06 3.3285749941071453e-06 3.4613511218472287e-06 3.2506958553342324e-06 3.4437315160542225e-06 
3.3282994634472917e-06 3.3307640498864694e-06 3.463662759349404e-06 3.252909413646271e-06 3.4459065083839065e-06 
3.324244471867676e-06 3.326903438100392e-06 3.4594741438463307e-06 3.24878258030769e-06 3.4416818021839568e-06 
3.324579579625581e-06 3.3272939785936277e-06 3.4600022409598768e-06 3.2492509937300572e-06 3.4421593034415465e-06 
3.3199385507615386e-06 3.3217978219290348e-06 3.4547987125684624e-06 3.2441520491864292e-06 3.4373162535234745e-06 
3.3159228676588366e-06 3.317601311704944e-06 3.450619498311696e-06 3.2400084608739746e-06 3.4332212250643027e-06 
3.316192741584519e-06 3.318357280442042e-06 3.451023321442125e-06 3.2404140309261693e-06 3.433452653183777e-06 
3.31935017460217e-06 3.32136566791637e-06 3.454329656033722e-06 3.243657323675602e-06 3.4367785717925257e-06 
3.329606203268521e-06 3.331313294876166e-06 3.4645091378983517e-06 3.25383909178005e-06 3.447065216843765e-06 
3.329831907149792e-06 3.3315704945817498e-06 3.4648035617227033e-06 3.2541134524582537e-06 3.4473380067937508e-06 
3.331356008355314e-06 3.3330502686460895e-06 3.4661410654096424e-06 3.2555106670845236e-06 3.4487214706210415e-06 
3.324516036805164e-06 3.327654904239371e-06 3.460541287347718e-06 3.2496284313099125e-06 3.442463314427833e-06 
3.3116950838614355e-06 3.314217700813575e-06 3.447121309412198e-06 3.2363426306019737e-06 3.4293375405386568e-06 
3.311531305495177e-06 3.3141516364544796e-06 3.44693279309616e-06 3.236171856989939e-06 3.4291233692497475e-06 
3.301616353614815e-06 3.3032200471736773e-06 3.436327749767469e-06 3.2256960821684713e-06 3.418950836458667e-06 
3.302040741598615e-06 3.3033057621453235e-06 3.436470924972498e-06 3.2259024127832304e-06 3.419246726594158e-06 
3.301873293863717e-06 3.3031508042961115e-06 3.436290786888493e-06 3.2257276639908464e-06 3.419064979868314e-06 
3.3019245910906385e-06 3.302875624631266e-06 3.4365868881812076e-06 3.225910376167263e-06 3.4194185172460135e-06 
3.301893654041709e-06 3.3028476093017387e-06 3.436558509643446e-06 3.2258813907694718e-06 3.4193888002024877e-06 
3.309818318846365e-06 3.31204504176065e-06 3.444963336448361e-06 3.2342498230887266e-06 3.427319368332756e-06 
3.3045873014299815e-06 3.307534649916063e-06 3.440429789353685e-06 3.229548027076992e-06 3.4224438859425765e-06 
3.3032244101556434e-06 3.3062864066594546e-06 3.439342032525402e-06 3.2283782958852346e-06 3.421273212908202e-06 
3.2965911989563777e-06 3.2995421402940995e-06 3.4325972489877943e-06 3.2216562377535777e-06 3.4145824089288597e-06 
3.3084221127575885e-06 3.311843686017134e-06 3.444799996804967e-06 3.2337871033602645e-06 3.4265752104827736e-06 
3.311378912032232e-06 3.3147738776927895e-06 3.4482668855989647e-06 3.2370832808582483e-06 3.4299612678513744e-06 
3.312890237801758e-06 3.316412500120175e-06 3.449778242016196e-06 3.2386077058493658e-06 3.4314334619312408e-06 
3.3047510529241388e-06 3.3084960423109848e-06 3.441562792860374e-06 3.2304344142695845e-06 3.423163624405061e-06 
3.2988947996308877e-06 3.3040572780875918e-06 3.4362965869922683e-06 3.2251083285752023e-06 3.4173603475796593e-06 
3.3062695935548736e-06 3.3133051456854924e-06 3.444608760040768e-06 3.2333042698219766e-06 3.4249337047999022e-06 
3.305615998116343e-06 3.313081504941109e-06 3.4444763418682865e-06 3.2330426883840024e-06 3.4245787279881078e-06 
3.3059982639436785e-06 3.313549995284486e-06 3.446047108204375e-06 3.2342307982917334e-06 3.4259165063174235e-06 
3.27798861322144e-06 3.2863470127299845e-06 3.4189632006514252e-06 3.206912300966254e-06 3.398426785439593e-06 
3.263022254367892e-06 3.2712276381534745e-06 3.4035994797491437e-06 3.191653070472433e-06 3.3831806497409955e-06 
3.2480162393412063e-06 3.256506211771196e-06 3.3889996636180742e-06 3.17694197166391e-06 3.3684244570664513e-06 
3.2496899630022503e-06 3.25910814299644e-06 3.390489355755709e-06 3.178589116499462e-06 3.3696608093359016e-06 
3.247554054664e-06 3.2566749857412664e-06 3.3882197640930933e-06 3.176330541513381e-06 3.3675059851509476e-06 
3.255203170179916e-06 3.2644984446538066e-06 3.3955525721566685e-06 3.183790270149583e-06 3.3748392677307663e-06 
3.259035192767548e-06 3.2682605765448678e-06 3.3992504676338265e-06 3.187527184767302e-06 3.378581501517537e-06 
3.244678184216621e-06 3.254400651783702e-06 3.3849331458937157e-06 3.1732419845095752e-06 3.364106017156042e-06 
3.2495642893126663e-06 3.259215804132979e-06 3.389870915041375e-06 3.178157841510135e-06 3.3690561155369674e-06 
3.251190349374672e-06 3.2612166732801164e-06 3.3915893698816645e-06 3.1798876179425636e-06 3.3706431134617075e-06 
3.252397891601183e-06 3.2613612446870515e-06 3.3922299409296336e-06 3.180601345908599e-06 3.3717086890178274e-06 
3.2530790681906575e-06 3.2618737719066966e-06 3.3931465538529986e-06 3.181422513696819e-06 3.37263622818175e-06 
3.2323014557002115e-06 3.2424998107718306e-06 3.3738850227873854e-06 3.1618018004461506e-06 3.3526826077647465e-06 
3.2291099961282306e-06 3.239198333097211e-06 3.3706677100447663e-06 3.1585792845931098e-06 3.349503950836754e-06 
3.2217707554753135e-06 3.2313545809280543e-06 3.36307525823274e-06 3.15101135867891e-06 3.3421112557474977e-06 
3.2289810485676376e-06 3.2391656464615626e-06 3.3701976289252033e-06 3.158230593441014e-06 3.3490634664708225e-06 
3.231583491058838e-06 3.241854644975549e-06 3.3727347510381244e-06 3.1608000041192088e-06 3.3515850116678022e-06 
3.231468322947393e-06 3.24095455562014e-06 3.3726044805892747e-06 3.1605907742086272e-06 3.351698589833708e-06 
3.238576341487506e-06 3.248129442752397e-06 3.3809666876058237e-06 3.168560586389079e-06 3.3598216757598995e-06 
3.2456607403611693e-06 3.256996166156157e-06 3.3891699359556865e-06 3.176596419019015e-06 3.3672823336106656e-06 
3.2463334703250796e-06 3.256530760067696e-06 3.3884483482107287e-06 3.176201398067814e-06 3.3671524634156363e-06 
3.2387177993262596e-06 3.2491061739436614e-06 3.3809629796315706e-06 3.1686897487030334e-06 3.359586635874654e-06 
3.239816326304377e-06 3.2500772568950725e-06 3.3820501436071086e-06 3.169767820995027e-06 3.3607148017440177e-06 
3.235250374025278e-06 3.2447718011529262e-06 3.3772660115016467e-06 3.1649743337570795e-06 3.3561961996771046e-06 
3.225751972600267e-06 3.2357097626600003e-06 3.3691629762345335e-06 3.1564681131319568e-06 3.3477178051314983e-06 
3.221890496788974e-06 3.23208481420746e-06 3.365462527846722e-06 3.1527386778146224e-06 3.3439172318988593e-06 
3.223025446048932e-06 3.2332279569076665e-06 3.3665462883291727e-06 3.1538399311762755e-06 3.3450072440131635e-06 
3.2190005005271536e-06 3.2291834105540494e-06 3.3618582682986013e-06 3.149356561788886e-06 3.3404409412606905e-06 
3.2188626596078545e-06 3.2290267108289382e-06 3.361694089237765e-06 3.1491987255049733e-06 3.3402871430951083e-06 
3.2104779542714434e-06 3.2207175817072074e-06 3.353296637599894e-06 3.1408081675705874e-06 3.331869684947933e-06 
3.210931499675405e-06 3.221068265733372e-06 3.353784440059707e-06 3.141274839722995e-06 3.3323830599800164e-06 
3.2109194024192867e-06 3.221040382315312e-06 3.3537645823197634e-06 3.1412558222349508e-06 3.3323693973741983e-06 
3.2160914958512785e-06 3.22740260493906e-06 3.3590189380117325e-06 3.146611142286364e-06 3.3372433394663223e-06 
3.2165367001102792e-06 3.2278736542857017e-06 3.3594523913962322e-06 3.1470513779431246e-06 3.337670835384927e-06 
3.2125451929173026e-06 3.2242770848383607e-06 3.3558513967743967e-06 3.1433652702047116e-06 3.3338812153736983e-06 
3.213427877460665e-06 3.22498213395402e-06 3.3566464904816044e-06 3.144169899643868e-06 3.3347459843713972e-06 
3.209775720465013e-06 3.2210209816905906e-06 3.3525494542365226e-06 3.140180194899939e-06 3.330821517243273e-06 
3.2003709666881328e-06 3.21135237062377e-06 3.3426025521556575e-06 3.130374068877356e-06 3.321050846361821e-06 
3.197289475353855e-06 3.208172806299363e-06 3.3397440398368653e-06 3.127431340468383e-06 3.3181841681790437e-06 
3.2072832586241733e-06 3.2186093466794375e-06 3.3502893915153358e-06 3.1378528071010723e-06 3.3284966072726346e-06 
3.203333102394323e-06 3.2154773363725314e-06 3.346505964538575e-06 3.1341016095975267e-06 3.324433303564215e-06 
3.2003640172879485e-06 3.2118925970871777e-06 3.3434081644226335e-06 3.130976899815139e-06 3.321547414267347e-06 
3.209295642223448e-06 3.220875063210177e-06 3.3524370695980696e-06 3.139985397523032e-06 3.3305427265273347e-06 
3.2094946625238016e-06 3.220919015766994e-06 3.352567130715384e-06 3.1401210914189863e-06 3.3307323759673306e-06 
3.2087071914451287e-06 3.22074143999e-06 3.3519115126598157e-06 3.1394882932773054e-06 3.3298665400757254e-06 
3.175199241593063e-06 3.187449991267056e-06 3.318301501669848e-06 3.105914578290706e-06 3.296211883802388e-06 
3.1720711677487862e-06 3.1837579132980226e-06 3.3150606453038943e-06 3.1026468845765927e-06 3.2931642917469016e-06 
3.1731501366751093e-06 3.184413553874799e-06 3.315950461286892e-06 3.1035526846587194e-06 3.294216811711819e-06 
3.164342926485881e-06 3.1761092672092974e-06 3.307408474513652e-06 3.0949742010246604e-06 3.285475455405274e-06 
3.1701372716020877e-06 3.182122774908597e-06 3.312936114634265e-06 3.1006149019617824e-06 3.2909812331778074e-06 
3.170918718131641e-06 3.1829521474932137e-06 3.3137294595139973e-06 3.1014101252952306e-06 3.291757687466054e-06 
3.1761771561579872e-06 3.189249557174887e-06 3.3197761774918033e-06 3.1073205750895607e-06 3.297347768680966e-06 
3.1761195679973744e-06 3.189246970619529e-06 3.319747666350277e-06 3.1072887874563872e-06 3.29729731537715e-06 
3.169517352908127e-06 3.182855673523531e-06 3.313421424848403e-06 3.100893377738878e-06 3.2908592935877394e-06 
3.1695115357322387e-06 3.1828629500395206e-06 3.3134187215106397e-06 3.1008911265982717e-06 3.2908520253844374e-06 
3.178329539214688e-06 3.191987230877332e-06 3.3226428213468786e-06 3.1100246496242394e-06 3.2999104259331004e-06 
3.179546041077251e-06 3.193191926871181e-06 3.3238595553160335e-06 3.1112407285859718e-06 3.3011305873293287e-06 
3.179166425827258e-06 3.1928057408923134e-06 3.323510363409331e-06 3.110880874301608e-06 3.3007781971805847e-06 
3.1823880252112003e-06 3.1958408991946086e-06 3.3266905763007843e-06 3.1140556004147813e-06 3.304022482820242e-06 
3.175340217697457e-06 3.1890813209570677e-06 3.3195975893384515e-06 3.107004760785113e-06 3.296849625512708e-06 
3.179919601509088e-06 3.194781839577809e-06 3.3241844258232165e-06 3.1117193832011452e-06 3.30108953894138e-06 
3.180044387409e-06 3.1951848368891897e-06 3.3241751764924938e-06 3.1117860988486637e-06 3.3010177727709833e-06 
3.173674698212667e-06 3.1881067060531128e-06 3.317476063394739e-06 3.1051076054407118e-06 3.2945946427189053e-06 
3.1739478131812946e-06 3.1883693870843376e-06 3.3178527224334664e-06 3.10544964148047e-06 3.294956568711831e-06 
3.1748775900760344e-06 3.189167962834023e-06 3.318978182159036e-06 3.106497367977995e-06 3.2960884320612062e-06 
3.175182736156468e-06 3.1894795630533404e-06 3.3194693142507874e-06 3.1069295483377776e-06 3.2965453520365294e-06 
3.176200288021124e-06 3.1900999609365987e-06 3.3205554098708472e-06 3.1079495459004095e-06 3.2977416298141587e-06 
3.1764903296138583e-06 3.189900015975055e-06 3.320974455646479e-06 3.1082734801130246e-06 3.298288965304109e-06 
3.1785058926584833e-06 3.1919105347740214e-06 3.322733983136876e-06 3.1101151022220645e-06 3.3000941379515418e-06 
3.179644007805894e-06 3.192915746341361e-06 3.3237717090587655e-06 3.111170888050342e-06 3.3011899705266377e-06 
3.1768270377408167e-06 3.1901604033602944e-06 3.320939930532375e-06 3.1083489391071257e-06 3.2983421820320722e-06 
3.165062099131863e-06 3.179024840588009e-06 3.3097308896593275e-06 3.0970253588498875e-06 3.286844907840597e-06 
3.158300522750442e-06 3.1717973362742285e-06 3.3034903043121628e-06 3.0905655044087327e-06 3.280658178754059e-06 
3.158419678209958e-06 3.1718421099612765e-06 3.3035919407347943e-06 3.090664718229734e-06 3.2807856890409617e-06 
3.1516590753666163e-06 3.163353926538137e-06 3.2956917817467834e-06 3.082935424572041e-06 3.273614607630474e-06 
3.1479408804995085e-06 3.1599994430123315e-06 3.2921437839124026e-06 3.0793697070984566e-06 3.2699259147399654e-06 
3.146996916173976e-06 3.1590083516632938e-06 3.291062568539833e-06 3.078326152046485e-06 3.26888309862805e-06 
3.1437191577348633e-06 3.1558803668666387e-06 3.28763953238646e-06 3.074962806163721e-06 3.2654396975081393e-06 
3.1514752046153267e-06 3.162552275476369e-06 3.2945498581396408e-06 3.082031683780885e-06 3.2728285486648667e-06 
3.151529686296048e-06 3.162613328338281e-06 3.29462477246972e-06 3.0821008242707512e-06 3.27289789489789e-06 
3.1494509586092944e-06 3.1613392360036877e-06 3.292742589725886e-06 3.0802400242006364e-06 3.2707348263604902e-06 
3.1539331533482088e-06 3.1661602070465445e-06 3.2975501539526642e-06 3.0849829490416054e-06 3.275381354747164e-06 
3.1582965750784923e-06 3.1704722946391965e-06 3.3021312176579648e-06 3.089492009863077e-06 3.2799398906416095e-06 
3.1556266669794474e-06 3.1678260026979146e-06 3.2985405988580206e-06 3.0861967694188923e-06 3.276501910188474e-06 
3.1565141951832735e-06 3.168818394391158e-06 3.2995200260401866e-06 3.0871586136748154e-06 3.277433077727138e-06 
3.1562899513060197e-06 3.168597386234212e-06 3.29932879045443e-06 3.086956956774304e-06 3.277235159768673e-06 
3.1574528114914437e-06 3.170512163275977e-06 3.3009435163436035e-06 3.0885099085167813e-06 3.2785403417222118e-06 
3.1591908276564027e-06 3.1723213334710866e-06 3.3026446632838126e-06 3.0902319254806833e-06 3.28022576256891e-06 
3.167260587356286e-06 3.180180982548477e-06 3.3108085072557677e-06 3.09834708442148e-06 3.28843685705135e-06 
3.1837681968331142e-06 3.1962647772167814e-06 3.3274903937162804e-06 3.1149367397604115e-06 3.3052166842842826e-06 
3.186454950750008e-06 3.198672806564906e-06 3.3301000752138225e-06 3.1175425011697193e-06 3.3079250427648497e-06 
3.18050255028368e-06 3.1926296495067616e-06 3.3244040486223297e-06 3.1117517829947926e-06 3.302213200681106e-06 
3.176556489404809e-06 3.1889824949604495e-06 3.3215430622869633e-06 3.1085793229993633e-06 3.2990726346681014e-06 
3.179924854837635e-06 3.1922241560845047e-06 3.3249512562960733e-06 3.1119639801058162e-06 3.302512373693917e-06 
3.1732951714733903e-06 3.185337439148003e-06 3.3176891818700753e-06 3.1048685534368084e-06 3.2954398609599636e-06 
3.163982459267648e-06 3.175940432041011e-06 3.3088676354165215e-06 3.095879740827444e-06 3.286560127063739e-06 
3.1650268776232635e-06 3.1755317315622418e-06 3.3091721454473957e-06 3.096267798151685e-06 3.2874388087113347e-06 
3.1677273293709417e-06 3.177588402345207e-06 3.3115222810933195e-06 3.098664701362765e-06 3.29004688627227e-06 
3.171632203802795e-06 3.181182571082488e-06 3.3153374741376704e-06 3.1024797398143534e-06 3.293972438657556e-06 
3.166410121796997e-06 3.1759392823983337e-06 3.3100848694708617e-06 3.097231466336282e-06 3.2887322650973177e-06 
3.1621160885202655e-06 3.171885880247743e-06 3.306486695824538e-06 3.093439883736799e-06 3.284939816598823e-06 
3.1575745757051726e-06 3.166593025635574e-06 3.3008241120146516e-06 3.088047976220945e-06 3.2797029990289017e-06 
3.1567760502213006e-06 3.1655602783762668e-06 3.300022311503416e-06 3.087224331055978e-06 3.2789736106607044e-06 
3.1518615443571155e-06 3.1612068758961867e-06 3.2952973955062902e-06 3.082491607315132e-06 3.274044405750477e-06 
3.145009000567443e-06 3.15569272439184e-06 3.2880223058299043e-06 3.075478739520068e-06 3.2664331663205126e-06 
3.1455301745084516e-06 3.156244301598523e-06 3.2885107429661264e-06 3.0759810206962183e-06 3.2669178894137023e-06 
3.145791250094732e-06 3.1564167840133944e-06 3.2887512592381417e-06 3.076219051597403e-06 3.2671891258255345e-06 
3.1402871755443267e-06 3.151112638264925e-06 3.283712747545132e-06 3.071050671359347e-06 3.2620091667484996e-06 
3.1403031725384486e-06 3.151212128130373e-06 3.2838123369257796e-06 3.0711325249570587e-06 3.262068631420945e-06 
3.1445732311465476e-06 3.1553200782450283e-06 3.2879327343949243e-06 3.0752860057816915e-06 3.266264202245542e-06 
3.1705497368525446e-06 3.1813740955234773e-06 3.3143643621895703e-06 3.101598203491539e-06 3.292589793886123e-06 
3.1734837869951295e-06 3.1845331647159357e-06 3.3181190553439303e-06 3.105122264586891e-06 3.2961325021475896e-06 
3.1731544766627474e-06 3.1844074682568385e-06 3.3181705157845284e-06 3.1050765955904625e-06 3.2960553639566886e-06 
3.1725377909610717e-06 3.183703866678059e-06 3.3174546893738594e-06 3.1043822363618756e-06 3.2953835076279617e-06 
3.1728244579999974e-06 3.183905869604201e-06 3.3180626413811004e-06 3.1048836901020667e-06 3.2959615138627995e-06 
3.1757432061820907e-06 3.188244933319804e-06 3.322402516162267e-06 3.10893419295008e-06 3.2996182825339816e-06 
3.1746307321561376e-06 3.1868947309577025e-06 3.321206190689843e-06 3.1077390925821597e-06 3.2985095981273062e-06 
3.176089290241583e-06 3.1879895174326612e-06 3.322274605713285e-06 3.1088902369430557e-06 3.2997572406818467e-06 
3.1772876607346636e-06 3.1893027857035696e-06 3.3235346724465825e-06 3.110143614912146e-06 3.3009711837926187e-06 
3.1751582021185972e-06 3.1870018213946317e-06 3.3212647054837164e-06 3.107898067631644e-06 3.2987785312741213e-06 
3.175451816190566e-06 3.187137203721117e-06 3.321552968246923e-06 3.1081726806132812e-06 3.2991162015938303e-06 
3.1742075344406224e-06 3.185795352262753e-06 3.3203214893040994e-06 3.106927173566771e-06 3.2979125690115793e-06 
3.1727338089829796e-06 3.1841692996897657e-06 3.318722371696809e-06 3.105350272375854e-06 3.2963821582744727e-06 
3.1749257326741125e-06 3.1871327828384327e-06 3.3209292383187044e-06 3.1076295628115884e-06 3.2983495462163134e-06 
3.1786391223551895e-06 3.191125665607453e-06 3.3247265524998387e-06 3.1114314382010605e-06 3.302046030752537e-06 
3.185695621520684e-06 3.197326703973213e-06 3.3314348791597623e-06 3.118164642080886e-06 3.3090763944238243e-06 
3.1852400928903995e-06 3.197170644137061e-06 3.3311911756412796e-06 3.117885867838021e-06 3.3087040569338027e-06 
3.185374942956031e-06 3.1978179934574127e-06 3.3314536534930826e-06 3.118160665407748e-06 3.308787097669797e-06 
3.1881807497032806e-06 3.201357099146376e-06 3.3345960928345634e-06 3.121276439108593e-06 3.311645588946259e-06 
3.19343156681648e-06 3.205339531607033e-06 3.3381859648120395e-06 3.1252507160169715e-06 3.3159127190028278e-06 
3.190111726622082e-06 3.2014317701059878e-06 3.334448695945962e-06 3.1215813123194295e-06 3.3124288480766885e-06 
3.1830646987379937e-06 3.1946527782799407e-06 3.3272931016874864e-06 3.114482964857431e-06 3.3052107238629264e-06 
3.183246925800525e-06 3.1948134816644897e-06 3.3274569305952047e-06 3.1146504391682554e-06 3.3053843317625674e-06 
3.1741062605060794e-06 3.1857208957059714e-06 3.3183255334297407e-06 3.1055157238279863e-06 3.2962377253725978e-06 
3.1799061767157494e-06 3.189631803131912e-06 3.323656119377341e-06 3.1108063926177723e-06 3.302228609218365e-06 
3.1820271859458957e-06 3.191611573926057e-06 3.3259209830945867e-06 3.113014362765542e-06 3.3045114862496886e-06 
3.183471988589395e-06 3.1931711971837102e-06 3.327319767846554e-06 3.1144392815279534e-06 3.3058829124206495e-06 
3.1883519339495085e-06 3.19775514326008e-06 3.3322466546730766e-06 3.119326017319379e-06 3.310891773004732e-06 
3.1916754982560256e-06 3.200639732957719e-06 3.3347456489218713e-06 3.122040045911433e-06 3.3136683962085466e-06 
3.193255205893477e-06 3.202136927396575e-06 3.3362088630378327e-06 3.12353251055669e-06 3.315176986918204e-06 
3.1928117928298155e-06 3.2017067843043565e-06 3.3357348043114842e-06 3.1230690398736906e-06 3.314704242343248e-06 
3.1935858914454995e-06 3.202417846588937e-06 3.3365169050010685e-06 3.1238429975728468e-06 3.3155041844175023e-06 
3.1826026042352223e-06 3.1916128829413856e-06 3.325490852500684e-06 3.112841171516335e-06 3.3044321682903645e-06 
3.1801225475309474e-06 3.188678784305371e-06 3.3228237747726887e-06 3.1101871245797955e-06 3.3019370572320317e-06 
3.185498918038511e-06 3.1931974288590195e-06 3.3276967341928446e-06 3.1151387209617613e-06 3.3071597944787163e-06 
3.184218606940049e-06 3.1920396493302935e-06 3.3260673284774817e-06 3.113629765611687e-06 3.305553730501619e-06 
3.1911483767254998e-06 3.1988054399795353e-06 3.3328729299643053e-06 3.1204628498603863e-06 3.3124304261781173e-06 
3.187335887067323e-06 3.1948098977691526e-06 3.328860830473877e-06 3.116493940852489e-06 3.3085095494845045e-06 
3.1909282996627017e-06 3.198000249683793e-06 3.3317685088367382e-06 3.1195823483807854e-06 3.3116591439748702e-06 
3.1913950083674727e-06 3.1987918777911053e-06 3.3326095613332087e-06 3.1203359597386455e-06 3.312335474156164e-06 
3.191181657167844e-06 3.1985856695947948e-06 3.3324011998200476e-06 3.120126576931593e-06 3.312124078494474e-06 
3.190343091729381e-06 3.1977405805247277e-06 3.331636772647788e-06 3.1193374994107624e-06 3.311348845079684e-06 
3.189870739186539e-06 3.1967658033180424e-06 3.3299083719113957e-06 3.1179618246101543e-06 3.3099928549796116e-06 
3.1895446939688608e-06 3.196649177827634e-06 3.329652108139342e-06 3.1177034992630972e-06 3.309660296385647e-06 
3.1824183943809787e-06 3.190453498865776e-06 3.3227691764124963e-06 3.1108308809802777e-06 3.302450437264956e-06 
3.1832594871499115e-06 3.191450475077858e-06 3.3239420581359767e-06 3.1119126270823676e-06 3.3035178048738784e-06 
3.177354408752039e-06 3.1857044192166256e-06 3.317972683311888e-06 3.1059766514476015e-06 3.2975114503231223e-06 
3.178154290476274e-06 3.1865478118058415e-06 3.3188868690325517e-06 3.1068587553986216e-06 3.2983923584921393e-06 
3.1664627727175417e-06 3.1752029524431806e-06 3.3073275750866123e-06 3.0952850152927793e-06 3.286705054730762e-06 
3.167667623156973e-06 3.176430467733101e-06 3.3085473672463262e-06 3.096503042924405e-06 3.287915165148445e-06 
3.167614906609275e-06 3.176413794532037e-06 3.3085397476334058e-06 3.0964845035522554e-06 3.2878886668940455e-06 
3.172714756766885e-06 3.1817928612581045e-06 3.313977483025154e-06 3.1018449376960853e-06 3.2931815172159174e-06 
3.173055289562967e-06 3.1821095477627506e-06 3.3143256763670915e-06 3.1021884150215376e-06 3.293535659823535e-06 
3.1737470303250713e-06 3.1826738976524124e-06 3.314759255715382e-06 3.102692681964197e-06 3.2940530528719585e-06 
3.1740242436658005e-06 3.183072290465145e-06 3.3151039605961733e-06 3.1030282359003713e-06 3.294348827833234e-06 
3.1713977230826024e-06 3.180245269700049e-06 3.3122982638344123e-06 3.1002582245407597e-06 3.2916360449342535e-06 
3.1829666450709296e-06 3.1923465284093775e-06 3.323962169067826e-06 3.1119538139870594e-06 3.3031187692232114e-06 
3.1722906430592188e-06 3.1809275684510886e-06 3.3130004201942964e-06 3.101001054377671e-06 3.2924358328324805e-06 
3.1813083233621347e-06 3.1891040899237792e-06 3.3211173675649615e-06 3.1093304755714403e-06 3.3009662030285308e-06 
3.182272792895576e-06 3.1885374259580842e-06 3.321405757315947e-06 3.109685993717269e-06 3.301841449093581e-06 
3.1857567475813847e-06 3.192402698637909e-06 3.3251413436346164e-06 3.113379506053573e-06 3.305416075612421e-06 
3.186286014466284e-06 3.193068872024757e-06 3.3257663002376645e-06 3.1139872494862803e-06 3.305982380641235e-06 
3.1729407313418775e-06 3.179846135569037e-06 3.3124632775016723e-06 3.100674498186234e-06 3.2926358069072224e-06 
3.1729950111241727e-06 3.179881743623654e-06 3.31251025022324e-06 3.1007220172303556e-06 3.2926897677030264e-06 
3.1724815479470144e-06 3.1789202940159567e-06 3.3115778801090335e-06 3.0998813153051265e-06 3.2919675388360022e-06 
3.1744992413106124e-06 3.180711492862332e-06 3.313317788174922e-06 3.1016908310175202e-06 3.2938249193535075e-06 
3.1808524483236998e-06 3.1856742991234003e-06 3.3188442175091203e-06 3.107355733693541e-06 3.299920472670308e-06 
3.1889762688377107e-06 3.1940568977200914e-06 3.327092909714419e-06 3.1155936159765097e-06 3.3080674214106776e-06 
3.182816916719847e-06 3.18814869314531e-06 3.3210470542836373e-06 3.1095312528738224e-06 3.3019254594355814e-06 
3.173614516125853e-06 3.1778426444216627e-06 3.311446488958446e-06 3.0999488901961142e-06 3.292733027937276e-06 
3.1749374810545512e-06 3.1793862033542123e-06 3.3127075425722636e-06 3.10125214149823e-06 3.2939371706954385e-06 
3.1703620187363196e-06 3.174609976227345e-06 3.3079258907787306e-06 3.0965160838931983e-06 3.2892532595984076e-06 
3.1730485109885484e-06 3.1769991038519585e-06 3.3102761286422107e-06 3.0989501897649194e-06 3.291752769031301e-06 
3.1725444632895855e-06 3.1766893629331493e-06 3.3099086814184194e-06 3.098556058226446e-06 3.291302117363179e-06 
3.1683718861842346e-06 3.172452584011193e-06 3.305478356853786e-06 3.094202037004568e-06 3.286936619750942e-06 
3.170399821617721e-06 3.1738280823437573e-06 3.3074398328551466e-06 3.096124325365591e-06 3.2891092487779088e-06 
3.160893229430011e-06 3.1644502753190355e-06 3.298081400833976e-06 3.0867233617947604e-06 3.279686461174364e-06 
3.152596855919557e-06 3.156165907164139e-06 3.2894836823219067e-06 3.0782208217084233e-06 3.2711381793411082e-06 
3.151421782641513e-06 3.154931098242884e-06 3.2882660902827938e-06 3.077010832142884e-06 3.2699463663650145e-06 
3.1479843145845246e-06 3.152125427892491e-06 3.284868577873375e-06 3.0736588404404695e-06 3.2663487634766148e-06 
3.142842554245442e-06 3.147998657877891e-06 3.280213857302215e-06 3.0689392660699635e-06 3.2612990119943637e-06 
3.1387481040796894e-06 3.1439372093977894e-06 3.2754455347297513e-06 3.0643970360598464e-06 3.2566378591192594e-06 
3.1349776581656357e-06 3.1402331765674834e-06 3.2718372505160137e-06 3.0607385715127413e-06 3.252981451416547e-06 
3.136528121739738e-06 3.141961061280345e-06 3.273651392137008e-06 3.062483409679681e-06 3.25469532928442e-06 
3.1364517744590467e-06 3.141894410814162e-06 3.2735956821236614e-06 3.062421729724441e-06 3.2546330749045597e-06 
3.1399623886340185e-06 3.1454814114491166e-06 3.2771782827795354e-06 3.065990302196375e-06 3.2581794366926844e-06 
3.1403440849670466e-06 3.1459164163206753e-06 3.2776329129625104e-06 3.0664262208630895e-06 3.2586050379489488e-06 
3.1332508486824364e-06 3.139010603986173e-06 3.270878670833499e-06 3.0595733659751274e-06 3.251735233425376e-06 
3.1211880772036324e-06 3.126962162272269e-06 3.259631740425324e-06 3.048050534938869e-06 3.2403435403417355e-06 
3.1287056462025893e-06 3.1343678534880076e-06 3.267143394855735e-06 3.0555579111096623e-06 3.2478897424571535e-06 
3.1336804951332284e-06 3.139686222879989e-06 3.2726197577755825e-06 3.060907314137811e-06 3.253173296087331e-06 
3.1331693779910376e-06 3.139690620832587e-06 3.27216897820577e-06 3.0604876015087445e-06 3.2525541436754785e-06 
3.1306006605538156e-06 3.1373383348784553e-06 3.26895760275384e-06 3.0575082750955826e-06 3.2493881701753246e-06 
3.1278699500975047e-06 3.1346617548385908e-06 3.266228380513981e-06 3.054782370447189e-06 3.2466423724601247e-06 
3.1402437962324378e-06 3.14652781011471e-06 3.278042521070444e-06 3.066738393768488e-06 3.2587080172421726e-06 
3.1587030027663726e-06 3.1650690854549397e-06 3.2970032551626147e-06 3.085552647928139e-06 3.2775547557007233e-06 
3.1573101348119107e-06 3.163149353890384e-06 3.2953060325959862e-06 3.0839019727428964e-06 3.2760720233151764e-06 
3.1493932996903965e-06 3.1546351939566436e-06 3.2867888176414792e-06 3.0755189700948813e-06 3.2678428568218196e-06 
3.1338299217784516e-06 3.138880171185257e-06 3.27239453232946e-06 3.0607115043494057e-06 3.25330573615463e-06 
3.1352041861165308e-06 3.1409190396188935e-06 3.273973919847436e-06 3.062289220451558e-06 3.2546458444327267e-06 
3.13575825106011e-06 3.141429832860334e-06 3.2744152775988923e-06 3.0627634729541354e-06 3.2551199762828557e-06 
3.1327066944972075e-06 3.1387652541082367e-06 3.271544173809463e-06 3.059869527002631e-06 3.252099299929519e-06 
3.1344716872226986e-06 3.1411992690877195e-06 3.2731507798878584e-06 3.0615963591286923e-06 3.253528174737578e-06 
3.1345748264183042e-06 3.141311255275033e-06 3.2732528969525553e-06 3.0616997808920027e-06 3.2536277460490162e-06 
3.141762636325497e-06 3.1478317369215783e-06 3.279854557334921e-06 3.0684319973469697e-06 3.2605349446316063e-06 
3.1469066577667577e-06 3.1538576321700084e-06 3.2856085461282283e-06 3.0740773982071782e-06 3.265912202385574e-06 
3.1435243483852893e-06 3.1505377960992346e-06 3.2821873030637866e-06 3.070673304170706e-06 3.2624789005352183e-06 
3.135891430275009e-06 3.1439548332287864e-06 3.275182529370921e-06 3.0635652189621215e-06 3.2550439424660186e-06 
3.1227505458097936e-06 3.1307264303438813e-06 3.2612585980212376e-06 3.049883922250333e-06 3.2412839386490222e-06 
3.1230163412797092e-06 3.131851654383881e-06 3.2622512743787624e-06 3.050726630760245e-06 3.241886910509068e-06 
3.1326501805125636e-06 3.1417739317515674e-06 3.2717400401067714e-06 3.060301587308563e-06 3.2513111189177225e-06 
3.133183784032403e-06 3.1426698717941595e-06 3.2728798362686985e-06 3.0612790627209753e-06 3.252234648877751e-06 
3.1331231840987856e-06 3.1414537278036355e-06 3.272236282763035e-06 3.0607044870719348e-06 3.2520468525129154e-06 
3.1307682172640256e-06 3.1382662302808547e-06 3.270018044546684e-06 3.058352216377307e-06 3.2500606060324355e-06 
3.133317925932271e-06 3.140899592320313e-06 3.2723775042444223e-06 3.060784673729057e-06 3.252427120213819e-06 
3.1312211177861178e-06 3.1384303026898905e-06 3.269694437069378e-06 3.0582557408171386e-06 3.2499601529470795e-06 
3.1336084639123077e-06 3.139981154016144e-06 3.2721095998503903e-06 3.060577296091616e-06 3.252626748731982e-06 
3.1342375534313276e-06 3.1405353737464873e-06 3.273172294788352e-06 3.0614905352794047e-06 3.2536370735719706e-06 
3.1362077215504093e-06 3.14224504630713e-06 3.2751007736216162e-06 3.0634081086620888e-06 3.25565240216467e-06 
3.12977774467316e-06 3.1353059579070615e-06 3.26782712981525e-06 3.0563567260865753e-06 3.2486818398208497e-06 
3.1347906270679414e-06 3.1412127996476008e-06 3.2739407693784917e-06 3.0622013819344602e-06 3.2543299937503723e-06 
3.134146138625989e-06 3.140563124394542e-06 3.2734382262273685e-06 3.061651699828586e-06 3.253804460072641e-06 
3.1353499290672083e-06 3.1419236426425735e-06 3.2747011932956032e-06 3.0629116781852403e-06 3.255009007949131e-06 
3.1335760321837463e-06 3.139003194558789e-06 3.272021817807319e-06 3.0604137750221525e-06 3.2528382809591458e-06 
3.1296331852417932e-06 3.134363364365404e-06 3.2680347706585787e-06 3.056371565618813e-06 3.2490726840171507e-06 
3.130294301462905e-06 3.13496530459192e-06 3.2686220024559607e-06 3.0569776140734797e-06 3.2496908062878433e-06 
3.131157747746367e-06 3.135371070025818e-06 3.268951552847693e-06 3.0574383281189063e-06 3.2502531462352114e-06 
3.1278301861853642e-06 3.132084840708647e-06 3.2656765244234613e-06 3.05414793484424e-06 3.2469566470823333e-06 
3.1281664934193367e-06 3.1322531964126047e-06 3.2654044124823556e-06 3.054059646432242e-06 3.246841629340227e-06 
3.1281634157927177e-06 3.132170976610958e-06 3.2652164061829626e-06 3.0539250571329336e-06 3.246709974339187e-06 
3.1248197246791084e-06 3.1291532295955803e-06 3.2622226056390754e-06 3.050845101722694e-06 3.2435559237826547e-06 
3.131433944953846e-06 3.1352305103738037e-06 3.2683982935141244e-06 3.0571180483751464e-06 3.2499715532847808e-06 
3.1373187680467375e-06 3.141021503515205e-06 3.274358517545136e-06 3.0630481943215742e-06 3.255946869474719e-06 
3.15747532227546e-06 3.16189998121669e-06 3.2948677534524907e-06 3.0835233896987355e-06 3.2761719663575087e-06 
3.157694406922823e-06 3.162137993676841e-06 3.2950812885459173e-06 3.0837407360767642e-06 3.2763806481201946e-06 
3.151248508597949e-06 3.155593659969165e-06 3.2886858060582644e-06 3.0773149900138106e-06 3.2700071434450855e-06 
3.1496450109359395e-06 3.1543623643479388e-06 3.287237016791235e-06 3.0758503258187825e-06 3.268417634852985e-06 
3.1520073231577735e-06 3.156342078232041e-06 3.289736261506962e-06 3.0782690556720553e-06 3.2710100341472942e-06 
3.161667913451703e-06 3.1659637462724615e-06 3.2997059022497925e-06 3.0881400116752984e-06 3.280936978263594e-06 
3.160587983503891e-06 3.165305468615326e-06 3.2988535002519353e-06 3.0872528292466233e-06 3.2799160235475915e-06 
3.1606610551640906e-06 3.165523096388613e-06 3.298983545560532e-06 3.0873781727860177e-06 3.2799918934366625e-06 
3.1375709042729057e-06 3.142559798401087e-06 3.2753315131133725e-06 3.0639080948129813e-06 3.2564008147742674e-06 
3.1362415201669942e-06 3.141328722763629e-06 3.2740575055961126e-06 3.0626246338923378e-06 3.2550872063097036e-06 
3.1374281780855374e-06 3.142217865480061e-06 3.275078670467459e-06 3.0636719655568092e-06 3.256228121024864e-06 
3.1370843639178404e-06 3.1418854304076467e-06 3.274951617281614e-06 3.063474484976906e-06 3.2560599669610147e-06 
3.1355913109972654e-06 3.1399306931643808e-06 3.2731937471336497e-06 3.0617580788899375e-06 3.2544896000558948e-06 
3.12625156991035e-06 3.1284076751049143e-06 3.26209446484962e-06 3.0510269920796886e-06 3.2443650040972596e-06 
3.1309638404980807e-06 3.133626240993477e-06 3.2674369082871847e-06 3.056211294591522e-06 3.2494426352214537e-06 
3.1363460573322263e-06 3.1404450411296793e-06 3.274001094211461e-06 3.0625257124586954e-06 3.2553613219159895e-06 
3.1401283460872426e-06 3.1440513314222276e-06 3.2778231737451864e-06 3.0663205505464967e-06 3.2592300008400064e-06 
3.139449737228094e-06 3.143329902314978e-06 3.277174220548875e-06 3.065657464397859e-06 3.2585890562501772e-06 
3.143059193364137e-06 3.146825791490779e-06 3.280992651274218e-06 3.069399564375289e-06 3.2624055634916732e-06 
3.1487303152141464e-06 3.1534962999776524e-06 3.287418963854361e-06 3.0756780759140458e-06 3.2683941894635243e-06 
3.150204275906174e-06 3.1547390975599056e-06 3.288725374402189e-06 3.077017894509904e-06 3.2698003494543734e-06 
3.152937813670592e-06 3.158648943509238e-06 3.291434545781026e-06 3.0798499229313866e-06 3.2721532735739207e-06 
3.1587405550035903e-06 3.1644282181493503e-06 3.297037216248513e-06 3.0855196279403244e-06 3.277797310970021e-06 
3.152139218767053e-06 3.1572126526830116e-06 3.2901709983288024e-06 3.0786758821159184e-06 3.2711659237475594e-06 
3.148341765216383e-06 3.154173251380644e-06 3.2864107435001167e-06 3.0749760189865827e-06 3.2671672986058517e-06 
3.146993760669575e-06 3.152814486094878e-06 3.2850477818242697e-06 3.0736160635237353e-06 3.265810363185052e-06 
3.1476371699893495e-06 3.153427481446938e-06 3.285664231369698e-06 3.0742387857925722e-06 3.266440750536481e-06 
3.1474766660943482e-06 3.1532586441393838e-06 3.285516907399912e-06 3.074086164395645e-06 3.2662937091318054e-06 
3.1479171466870535e-06 3.1543373613102414e-06 3.2868051292093496e-06 3.075159542052347e-06 3.2672391238372497e-06 
3.1457139577660713e-06 3.1519741201177937e-06 3.284386417763619e-06 3.0727941276167044e-06 3.2649071019566806e-06 
3.153615057781416e-06 3.1595929270226243e-06 3.2924346167016933e-06 3.080771062459983e-06 3.273015480786385e-06 
3.1522374346505295e-06 3.1582161871363592e-06 3.2910267779326565e-06 3.079372322328378e-06 3.271612755988722e-06 
3.1380738134813805e-06 3.143263408056839e-06 3.276539859786385e-06 3.0649049978410316e-06 3.257425116444642e-06 
3.1380419918752762e-06 3.143200112224121e-06 3.2764729271308548e-06 3.064846458209549e-06 3.257373924852678e-06 
3.139174000046981e-06 3.1444340854097867e-06 3.277610494565508e-06 3.0659927922944114e-06 3.2584791928251813e-06 
3.140534707216698e-06 3.1458528275925532e-06 3.278772690715537e-06 3.0672264605243247e-06 3.259657964305592e-06 
3.14289743258506e-06 3.1484351628070357e-06 3.2815202206275743e-06 3.0698710398572127e-06 3.262271159855423e-06 
3.144696773048513e-06 3.1504222389725907e-06 3.2834591291469296e-06 3.071783866172857e-06 3.264128142322496e-06 
3.1462885573215762e-06 3.152026877541215e-06 3.2850067800562065e-06 3.0733481800214987e-06 3.2656793639004034e-06 
3.157890997764263e-06 3.1637265622736267e-06 3.296741996824038e-06 3.085056867595682e-06 3.2773605782375247e-06 
3.1573072010864338e-06 3.1628045550688114e-06 3.295743894898552e-06 3.084160678128046e-06 3.276538122991392e-06 
3.1511602853874983e-06 3.1560380889485075e-06 3.289944904712063e-06 3.078185032493957e-06 3.270868983400493e-06 
3.1368169713630057e-06 3.1414847429584964e-06 3.274900462956062e-06 3.0633394927567554e-06 3.2560120798848057e-06 
3.1365708159938956e-06 3.141577222537806e-06 3.2747783587230583e-06 3.0632092662349535e-06 3.255764765344614e-06 
3.132431883740922e-06 3.1375222572475303e-06 3.270863703652505e-06 3.0592268611515382e-06 3.251785833864159e-06 
3.134404147429128e-06 3.1399145741485894e-06 3.2722722707967895e-06 3.0608629077841793e-06 3.2531634392409763e-06 
3.1413519579783173e-06 3.146290949444829e-06 3.279191342766853e-06 3.0677395116791503e-06 3.26026188935069e-06 
3.1430051339496104e-06 3.1477236491513e-06 3.2806567397243886e-06 3.0692462888900965e-06 3.2618272703226906e-06 
3.1342710677515516e-06 3.1385224757842034e-06 3.2713330994112318e-06 3.060066335349202e-06 3.2527498804626323e-06 
3.130421995822596e-06 3.1348947682702526e-06 3.2674689802858357e-06 3.0562263822570853e-06 3.2488209362978086e-06 
3.123225878175666e-06 3.1261921362283576e-06 3.2591035218263707e-06 3.0480991624242193e-06 3.2411204090123248e-06 
3.1264800992341754e-06 3.1297241386285154e-06 3.2625301079373116e-06 3.0514971055754203e-06 3.244431754920251e-06 
3.125601707962013e-06 3.1289195197091237e-06 3.26191117524757e-06 3.0507982544555452e-06 3.2437452546607285e-06 
3.128934375561141e-06 3.1319745608648675e-06 3.264944220015542e-06 3.0539065775470932e-06 3.2469150298145615e-06 
3.1278563991266057e-06 3.1310431072903955e-06 3.2637769530997717e-06 3.052782559910632e-06 3.245718512250107e-06 
3.1195936022168074e-06 3.122489364246722e-06 3.255237595887685e-06 3.0443022088297227e-06 3.2373169459813197e-06 
3.135656606927281e-06 3.1377694987312867e-06 3.270433899538471e-06 3.0597250720163532e-06 3.2529020547823555e-06 
3.1363606177895253e-06 3.1387075051065188e-06 3.271252453596952e-06 3.0605280241906245e-06 3.2536290319756554e-06 
3.136405287111953e-06 3.1387704087941304e-06 3.2713203162882393e-06 3.060589850137011e-06 3.253687281499487e-06 
3.1362359231274955e-06 3.1389037620051614e-06 3.2713312089013642e-06 3.06056920053296e-06 3.2535742102077737e-06 
3.1364215887734115e-06 3.1405412813792835e-06 3.272285226353808e-06 3.0614077806698073e-06 3.253950153876047e-06 
3.138267816235935e-06 3.1418875099859407e-06 3.2743672907973846e-06 3.063362011777493e-06 3.256144302802311e-06 
3.130436488833416e-06 3.1333827486474826e-06 3.265927781184959e-06 3.0550556695748527e-06 3.248017268068314e-06 
3.1404524719191264e-06 3.144278352444319e-06 3.2766219491499926e-06 3.065614916343777e-06 3.258323465715906e-06 
3.135823183425505e-06 3.1396108670499225e-06 3.2720169021950296e-06 3.0609949716990407e-06 3.2537263189157843e-06 
3.135119136387327e-06 3.1388723777462443e-06 3.271099333092167e-06 3.060145169622164e-06 3.2528564229186126e-06 
3.1483273074003417e-06 3.1525303213680838e-06 3.285101351887928e-06 3.073934551585106e-06 3.266581686362415e-06 
3.1410115500361398e-06 3.1457885273906122e-06 3.277152016720611e-06 3.066250759448401e-06 3.2585670550912374e-06 
3.139556227912738e-06 3.1444083083544113e-06 3.2760645411972357e-06 3.06504585924086e-06 3.2573929024325596e-06 
3.1426883345120007e-06 3.1475136922922434e-06 3.27935499201508e-06 3.068282434798469e-06 3.2606637883907718e-06 
3.1403410559691977e-06 3.1452982299680778e-06 3.2772843032938153e-06 3.0661308676064777e-06 3.258504933867932e-06 
3.1269839983793285e-06 3.132393322152104e-06 3.2635304594390864e-06 3.0525478044817836e-06 3.2446825498367734e-06 
3.1254042042626846e-06 3.1314251342066965e-06 3.2619609034431588e-06 3.0510377626042043e-06 3.2429237847504557e-06 
3.1154009613396774e-06 3.122572821293744e-06 3.251952207931418e-06 3.041148579476225e-06 3.232563765427473e-06 
3.1205242902958566e-06 3.126711475163811e-06 3.25632724392615e-06 3.0456765837720788e-06 3.2373700438515057e-06 
3.1215521419070014e-06 3.127672946512009e-06 3.2573080067187915e-06 3.0466670466377087e-06 3.238379230310337e-06 
3.118674390725333e-06 3.1251677478275615e-06 3.2549118119550484e-06 3.0441438329272618e-06 3.235785641707422e-06 
3.121935816568673e-06 3.1280303545858518e-06 3.25780832021885e-06 3.0471246167671704e-06 3.2388673889812744e-06 
3.1133142410770345e-06 3.121470077661764e-06 3.2509130250166334e-06 3.039858607073609e-06 3.231041465041406e-06 
3.0855059039417938e-06 3.0943310512233938e-06 3.2239684900846214e-06 3.012676734547637e-06 3.2037451087074284e-06 
3.080491721058142e-06 3.0896531282108164e-06 3.219026704200502e-06 3.0077444227027443e-06 3.198688122073654e-06 
3.080659657407666e-06 3.089785743725792e-06 3.219160671190742e-06 3.0078860428146712e-06 3.198838788316911e-06 
3.0746189426208566e-06 3.0837474112900465e-06 3.2128728478975136e-06 3.0016780227952967e-06 3.1925936312846133e-06 
3.072090013798517e-06 3.081222221511553e-06 3.2101861102960033e-06 2.9990435714644707e-06 3.1899332995002203e-06 
3.0785933860430183e-06 3.088405140778238e-06 3.2173469694953132e-06 3.006062541329765e-06 3.1967710628357203e-06 
3.0832594979018585e-06 3.0926837876194773e-06 3.2215549801074376e-06 3.0103852712799864e-06 3.201176707237913e-06 
3.0783158556664636e-06 3.0878288724927343e-06 3.217070939910232e-06 3.0057521592468587e-06 3.1965865806999805e-06 
3.08017816648875e-06 3.0896614032679526e-06 3.218844116175456e-06 3.007553367774401e-06 3.198384088550919e-06 
3.0845261805803865e-06 3.093274718320546e-06 3.2234156286472186e-06 3.011971473057372e-06 3.2031420535531064e-06 
3.0837641017309426e-06 3.0935059189662132e-06 3.2233131943838774e-06 3.0117570306624288e-06 3.202620671966282e-06 
3.0791084303645784e-06 3.0883648100505064e-06 3.218146673136878e-06 3.00670466355552e-06 3.1976920889466135e-06 
3.0890350537821477e-06 3.098400685302429e-06 3.2280819402223082e-06 3.01665576657891e-06 3.207591156380138e-06 
3.0752798407264016e-06 3.085992798663048e-06 3.2152114197006895e-06 3.0036302774515045e-06 3.1941555168717386e-06 
3.070030901324883e-06 3.0811981281170233e-06 3.2106026709195707e-06 2.9988558700372254e-06 3.189297245805698e-06 
3.0697156548366156e-06 3.0811516397992898e-06 3.2109640177337568e-06 2.9990234750046067e-06 3.189459137482863e-06 
3.0713455542232732e-06 3.083053524455709e-06 3.212851948091279e-06 3.0008580464382244e-06 3.1912187039580635e-06 
3.0735570008274584e-06 3.085131993589643e-06 3.214804469806558e-06 3.0028823166680946e-06 3.1932565449385823e-06 
3.076065179643137e-06 3.087870033489208e-06 3.2173898425736854e-06 3.0054697516499486e-06 3.1957576265477586e-06 
3.089871949076122e-06 3.101534847566337e-06 3.2306336633155734e-06 3.0188931394298622e-06 3.2091405638372304e-06 
3.0880426834263653e-06 3.0991063184732982e-06 3.2282221003534194e-06 3.0166063655311737e-06 3.2070140295081557e-06 
3.090411837314724e-06 3.101491847902307e-06 3.2306341898917083e-06 3.019007544158794e-06 3.2094133725176036e-06 
3.1019829844016946e-06 3.113523259594052e-06 3.242291179528623e-06 3.030696118577694e-06 3.220912587323056e-06 
3.1112608395041368e-06 3.1240930909665756e-06 3.2525731577571576e-06 3.04079837575793e-06 3.230622558172555e-06 
3.109109244735261e-06 3.122074349806027e-06 3.2504868567778776e-06 3.0387044453250207e-06 3.228484387560178e-06 
3.101952482819916e-06 3.1144510002654632e-06 3.2438978434606854e-06 3.0318688983186985e-06 3.2219417556263266e-06 
3.086055125952537e-06 3.099208214371615e-06 3.228314517621113e-06 3.01624683121181e-06 3.20610504064237e-06 
3.0826307810479333e-06 3.096099124848435e-06 3.225008291921772e-06 3.012935918671802e-06 3.202681934022965e-06 
3.0846613140898007e-06 3.097150803553682e-06 3.226638135270888e-06 3.014586551356316e-06 3.204681679860169e-06 
3.0852327627706396e-06 3.0975868417691443e-06 3.2274373607479943e-06 3.015296313809676e-06 3.205483071793984e-06 
3.0880831444317547e-06 3.10074487206889e-06 3.2308014213485913e-06 3.0185294754410453e-06 3.2086633953820705e-06 
3.0939518970230302e-06 3.106715797914201e-06 3.2366679136142364e-06 3.024411925818743e-06 3.214498088362775e-06 
3.0951719240217355e-06 3.1076509411690133e-06 3.2380876733459503e-06 3.0257360913282454e-06 3.2159706695481913e-06 
3.10000224942894e-06 3.1114560171232338e-06 3.2421804027970782e-06 3.0299580288720814e-06 3.220505312242431e-06 
3.0974100276689454e-06 3.1080707903369447e-06 3.239197001791889e-06 3.0270140600385207e-06 3.217833427122277e-06 
3.1031458134317543e-06 3.1145457534672465e-06 3.245028961717235e-06 3.032898524950605e-06 3.2234210585852857e-06 
3.103344383851963e-06 3.1147378113981733e-06 3.24522156643422e-06 3.033092485805743e-06 3.2236166705984996e-06 
3.1084025554037114e-06 3.119787579643786e-06 3.25026676407402e-06 3.0381442335916284e-06 3.2286660495277236e-06 
3.111005238424051e-06 3.122162349075157e-06 3.252675383876557e-06 3.040592810419875e-06 3.2311779312417934e-06 
3.1065671917048014e-06 3.11796314091128e-06 3.2486943625911523e-06 3.0364864160867196e-06 3.2270450103241466e-06 
3.106474899224304e-06 3.117733240701616e-06 3.248835757396902e-06 3.036537341658072e-06 3.227188206489346e-06 
3.106159300915008e-06 3.117220159586775e-06 3.2483872475355985e-06 3.036110278236677e-06 3.226823383328177e-06 
3.1033008946300414e-06 3.114442328840786e-06 3.2451220938453173e-06 3.03298368562625e-06 3.2236042828325343e-06 
3.099818754463288e-06 3.110530636121185e-06 3.2412574953046437e-06 3.0291947110231406e-06 3.219938222887985e-06 
3.09689339124078e-06 3.1076847024500143e-06 3.238494404116391e-06 3.0263854982554406e-06 3.217123020221845e-06 
3.0873691089406233e-06 3.097882022062242e-06 3.2285620619892928e-06 3.0165498478499467e-06 3.2073479693659115e-06 
3.0904184944992925e-06 3.101173853817585e-06 3.231846446838814e-06 3.019785806544998e-06 3.210516870508312e-06 
3.091628989200178e-06 3.10279606019227e-06 3.233167424241795e-06 3.021116426728686e-06 3.2116921580191766e-06 
3.0894590950767147e-06 3.100874314775569e-06 3.2310668858304115e-06 3.019019121097661e-06 3.2095036851750377e-06 
3.092955261883893e-06 3.104242459796671e-06 3.234479238982188e-06 3.0224470419163295e-06 3.212969411160933e-06 
3.090081457694197e-06 3.101442402877426e-06 3.231891032159182e-06 3.019771843295878e-06 3.2103095112577672e-06 
3.093465243257083e-06 3.1038007080241594e-06 3.234683206346157e-06 3.0226476502224765e-06 3.2135184971374263e-06 
3.100179626269016e-06 3.1092823191847463e-06 3.240753343081303e-06 3.028801204981625e-06 3.220077679347198e-06 
3.10078102198728e-06 3.1099146578990274e-06 3.2414285342340182e-06 3.029455990430682e-06 3.220730520915137e-06 
3.0937965832459207e-06 3.1035574557482225e-06 3.234469531573788e-06 3.0225505715118464e-06 3.2135754970112033e-06 
3.0946864256954653e-06 3.104182638936816e-06 3.2352384142974506e-06 3.0233313744691046e-06 3.214446434129549e-06 
3.0954056874895626e-06 3.104907123605781e-06 3.2361220423188884e-06 3.024162320129368e-06 3.21529990611998e-06 
3.0941941296424742e-06 3.103143711697432e-06 3.2347274528142763e-06 3.022768587709561e-06 3.214106451984857e-06 
3.099404206477491e-06 3.1071979452990134e-06 3.2392367355452294e-06 3.0273902472706536e-06 3.219091009044314e-06 
3.09988099535267e-06 3.107676355139104e-06 3.2397337737254868e-06 3.027881158602236e-06 3.2195839859439215e-06 
3.1043585224917784e-06 3.112053942994774e-06 3.245181569455893e-06 3.0330085053094286e-06 3.224893542787417e-06 
3.096333218138333e-06 3.1058695651530917e-06 3.238272243714465e-06 3.0259222191590393e-06 3.2172273604682674e-06 
3.101656965620087e-06 3.1110014133328673e-06 3.2435943043533612e-06 3.0312286630581685e-06 3.2226078961849472e-06 
3.1076393962887407e-06 3.1173460534065477e-06 3.2496131228256235e-06 3.0372765937803056e-06 3.228508628358384e-06 
3.1065881823985774e-06 3.116402566621434e-06 3.248531601364579e-06 3.036215193406601e-06 3.2273994544821093e-06 
3.1120885108265244e-06 3.1215441302759073e-06 3.2533629633243705e-06 3.041227962487005e-06 3.23245618276888e-06 
3.1161394397525834e-06 3.125938222326499e-06 3.258038028229302e-06 3.0457403783427037e-06 3.236917281009333e-06 
3.116324359045819e-06 3.1259603139268634e-06 3.258152974072966e-06 3.0458610616741087e-06 3.2370942810222124e-06 
3.114849654605679e-06 3.1246835729083023e-06 3.256632923222033e-06 3.044375098593145e-06 3.2355215517886526e-06 
3.1058059045727575e-06 3.115283185321982e-06 3.247721747751495e-06 3.0353790768259606e-06 3.226697847213051e-06 
3.1090655847405322e-06 3.118104423290045e-06 3.2502992896952547e-06 3.0381324733969664e-06 3.2295277516085637e-06 
3.1075563481910633e-06 3.116759009145519e-06 3.2487174445092206e-06 3.0365899348030524e-06 3.227908439465985e-06 
3.1021103258803633e-06 3.111832030747601e-06 3.2436304548967672e-06 3.0314375459678245e-06 3.2226006655445275e-06 
3.0988382891231e-06 3.1087113726708045e-06 3.2404623059019017e-06 3.028249630548923e-06 3.219368474239404e-06 
3.0961451980648282e-06 3.1059564037364358e-06 3.237914444475948e-06 3.0256469142552564e-06 3.216814746358572e-06 
3.085065252676874e-06 3.095195203813237e-06 3.2273428919734207e-06 3.0149386370769504e-06 3.206058682131763e-06 
3.091733270702545e-06 3.1009934902730922e-06 3.2340736613870248e-06 3.0215655039116267e-06 3.2130443196907663e-06 
3.088869070855247e-06 3.0979843593572187e-06 3.231077617514123e-06 3.0185948691357113e-06 3.2101159122545005e-06 
3.0875429748835993e-06 3.096692748288612e-06 3.229976906166516e-06 3.0174256732081088e-06 3.2089656705124552e-06 
3.079511560141897e-06 3.0877272321446573e-06 3.2205818160071865e-06 3.0083653935266593e-06 3.200094361911571e-06 
3.0837963137673175e-06 3.0922867734446802e-06 3.2254177295788055e-06 3.0130557292519286e-06 3.2047499481425797e-06 
3.085346310063559e-06 3.0933590261375684e-06 3.226661138196971e-06 3.014350435701497e-06 3.2061927126311045e-06 
