-504.1228731908583 -306.2598997166823 816.6428877608431 
-504.4865782176424 -306.28902520922196 815.5326239823082 
-504.5823580273997 -306.52278022391846 818.8079007782544 
-507.1033761027733 -306.3191786390199 817.9624594992949 
-507.1254484778262 -306.32129620019884 817.9856034859815 
-507.2817244674962 -306.43664474594704 817.7632033392832 
-505.26502921603606 -302.02893325983115 821.5369270008131 
-505.5426543533038 -301.67673278274617 821.5790640965832 
-505.08106277919165 -302.1237189515023 824.6063665271191 
-506.59080786014744 -300.89635803707597 823.7097795382936 
-507.298520781476 -300.5023084737814 824.3517215048116 
-506.4945332540802 -301.02959020747113 824.7691107977636 
-505.6780678809692 -300.1317183241218 822.7148870372147 
-505.67985862305994 -300.13109152815167 822.7156159292804 
-505.75846448930395 -299.9168389220388 822.9179640624503 
-506.05389366965903 -300.47984215228615 820.7129532874318 
-506.9756647228546 -297.5706057841185 820.8220226829301 
-506.1914580038957 -298.34911359000716 819.902697668135 
-506.37024350268535 -299.39961305494023 818.9165411014028 
-506.3859945777605 -300.1270133439911 816.4385706466567 
-507.86629812771736 -302.8271443666899 818.0301449442903 
-511.16154315701726 -303.75486553418534 818.9572136459575 
-507.4836071285029 -301.50906826320005 818.3854219250948 
-511.58627715103364 -301.5031589027466 817.1601273456525 
-511.10541271005576 -301.46115552933975 817.2788311178838 
-509.2418257185556 -303.5618709891743 816.4114732322564 
-508.17063517440056 -300.0731873665616 816.6326799414591 
-507.81378672705364 -300.8559412640639 816.8994119753168 
-506.56171147245306 -297.511600094603 816.9500519744281 
-506.2213617649966 -297.7939346128821 817.596368587384 
-506.07476245303775 -298.5120887741343 818.8522929717332 
-506.5870131482492 -300.3731669946059 819.7195084174701 
-509.8155707249861 -305.80977607392276 822.0356506301166 
-510.0013150293564 -303.01760550029087 823.7402890976352 
-511.17024496093336 -302.895614696497 824.1960827602254 
-511.27015064523465 -302.20025114092095 824.0449694918551 
-510.3187506492554 -302.2098007326695 825.313253994455 
-510.286436065658 -303.4739885340482 821.7514263181966 
-510.6980719630533 -303.58875335712696 822.8841752240456 
-507.9818797114099 -303.1573084977653 824.619704926205 
-512.3316182087499 -305.67227839229207 823.8186844526547 
-512.1518257098066 -306.468293150027 819.7612935285644 
-511.881267669597 -307.4210136094527 820.0468471919606 
-509.6765974454108 -308.9545152658684 823.6435999896121 
-510.20870583069876 -309.818315521374 820.368537256394 
-515.9960437169183 -309.47626315628423 819.8402552767743 
-516.6014659983383 -309.6542054019393 818.8909273850679 
-513.2338349494171 -311.33134935236353 813.8072617183776 
-512.8721412871768 -311.84287432981984 813.1331383013571 
-513.0035789346483 -312.28422766573294 812.9364541379886 
-514.0055843455661 -310.13673571943775 811.9055795093352 
-509.67646351342364 -311.3959517028817 815.1349631109825 
-509.21479047991295 -313.4959523953657 815.8899916098959 
-510.2897839530298 -312.98474802929184 815.7713493601166 
-510.52010363233074 -315.7509582090809 813.7468036308954 
-509.934677010852 -317.7933134451105 811.1658540287638 
-510.7495996849727 -317.9854453118191 811.1956382358494 
-509.6312099159929 -316.4047961659261 813.2147430158225 
-508.12951391585216 -315.1409195019119 813.7695548695389 
-508.72327629207217 -312.4793650264387 813.2866194247722 
-508.2442820256446 -315.8284182903251 809.5082319708416 
-509.3551140551326 -318.22841443397914 810.928047851753 
-508.5460768049496 -318.70350887681315 812.0881065522557 
-507.5854810490136 -318.7136532034879 812.4630637898938 
-503.4746922719857 -318.5795387754309 811.1919508822101 
-504.2341171319248 -320.10203314516184 810.9041540188831 
-502.2897096179643 -319.67115660328676 810.7882228793426 
-502.8864989521983 -320.29951195506374 810.31554388653 
-503.4554501631084 -317.0150234048771 809.3705195396807 
-502.94181033415094 -315.91613811767604 808.5887672146941 
-501.52119369639087 -317.06565867972506 809.1971405674961 
-503.2031704681133 -317.5209215322411 809.1394367967899 
-505.7036880159581 -317.8057151642854 811.2441584029561 
-505.88401858712126 -318.0585524820299 811.125694400349 
-505.5448438544813 -317.6410175801982 812.0497153754471 
-503.54852688543446 -322.55590233294754 809.083658554811 
-501.7630725392159 -318.76663807511557 806.7920581789601 
-501.23847919434974 -318.8411184561531 807.03937097778 
-501.1628678221769 -314.4770597563205 804.9216150974646 
-501.4902762508819 -313.24668305378754 805.2899945257833 
-501.3634254159935 -313.217421354942 805.3188832027402 
-503.6835150839193 -313.3459863457591 803.8105684404735 
-503.67710797268916 -313.35436560873364 803.8003535135426 
-501.57133825019264 -317.380299888063 806.6989508169909 
-500.62223154475305 -319.8463954524887 804.5100128722343 
-501.04749497301185 -320.616240888221 803.4642139475225 
-500.0631796667333 -319.50752462655777 802.0209654360201 
-501.39203198198896 -322.3714819377248 804.5554354055827 
-503.9858641468201 -323.95471941987466 803.4336327940566 
-503.6901940976241 -324.3042954213788 804.0611625592468 
-501.2510662330087 -323.66320648171626 802.8263392644735 
-496.92891808400987 -326.8766184283677 802.2582787980646 
-494.090399182614 -333.03386098650026 804.5553229858845 
-494.3143724150032 -335.0166306613406 803.4440733457146 
-498.77195374013206 -338.3085473894546 799.5354817266204 
-494.99704939695164 -339.1328835194127 791.1806600945987 
-491.8182992570025 -336.3217171097175 788.6874156493336 
-490.03949046178275 -336.2735115446286 784.2388435725934 
-485.81808527783704 -337.4204425246842 787.1138642298325 
-486.17617709687335 -336.39088632455383 786.4816143951415 
-485.35287024419466 -336.6351384733181 789.7562289533458 
-485.669509276736 -336.5733057576042 791.0049387388297 
-481.71337843557814 -335.9744073058992 788.379430903026 
-482.9180945645066 -336.5006404688456 789.240903700448 
-482.0067041466459 -337.49277835672285 790.0407397465684 
-484.2431307195847 -334.49172781264133 790.2165208330582 
-485.95191315963655 -334.9057035222128 789.2392123245718 
-483.1957947150451 -338.84869562437626 781.746651540093 
-483.06582549472336 -338.2784982526991 780.8570937352677 
-483.0140247187459 -336.08348342897364 778.9911429424213 
-481.32555777805993 -337.5393448701305 782.1920939656948 
-481.104524510114 -337.7770164711419 783.20963758434 
-484.178951575211 -336.5067768805884 781.7078280590388 
-489.883263255838 -340.57571771891406 779.1567176586184 
-488.155705766745 -346.9852693306059 780.4174111772999 
-487.3574903344924 -341.68184943048095 783.2518831522293 
-485.97388677919434 -341.5169710924805 781.3495736574397 
-486.60457809772134 -341.4044999432869 781.4018817739048 
-488.04500288401107 -339.2146424742516 779.6175932521443 
-490.34412497784444 -342.47953183321073 773.2982634387076 
-489.4487554642404 -342.8506116579756 772.2803811434486 
-489.3855618639916 -342.8521760620401 772.7479362580631 
-486.272543406875 -340.6977726298193 774.0909887115564 
-486.2246084358935 -340.58664801667334 774.1134482491312 
-484.6260254260871 -339.78788131043956 772.3077703057456 
-485.23722238947585 -339.76440817995973 772.0937985290726 
-485.26816298460915 -339.7189519456193 772.0870511370783 
-481.6032668600029 -342.3141518129946 775.3579729816928 
-481.51977053111534 -342.37123276013807 775.5553689506975 
-480.87652478621214 -343.55661148469073 774.0052563936316 
-481.37455175749034 -343.15205305499 774.1777684334905 
-480.3359934421921 -341.1511768900174 774.2557947654038 
-477.89447031714764 -338.37049356794455 773.3718135195174 
-478.69569667801136 -338.4623613715544 771.6765219971218 
-480.55076279895474 -341.6050803671493 773.0089283018616 
-477.3587777701685 -342.8721669737517 773.0606373867009 
-478.87211507679774 -341.280266302722 771.6149589509704 
-480.3640982607147 -342.5547978362502 773.5086623370747 
-480.7434165043636 -342.16048839008585 773.4964016439654 
-478.7084107758992 -343.3549766767848 774.0255311569948 
-472.5382638960863 -339.86025856249785 766.777293601872 
-473.8693982844412 -338.3815435907415 765.3447452882795 
-474.9690168588251 -337.37228614995803 765.4439267194634 
-472.71187689835097 -337.87399316371426 763.3879499360647 
-471.6743413462917 -338.15116534729833 766.1015814321095 
-471.6457191980309 -338.33726189592636 766.33868122907 
-471.35240485708795 -342.4761860162096 766.8595095857843 
-471.2389048374758 -342.6276158186413 766.8495242965912 
-470.5054606913937 -342.9371520559573 764.720866938587 
-470.46499177539783 -342.964366196825 764.7333951528493 
-472.1097670881988 -345.4096787051015 766.0187999848065 
-472.33516901266796 -345.523690025692 766.2861706782218 
-472.42308123371186 -345.5495906074712 766.0781020691783 
-473.472076864672 -345.5073278445377 766.6378317091279 
-471.1278688307215 -345.0727713718061 765.6546703819104 
-467.39143324021023 -347.3043924498867 768.8150304952411 
-465.7915687058414 -347.4052765811444 769.8161046903749 
-466.40083007302354 -344.7973590129017 768.1052260297595 
-466.88046360801945 -345.07242346213604 767.7985608541187 
-468.2873238429065 -345.4666588052429 767.1092130124026 
-469.0230979804963 -345.97957647562436 766.5568446520808 
-471.00410664155686 -345.655470432491 765.8212899883653 
-473.4794577205019 -345.2635658871429 764.5207854133731 
-472.8069180361787 -344.82586785290795 765.8774564870248 
-473.1114325278427 -344.49112155545595 766.2445289027263 
-472.3983642082115 -344.2443531408492 765.7395309231734 
-470.3361662712334 -345.3364521662245 762.2005217149352 
-473.1764601418175 -345.20488049169404 757.9082027067896 
-473.41894414311486 -345.0606537660688 757.8560617436676 
-474.82807020237635 -338.8451319350454 756.8984000336216 
-473.504335477242 -339.42500095737125 756.1218544362605 
-473.0242816639537 -338.90836615493185 756.2805421700336 
-471.39932863409905 -338.42001109751567 756.2843042791487 
-473.553879496202 -335.48491282766526 758.9693232618299 
-473.6143897541017 -335.55190548664825 758.9248389116359 
-470.9089212766923 -337.04347816835065 759.2874842403912 
-471.48654714500276 -338.8517746431123 759.8860889077174 
-473.1648153255066 -339.7873981849156 760.0818589976858 
-469.1508142181098 -337.2247617594635 762.6384121874942 
-469.2214047786237 -337.70929158360656 762.7355479678306 
-469.3023694308885 -337.7732456288643 762.5756606893077 
-468.25323433949893 -340.17552398247363 762.7257506304973 
-468.0860308077174 -340.3773528733678 763.4002909799245 
-470.45199217481814 -341.15906549968287 764.6159922423395 
-475.2163808891313 -342.720044796636 767.1583827146787 
-476.41706986434093 -342.384915636448 767.5341274647137 
-476.88963080222794 -342.25876638320307 765.0515711658935 
-479.31260008452097 -345.0380319177886 760.9016373747207 
-480.467487728591 -345.30896569185063 761.3154441290692 
-478.0582792765651 -342.60219803264073 761.4587776913023 
-478.8967186700877 -342.7119221681848 757.3672693571967 
-481.92374737414264 -338.74783408715354 757.373471165242 
-483.51468518049484 -337.1716268971969 757.9753924584878 
-484.9803644858034 -336.8852220140246 758.601735074658 
-484.1601914545599 -336.22421770894994 757.4286689411713 
-485.2410804781054 -337.88917011318557 754.4397212213444 
-483.2026654109956 -333.4471143937752 755.8105662662084 
-483.9881706743189 -333.00000852983 755.1684262198063 
-481.77517094351157 -333.80939574118975 754.4501936435718 
-473.9002801086536 -334.0516067538735 756.8834484414008 
-473.73372271775463 -334.0706775843489 757.1782668550119 
-474.0402053348458 -333.9127843111807 757.1410427890997 
-474.21898893676916 -334.7975651609446 754.6150057618705 
-474.2143775617596 -335.13438716736675 754.4917900258359 
-474.91101084731395 -334.9678470076241 755.7117852440846 
-480.2196948658369 -338.98769539541723 760.4657572963456 
-482.9325111160466 -341.717302559374 758.7251422158915 
-483.54789144426434 -342.95529474375974 757.7032588660456 
-483.41602597649154 -342.5058471865556 757.7367546214599 
-485.0313140318743 -343.2199221000317 756.4997625370582 
-485.3477760291924 -349.30017135674893 754.923920119198 
-485.79531224751776 -348.603407944663 754.492917397276 
-485.94519714518214 -347.2190705779393 755.5144327123481 
-485.9099827799447 -347.6810954351346 755.8034836611192 
-485.72435536655433 -346.8319480483359 755.4647508196987 
-486.3725183251499 -346.6087903324399 755.2397485272966 
-486.61939537762595 -346.35733711609345 754.7070834331598 
-486.51435205468476 -345.64798604853536 754.506037188501 
-483.8574590338134 -347.10066523856125 756.4938615254405 
-483.6338673382801 -348.14412070073297 757.620613513817 
-486.7304527646475 -346.7181742382033 758.8429637855269 
-486.2959952581154 -347.66521511431904 758.5708675263609 
-484.78065863551126 -348.7888070582715 759.1572044872911 
-483.59790855537943 -351.0742189326389 760.0556922703245 
-482.97447648539924 -345.4746787051292 764.7167336421944 
-483.19446625845717 -343.15516914336007 764.2506059922302 
-480.6637428838233 -342.5362177334236 763.4806155884169 
-480.70487555151965 -342.476140822005 763.5465229167996 
-479.1921752183413 -341.5947714044803 761.4345773155325 
-485.7062022306722 -338.1402556314588 760.7541201548238 
-487.1393163982356 -338.51332488219225 760.4685521829218 
-486.72511675063686 -338.72509056944864 761.2020617851435 
-488.8138668183321 -338.90757637433035 761.6016596107614 
-487.8612222898317 -336.4908769601304 764.4266960026772 
-487.9748273825102 -336.23397893825836 765.0474163440317 
-487.73671799939103 -336.12998782945425 765.0764109969401 
-488.13423406138236 -336.13475797727 765.1063403820923 
-485.6106311112157 -335.1486776338475 763.0018594112588 
-486.30937153955864 -333.72212465249874 762.1650404834579 
-488.5659668342686 -331.6958648049798 763.4923608676335 
-486.5392868122443 -330.8659281032951 764.6534157106838 
-487.7515131741612 -331.0162287464986 766.4093578009421 
-487.12989932088357 -329.8365027502999 765.8315294887464 
-486.61351693821126 -327.85327973757165 768.2647459780085 
-486.845300627259 -329.3486211060519 767.7250884727765 
-486.8042417853016 -329.3503058231062 767.671104378486 
-486.9909049677516 -329.4422726185471 767.2003729412091 
-484.05075478068113 -325.4392390161208 770.4284543629523 
-483.4427269971888 -325.90359022181644 770.5249919167952 
-479.6404719375013 -327.21605883245763 769.8110788647444 
-480.4299791059084 -328.3799810828642 769.1832116401531 
-478.6766019437607 -327.85377884378795 768.2979516615492 
-479.06419165605786 -328.2911596023967 768.1842222518142 
-476.4723515391779 -327.9489977057597 765.6045447942432 
-476.61923648950955 -328.1453534639797 765.8863224370856 
-476.6429103184643 -328.30835102275955 765.7899602558364 
-477.59915979524936 -330.1125941903606 766.3998910621956 
-477.77312034961125 -330.13083719444415 766.4090304959128 
-477.3840135795821 -329.3567312461597 767.2093673258594 
-477.207260347702 -329.740504673653 767.2801383685619 
-476.9186330723068 -328.71154188196414 766.8734156782969 
-476.89511993478374 -330.95989341459625 770.3520831232036 
-477.14669575586777 -328.0015587444395 767.3291144739776 
-478.33141144226994 -325.3671757007469 770.9213481227298 
-481.9142031588582 -321.41698712924466 770.4514281440097 
-481.8984333406365 -322.98729162643536 771.182852028339 
-481.80552226723483 -323.4923343422103 771.2534093154418 
-479.4960219507759 -322.43612527480224 768.1470504804772 
-479.5495339943189 -322.39475658030295 768.148314125492 
-479.6258843364876 -320.6047251256638 768.56654800604 
-479.75007750651343 -319.76224605828133 769.5465246185469 
-482.99722203934294 -316.189545075498 771.1260267949087 
-483.6726916783646 -317.70606568984766 773.1700804407324 
-482.19727992735767 -317.76495330292624 771.8020170487512 
-483.6358307050462 -314.1665662477637 768.7461828967686 
-482.72787880422163 -314.47672746759997 769.7121207375928 
-482.0390779365035 -313.20093638768805 768.9080752020517 
-482.31965854662894 -312.1659772735335 770.0951934859997 
-482.0045559807981 -312.7561262847563 769.900351108117 
-480.6421284498226 -311.6003826924671 769.6329936166471 
-483.255465213939 -310.6404065115162 769.0487876089513 
-481.88833806552384 -310.27905026443125 766.520469288644 
-479.44251067159496 -308.7312827852979 765.5551385614822 
-479.33729168059295 -308.41998803037535 765.2957224863571 
-476.50744687556556 -309.13800084608744 765.5772872602665 
-473.63775648222963 -311.3801289861379 764.7014624032647 
-470.33777882846204 -309.3463725800768 765.9930234182499 
-470.13812637435717 -309.4794643861452 764.6773723273795 
-470.67924593064987 -310.55562984243835 764.5282408510957 
-470.70865027338186 -310.61408250802003 764.460646516826 
-471.20463158737056 -311.2551128844628 765.2192557827049 
-471.33097580391666 -311.55500467479976 765.1740258442032 
-470.8396870829136 -311.97904645816135 762.7052055724541 
-472.08401260872097 -312.826949781649 757.1293851905614 
-473.6169099250122 -313.3948625418284 758.7402430110033 
-474.92938335323464 -315.65675943398895 758.9300533487282 
-473.077850796119 -316.5308510586412 759.6055776506033 
-469.41503880539864 -314.99889343133407 761.5356067768413 
-468.80688021294515 -314.8101708161162 760.9754613787816 
-470.4836857105447 -313.8892567489065 764.8361813514813 
-474.8088994668245 -317.1100742649503 767.7841189271269 
-475.5019762688425 -315.40920890474075 767.4418494056225 
-474.3686918557851 -312.21704779388125 766.3683155235658 
-477.243118248229 -313.3022821742592 758.3526190384596 
-475.6440944849745 -314.9496567368875 759.2964881651811 
-475.4667725485455 -314.6591144067156 759.7222318712315 
-474.1918301467661 -315.38503218331755 759.139086171887 
-471.25080504461926 -316.17399287543157 761.3829576752129 
-471.2277895182815 -316.1951240714211 761.4281787570209 
-472.6623924680599 -314.4479986028115 763.820024930021 
-472.3083054328089 -317.8179498266192 764.7316274335061 
-471.4157257975098 -317.474751197526 764.1659742346976 
-468.58858296944703 -319.8535806069907 762.2457856889614 
-464.02725128241826 -316.4442751298742 761.488113896374 
-463.48648511413353 -319.564847027317 760.7801382261612 
-463.2223086162445 -320.6200281442375 764.121662582168 
-464.1934363689908 -322.7294942533596 762.9330582335949 
-466.4654301128229 -319.53138693467497 762.6725633508406 
-469.87487117251334 -318.3801416589035 760.0722117549674 
-469.20374797756637 -318.2905287478053 761.4769831354721 
-468.1161351210606 -316.0595892641314 762.2000301499011 
-471.8268649265282 -315.11030478857083 761.083122358286 
-473.8593577187622 -316.1406832893611 759.6463211927239 
-475.00826037074626 -315.84267061647216 759.7531472189052 
-472.8235280091522 -312.3348179332192 760.0281420010044 
-474.276894577485 -316.9200335701454 759.3002143662693 
-474.74050914649916 -317.2009892076267 758.6599499927851 
-474.53541722543173 -317.70564895605935 759.0549031012154 
-475.2881946729565 -313.5475254786399 759.4269162854832 
-477.23690808338404 -311.9985172913587 757.2626184234159 
-477.28565398970505 -311.7915402324599 757.5522506906888 
-477.1661881312271 -309.8617519356894 758.6432322226391 
-476.70492845102797 -309.72620318473275 757.749753148522 
-475.0999273142958 -307.99547116730344 759.5227573022363 
-474.7053558296467 -307.41700821418283 759.9790786997465 
-474.26689673557445 -308.4463359746606 758.6530155914983 
-475.6779050593998 -307.2001234189641 760.6473319522144 
-477.2114624252896 -307.82221277417494 761.6304891817277 
-478.7583200698693 -311.77003539146756 766.7302181491075 
-478.69572549837983 -311.8063364637315 766.8387558274069 
-478.30905398167323 -311.14950619205905 764.9246055460043 
-477.20541857622777 -311.9408587429894 764.7531663734237 
-479.5773059442771 -311.938532930704 764.1112021679887 
-482.363845117169 -313.60822518142544 765.3155523931911 
-481.4198930896022 -314.7116619687585 765.1253021913609 
-481.08236406479926 -315.08103809563886 765.2368613801156 
-474.98542761930224 -311.57813900095437 761.815267233906 
-474.6149949486283 -311.7324515274995 761.502704321878 
-475.32064926366354 -310.98983286168516 761.7582257491197 
-476.049251118587 -311.51317468491925 760.9765849226969 
-476.6149126839356 -310.0116632799658 760.5946718404938 
-477.01132315634084 -301.45219977615415 759.8728411727441 
-478.1464028492022 -304.2310129074119 759.9272636187684 
-477.86316610637874 -309.85562747083475 760.1281103794219 
-479.2684270397732 -310.06231164032863 760.5565012034409 
-479.44584346230005 -310.0050885279388 760.2094316470071 
-481.2283885007005 -310.7110021787867 760.1488528317022 
-481.0644157612002 -314.667368480808 760.9476444422337 
-481.54987583876425 -314.0455310570084 761.4083732136431 
-477.26765186943464 -316.03455320291187 764.4651660333896 
-477.459755973733 -316.0763888737837 766.4857864937957 
-477.8658260652421 -313.82630183322436 764.5822929681678 
-474.4790677598922 -314.6876367853015 765.0222369874626 
-474.2637011885243 -314.4997615140912 764.7263333338271 
-474.3752457368414 -314.45048311759734 764.9120749214076 
-474.434215481033 -314.4548700285076 764.8134037383961 
-475.24159530749284 -317.5829609864856 763.3283274895223 
-474.71650574339105 -316.581212722406 763.2087833522817 
-477.5591391552279 -317.31465466995166 764.0654186616973 
-477.2345265616019 -317.10223617018914 763.8377051851321 
-476.9628512358955 -313.6887988274468 759.9751895321677 
-476.94702597975635 -313.5507041351364 760.023428451681 
-476.7407296697803 -313.83076101729125 760.4765239257497 
-475.9625565339921 -313.55832778469954 761.5807242364668 
-476.92553800009176 -315.0853853214629 761.290396618762 
-476.99438363437446 -315.8970610796485 761.6216877229937 
-477.0139001965882 -315.96539299350735 762.177284735403 
-478.8755314043239 -317.60649057669013 764.7078054983565 
-478.5274927817992 -315.99644781785446 765.2984501136468 
-481.36004757737015 -315.3185338030491 761.4272724279123 
-477.3501747301101 -311.82514449112404 759.9292603469132 
-476.4673592698414 -312.6192612262076 760.1198489215172 
-476.3728825767811 -312.892732152005 758.5403342329374 
-472.89315104873623 -312.316699635299 761.708698244848 
-476.04434285761766 -312.0736316244598 762.3660025382864 
-476.4356622268848 -311.43613753688925 762.9581500861967 
-474.7061026493419 -308.40409339553474 761.8974427270707 
-473.2145025914711 -308.3215526241018 761.449859613145 
-473.5505434067378 -302.4597579290589 760.6200045683483 
-473.613558794124 -303.6179300492091 761.3836219976737 
-474.1789523563071 -304.28724154760005 760.4639433114804 
-474.61897176375135 -303.4500539323283 761.7097877269268 
-473.55105927718597 -303.3437947431327 762.0284965437019 
-472.3966639051312 -301.4251137528508 760.3682771728587 
-474.54873429513896 -299.639908391289 765.5526232800668 
-474.17927309602715 -300.3436089886156 765.8075441776415 
-474.20313472514755 -300.43298352908056 765.7783958936888 
-473.6855934801527 -301.32023978857376 765.7407125985031 
-470.9860135908267 -305.43324355195523 766.0961500511844 
-474.1018140741705 -305.4473635389155 764.8020611438084 
-473.2419587843716 -302.1659972335488 763.5874407430397 
-473.890846207423 -306.14425812420575 765.5017643662256 
-473.4422041321142 -305.6973153725807 764.2288252123145 
-472.6603033492888 -305.0458267846564 764.6913350443155 
-475.8965706001181 -308.9895405774136 766.1461998774843 
-470.1588454037495 -307.5592061047064 767.5699704432595 
-471.0504160861458 -308.44678064456195 766.1598939972514 
-472.22101739511635 -309.10815998631557 766.3468014267431 
-472.4119806048336 -309.76614846915373 765.1247081709737 
-467.1726164406557 -308.14653347097794 764.0579112167387 
-464.6071117119382 -308.9344524995177 764.8005113622868 
-458.6704913982358 -309.65791937035664 764.5375706100688 
-460.3984676729423 -306.8364606660317 766.3491238894131 
-460.6271063208518 -306.7210819041149 766.6261691539373 
-460.58586938814443 -308.1888405654149 765.0791638495527 
-461.22575760440833 -307.0081467098902 766.2975591813478 
-458.517492952981 -313.51256600491763 762.4873038299243 
-455.14833203354453 -313.8327276587384 754.1982128335621 
-453.4036738531643 -314.00008485810463 753.3654817107868 
-453.43620889013124 -313.88163815200784 753.4505904279994 
-451.6292897851555 -312.66828887033665 752.779291702914 
-450.660872587871 -312.0323879050701 752.674226301347 
-451.4581933725241 -315.30535079439153 753.3864617664359 
-451.90278548665856 -314.08425482181576 755.2793841809834 
-452.56587712892934 -314.838273272229 752.7731005679844 
-452.61648432570854 -314.76566743175533 753.4555755821123 
-456.8966578089105 -314.66632374343817 752.4456079639829 
-455.44965039908544 -317.67911283261896 751.9534371666697 
-454.71994555938073 -315.2319630775195 751.5882181526412 
-455.77753657619536 -316.42766822441814 754.1614911602137 
-451.9328206142986 -319.1811231665353 750.4355143054985 
-451.8263451491613 -320.87334181913786 747.9237637024503 
-453.2776212731869 -322.890422376274 746.1404432696465 
-453.4389072721387 -324.0939779797705 746.1860109422205 
-453.3017165518383 -323.4960673878096 747.3206867478978 
-453.07549044394995 -324.28819870097857 748.0901739825679 
-453.5108207962789 -324.1419663853862 752.9935814475049 
-453.36340228941225 -321.62991034918304 753.3549652202688 
-453.8041139880228 -322.0054714602104 753.818122088144 
-454.02653856933335 -324.10498384039664 757.1702623994644 
-454.15912513002513 -329.4902766305563 758.4744650288242 
-453.5828240487607 -329.62393822915817 757.9808290841963 
-456.49236126390406 -329.5726152760529 753.5495488384252 
-452.85511142039525 -329.63610772975943 749.878033972804 
-451.594518898432 -330.03023508685567 749.2340017371031 
-454.139981768231 -327.8081370928556 749.2695741456362 
-455.59572320612216 -328.22681818266125 748.4129920179358 
-456.75594938981766 -330.2490500924193 747.9633914771882 
-457.2086945136837 -331.02016421652917 749.5655634715267 
-459.2333854319493 -331.21775538756015 748.6726698739867 
-461.11184633750463 -328.38171585067005 750.391861352056 
-462.313093873469 -325.9622398518892 749.5969881627071 
-460.66802442104535 -327.9040291930232 752.02632326183 
-460.6996812655279 -327.900450466121 752.0817430181514 
-461.42243994581503 -328.38767160089407 753.3236949075277 
-461.95093284147293 -327.8396990694459 754.1708633927872 
-462.1040222406421 -328.86123823753485 752.0287074804802 
-463.50339680696663 -329.223753420997 750.9703502916161 
-463.71794309777414 -328.5666995166308 750.9704826519213 
-461.45418533595404 -327.38131764943245 751.7903491934836 
-461.1593878988614 -325.43157683561975 751.4252672994472 
-461.03544000443594 -325.64419248438884 750.33293362161 
-459.17744273044906 -323.23123044377064 748.876916093579 
-459.5749316755331 -324.48742226682447 749.2835806562166 
-458.585271222942 -325.4981874459019 749.9699390701206 
-457.5758577727534 -325.81028469132013 749.6761826237868 
-458.262933599016 -325.7803683635761 750.5574000687259 
-458.6322812014999 -326.29120001294825 749.0608626119098 
-460.84615981448104 -323.66404805870457 749.9302614992608 
-464.15389239677506 -320.936643131946 751.3692346437081 
-464.40118116693014 -321.2267924679061 751.3274681447585 
-461.05600737086485 -321.50196666524073 750.7388228883507 
-461.74956455297354 -320.9024108163534 750.8579910362641 
-462.4528220501374 -321.3892314257693 750.4984780362907 
-463.7078489714235 -319.992641468695 749.7774475012404 
-466.28907773689417 -317.080055176125 751.162497832361 
-466.42969353365163 -317.18096666666685 751.213120794711 
-471.1347339289762 -319.8847257491093 748.86059950591 
-467.05215227096477 -324.55050451671707 746.7163137010665 
-468.57586345271676 -324.8156457090114 747.6290837659909 
-468.2048649218704 -326.0700482540275 749.6256717510836 
-467.5188200392915 -326.0461686947651 749.6807314442517 
-467.1930416504571 -324.426946574334 752.5605597853973 
-468.8249277519833 -326.9091823120598 752.0863091009189 
-469.2178981293739 -326.5110264705187 752.0565455447612 
-468.0617247527032 -326.5411967505511 752.232488468315 
-468.5995035174713 -325.39310654721004 748.9458828379563 
-468.20177441385215 -323.3897429011968 751.1818156709995 
-467.07167978297184 -323.29854332160244 751.3742490211013 
-465.61780666698013 -324.3949263006797 749.8515836595382 
-464.94237040637864 -324.53614678195623 749.0063243387447 
-465.32859168311796 -324.52133629093197 747.7599593221519 
-464.37259495807047 -325.0873872710407 744.0111560857856 
-468.9369645461805 -324.64890245745306 743.7413855710008 
-468.5705432374767 -323.81016235815275 743.2259258369294 
-469.08574427353733 -324.2773881436957 742.2154515622252 
-466.3552118221946 -318.71147622081276 743.0880642698165 
-468.00641491680267 -320.9132968924237 742.7944040554378 
-468.9195265461874 -319.61270753905654 743.2772434992518 
