205.1286348510004 -21.985167342261228 341.7472336634667 
205.84231706821052 -22.811123571347036 343.97959779946876 
206.07239260825415 -21.625447788391774 344.29566317345297 
208.0526666397253 -24.835641106744255 346.74153495512553 
207.23707463581442 -22.7904881086556 349.5685520662287 
207.36515656440184 -21.884220933013975 349.700506347628 
204.9320555431423 -25.067429463090857 349.2312719823166 
210.04913577431563 -21.833392649607433 348.3355008622884 
210.0746381504708 -22.216736648782298 349.70493428036264 
209.93425214775723 -21.004927022225395 350.08945297955137 
208.9258490566953 -21.077627216832205 349.65046056723025 
206.2011225282899 -16.587894604310137 346.7178092835489 
206.86087868819254 -16.092259510511635 344.76277224362445 
206.12899287333485 -18.705855482419814 349.6430125283267 
209.6121881649449 -14.154798341016402 350.29367902142735 
209.58540129654685 -14.113116522024754 351.93847372542166 
209.99775769077155 -12.96368633839142 354.1444716271786 
209.09299513450347 -12.642245308169999 354.4888176598439 
211.87351449337632 -9.996474064879948 353.0036129607709 
211.82656137351287 -9.903852536658727 353.0572457273203 
212.04576991650848 -9.614353191518187 353.22854275284703 
212.40371541900186 -10.105363894714516 353.8237841903643 
208.88241883847957 -13.380084345268772 351.1479850580257 
208.94107977152592 -12.042582601616155 352.98248912198045 
208.12552567471036 -13.820384812018396 354.09130413703133 
206.01598717490967 -12.878565062403528 350.5941465778344 
204.59701571201046 -14.50693734109812 350.6049653543034 
203.8770997292125 -17.46609711786122 351.1150688104583 
205.35675699023685 -21.148419307875116 352.70564797281065 
204.94223528768035 -23.266128363495618 351.8956955916086 
209.10053564636422 -24.59619348882519 354.7256839243139 
209.45274795203653 -24.53381625538 355.21041818559655 
209.66993298217193 -23.98237625351531 353.45511529790764 
207.23295880983179 -25.838906281177035 356.95259594422384 
206.74119728775005 -24.952309648681243 358.22295515396974 
206.62099378536172 -24.772521234883175 358.4485635055346 
207.0739810106129 -24.056141943723144 357.79480237922377 
209.3215128573351 -26.059040827391698 355.16983587228725 
209.29362412755734 -26.00188154871426 355.24497731837715 
209.82913419203348 -26.86777285757169 356.4243675149006 
207.87911453133137 -30.365660646208568 355.14038286429286 
206.59057593012875 -29.730196971265286 358.9557925619925 
207.08345929344128 -32.61283937270785 360.10865203934276 
203.74195789180231 -32.21165181287344 361.5525248246142 
205.1968600268209 -31.516094515198482 362.1301797754765 
208.74877116563343 -30.015148363416117 364.2269380346864 
208.32541370541145 -29.824931749925884 364.54789509373956 
207.57184394085252 -31.23132718567452 362.4611184649828 
212.2744740359241 -29.06228824620156 363.39861029948275 
212.05198562670793 -28.878255443831243 363.9965102676841 
211.96223765905177 -28.918617782221695 363.95324425874844 
211.92418330950895 -28.900637630093044 363.96669302999356 
215.63737433558316 -29.523646568410204 368.1556194422989 
215.2349970199769 -31.39804574780827 367.8802154530381 
213.04299924156658 -37.47789319649044 366.56422810877376 
213.47736648728497 -37.716418665693226 366.40475911244226 
213.04266171228113 -35.145870813167136 367.89716742135454 
214.0170566971003 -32.142318019154686 365.2697764820006 
214.64833361261614 -37.71283057487999 366.20333209263686 
214.65056945097422 -37.86290668980592 366.18585274275586 
215.6034351980591 -37.414288677780526 362.50638920091757 
212.26215383583116 -39.18628974318769 363.7891209890455 
212.5137906692295 -36.95871026658038 362.89620409809817 
209.863674502052 -38.20946683428139 363.72550795244393 
210.57307663895764 -38.329387114397775 364.3473531482955 
210.38139585817675 -37.562611033672624 363.8266681839952 
211.32125725874045 -38.04964527013537 363.29784479569344 
211.3373745652057 -38.19623768972254 363.3783694037642 
212.08348948831505 -42.18945925135472 369.2799933501585 
210.7806135587229 -43.853541556864926 370.71230362056417 
210.84425750220782 -42.98295033543973 374.24025337564035 
211.98758660130426 -41.20826951004641 374.8759587632919 
213.24153425889054 -42.78531650384346 367.8106795416126 
213.47304452858785 -42.57647451399558 368.07451846101713 
211.16827666642365 -42.37646357066681 367.2764403372492 
211.53408853942656 -41.033137952078285 368.35570868567794 
209.48021320186996 -41.264882407800684 370.5548521041043 
209.87087857989167 -41.21278088458302 369.7845816535967 
209.676287018974 -41.52541411600929 369.7011732295638 
206.66863107835073 -41.62795279034112 368.5904339065771 
208.9540618876319 -43.24611193541642 371.8890196667965 
209.6332301565561 -43.11595712813458 371.47956871362703 
209.52073020015843 -48.80078445605017 369.792087467195 
210.57475643296775 -49.24159289565653 370.5532035652036 
208.93237096089885 -49.804060543088 369.51715164781166 
208.82932644269047 -49.50572713598661 370.1272339493215 
208.55959405632336 -50.544334900903856 369.4635475619112 
208.5531342253945 -50.53973508414137 369.4576709265932 
208.9933872146886 -50.357214960521425 369.8571937237943 
210.5464197124009 -51.96451366166702 369.5379266515677 
210.59863539845574 -52.022191115329214 369.74963135800436 
209.55447669836008 -48.988581791944306 375.2577247787526 
211.07812753784862 -48.71355346364356 375.51089530426214 
210.64669349003148 -48.347053531142016 374.96314790929785 
209.72068388757748 -45.4719668792193 379.1106946237933 
210.03637712926857 -46.11178102691522 376.7016924733437 
210.67367431616645 -45.61891725164343 377.20474188494944 
215.40531667130247 -42.370289271157915 378.422292861158 
215.4003970516762 -42.77852610084039 378.4564497988117 
217.9711111530994 -44.09241034018541 378.50000302355187 
223.96235210804463 -44.164670123748316 378.0748105390877 
221.777882505946 -45.84868609217351 375.9541815396658 
221.3069418561083 -46.57766401327454 378.18384412945494 
221.88286859697234 -47.90723802280782 378.30915032274135 
221.1345380474529 -47.86118663208754 377.6303220002697 
222.2061083159441 -48.18475302825539 379.9500630084041 
221.57086699586935 -49.96086304040053 379.1243537883164 
220.46339240228116 -50.65734513606774 377.96069856582994 
218.3411980368273 -51.525980447651456 378.5083906504395 
220.90774814716065 -48.37906311569544 379.7302170764709 
218.30316070735583 -50.54725378260565 381.7473765458651 
219.48841471992205 -52.47306440727553 378.45236976663256 
218.99566822017678 -52.36745592983108 379.57862477019114 
217.09140524824406 -49.33750688475041 381.7308579587508 
217.68015585517978 -47.2542676490274 381.0491633515414 
217.82215437214484 -46.745877160537006 382.19344385642717 
217.83093744639942 -46.37994107142732 382.69571660914414 
213.36995584482375 -45.96745026922679 383.37467455896154 
213.73787666604485 -46.442751823451246 383.1568427506168 
211.60749400366876 -47.26277897147773 384.1960393933917 
212.29847474744972 -47.824869623125885 385.117032398373 
211.70042166238187 -47.749581856994524 384.73938011177574 
212.38967689348866 -44.89347839416842 386.87967169829096 
210.42665145607555 -44.74879044290569 386.4402478144085 
208.16024368431354 -44.54777945235956 384.06532582233297 
208.08300375192252 -44.9159500696438 383.66194707092154 
208.27438554630453 -47.884948496415674 387.0987721573499 
208.03902788953667 -47.02707886584972 388.31258255260536 
207.66328487080025 -46.37517064637624 389.03342745099667 
207.8400035910624 -49.947179334727 391.1834838838435 
206.56306697242275 -48.74314676833137 390.8320343134006 
207.6333879642027 -48.345236539197685 394.9594404345176 
210.41569964199292 -52.098100862595544 391.323448044904 
201.47262625684453 -53.47877761934614 395.1707023416002 
199.66266368195463 -57.46983685390615 390.72280562447463 
200.44998589634918 -57.86610196451774 390.5178298502285 
201.35693942262145 -57.05371888458661 390.4499779476881 
201.97958531340709 -56.2343522087217 390.72785683629013 
201.85268693873826 -52.340638536446356 390.0977974775499 
200.3253911723913 -55.11681392850649 386.26870715866426 
199.54955222982466 -55.75597806879275 381.6262414687895 
199.71865692671744 -55.025197045740725 381.3588658282389 
200.83866693500912 -54.48876617739523 380.6088212021511 
204.95128861568278 -57.54627192958145 383.02176885441077 
206.48611647658217 -57.482020418311016 380.8422438462122 
206.5962613640826 -57.36465549078196 380.71768599592826 
206.074440396457 -57.16994379149921 380.14308048565243 
205.99933016441506 -56.975576581022956 380.4591492969266 
205.52895871421887 -60.274534840652024 379.3747172824277 
202.70082621727434 -57.56554085274366 379.5151019798225 
202.48005207192 -54.04544999432539 378.5855333923804 
202.31884542201024 -56.0495839388968 379.54007823355585 
200.023287615535 -52.660291479058955 380.07380930641 
198.58325827314792 -51.47765120121878 381.5271667779948 
199.21511755709713 -50.20115333215153 383.1920440355539 
200.27282339442155 -50.739116925586266 382.35750678280544 
201.77674110610744 -53.124620418501905 383.19084897669933 
199.36004131790312 -50.429868600938775 384.7059899865425 
198.9928548719218 -51.695410431879985 385.09234982199365 
198.07866432887835 -51.560048210697104 384.81622205111205 
198.25999604970883 -51.9929622599166 385.4440518949435 
198.56328780302763 -52.04931609997965 385.0761409979242 
198.47206031285307 -51.932258468815625 385.307623908068 
198.79073064250105 -53.78265483099342 382.041346074857 
196.4667563997607 -55.58602724692567 385.6752892393041 
196.24022168250778 -56.238504091097994 385.7455214778098 
193.6519554295512 -57.373097431124464 384.77625910383716 
193.59256793806392 -58.5119714009839 383.47725735622265 
193.24430128906977 -58.240675715033966 383.6276254116893 
193.92441312386939 -58.19482801167776 383.8417283777103 
192.98630635547698 -62.3933900884697 382.87942864851306 
195.13884748137042 -66.3076979984255 384.0793296500278 
194.5215251232172 -66.4734880553165 383.7692225361352 
194.73074991538357 -65.82359877708096 383.73217202111647 
194.92009721865398 -65.5181443858241 383.1842110604086 
194.42344176551995 -66.47332073990619 383.052023925742 
194.53849505271896 -69.2406020293743 385.21518964648675 
194.3111370995122 -69.47905182528638 385.127323352902 
194.30634683475 -69.44453621486822 385.14195889093986 
197.2086180171305 -70.97764916902413 386.3149573196949 
198.2996247579381 -72.37070726591298 387.025857387332 
196.03881662110524 -76.69422610156073 388.75154648998245 
196.13454595903931 -76.9442567385953 388.53620245687637 
195.14278650144928 -77.71723963096154 388.50283902377424 
195.92300076059826 -78.20610166503086 388.76974642309006 
191.32338113323055 -76.89481100457833 387.84558785488963 
191.12601887110213 -82.2096069067308 384.62468757936034 
192.8875209297078 -82.4620740288528 383.63464341640554 
194.96888273267083 -83.7966282802519 384.87219831699207 
195.71634271601016 -84.96045124095588 385.146388339483 
193.76854212363418 -89.43709113161562 387.2202499204241 
200.66244793802502 -83.62560430990386 387.3546949930288 
200.840832705058 -83.36758564525263 387.25193899923437 
197.9912790341181 -83.04586710972798 386.7772125804374 
200.560976179957 -85.02614219470466 383.92021326557443 
200.2708019275497 -85.36240768146648 382.5109758965772 
200.2601046536127 -83.25142587202853 385.3275536566911 
199.66976456589512 -83.01733578145556 386.3011888108425 
201.57035421289214 -83.86501692968083 384.3309694572311 
203.42969558873767 -81.93796588122889 380.20902405919463 
202.27472875119565 -82.43797470939167 379.74783091475996 
200.32558382290705 -83.38675551060234 378.26471867649576 
204.06336228457025 -84.81628048913352 377.7005168733417 
207.58453883953086 -87.85270219630947 382.41736190286355 
207.22664752580218 -88.81882905954956 383.01258155892754 
207.28286924865603 -88.83387074858416 382.9969423650227 
204.22744286706262 -88.99850365029123 382.6627403188434 
203.66224183210636 -90.92252580360771 385.6716095761116 
199.61933633299006 -94.27253166647084 388.68585177604206 
201.10667873218404 -94.9143447745756 390.3098040751502 
201.06037720787558 -94.94928915615426 390.37625800387286 
200.862285825405 -97.15766348082198 392.07224224257175 
200.31219143434043 -97.35636128377709 393.0021502408093 
196.8471772769304 -93.42826445625245 393.7892647203703 
200.72767461033277 -91.10385935686672 390.9543075820704 
200.70891863134 -90.94612611722467 391.54704805126806 
199.33743809895114 -90.97206951917858 392.57863419591195 
194.77299230907076 -80.50487815452323 397.1671212638288 
195.23593278639652 -82.86218955702984 396.9898306089183 
195.5258288496026 -82.80268464551999 401.3521235675502 
197.48915199449087 -83.53462548126232 402.1643872173149 
198.68199901192708 -84.27015979919179 400.95941980162047 
199.79414008309638 -84.03799973885299 404.3374975021014 
195.97268778687862 -80.28701810485005 401.8058805657155 
199.36279604258758 -80.52097164612928 406.05783544819997 
196.97980578610242 -84.13795660623633 404.296114729883 
190.88915725979686 -84.17172132963866 403.8994854983345 
190.68395435443668 -84.27889685270378 404.1295108564826 
187.42011401666974 -85.50308254899429 410.2670856711376 
187.85306343632962 -85.88122173959513 410.1912783034767 
189.04775642519664 -84.29650972674466 411.2164462639159 
189.98796970226027 -84.32178197278802 411.023525872051 
191.99400394094627 -84.13685852940401 410.8378536217574 
195.850605353958 -85.28984504584255 411.2668382940521 
194.13288052294192 -85.26531219871852 410.88905514248296 
194.0072192564324 -85.54873614521271 411.0857826754097 
192.41332600016113 -87.19889911406676 412.0776706612331 
190.97175817196708 -87.6128718920434 412.72033510460165 
193.79516756936746 -86.71201122510091 412.4284635582462 
197.84361690619798 -86.7643074826498 414.0155761220675 
195.88893188486648 -85.64731615955642 415.48180524238694 
194.7891343960042 -87.51648060045085 409.52558766132574 
200.10279186302952 -91.24928649011537 406.976244722804 
198.52839596063103 -93.15704948206611 407.40734517464557 
197.27540969877361 -94.32315755203271 408.3275920782046 
198.58097759640737 -95.50174126494966 405.5713371236278 
200.78374713540884 -96.95864012082417 402.46324494274666 
199.04529035669285 -98.29890581526418 401.7889301442812 
193.49861567474852 -98.15509875025002 398.64697489100166 
193.36695744544343 -98.21787167205493 398.5488052539973 
192.01755478852425 -97.7733866372894 401.1284008943088 
194.4713354304765 -96.33696869307609 400.1902853537957 
194.0206319503114 -95.79656554647825 399.33953318167613 
200.35037399010562 -92.14006483160182 400.34157998163164 
198.87836263915605 -92.31853206645563 399.0219802436164 
199.2550589095305 -95.29161578893373 402.43156326502117 
203.8200612725968 -96.71884709902073 402.59872764618257 
205.90874314368023 -95.7885480194402 404.83771354679254 
205.50844660994727 -95.43977897031701 403.85325017865284 
204.2992809646766 -95.53371958678675 402.7661874775051 
204.3951707595028 -95.68514258098666 402.47532305247194 
201.85149517568357 -99.60186328837977 398.54135048321285 
206.87030135331264 -97.83329590776017 398.59838760464675 
206.67503977195983 -97.73242126706984 395.0969893671655 
206.19100383327034 -99.48226618449974 392.4104583211128 
206.950702754354 -97.88337852592237 391.83450514590913 
209.99074284099183 -99.51641154459536 387.3405494309975 
213.3828634172296 -97.83758008417074 387.25450460693503 
210.59105909798464 -94.95997891215727 384.98079563689885 
210.05392826197155 -95.1964346113298 384.30941889208435 
210.28459706345606 -93.47184998594167 390.1115947028887 
211.44633114967252 -93.4533949520777 387.6231756713565 
209.0238710549794 -93.54682119047493 388.06920246312063 
208.0805075257191 -95.65528120950808 389.22530444460295 
206.8647007687316 -96.40684553212874 388.6355436983047 
206.7514333614183 -97.48639711722471 388.6332908494565 
206.0524996984558 -98.35185356761875 389.12591058008934 
206.48660972210195 -100.17078684856071 386.0737205697953 
206.68536970318402 -103.58195391349015 388.66896798100544 
208.13274015306848 -104.0646471931886 387.3047619278069 
216.22862783332096 -99.26201919585236 394.0718854232552 
216.8507949785032 -101.23681728073488 392.67655584891156 
216.77304145480028 -101.5850569156001 392.69410911918277 
219.4773537147521 -101.62980729973582 393.18889619116646 
219.44496195160283 -101.99360470567656 393.4074827884368 
218.88942121375013 -101.77889205416976 393.95907504082663 
221.62419192484361 -103.82942109432892 394.5426971087917 
220.8092384716446 -104.13949904582736 394.83804792048755 
221.38400237380304 -104.04815129776598 400.9088897373532 
221.14246509356343 -103.87749825475727 400.7762703835616 
221.07011948963398 -99.6963204391282 396.575450581095 
221.0333750147549 -100.14327345047668 396.08713356174553 
227.13711570169934 -106.28820468992276 396.4732285347701 
225.31464315197584 -106.76030168502206 395.82029883058397 
225.3457689207573 -106.96767656023704 395.94346258185607 
222.6529618190822 -102.82028160458009 397.9549778900484 
220.63797172415258 -101.4975039099589 396.99633845730443 
220.64376431993202 -101.47931709763769 396.9830891782079 
219.0840094208576 -97.83931819196336 395.62046230202833 
213.45205190347806 -100.51388120300557 398.276489504839 
208.9266336889746 -99.97507658058713 395.64650960505276 
209.3133106538561 -99.88975289460322 396.3092508341163 
213.64862638201458 -99.35692026069952 396.61121648058815 
213.91475020013905 -99.31077621000867 396.69778776982656 
213.65755191573797 -99.42802400822839 397.0617410861871 
214.0853705220682 -99.49627283704845 396.39504610980424 
213.6904968884598 -96.91887295053237 399.098116286493 
215.79171746219808 -94.04381592568824 398.7957620790221 
215.71140169988618 -93.66869300596176 399.0071871892191 
217.0187816851186 -88.92234830595714 401.38084101264707 
215.01182086598996 -90.853582828286 398.9279036144054 
213.7050368392382 -93.36804637153867 396.75260450711954 
212.98133366712565 -89.81356345531309 399.0105893829124 
213.38578444400176 -90.36335660198613 399.93149670875306 
212.80797188046407 -89.91775185316968 399.71369498817256 
211.78519496346314 -87.54979946831804 395.9699227977816 
213.84381348086643 -92.79362425033472 394.0794160452957 
214.00883688348972 -92.18119187859334 394.31471396672646 
213.78525887888514 -92.08961368356374 394.200570194726 
216.50489939930134 -94.30831046004572 391.54243671569236 
220.79527303307322 -93.41248463378017 391.2299285497329 
220.48963707211107 -93.60632123440423 391.7994928672899 
221.11063084183996 -97.17345545364275 392.3159528648953 
222.71833888744942 -98.24086780397953 393.1650875016573 
230.53999461472048 -96.7327673671792 389.46251274444893 
230.10376221725744 -96.33966377166814 389.20515113944197 
230.01252434165485 -97.14523463599534 391.14376901125075 
232.6541992033275 -97.52007657481536 390.19924266261745 
230.5088492490741 -94.27762037784959 387.803870415888 
231.33012105253977 -97.26118994206573 387.1898631543818 
235.88342062300777 -94.18121166497868 389.76622008699974 
235.9719161436739 -94.4935776759727 389.7795437592047 
239.01223857043266 -98.92508701234617 391.9644210888238 
239.71641141588628 -98.48429596146899 391.7794335308254 
238.1411341730868 -97.1030028884514 389.6309322161453 
235.4571711557423 -100.34957462911979 387.8286851113829 
232.29700736548742 -104.31682390968355 387.4038305266567 
230.16357015892882 -112.17493352774393 384.51499967928106 
230.0083780010751 -109.70382874216607 381.47479391830717 
228.1140198061434 -104.72146118713948 382.1529011225832 
228.02002226261692 -104.8807481787099 382.15619695452887 
227.9859490157654 -104.86654364401105 382.1382585930315 
228.04386944376276 -105.39467763834135 382.23677702407355 
225.15395180934007 -106.11377906103799 381.1057913170303 
226.71113905281067 -106.08792766070133 382.14975763065775 
227.728789134084 -108.08882461208852 380.3541854259407 
227.87574939843097 -107.78149587999256 378.32471200900704 
224.88176802600842 -108.05388038652576 381.19826897927885 
222.39421458795928 -106.26700619892755 381.4301520141686 
221.96603625807683 -103.38517876859665 382.28295665308866 
223.52228371098047 -102.88645297631078 385.2820529770375 
224.55920719127684 -103.26084009634724 386.45906316814904 
225.47114851028718 -104.04947310814082 386.2376562224514 
228.37719434234634 -102.24374032798983 388.6165589792309 
228.17017798196886 -101.89293872295221 389.2531109295438 
227.05720301381072 -102.40369825851731 388.67686923108687 
227.03175182745022 -101.63411289105917 388.58581525192017 
229.9416866773776 -98.15204904235199 389.6348063133503 
230.31480872664136 -96.98619804291337 394.17517057870185 
232.33579367178075 -98.34196098141699 392.36279956205004 
231.77767686159427 -96.00437489788557 392.09047535654287 
231.79946402417536 -96.00436950261951 391.13233488638895 
231.51050259492442 -94.53627237560538 390.38280603509526 
234.58700977703373 -94.01917076867734 390.7118822973146 
233.83454955633047 -92.96071843922712 391.72629144309735 
232.56879589508694 -91.0795797966234 396.1737443134546 
229.46287666240417 -91.34751915540367 397.98212783155253 
228.48064958485838 -84.71936901981611 401.30855643088915 
228.41776507992995 -85.00436979430934 401.89042627393223 
227.30857322605286 -86.13487603656162 401.06377645845447 
227.4393548989543 -86.22155076782663 400.9696833295258 
227.60386075824763 -86.1497516753659 401.45155708994537 
227.45752402508222 -86.22959996978445 401.37064472744424 
228.69139048986173 -84.74008952057861 401.1571447262732 
231.55589593651737 -81.10966836869058 399.526873316287 
230.86945657528008 -79.98947683580987 399.63373693037846 
239.10114264922834 -79.63090444347061 404.4352388625566 
238.92878205888715 -77.76055769798434 401.1906802540996 
240.91291664603574 -79.210976487388 398.5236429579803 
242.8889089020644 -79.70570783053962 400.51347051492417 
242.73951407906154 -79.86501034309875 400.1849670726101 
242.5423193504187 -80.27194879810058 400.0145808716316 
242.36473100115205 -81.8718598106086 399.3123359599399 
242.33404525817485 -81.8887522341807 399.31611199833225 
242.2268067784715 -81.95306722412725 399.1392845868386 
247.9142647658085 -80.44606833053456 401.3149822453078 
246.98683574156314 -80.38849288459717 401.31067925739046 
247.15178331855006 -80.51118537801831 400.94261634454165 
247.930891230832 -77.11231055079662 400.1855511930768 
249.0989151306564 -80.43788866661377 404.1998860462264 
249.1552334241166 -80.63222516448626 404.27456745890953 
253.14688489228016 -78.8350369380687 405.2323574733188 
249.280878087769 -76.59670585139656 407.6601694283157 
249.85125598920084 -74.74408299003439 404.74315950349785 
250.9449882137971 -75.58307563862081 404.8181407016323 
249.77915569513675 -76.39776503935337 404.6680842878637 
249.7736747111506 -76.3934560144123 404.6707565316877 
250.3365487344713 -75.50565851272103 405.4812602456547 
254.57001295397663 -78.92887093547994 406.0463073829767 
253.92424296050658 -78.24373816142808 409.4138144994904 
255.57503430183428 -77.64089905198789 410.4708723939767 
255.6739873771939 -77.82289816957619 410.85759473406546 
255.19191321869957 -76.2646375158927 415.5182948938851 
254.37706557187204 -74.77224835320077 415.5535838122719 
255.99944545473267 -73.72678138551937 414.79532410916386 
254.89246702219788 -73.59719167544327 413.7104946440017 
255.43599427869356 -73.70904192715784 414.28321837436 
255.7790281293384 -73.5539378066776 414.09102834666675 
253.0448441410133 -75.59652555252747 413.07685947969884 
251.77635884182322 -74.28763511511985 413.296104788561 
252.32557373032668 -74.47776006682675 410.16490349052236 
252.58105468738023 -74.318449044061 409.9207582169491 
256.2398243783351 -74.81719675803188 410.84106340321665 
258.7376099501256 -71.156398161543 412.7353504144898 
262.59054869756164 -68.65776872059025 414.13272288395325 
264.05160346457905 -67.88548130911852 412.83265428957674 
263.84206183744766 -68.74176310570587 411.9907926378647 
263.7835083141144 -68.58172112049101 411.93408916807294 
265.26559800549626 -68.67687996111036 412.4554313648764 
262.6434732919839 -70.96609235797567 412.0676338442232 
265.24342272185896 -70.42207831810626 411.7520192846273 
263.8404444598463 -68.85895775777001 413.5815405941556 
264.59436971484286 -69.32559822978354 413.37327640834843 
265.2147136143719 -70.5989751607953 412.7841415100791 
261.0962725228047 -75.13987647066305 409.08664119398054 
263.25171637423216 -76.92189598417325 405.43938909157845 
262.13106337513364 -78.6689146347433 406.1279637698302 
263.54145741176285 -76.40894339100115 406.68712789833216 
266.00845161121447 -76.13983012675322 405.13944445855014 
273.31692835724795 -78.69171073294862 405.62308272081975 
273.09655890580564 -78.39264124721878 405.6079861306836 
273.0945982976789 -78.78213716097272 405.4559521985818 
274.44434455435385 -80.64408564568126 403.52207291908763 
274.01333455416795 -80.54108665106578 402.31876896195496 
275.6243883745058 -80.12293668478965 402.43505114337853 
276.3237071997284 -78.68714368539567 403.68536753670173 
275.49633470455507 -77.08803138374088 403.6650889604972 
273.61700677555376 -77.4663368457374 403.80939482392586 
274.28142676308096 -77.48092785643743 405.18615666719523 
273.6764034434109 -78.00774779092411 405.3566033113767 
273.7224963692066 -78.24856133615556 405.2551692458566 
275.6855007957485 -87.41849407920807 409.2396077391327 
274.70388046793363 -85.75930930504069 411.7833342459081 
275.0668830379288 -82.76515549694312 410.5317574989553 
273.7493249270584 -83.64552933775401 410.82663722743524 
275.2567989607582 -88.8277512805114 410.94132589312017 
275.96833568084423 -92.76609900196823 410.7408673326057 
274.488803032377 -91.00195087325481 408.26849451405155 
274.1856815937056 -91.56855093145751 408.37796264915346 
274.06933068623124 -89.6987440112452 408.0253528404221 
274.4032439783184 -89.81679885773251 407.9884236049772 
273.79961409241446 -90.36385455819281 408.285713180153 
274.3864974481451 -89.8799205988808 408.47138948550645 
273.3860143805318 -90.67429087658101 408.20752475320927 
273.60686460831573 -94.1853357811374 407.602883046789 
273.5806516336912 -92.29948210991593 406.0068820748891 
273.3878527958758 -90.85692257798381 405.31481775513714 
271.67007758956055 -89.1202235699037 406.90649066914034 
272.41169938935616 -89.41405445381272 407.21861609486183 
273.0166328546267 -89.5077941324752 407.5870462084124 
271.92584754821706 -89.71649550231923 408.1222276423015 
268.95766255174897 -91.41835314899078 410.4980715395837 
266.9550055834576 -89.91838628251165 409.1675503601474 
267.10928023405285 -89.81383288894578 409.4554621086811 
267.3586257064662 -89.29287545454311 410.42334067429493 
267.0733994122315 -89.06043185310507 410.07260182974 
267.3215198429425 -88.80559282700818 410.09396640037613 
268.45930011292734 -87.85622883215154 409.9116917521892 
268.4324884038654 -86.55977918711731 409.437754800764 
266.1472788497089 -87.43384549331516 409.4340495031229 
264.544461588804 -85.0915381400909 409.5312749039467 
264.39611636278676 -84.33624363044275 407.6102520385586 
262.20014949031855 -86.84973831069415 407.98783494853024 
262.73764820295355 -87.02682095549294 409.8458242008705 
266.26315300746893 -84.74363339091867 407.52094996779863 
264.67789173933477 -81.2104863560701 408.57338615965574 
263.6562300064866 -81.17671340217234 409.0338030302556 
265.541357002709 -79.29438262106747 409.52731262013504 
264.6065795522733 -74.21098966290937 409.79711837106584 
262.72121217112397 -71.548472010512 409.7257849840872 
263.11094288455087 -71.85361786065309 409.5458350852443 
263.1033365536751 -71.87601065929456 409.48801976039425 
262.5091598831896 -73.12255634992583 409.2593220062137 
261.05313197127685 -73.59825694999297 404.17767327111164 
261.1799843387768 -73.71437357836095 403.94232945611634 
260.11431142714645 -71.92352457935165 405.27711880045484 
260.88051287828364 -71.84542419351662 406.23379469334753 
266.4992128821057 -74.11568275255446 408.5500128861812 
267.16204098288387 -70.83695485591728 404.9095282015807 
268.43748680096246 -69.46302728755447 406.9579187284933 
266.444073491803 -71.36259266733775 407.38729949198625 
268.94017952553384 -70.0589337652878 408.61962735396406 
264.6753652953487 -73.37999812670013 411.8573181028455 
268.05387143638904 -75.85958112004563 412.3835293915837 
268.83206057266193 -76.937371815778 410.7488332109697 
266.1591585462146 -78.73054021310904 411.1472726564747 
266.3110634015473 -77.95826991659672 411.43882486355017 
263.0433258041352 -79.4404147037682 410.40908816351686 
264.3537837264798 -76.03363523858191 410.4197046796757 
