1.590041394494936e-06 1.539321683866957e-06 1.5174410476268342e-06 1.4310244524115027e-06 1.551467596600244e-06 
1.5828281116215853e-06 1.5316269960680398e-06 1.5104282678685702e-06 1.423632997052023e-06 1.544578588364857e-06 
1.5847341743937061e-06 1.535216331471132e-06 1.5138380084901052e-06 1.426178665510828e-06 1.547184348642226e-06 
1.5926380319047682e-06 1.542830012881948e-06 1.5203945840762257e-06 1.433952055890794e-06 1.5540634970024995e-06 
1.5964086216784282e-06 1.545390881508934e-06 1.5228099614947162e-06 1.4372718197517294e-06 1.557102404068207e-06 
1.598977478990457e-06 1.5486115909066702e-06 1.5268415252436138e-06 1.4401334293882498e-06 1.560671100111181e-06 
1.59752429823077e-06 1.5452568764924308e-06 1.5240393031478685e-06 1.437981340651582e-06 1.5587168887178313e-06 
1.5984247578557592e-06 1.5462974321960108e-06 1.5253578601383885e-06 1.4389505903928025e-06 1.5599180060600455e-06 
1.5981938884798857e-06 1.5469051872302378e-06 1.5255413281039987e-06 1.4390157292553022e-06 1.5597588046528544e-06 
1.5972391322405967e-06 1.5460855368302134e-06 1.5249005879530712e-06 1.4381169241038003e-06 1.559020710334314e-06 
1.6009974516184585e-06 1.5496087428845484e-06 1.5279366287834634e-06 1.4417777767821781e-06 1.5622557023653966e-06 
1.6002935835361198e-06 1.5492195828586047e-06 1.527493298482217e-06 1.4411878066797464e-06 1.5616659058584852e-06 
1.5954480483825735e-06 1.5440579727111375e-06 1.5225501113859398e-06 1.4362147064074778e-06 1.5568433529068009e-06 
1.5927575411037703e-06 1.5364245592451123e-06 1.5184127549930051e-06 1.4318343041575944e-06 1.5545535848346937e-06 
1.569545226636294e-06 1.5144041707602794e-06 1.494511898320892e-06 1.4088866674910163e-06 1.5303943349487792e-06 
1.5687260824214417e-06 1.513293944525681e-06 1.4941002865025353e-06 1.4079887278065054e-06 1.5300065542392254e-06 
1.569648818088051e-06 1.5140289476681376e-06 1.494937380639513e-06 1.4088504312784632e-06 1.530918745688559e-06 
1.5763517943827548e-06 1.52010047524859e-06 1.5004857399707414e-06 1.4153229863357526e-06 1.5368683415016723e-06 
1.5784850974061543e-06 1.5224604729330115e-06 1.5022944875299375e-06 1.417523469043758e-06 1.53865929848283e-06 
1.571828311795065e-06 1.5169570576265202e-06 1.4948159552268388e-06 1.4111844771229969e-06 1.5309521463621994e-06 
1.567303246552278e-06 1.513396679129244e-06 1.4902615258956626e-06 1.406959297397112e-06 1.526092058237096e-06 
1.5666105749725425e-06 1.512136709506798e-06 1.4904406121918666e-06 1.406110391595839e-06 1.526304631909723e-06 
1.5629878502398e-06 1.508374407158439e-06 1.4858196331608662e-06 1.4023894844182724e-06 1.5219024207498117e-06 
1.5481923616078514e-06 1.4921335947023637e-06 1.4724117171222249e-06 1.387121809633945e-06 1.5087268232799339e-06 
1.5307012105473372e-06 1.4760877535389034e-06 1.4559867959273134e-06 1.3700765581520317e-06 1.4916565755422486e-06 
1.5324080780606787e-06 1.4780184447257923e-06 1.4572443581164424e-06 1.3718437724238717e-06 1.4929190013574696e-06 
1.5266327529820838e-06 1.4728459335733411e-06 1.450533377363153e-06 1.3662053849053122e-06 1.4861769592068033e-06 
1.5267225338608002e-06 1.4729424688659144e-06 1.4506704112054145e-06 1.3662995746455097e-06 1.4863036022116975e-06 
1.5248285023179527e-06 1.4713846751657764e-06 1.4491194124133173e-06 1.3645222307095205e-06 1.4845851392804299e-06 
1.529584543625106e-06 1.4736678819148985e-06 1.4521446578224787e-06 1.3684197340888041e-06 1.4887080684469648e-06 
1.5298970532104159e-06 1.4737826436036914e-06 1.452357851447919e-06 1.3686653649758504e-06 1.4890022623119906e-06 
1.5362237162180772e-06 1.4794953330334308e-06 1.4578129918572802e-06 1.3747850682895512e-06 1.4948045730465888e-06 
1.5310745034954664e-06 1.4745270624585524e-06 1.4531391446437878e-06 1.3696918875442662e-06 1.4899917306920136e-06 
1.5366470731045213e-06 1.4774392174797708e-06 1.4582680197374716e-06 1.3744148715962699e-06 1.4960537045165327e-06 
1.5389765846548632e-06 1.4794319904618176e-06 1.4610535386732774e-06 1.3766655315894143e-06 1.49886738046039e-06 
1.534842974533758e-06 1.4760677792272452e-06 1.4575150784504569e-06 1.3727845439372557e-06 1.4949791276253677e-06 
1.534768734719651e-06 1.4759443286614137e-06 1.457516414390435e-06 1.3726976464894372e-06 1.4949831805319645e-06 
1.5349185107722394e-06 1.4756080086557193e-06 1.4584784908127203e-06 1.372730829594129e-06 1.49596017401724e-06 
1.5355222575803206e-06 1.4732541258305047e-06 1.4568530893881268e-06 1.3723148064593558e-06 1.4956736142522116e-06 
1.5377571975911773e-06 1.4751968374876086e-06 1.4595181596583558e-06 1.374487609231933e-06 1.498356417053163e-06 
1.5244546678367336e-06 1.4637644273387214e-06 1.4464859549010615e-06 1.3617248935383182e-06 1.4846814250010258e-06 
1.523325999879879e-06 1.4605393025076697e-06 1.4458054375400129e-06 1.3599643683076782e-06 1.4845955627924359e-06 
1.5195157752226074e-06 1.4575053257976354e-06 1.4420134043800089e-06 1.3563780156761936e-06 1.4805528872713044e-06 
1.5191142698150742e-06 1.4571126159186129e-06 1.441118239838804e-06 1.35595487979014e-06 1.4797414445214358e-06 
1.5217099549013128e-06 1.459717964599688e-06 1.4438958397209636e-06 1.3585721254881542e-06 1.4824831781393223e-06 
1.5270441690486101e-06 1.4659959285232824e-06 1.4494572495893264e-06 1.3642299612822017e-06 1.487700098653074e-06 
1.5246411335429716e-06 1.463508231076671e-06 1.4466627822988975e-06 1.3617736335038796e-06 1.4850020648171564e-06 
1.5251487787023228e-06 1.464075639184872e-06 1.4471143073537853e-06 1.3622994167885496e-06 1.4854440176711126e-06 
1.5284606408532303e-06 1.465215242660497e-06 1.4498861306630355e-06 1.364929524040721e-06 1.4890060240932476e-06 
1.527046311530195e-06 1.4650787911074218e-06 1.4491493427208137e-06 1.3639332726791806e-06 1.4877414236921667e-06 
1.5211407434632523e-06 1.460639001792801e-06 1.4458237069608617e-06 1.3585819091766963e-06 1.483496720125221e-06 
1.5193500220182603e-06 1.4588994434470482e-06 1.4447199679758383e-06 1.356835645280752e-06 1.4822571653918486e-06 
1.5104196006097675e-06 1.4515346563066267e-06 1.4396120711829202e-06 1.348570534825028e-06 1.475983004181709e-06 
1.5094634428417628e-06 1.452286269348502e-06 1.4400381555906532e-06 1.3482235467594126e-06 1.4756212579527387e-06 
1.5009507105541358e-06 1.4430869354877086e-06 1.4301289490080546e-06 1.3393756606690134e-06 1.4661778127730904e-06 
1.4984471319054156e-06 1.4399879295218825e-06 1.4279662823822846e-06 1.3366988238776453e-06 1.4641472055901237e-06 
1.4988311689614666e-06 1.4403923203190183e-06 1.4284061748470278e-06 1.3370942320644498e-06 1.4645707241717673e-06 
1.4831234945318869e-06 1.4213710886331703e-06 1.4094027614669944e-06 1.3201120825809446e-06 1.4472090318892805e-06 
1.4917775841786745e-06 1.429939595650564e-06 1.4163421580547314e-06 1.328682440359149e-06 1.4544738251122639e-06 
1.4892276607939202e-06 1.426825482615868e-06 1.4135914195844148e-06 1.3259396721844387e-06 1.4519397273588396e-06 
1.4765433476263673e-06 1.4137819911418477e-06 1.4002899420591116e-06 1.3130611282595057e-06 1.4388659502998766e-06 
1.4828897239007549e-06 1.4198038217565228e-06 1.4040878505470448e-06 1.3192142242244675e-06 1.443213495158428e-06 
1.4832234801062568e-06 1.4197229489135856e-06 1.403553973424533e-06 1.319385138446415e-06 1.4429649079495172e-06 
1.4748727504373454e-06 1.4132575336673636e-06 1.3958550014906533e-06 1.3116088575925014e-06 1.4345501051882295e-06 
1.475159071135188e-06 1.4118942999935944e-06 1.3944710582479945e-06 1.3113192983355857e-06 1.4339888856608883e-06 
1.470474631525583e-06 1.4020761379025594e-06 1.3874244347582943e-06 1.304969536735284e-06 1.429003968764517e-06 
1.4715457239628933e-06 1.4026124908071704e-06 1.3887321186312314e-06 1.3058959272447214e-06 1.4304398315182273e-06 
1.4442209521240129e-06 1.3731722518130458e-06 1.363511567832347e-06 1.2779374802763823e-06 1.405529098127458e-06 
1.4442230148058613e-06 1.3761097172990014e-06 1.3647374876771522e-06 1.2788475323393421e-06 1.4056042792824873e-06 
1.4492452979379373e-06 1.3787477130560748e-06 1.369723384670257e-06 1.2832008612412196e-06 1.4113524181614366e-06 
1.4456360538189112e-06 1.374355372790159e-06 1.3666452458694711e-06 1.279382569409534e-06 1.4084292051449027e-06 
1.449223156321594e-06 1.378730128204206e-06 1.3673124832628967e-06 1.2830637879342791e-06 1.4093656672983065e-06 
1.4513089527707657e-06 1.3800327979914127e-06 1.369097861566632e-06 1.2849191918459022e-06 1.4114525901681472e-06 
1.4519822521759497e-06 1.3805233968265046e-06 1.3692193531121416e-06 1.2855182453360123e-06 1.411730250068197e-06 
1.4666648873003732e-06 1.3944435103897044e-06 1.3826021490947234e-06 1.2999866995092637e-06 1.4255808887435294e-06 
1.4647707517948668e-06 1.3935021881035076e-06 1.3793194833531218e-06 1.298307797084565e-06 1.422243315335819e-06 
1.4629195362877724e-06 1.3920474007840185e-06 1.3768632209650792e-06 1.2965447278037787e-06 1.419769308849613e-06 
1.4635789355705868e-06 1.3929514832432288e-06 1.3773427858015596e-06 1.297273102046989e-06 1.4202025332138398e-06 
1.4639557280046631e-06 1.3933113393720986e-06 1.377739504597339e-06 1.2976470481593085e-06 1.420600928392073e-06 
1.463835463181726e-06 1.392019685425468e-06 1.3772114625808278e-06 1.2971689180459382e-06 1.4205189818725224e-06 
1.4641705592642973e-06 1.3922620495459537e-06 1.3776318481363732e-06 1.2974810557690634e-06 1.4209535467170935e-06 
1.4643553165288944e-06 1.3927453855538776e-06 1.3783640820032034e-06 1.2977721507787395e-06 1.421493023585377e-06 
1.465308931510115e-06 1.3935450858571578e-06 1.379052210718687e-06 1.2986756312079707e-06 1.4222770340848651e-06 
1.465850027554434e-06 1.3940834971538801e-06 1.3796894785645058e-06 1.2992213654265367e-06 1.4228977660383057e-06 
1.4560274919928194e-06 1.384062344730435e-06 1.3693701566189064e-06 1.2892847691041929e-06 1.41273495730372e-06 
1.458045309618524e-06 1.3845088190669899e-06 1.370462442081481e-06 1.2908246480498412e-06 1.4144916746555347e-06 
1.4584010627287352e-06 1.385092649767639e-06 1.3709697195937295e-06 1.2912525861281188e-06 1.4148991445367534e-06 
1.4621973364826828e-06 1.3881817212750665e-06 1.3744407258651975e-06 1.2948495917064433e-06 1.4186513596822333e-06 
1.4623654202781301e-06 1.388373237855178e-06 1.3745922327726888e-06 1.2950245463021966e-06 1.4187982978534072e-06 
1.4680100853153123e-06 1.3939352083228948e-06 1.3775496513560649e-06 1.3005917094100984e-06 1.422259478446316e-06 
1.458889111242272e-06 1.3849247636156096e-06 1.3693074970892037e-06 1.2914894063962585e-06 1.4138298243901333e-06 
1.4557617170086368e-06 1.3833682771416093e-06 1.3665389663315512e-06 1.2888183731268717e-06 1.410498214343455e-06 
1.456245651171226e-06 1.3866930639424905e-06 1.3692403972378122e-06 1.2902069978870343e-06 1.4118973585305807e-06 
1.4550857976631358e-06 1.3854819330886072e-06 1.3684033115824795e-06 1.289036200053918e-06 1.411019843683814e-06 
1.4489598715105144e-06 1.3794279505255967e-06 1.3620415758463424e-06 1.2829000825955496e-06 1.4046801433307214e-06 
1.4489822283323219e-06 1.3795080960554944e-06 1.3617114840227155e-06 1.2829302692644448e-06 1.4043942782564899e-06 
1.4461739687071065e-06 1.3768047950243933e-06 1.3588768957493016e-06 1.2801413206040567e-06 1.4015322680322484e-06 
1.4448533058845496e-06 1.375858664256168e-06 1.3571385018757966e-06 1.2789175447166028e-06 1.3997490985648104e-06 
1.4435169635065514e-06 1.3738678742356732e-06 1.3557261260400656e-06 1.2773765584838914e-06 1.398560249012454e-06 
1.432499176984625e-06 1.3614098070855744e-06 1.344672926262847e-06 1.2658826130406857e-06 1.3879790971755548e-06 
1.4460482834462383e-06 1.3767545980311773e-06 1.3630527636308716e-06 1.2801794325959954e-06 1.4049187388933981e-06 
1.4465737281644038e-06 1.3761247468792118e-06 1.3653586584695403e-06 1.2804478426106275e-06 1.4072749829236587e-06 
1.4528858949104683e-06 1.3807825007909645e-06 1.3716168789873553e-06 1.286311401605862e-06 1.414065447602656e-06 
1.428287087798055e-06 1.3563148523218828e-06 1.3477409195051776e-06 1.2616811989053318e-06 1.3900283603331743e-06 
1.432214866813727e-06 1.3581396047026797e-06 1.3477656757917763e-06 1.264850711885199e-06 1.3914169637882831e-06 
1.4341591347983645e-06 1.3601764701720414e-06 1.3497497545089487e-06 1.2668309563123812e-06 1.3933636911118018e-06 
1.4283857990050676e-06 1.3544472945381416e-06 1.3440313757680113e-06 1.261048049855082e-06 1.38762403193471e-06 
1.4327241431493928e-06 1.3568004683243324e-06 1.3468144517077968e-06 1.264783664099934e-06 1.3913131980066947e-06 
1.4327686172776234e-06 1.3568431523554467e-06 1.346855855864004e-06 1.2648277000946304e-06 1.3913557002916196e-06 
1.439047071574284e-06 1.3622065701041202e-06 1.3523449681912814e-06 1.2708461934533241e-06 1.3972734318739182e-06 
1.4463758489548332e-06 1.3653450449510306e-06 1.3559169961947185e-06 1.2769187352355113e-06 1.4028435184655848e-06 
1.446347334077556e-06 1.3653195016653526e-06 1.3558920793807514e-06 1.2768910350167674e-06 1.4028170276031065e-06 
1.4464667852407475e-06 1.3651713970224129e-06 1.355574656807344e-06 1.276923918506009e-06 1.4026629835484782e-06 
1.445377476082045e-06 1.3642175665362947e-06 1.3545210910442317e-06 1.2758681693456066e-06 1.4015607490507672e-06 
1.4413434902107542e-06 1.3597009583482698e-06 1.3495200522361308e-06 1.2716570276988965e-06 1.3968891198834462e-06 
1.4484956700480146e-06 1.3667182205537563e-06 1.3568155107388309e-06 1.2788049953798263e-06 1.4041974885691263e-06 
1.444722202758065e-06 1.3629243224523158e-06 1.352473075923132e-06 1.2749940068025166e-06 1.3999664583015387e-06 
1.4522659522540735e-06 1.3697990690272354e-06 1.360572478954962e-06 1.2824039524479931e-06 1.4081724180737976e-06 
1.4520879714489289e-06 1.3696591256548999e-06 1.3603656760969268e-06 1.2822345464689184e-06 1.4079589290385261e-06 
1.4538037382863054e-06 1.3716826030612583e-06 1.3623216433039035e-06 1.284047321914602e-06 1.4097734989550746e-06 
1.4569003629633272e-06 1.374782225851141e-06 1.3652036964176427e-06 1.2871496527516152e-06 1.4126918441501117e-06 
1.456048655494963e-06 1.3750232696396903e-06 1.3643521840743458e-06 1.2865905151463892e-06 1.411495710208154e-06 
1.4503639485819794e-06 1.369104333144693e-06 1.3584310187577348e-06 1.2808130386861824e-06 1.4056942388915428e-06 
1.4552311843238373e-06 1.3715296081065027e-06 1.3626259729135152e-06 1.2850218297694867e-06 1.4107787340841498e-06 
1.4558205665765704e-06 1.372539391178388e-06 1.36354212923517e-06 1.2857356819592269e-06 1.411502892312063e-06 
1.4521786865302657e-06 1.368268399891277e-06 1.3591397722340046e-06 1.2818888569265331e-06 1.4074385300057595e-06 
1.4565083860339322e-06 1.371993934470134e-06 1.3629607883783262e-06 1.2860593627263107e-06 1.4115398677673543e-06 
1.4346579142435171e-06 1.3507703526858168e-06 1.3408925407120131e-06 1.2642859115705325e-06 1.3893255079456507e-06 
1.4315999274848053e-06 1.3472888363640388e-06 1.3374002636396402e-06 1.2610914929433683e-06 1.3860473450569611e-06 
1.433094481025678e-06 1.3488400408925033e-06 1.3401338727970065e-06 1.2626426259068982e-06 1.388536925881017e-06 
1.4267996835524837e-06 1.3426999027449226e-06 1.3344628669865171e-06 1.256383737660208e-06 1.382707132120452e-06 
1.4255639101514716e-06 1.3414085181177824e-06 1.3332514081296188e-06 1.2551292295709336e-06 1.3815093975349059e-06 
1.4314790453320743e-06 1.3470846113168178e-06 1.3389905976519923e-06 1.260998936796081e-06 1.3873526751730762e-06 
1.4428592145899367e-06 1.3565665095668662e-06 1.3474749295323755e-06 1.2718392944747595e-06 1.3969551197588435e-06 
1.4700228525038578e-06 1.3842596181523413e-06 1.3759786120730068e-06 1.2992802560031e-06 1.4250338696340294e-06 
1.4742267089898367e-06 1.3875804593216659e-06 1.3779286572149957e-06 1.3032055921508954e-06 1.427668783559981e-06 
1.477138043595711e-06 1.3903143747331675e-06 1.382543537251046e-06 1.3061281509059997e-06 1.4320285569463571e-06 
1.4935834319935797e-06 1.4038870830966048e-06 1.3971053428337606e-06 1.321838156594724e-06 1.4478265823476871e-06 
1.4873466658632715e-06 1.3954951672538195e-06 1.3897940273546038e-06 1.3150075457981872e-06 1.4413900090200344e-06 
1.4942148780665933e-06 1.4025911616165703e-06 1.3968645470710059e-06 1.321961696979647e-06 1.4483486544824287e-06 
1.4984418993163757e-06 1.4067867172976567e-06 1.4012702012859666e-06 1.3262004878063278e-06 1.4527293951036795e-06 
1.4963484261044445e-06 1.4046408284340923e-06 1.3991395325018417e-06 1.324085785062994e-06 1.4506230080865587e-06 
1.4946464128595068e-06 1.4029812652963352e-06 1.3980812293877674e-06 1.3224084268820367e-06 1.4494348834397211e-06 
1.4915962886258122e-06 1.4013329177285605e-06 1.396302454303248e-06 1.3197385848753724e-06 1.4469869178476097e-06 
1.491012429341293e-06 1.400738891834029e-06 1.3955393214346626e-06 1.3191441536673016e-06 1.446259912057197e-06 
1.4911003254636423e-06 1.4001868372524511e-06 1.3961197275947011e-06 1.3190899522463593e-06 1.446950926890463e-06 
1.4908319974973268e-06 1.4004410302041654e-06 1.3950132649650645e-06 1.3189223695273118e-06 1.4458336999960084e-06 
1.485167246247297e-06 1.3965372665444645e-06 1.3868978286941142e-06 1.3136210242601213e-06 1.4376144429427738e-06 
1.4890414472791805e-06 1.401029485088947e-06 1.3905691776033947e-06 1.3176654034125805e-06 1.4411258906795438e-06 
1.4894928103384306e-06 1.4014234198715505e-06 1.3910325756672665e-06 1.3181035346588201e-06 1.441604928892167e-06 
1.490759924369046e-06 1.4045351180553392e-06 1.3920899699107103e-06 1.3198590915143635e-06 1.4421179616142212e-06 
1.490265313943792e-06 1.4041075062726645e-06 1.3918425385211395e-06 1.3193849594317143e-06 1.4418048875530868e-06 
1.4919450177379904e-06 1.4062861141915294e-06 1.39380384769701e-06 1.3212091241355583e-06 1.4435566681160378e-06 
1.493241850472569e-06 1.4105190317753682e-06 1.3955891159887126e-06 1.3233187708510165e-06 1.444323938413606e-06 
1.4911458113890846e-06 1.4084607696435922e-06 1.393549325206141e-06 1.3212266709044344e-06 1.442263279250985e-06 
1.4921666455229532e-06 1.409340527709557e-06 1.3944372401749328e-06 1.3222100856294942e-06 1.4432192668308322e-06 
1.4920843778690552e-06 1.4092744280486764e-06 1.3944009159849032e-06 1.3221326841775245e-06 1.4431695824995146e-06 
1.4962767427996358e-06 1.4146383818480307e-06 1.3997172612070788e-06 1.3266826807664797e-06 1.4479095405056632e-06 
1.503950511767904e-06 1.4274261116038712e-06 1.410414824721188e-06 1.335889307985156e-06 1.456435093664316e-06 
1.5044565593876502e-06 1.4262235289866903e-06 1.4103171938609803e-06 1.3358949527785646e-06 1.4569889750449098e-06 
1.503805402969458e-06 1.4257342678857225e-06 1.4097421371139428e-06 1.335289127500091e-06 1.4563491639166274e-06 
1.5026193614738917e-06 1.4237863126521789e-06 1.4105723403532605e-06 1.3339304273309264e-06 1.457060898182054e-06 
1.5030607042034876e-06 1.424756659813559e-06 1.4114561441888118e-06 1.3345338647989398e-06 1.4576973525727128e-06 
1.5029379956322151e-06 1.4268104832688788e-06 1.4116682826277311e-06 1.3350376511207503e-06 1.457158035361457e-06 
1.5039018750294628e-06 1.4277067650413504e-06 1.4126546047467653e-06 1.3359862466360492e-06 1.4581613659343464e-06 
1.5031444946932445e-06 1.4268547787410972e-06 1.41119113571078e-06 1.335181589556735e-06 1.456854484910279e-06 
1.4967864514775956e-06 1.4221494406273004e-06 1.4049860840596788e-06 1.329282648155282e-06 1.4500989711571973e-06 
1.4968724650621908e-06 1.4229961641637205e-06 1.4058989310155774e-06 1.3296098799171536e-06 1.4506218003572838e-06 
1.4965991026756012e-06 1.4219868726654072e-06 1.4057650939287564e-06 1.3291238987281286e-06 1.4506978657382008e-06 
1.506490722384305e-06 1.4325999167072746e-06 1.4171379278693823e-06 1.3393009227831237e-06 1.461571991555704e-06 
1.5144345850185768e-06 1.4431437483850543e-06 1.4252058772944148e-06 1.3480434565806848e-06 1.4687841625537255e-06 
1.5148673855586083e-06 1.4435799248201118e-06 1.425650464989724e-06 1.3484791571781371e-06 1.4692253685819554e-06 
1.512931669161845e-06 1.4417694992388973e-06 1.4238863308407986e-06 1.3465779271303417e-06 1.4673917240573236e-06 
1.5120476440187376e-06 1.4407156574571663e-06 1.4227116096210022e-06 1.3456327588671e-06 1.4663232556211301e-06 
1.5110939815329744e-06 1.4383627813755677e-06 1.4214541922816005e-06 1.3442530144752636e-06 1.4655671971574788e-06 
1.5111278297920799e-06 1.4383235391642715e-06 1.4214971413739934e-06 1.344265688121735e-06 1.4656318426408627e-06 
1.5259505549798897e-06 1.4521193529704655e-06 1.4383381501958937e-06 1.3589036514629296e-06 1.4824346818854077e-06 
1.5412187947304922e-06 1.470114334702392e-06 1.4515498332001692e-06 1.3749701549378915e-06 1.4951333228802428e-06 
1.538290372434217e-06 1.4646404618540121e-06 1.446301437119864e-06 1.3712225805134174e-06 1.4911111123559365e-06 
1.5360389885313581e-06 1.462147603258762e-06 1.4438214364975451e-06 1.3688873473408917e-06 1.4887499808168723e-06 
1.5314304226129798e-06 1.4577686415140267e-06 1.4394629636139195e-06 1.3643353345967502e-06 1.484276147161976e-06 
1.5382391617380078e-06 1.4649272259727542e-06 1.4456470865853795e-06 1.3712600972268832e-06 1.4904556970188262e-06 
1.5293281137450895e-06 1.4566800657763537e-06 1.4382529844503214e-06 1.362544536893147e-06 1.4825849886877782e-06 
1.535266507488699e-06 1.4637005001581067e-06 1.4422459983532211e-06 1.3687952204452708e-06 1.4865730054029106e-06 
1.5414701422074944e-06 1.4703102929471567e-06 1.4483315142410985e-06 1.3751426789345528e-06 1.4925457932460539e-06 
1.5422151855377039e-06 1.4707837061041301e-06 1.4486280678291265e-06 1.3758019981126828e-06 1.4930083488693452e-06 
1.544755561863129e-06 1.4726170523098367e-06 1.4514689126017874e-06 1.3781403744943747e-06 1.4960214000555407e-06 
1.5270354929797558e-06 1.4542198264292413e-06 1.4344038678640788e-06 1.360164291652811e-06 1.479066665312969e-06 
1.5270750667136714e-06 1.4543760960867399e-06 1.4345348370580385e-06 1.3602404514141193e-06 1.4791440655378496e-06 
1.526692429165506e-06 1.4544189480145284e-06 1.4327280411708728e-06 1.359964493708208e-06 1.477453668282011e-06 
1.5270547853056232e-06 1.4546255388879445e-06 1.4339038503785345e-06 1.3602916137937348e-06 1.4785350137328622e-06 
1.525775915630982e-06 1.4538220014117235e-06 1.432439337677451e-06 1.359149200949051e-06 1.4769518188198084e-06 
1.5108564925164734e-06 1.440276825820148e-06 1.4191747809554819e-06 1.344616818816221e-06 1.462961807887502e-06 
1.5225370110670314e-06 1.4506723571200683e-06 1.4301009980704078e-06 1.3559385907707894e-06 1.4744270886464833e-06 
1.5205277571170008e-06 1.4501450027854971e-06 1.4289359347872518e-06 1.3543848006792372e-06 1.472638730848887e-06 
1.5189876831440243e-06 1.4505443040487621e-06 1.429992010315676e-06 1.3534800936486444e-06 1.4726148781228207e-06 
1.5139495695573049e-06 1.4455867984346744e-06 1.4260390327942131e-06 1.3484724829010739e-06 1.468447005204652e-06 
1.5215320771238853e-06 1.4524336628235096e-06 1.4318520362831488e-06 1.3558192678174759e-06 1.4748045512650118e-06 
1.527665470636075e-06 1.4603054719419496e-06 1.4396352055923317e-06 1.3625442315839713e-06 1.4817359256067093e-06 
1.5278343912491392e-06 1.4600443023622889e-06 1.4403511401204466e-06 1.3625946501006152e-06 1.4824934562073892e-06 
1.5389632605172188e-06 1.472030981856004e-06 1.4527734423539123e-06 1.3740618310667939e-06 1.4944077848445945e-06 
1.5358707904362246e-06 1.46934692434061e-06 1.4496624236866477e-06 1.371083025163825e-06 1.491170356006533e-06 
1.5326657011460214e-06 1.4661620005959248e-06 1.4473299046054788e-06 1.3678971264422978e-06 1.488679408197319e-06 
1.5403261075347112e-06 1.4751306987416216e-06 1.4572648959300759e-06 1.3760615668286072e-06 1.4977919746371693e-06 
1.5401167373254304e-06 1.4750601495190171e-06 1.4571848611628974e-06 1.3758986132893136e-06 1.4976448037441846e-06 
1.539656181807638e-06 1.4745728300056617e-06 1.4566758243395625e-06 1.3754263995571526e-06 1.4971530455678177e-06 
1.5412859542697716e-06 1.4761413429467537e-06 1.4581157539593134e-06 1.3770368226215099e-06 1.4986452587245463e-06 
1.541532067694702e-06 1.4763408172782832e-06 1.458355625274492e-06 1.3772693001243933e-06 1.4989010874688344e-06 
1.538471465247128e-06 1.475352209658255e-06 1.4584040402327061e-06 1.374953083004686e-06 1.4977411809346733e-06 
1.5359037251496483e-06 1.4730117440459869e-06 1.4566855407528692e-06 1.372481348624656e-06 1.4958021125725246e-06 
1.535788577610518e-06 1.4729793552086578e-06 1.456614808335105e-06 1.3723931761101712e-06 1.4956971024431833e-06 
1.5350714176821113e-06 1.4723366478233934e-06 1.4558550651130281e-06 1.371694370026684e-06 1.4949211865179832e-06 
1.53517987118258e-06 1.4721569389517441e-06 1.4557501841894457e-06 1.3717052782297143e-06 1.4949460418277895e-06 
1.5252383282605278e-06 1.4596855719245486e-06 1.4458571701998086e-06 1.3609579732970738e-06 1.4858583181873493e-06 
1.5197542561310306e-06 1.45552865442291e-06 1.4396188150071506e-06 1.3558209985235656e-06 1.479329725661371e-06 
1.523263078897047e-06 1.4595805261484076e-06 1.4437335434759873e-06 1.3595354508910394e-06 1.4831628161626073e-06 
1.5408916552902685e-06 1.47949026448451e-06 1.4627178647733396e-06 1.3779953949900172e-06 1.5011716730628037e-06 
1.5405476120805086e-06 1.4790941125241124e-06 1.4629050630393979e-06 1.3776578060411281e-06 1.5012829807401906e-06 
1.5414334690803897e-06 1.4808381592922815e-06 1.4629714973927961e-06 1.3787785259531043e-06 1.5012163575913108e-06 
1.5389343264617414e-06 1.4799854435543554e-06 1.4620169888081179e-06 1.3768547410391176e-06 1.4994640535357567e-06 
1.5524439487732948e-06 1.4946905147215168e-06 1.4754261168590267e-06 1.3907923510797869e-06 1.5125008821981303e-06 
1.5491569139991776e-06 1.49120836665212e-06 1.4712999042862464e-06 1.3873956901850035e-06 1.5085844219798202e-06 
1.5428208259672984e-06 1.4862689937037755e-06 1.4652288489570786e-06 1.381495713699732e-06 1.5020189426018367e-06 
1.5484813062474696e-06 1.492024398703133e-06 1.4700393757228811e-06 1.3871772852061086e-06 1.5069440342750032e-06 
1.5426840527579639e-06 1.485873295026127e-06 1.4650829413098646e-06 1.3812742258904356e-06 1.5019582754861011e-06 
1.543081668574222e-06 1.4851522926755436e-06 1.4657185950292557e-06 1.3813232295392062e-06 1.5029133288296318e-06 
1.5453133236535679e-06 1.4865718477691833e-06 1.4674976132905878e-06 1.3832858209804664e-06 1.505031907160118e-06 
1.548854444823012e-06 1.4897501964627852e-06 1.4704529520879383e-06 1.386701334876542e-06 1.5082046915509433e-06 
1.5385715578826122e-06 1.4831534614418254e-06 1.4627310794136735e-06 1.377668183896166e-06 1.4988530210840347e-06 
1.5223016102526356e-06 1.4676226452974492e-06 1.4462373386577068e-06 1.3615651704335831e-06 1.4821649765746456e-06 
1.5265339488233662e-06 1.4712924711636454e-06 1.449308367367917e-06 1.3655855371185351e-06 1.485617522710052e-06 
1.526425851750548e-06 1.4710167093129754e-06 1.4490773774960011e-06 1.3654175769319955e-06 1.4854620803622121e-06 
1.5364406216043545e-06 1.4784455479371647e-06 1.4560334912027403e-06 1.374523669688123e-06 1.493780847683068e-06 
1.5459808942720545e-06 1.4880722283132735e-06 1.4657683169971673e-06 1.3841348265154182e-06 1.5034501695848672e-06 
1.5519299000093673e-06 1.4956366015689588e-06 1.4715706544638353e-06 1.3906296949111976e-06 1.5087531796142697e-06 
1.5536966996579418e-06 1.4965377639730251e-06 1.4725691153051838e-06 1.3920962365359407e-06 1.5101642250924504e-06 
1.5497396380326186e-06 1.4921257771483867e-06 1.4685750575845004e-06 1.3879742972010851e-06 1.5063253547297184e-06 
1.5485343447130988e-06 1.4904098013486708e-06 1.4672383615670022e-06 1.3865941065204382e-06 1.5051770682978054e-06 
1.5465007136831527e-06 1.4885948842256804e-06 1.4643094441748592e-06 1.3845990141352503e-06 1.5023337045003007e-06 
1.5504368728812564e-06 1.4915638358024274e-06 1.4673658024326663e-06 1.3882112023194086e-06 1.5058540354721837e-06 
1.5537504202264807e-06 1.4991866337752252e-06 1.4727329231487023e-06 1.3930137862869558e-06 1.5094678952133039e-06 
1.5543986365772606e-06 1.4992034332171007e-06 1.4739573571516617e-06 1.393468806998389e-06 1.510797333012804e-06 
1.5510299314026938e-06 1.4957484257921703e-06 1.4703716332679657e-06 1.390052661871342e-06 1.5072784697195262e-06 
1.5392585560542574e-06 1.4833186934879617e-06 1.457930580715523e-06 1.3779998601244007e-06 1.4951715823916328e-06 
1.538893074536107e-06 1.4830194953648899e-06 1.4577245316999493e-06 1.3776591376036447e-06 1.4949165862483874e-06 
1.530370740412734e-06 1.472775052660302e-06 1.4480648065053038e-06 1.3685062529524957e-06 1.4860155066700801e-06 
1.5280760550703146e-06 1.4704874134962884e-06 1.444916095007475e-06 1.3661845346956198e-06 1.4830139144293812e-06 
1.5175163662722588e-06 1.4623749505980562e-06 1.4345101440696576e-06 1.3564024347471154e-06 1.4717924223440248e-06 
1.5072836830746267e-06 1.450572410989974e-06 1.4228911423828729e-06 1.3455780349967357e-06 1.4609284016851299e-06 
1.5022493552975042e-06 1.4428448171055084e-06 1.419339373059064e-06 1.3396695374615046e-06 1.4579924868943466e-06 
1.5121534964078173e-06 1.4534134231882927e-06 1.4307070516805333e-06 1.3498684507222556e-06 1.4688859466403904e-06 
1.5254471417943367e-06 1.4672510265754777e-06 1.4440729436178016e-06 1.3633927898907519e-06 1.4820579206749993e-06 
1.5224269644654018e-06 1.464353749213082e-06 1.4418189553640301e-06 1.3604238298649173e-06 1.4796321770938973e-06 
1.5262117243127179e-06 1.4660081182955955e-06 1.443339676080363e-06 1.3634687754529027e-06 1.48223352284646e-06 
1.5260372288594486e-06 1.4644770077197652e-06 1.4413092347117371e-06 1.3628103219445436e-06 1.4809648968473415e-06 
1.5176841459202624e-06 1.4568824404163722e-06 1.4351758035130238e-06 1.354726968749064e-06 1.4742027516494364e-06 
1.5234646610748808e-06 1.4627502653475782e-06 1.4402461101704262e-06 1.3605376403741888e-06 1.4793664242577355e-06 
1.5273261000619386e-06 1.4671275971875263e-06 1.4442238490310413e-06 1.3645828010350913e-06 1.4831557156807928e-06 
1.5245433650353914e-06 1.4647031765500325e-06 1.4417603311390363e-06 1.3619134501267952e-06 1.4805220817967935e-06 
1.5188718326933207e-06 1.459915245079271e-06 1.4357849963387175e-06 1.3564983037055877e-06 1.4743167703950372e-06 
1.5135140317599346e-06 1.45409661920477e-06 1.4300928637409907e-06 1.3509615839858385e-06 1.468834251218539e-06 
1.5131768380647947e-06 1.4547518078819047e-06 1.4323572415753607e-06 1.3510167060920093e-06 1.470324751094276e-06 
1.508193511138502e-06 1.4513073050697018e-06 1.428610720767276e-06 1.3465523871959299e-06 1.465867917817583e-06 
1.5104103229880596e-06 1.4530460181230076e-06 1.4305831376016209e-06 1.3486145412012307e-06 1.4680364272666643e-06 
1.5191460358028915e-06 1.4610232463427647e-06 1.4395060830475809e-06 1.3571456211512616e-06 1.4771681697444192e-06 
1.5220228709030557e-06 1.4632247526678146e-06 1.4422902657900317e-06 1.3598133588898732e-06 1.4801852113426459e-06 
1.531189861984685e-06 1.4727449175202964e-06 1.451640102840028e-06 1.3691361063141157e-06 1.4893856899728791e-06 
1.5266875550462097e-06 1.468239840612287e-06 1.4473379378004385e-06 1.364622414628445e-06 1.4850513502989197e-06 
1.515516534303529e-06 1.4570122511802665e-06 1.4360463684801283e-06 1.3533848198021662e-06 1.4738034159345062e-06 
1.514232441692611e-06 1.4554143517792688e-06 1.434724685226192e-06 1.3519936291124618e-06 1.4725899850610053e-06 
1.5092542100705113e-06 1.4490098983130648e-06 1.429718398962872e-06 1.346540638645865e-06 1.4680499670139086e-06 
1.5072516764976033e-06 1.447110832156955e-06 1.4280683139456452e-06 1.3445762044572213e-06 1.466305793347196e-06 
1.5084728940423239e-06 1.4470013770769511e-06 1.4287100991256765e-06 1.345361557538482e-06 1.4674763290752018e-06 
1.507172549067005e-06 1.4461079918474898e-06 1.427854326198083e-06 1.3442008671610437e-06 1.4664124747014682e-06 
1.5092134479280689e-06 1.447842922276926e-06 1.43132308719847e-06 1.3462145508057161e-06 1.4697288907588385e-06 
1.5027148995596867e-06 1.4416593236646075e-06 1.426457912445883e-06 1.339863330325639e-06 1.464479116922686e-06 
1.5029473258732479e-06 1.4418149677183916e-06 1.4267627655041942e-06 1.340076576282193e-06 1.4647958308209094e-06 
1.505301945638505e-06 1.4440256527219676e-06 1.4291812890116016e-06 1.3423996384939047e-06 1.4672484993625184e-06 
1.5021208398774286e-06 1.4402087298014732e-06 1.4260013631974037e-06 1.3390105066493683e-06 1.464273184177162e-06 
1.4930777083128291e-06 1.4307174057255664e-06 1.4153027342677823e-06 1.3297129266754963e-06 1.4540116778596206e-06 
1.4908684520599222e-06 1.428185164652602e-06 1.4117997856417868e-06 1.3273379759961378e-06 1.4508401861593557e-06 
1.4835451934022358e-06 1.4210391464477231e-06 1.4033585850483664e-06 1.3199941217051395e-06 1.4425413743014964e-06 
1.4920329149620423e-06 1.430249227000381e-06 1.4122979690794197e-06 1.3287588411300744e-06 1.4511661399968676e-06 
1.4925287892639982e-06 1.4307091438470195e-06 1.4124126881837192e-06 1.3292308250825345e-06 1.451359043271319e-06 
1.4922362543698937e-06 1.4299987678515887e-06 1.4117277008123858e-06 1.3287919502505717e-06 1.4508772253110424e-06 
1.4870264503647251e-06 1.4245819587060493e-06 1.4053344154742456e-06 1.3234541210898535e-06 1.4447603449629776e-06 
1.488912018947724e-06 1.4265227305600142e-06 1.4072900022311377e-06 1.3253669950565137e-06 1.4466850905060977e-06 
1.5067031760261538e-06 1.4420946394294714e-06 1.4244019837897159e-06 1.3425169411744674e-06 1.46462129812881e-06 
1.5047697110659454e-06 1.4393218567143427e-06 1.4218895637903082e-06 1.3402978597901283e-06 1.4624806238917282e-06 
1.5057811645543753e-06 1.4398157423219808e-06 1.4220822324772038e-06 1.3411268138065784e-06 1.4629829001491147e-06 
1.5030158086984018e-06 1.436707359435723e-06 1.420474155889181e-06 1.3382874575931809e-06 1.461281962657362e-06 
1.5032872413001538e-06 1.437183355439336e-06 1.4208435017064045e-06 1.338625638823994e-06 1.4615684613837383e-06 
1.5077217014206518e-06 1.4425391275146984e-06 1.4265619908854722e-06 1.3434073586367762e-06 1.4667641026668302e-06 
1.504304689565163e-06 1.4396569743641504e-06 1.4225873038123458e-06 1.3401184149653511e-06 1.462717532305804e-06 
1.5126589044165523e-06 1.4479205277731962e-06 1.432886833242039e-06 1.3485573653260667e-06 1.4727008238048706e-06 
1.5219576679929346e-06 1.4580028095011445e-06 1.4404024658579272e-06 1.3580595723421035e-06 1.4802748262131446e-06 
1.5333091176843841e-06 1.4705314030229815e-06 1.4554242698512426e-06 1.369972030143755e-06 1.4942718100433857e-06 
1.5294342272780893e-06 1.4666649044417622e-06 1.451566077839875e-06 1.3660853794731763e-06 1.4904093627637438e-06 
1.5200653920716894e-06 1.458744954702604e-06 1.443758522354303e-06 1.3571998724019856e-06 1.4818674241993178e-06 
1.521897007350598e-06 1.459109356995641e-06 1.4449693502180713e-06 1.3585584594668674e-06 1.4836564181516635e-06 
1.5189893818611097e-06 1.4536345004304456e-06 1.4412174259804335e-06 1.3548225063445409e-06 1.480874651792464e-06 
1.5173949022925e-06 1.4530499056182684e-06 1.4398424017198104e-06 1.3535355407327455e-06 1.4791389061699545e-06 
1.5177725233022693e-06 1.4533374898833773e-06 1.4401108767485061e-06 1.3538820826762193e-06 1.4794552049514716e-06 
1.5095899833026047e-06 1.4438426377968969e-06 1.431656266633533e-06 1.3452605887638988e-06 1.4714704980979203e-06 
1.516780613446087e-06 1.449064575559187e-06 1.4392031731536229e-06 1.3519193550182958e-06 1.479579790573615e-06 
1.5236564092076381e-06 1.4558819696248088e-06 1.446197561049683e-06 1.3588117760990535e-06 1.4865696197224457e-06 
1.5239753190347244e-06 1.45632427992726e-06 1.446678856817756e-06 1.3591769430208893e-06 1.4869828949669789e-06 
1.5203848579508446e-06 1.45276993401916e-06 1.4433292932697805e-06 1.3555965158590176e-06 1.483580506280402e-06 
1.5020953937325938e-06 1.4359282013281315e-06 1.426567077268998e-06 1.3377443868583493e-06 1.4660938662840733e-06 
1.5030488717274005e-06 1.4368427273638737e-06 1.4276502828534261e-06 1.3386980475604622e-06 1.467166309764517e-06 
1.5127673658650477e-06 1.4445849125526238e-06 1.4350115925185025e-06 1.3477448300904182e-06 1.4755694594670071e-06 
1.507565967093876e-06 1.4355515482522473e-06 1.4289232546944595e-06 1.3413802096572843e-06 1.4708566325144044e-06 
1.5058601832712781e-06 1.4349176415390053e-06 1.4273911076950936e-06 1.3399794197125528e-06 1.4689544001486782e-06 
1.500826979055372e-06 1.4288775228702202e-06 1.4217793824912796e-06 1.334609407045546e-06 1.463766295180605e-06 
1.4996459099062899e-06 1.4268329960893034e-06 1.421217202901984e-06 1.3332190602174866e-06 1.463367907326515e-06 
1.5057204394932497e-06 1.4328268995081405e-06 1.4273568486885154e-06 1.339299243838327e-06 1.469519570619154e-06 
1.496442356463142e-06 1.4234484006571864e-06 1.4180457532439326e-06 1.3299545521343749e-06 1.4602490364525572e-06 
1.4970601443435105e-06 1.4250829960621505e-06 1.419541258651976e-06 1.3309105942417306e-06 1.4612664890393167e-06 
1.496332518695206e-06 1.4241886957161082e-06 1.4185711032259087e-06 1.3301187664034586e-06 1.4603924292149098e-06 
1.5016301138896535e-06 1.4280925889688536e-06 1.4239488168965646e-06 1.3350577878922167e-06 1.4661950140599208e-06 
1.5049899855498607e-06 1.4315303810857853e-06 1.4280512777310222e-06 1.3385004511350634e-06 1.470139689305162e-06 
1.5076223627803695e-06 1.4330249134821762e-06 1.430805057572879e-06 1.3408426894783952e-06 1.4732302261709445e-06 
1.499348452818837e-06 1.4264767185225137e-06 1.4231183268039319e-06 1.3330442314919676e-06 1.464896566598569e-06 
1.5046568014026673e-06 1.4303350264329157e-06 1.4288524901905068e-06 1.3380098892775724e-06 1.4710110288353513e-06 
1.5058197843060328e-06 1.4319501324340817e-06 1.4299688527014034e-06 1.3392960627574858e-06 1.4719928195296247e-06 
1.5049180156684818e-06 1.4309311376119463e-06 1.4287844248006859e-06 1.3383393609849757e-06 1.4708959475001924e-06 
1.5066711742610036e-06 1.4329437866140047e-06 1.430995789607295e-06 1.340201597383723e-06 1.472943400433534e-06 
1.5269879581801496e-06 1.4494941234119678e-06 1.4511322968525558e-06 1.3595865352475607e-06 1.4942926387648284e-06 
1.5347631289588597e-06 1.4580239415056115e-06 1.4583459459361904e-06 1.3675467061874874e-06 1.5013673641379274e-06 
1.5412655831113179e-06 1.4680190033105286e-06 1.4676464381345256e-06 1.375211869870201e-06 1.5090685182906486e-06 
1.5327985472130393e-06 1.458611627455734e-06 1.458270637802863e-06 1.3663911950048536e-06 1.5001525121209622e-06 
1.534968324110965e-06 1.4604999832934009e-06 1.460789099994613e-06 1.368520666101243e-06 1.5026971675084807e-06 
1.538235140226401e-06 1.4633702446824154e-06 1.4643411725006896e-06 1.3717168728508481e-06 1.506322670287768e-06 
1.5418035331202713e-06 1.4665799525154687e-06 1.466202058042831e-06 1.3750744245891857e-06 1.5085993214310077e-06 
1.5451388882523363e-06 1.4702777187370734e-06 1.4718230953339161e-06 1.3786936984938444e-06 1.5136991614446517e-06 
1.5416929059783584e-06 1.4671287668803625e-06 1.4680955331945717e-06 1.3752907579443496e-06 1.5099288658540662e-06 
1.5461734504159622e-06 1.4709912480521162e-06 1.4725994666223543e-06 1.3796270276826232e-06 1.5146222315634397e-06 
1.5401522358593746e-06 1.466700035823728e-06 1.4704528891749977e-06 1.3743632382248402e-06 1.5112444235849012e-06 
1.540430637804273e-06 1.4669435198150453e-06 1.4706738274313458e-06 1.3746284774528833e-06 1.5114864920766298e-06 
1.5410673995538121e-06 1.46781211311251e-06 1.4714581619469767e-06 1.3753416702928053e-06 1.5121716364784052e-06 
1.5478057203709642e-06 1.474327315478386e-06 1.4753837751723191e-06 1.381809029409704e-06 1.5166651711005193e-06 
1.5487098302900446e-06 1.4747064099178948e-06 1.4765720830521396e-06 1.3826003502524335e-06 1.517968225383118e-06 
1.5504199723649175e-06 1.475570078041635e-06 1.476887259275297e-06 1.3839805724887745e-06 1.5187972037112992e-06 
1.553392701840211e-06 1.4787222887771255e-06 1.4803504727679679e-06 1.3870511632651213e-06 1.5221161935796284e-06 
1.5536745386070997e-06 1.4790001412121518e-06 1.4805670202305135e-06 1.3873277589409987e-06 1.5223455291873835e-06 
1.54668358217873e-06 1.4701880204912934e-06 1.4726818883307438e-06 1.3797613385012337e-06 1.5151936344749887e-06 
1.5536501158505425e-06 1.4778000925935604e-06 1.4795173573627975e-06 1.3869121959783344e-06 1.5218479922030334e-06 
1.5516631531667985e-06 1.475700919205371e-06 1.477390357787434e-06 1.3848773104597268e-06 1.5197816179930449e-06 
1.5508175542312194e-06 1.4750710941301714e-06 1.4767758713399484e-06 1.3841033402423438e-06 1.5190583348478112e-06 
1.5481088973054412e-06 1.4727371137123845e-06 1.4743948242713325e-06 1.3815088130346332e-06 1.5165017360590932e-06 
1.5609794309737257e-06 1.485521717947573e-06 1.4889990927960404e-06 1.3945482137059632e-06 1.5308224047331417e-06 
1.540709933862471e-06 1.4608558536530602e-06 1.4651219709895524e-06 1.3727772921736312e-06 1.508971827764321e-06 
1.5409247876314704e-06 1.4612897571909838e-06 1.4657108694314084e-06 1.3730785060634595e-06 1.509425151620578e-06 
1.5338132617292115e-06 1.454887431240899e-06 1.4580298355452594e-06 1.3660747165317477e-06 1.5016251875718783e-06 
1.537655868614674e-06 1.4582203890277713e-06 1.4616194432977698e-06 1.3697821421342664e-06 1.5054189982940406e-06 
1.5390474774699694e-06 1.4584319818566726e-06 1.4643828606311736e-06 1.3709940330867636e-06 1.5083060675789044e-06 
1.5271695523714467e-06 1.4444060215478251e-06 1.4502558945487082e-06 1.3583549551532045e-06 1.4952563620719724e-06 
1.5266191428170917e-06 1.4439349692623796e-06 1.4497323004253913e-06 1.3578241278742461e-06 1.494703277759482e-06 
1.5296368232282076e-06 1.448018857078512e-06 1.450873507580496e-06 1.3609740198418295e-06 1.4958473972291252e-06 
1.5329180344042426e-06 1.453195196034272e-06 1.452215943307224e-06 1.3646193848128095e-06 1.4969417024690435e-06 
1.52453944833939e-06 1.4448705050196196e-06 1.4438329879884495e-06 1.3562233990620677e-06 1.4885450523371638e-06 
1.5261776011529742e-06 1.4466796836487827e-06 1.4457116024094495e-06 1.3579277388083115e-06 1.4903263544200543e-06 
1.5263812489018424e-06 1.4468893281808535e-06 1.4458499482181613e-06 1.3581294943171234e-06 1.4904744459632174e-06 
1.5217510958609776e-06 1.441698651205495e-06 1.442585903827044e-06 1.3534283055052483e-06 1.4871430743338e-06 
1.522273126574564e-06 1.4417580566223e-06 1.4422784976449188e-06 1.3537765813177836e-06 1.4871294361833242e-06 
1.5274353802179714e-06 1.4468997883777798e-06 1.4486062754342187e-06 1.359033927301018e-06 1.493253287233948e-06 
1.5273538762747215e-06 1.4468314968651285e-06 1.4485330024462323e-06 1.3589560757502917e-06 1.4931744159334428e-06 
1.5262539485081094e-06 1.4456770598083467e-06 1.4474642125029905e-06 1.3578403417357265e-06 1.4921174223525605e-06 
1.5276419668401762e-06 1.4469293863286557e-06 1.4476140298133082e-06 1.359112550548168e-06 1.4925314399650464e-06 
1.5272078409580093e-06 1.4465542811482713e-06 1.4472914229346586e-06 1.3586995271283493e-06 1.49217043534009e-06 
1.517595235941255e-06 1.4365894311755825e-06 1.4370324953995368e-06 1.3489171054136176e-06 1.4821406974701294e-06 
1.5177425459873223e-06 1.4366942089188811e-06 1.4371674399163494e-06 1.349053250416825e-06 1.4822911650041219e-06 
1.5154441177681053e-06 1.4375449695934503e-06 1.4351594235674895e-06 1.347585586070362e-06 1.4792418583206026e-06 
1.5278573633142338e-06 1.4510894438722537e-06 1.448597951697051e-06 1.3604119392109107e-06 1.4921371243677085e-06 
1.5365982064155396e-06 1.45823031653709e-06 1.4556628948823832e-06 1.3686543575089637e-06 1.500002795955043e-06 
1.5421324563563815e-06 1.4649958288920551e-06 1.461634350908223e-06 1.3745639300683714e-06 1.505506396610868e-06 
1.5420475713623854e-06 1.465006105208503e-06 1.4614896828187911e-06 1.374500594780133e-06 1.5053423858230773e-06 
1.5397181845707665e-06 1.4629018121700055e-06 1.4588407576578459e-06 1.3722038853255425e-06 1.5026800844076325e-06 
1.5379812872230004e-06 1.4602427678527657e-06 1.4565159507460251e-06 1.3701780786583516e-06 1.5007516361463315e-06 
1.5558775801026066e-06 1.4745808629372928e-06 1.472691861357737e-06 1.3870985853051276e-06 1.5183501117445012e-06 
1.552357664139879e-06 1.4707625767636376e-06 1.4702180209890283e-06 1.3835532331319875e-06 1.5157838720903343e-06 
1.5631263592272866e-06 1.4812379198317856e-06 1.4813219657862478e-06 1.3943062256168794e-06 1.526916822235614e-06 
1.5555439765728558e-06 1.4721170640476616e-06 1.472243268202027e-06 1.386210034097706e-06 1.5185914135048562e-06 
1.552337443734399e-06 1.4709966451036438e-06 1.4701375559738764e-06 1.3835946777466928e-06 1.515634296752352e-06 
1.5578851338986451e-06 1.4758707816929715e-06 1.475504327958936e-06 1.3889773845021155e-06 1.521243443462465e-06 
1.5561812144461889e-06 1.4741104924371416e-06 1.4742219391774503e-06 1.3872799177863076e-06 1.5199037513737867e-06 
1.5652127100700325e-06 1.4849553011122102e-06 1.4854401379454275e-06 1.3969545921008109e-06 1.5301587775423055e-06 
1.566517942858847e-06 1.486108059258927e-06 1.486515613925141e-06 1.3982094404916899e-06 1.531322856937506e-06 
1.556509735638813e-06 1.475655000098172e-06 1.4761942624750193e-06 1.388029826444004e-06 1.5211999065342597e-06 
1.5563969122042561e-06 1.4751234837671266e-06 1.4759491614269343e-06 1.3878003471126505e-06 1.5211099714244095e-06 
1.5461822276526661e-06 1.4658987626477276e-06 1.465431721347673e-06 1.3777834262792168e-06 1.5103385593362951e-06 
1.5465223254283608e-06 1.4662598328619907e-06 1.4658558380682591e-06 1.3781356908574365e-06 1.5107409577133163e-06 
1.5455946801393416e-06 1.465308238188507e-06 1.4647116254412121e-06 1.3771843391026976e-06 1.5096432794707156e-06 
1.544680900606606e-06 1.4648770081832587e-06 1.4637968983226772e-06 1.376392591013939e-06 1.5085772560938315e-06 
1.55746971368738e-06 1.4762685865830851e-06 1.4763184837506558e-06 1.3888484838092033e-06 1.5215821738286148e-06 
1.5590347120954042e-06 1.478252572350198e-06 1.4781085711607731e-06 1.3905417258527323e-06 1.5231999209106002e-06 
1.551791697477192e-06 1.4673573079258383e-06 1.4680776619322232e-06 1.3821645296732602e-06 1.51481707828717e-06 
1.550981367298773e-06 1.4667969003590476e-06 1.467361376332893e-06 1.3814200747750836e-06 1.5140057985073023e-06 
1.5547025632390962e-06 1.47042284354422e-06 1.4711206055183989e-06 1.3851327323655748e-06 1.5177869393806226e-06 
1.5412636224226615e-06 1.4581355106717477e-06 1.4586966710854292e-06 1.3720010938481076e-06 1.5048236079888017e-06 
1.5395075628338702e-06 1.4566535821721748e-06 1.4563849614296894e-06 1.3702734240052042e-06 1.5025262270811546e-06 
1.5489729947484095e-06 1.468162345615115e-06 1.4682080229889517e-06 1.380447208220082e-06 1.5132823152669707e-06 
1.5520291641095055e-06 1.4713992344412872e-06 1.4707890364401507e-06 1.3835299909022262e-06 1.5158906874911791e-06 
1.5525968597276827e-06 1.4709699633135358e-06 1.4706563826263266e-06 1.3837977519917521e-06 1.5161964880672798e-06 
1.5551505633424792e-06 1.4740131124323283e-06 1.473634012885284e-06 1.386513678911193e-06 1.5189437226523375e-06 
1.5521647486948912e-06 1.4691179327184437e-06 1.4702017337206395e-06 1.3830009150163973e-06 1.5161916191188266e-06 
1.555120749585395e-06 1.4747080961964053e-06 1.4747702555832413e-06 1.3867472953786993e-06 1.5196436589377478e-06 
1.5555406024734966e-06 1.4747716980479544e-06 1.4750298023666352e-06 1.3870661171689876e-06 1.5200436863667872e-06 
1.5408616479978366e-06 1.4611293393895758e-06 1.4599462288925097e-06 1.3725760566355608e-06 1.504710805125294e-06 
1.5411761089596152e-06 1.461469641600093e-06 1.460250416778436e-06 1.3728977526953314e-06 1.5050086098705995e-06 
1.5411400413019933e-06 1.4614532904002638e-06 1.460223018171213e-06 1.3728672517672053e-06 1.5049734696920126e-06 
1.5462791008884176e-06 1.4652185903836166e-06 1.4654774341463218e-06 1.377676899847327e-06 1.5106375258351413e-06 
1.5450737447365912e-06 1.463694737785342e-06 1.4637706296379045e-06 1.3763524253277037e-06 1.5091208906441284e-06 
1.5420869358672893e-06 1.4606520722028663e-06 1.4602143535444057e-06 1.3733037801300132e-06 1.505685065975776e-06 
1.5423058130806547e-06 1.4609954531567832e-06 1.4605836657303056e-06 1.37356506643902e-06 1.5059882490712491e-06 
1.5422562721807408e-06 1.4610124076559407e-06 1.4606183149425912e-06 1.3735378439542286e-06 1.5059869409721038e-06 
1.5609858685976766e-06 1.4807578501485154e-06 1.4784229301688474e-06 1.392540961300283e-06 1.5236319218061966e-06 
1.5566447261052914e-06 1.476332655907444e-06 1.473582938004029e-06 1.3881328979330575e-06 1.518908884788149e-06 
1.560038781179353e-06 1.4801181877688855e-06 1.4766027772468656e-06 1.3916205067011074e-06 1.521871150095775e-06 
1.559908939423514e-06 1.4801464225254015e-06 1.4761231547930395e-06 1.3915124492205236e-06 1.5214041887594081e-06 
1.5567138452166242e-06 1.4739065174740492e-06 1.4746858884702124e-06 1.3876224645923772e-06 1.5206110275183168e-06 
1.550048051951043e-06 1.467666397955641e-06 1.4678036648862028e-06 1.3810272568351643e-06 1.5136359574884524e-06 
1.5444822065516055e-06 1.4619261864930467e-06 1.462376260151801e-06 1.3754060110545672e-06 1.5082400569731054e-06 
1.54404972378851e-06 1.4635921931934647e-06 1.4629661469231484e-06 1.3755764653900778e-06 1.5079879036867958e-06 
1.545188286272046e-06 1.4648830390306128e-06 1.463961545382081e-06 1.3767494512827034e-06 1.5089607160357667e-06 
1.545189479057086e-06 1.4650800999845941e-06 1.4641909157442676e-06 1.3768161554304697e-06 1.5090876826736348e-06 
1.5439284838288677e-06 1.4634292543684355e-06 1.462813587439475e-06 1.3754419671193392e-06 1.5078540906798218e-06 
1.549592417692889e-06 1.4706466217484531e-06 1.4701243329273665e-06 1.3816389560382295e-06 1.5143804110996588e-06 
1.5386670814669408e-06 1.4608017992439043e-06 1.459769091987369e-06 1.3709950026516586e-06 1.5035863881660168e-06 
1.543752675756436e-06 1.464726019555666e-06 1.4637810896444241e-06 1.375723196736821e-06 1.5081541478400452e-06 
1.548448148214882e-06 1.4685504232880692e-06 1.4682523134387634e-06 1.3801941203796482e-06 1.5129380694962678e-06 
1.5427458254296858e-06 1.463540682138051e-06 1.4635746908941974e-06 1.374719887029145e-06 1.507861135791417e-06 
1.5428465767903404e-06 1.4637418948249129e-06 1.464838944109812e-06 1.3749287659554972e-06 1.5088858769459995e-06 
1.5411928160927558e-06 1.4627876637403286e-06 1.464106392577992e-06 1.3735168606290349e-06 1.5077694256547238e-06 
1.5406139486894364e-06 1.4622162807313987e-06 1.4640682226291113e-06 1.3729780546967499e-06 1.5076324918640797e-06 
1.5406877943516458e-06 1.4622763218533285e-06 1.464144518633161e-06 1.3730487986065313e-06 1.5077126682367597e-06 
1.54175144255782e-06 1.4632676544880072e-06 1.465146059040158e-06 1.3740930908953037e-06 1.508747760345829e-06 
1.546921793527098e-06 1.46868688419508e-06 1.46851884773578e-06 1.3792171573160317e-06 1.5123619042171924e-06 
1.5368737950293285e-06 1.460877651576349e-06 1.4598586394842415e-06 1.3698189940603802e-06 1.5027521196789953e-06 
1.5466572464446926e-06 1.472101408009904e-06 1.4692679664028678e-06 1.3800002315140489e-06 1.5117710509865474e-06 
1.543926886580387e-06 1.4683981631800972e-06 1.4638282240239373e-06 1.3768234170032878e-06 1.5071209172663848e-06 
1.5469877193059322e-06 1.471456310898428e-06 1.4668707234744078e-06 1.3798937171731925e-06 1.5101665835604546e-06 
1.5392268282446063e-06 1.4640873303317295e-06 1.4608874588042513e-06 1.3723213250498347e-06 1.5037457476599633e-06 
1.53227718332044e-06 1.46087295021573e-06 1.4558223287531902e-06 1.3664930673385996e-06 1.497166977044102e-06 
1.5408325702395262e-06 1.468757562879339e-06 1.4640014546873446e-06 1.3748703814894226e-06 1.5056227292533484e-06 
1.5235593845842373e-06 1.4495272201594816e-06 1.4445127150364529e-06 1.3568519898972289e-06 1.4871515246140007e-06 
1.5247816595734077e-06 1.4514322770674885e-06 1.4470005923040068e-06 1.3583452047269438e-06 1.4891981978562686e-06 
1.5254345482990124e-06 1.452058285992127e-06 1.447596391846163e-06 1.3589895957295256e-06 1.4898124463746145e-06 
1.5330353107558509e-06 1.4573967281675e-06 1.4543247682538291e-06 1.3659477353932873e-06 1.497408421100996e-06 
1.5261664475692924e-06 1.4494383532196813e-06 1.4460946613863832e-06 1.3586741406960061e-06 1.4897666956996311e-06 
1.5146965961578118e-06 1.4376814570102592e-06 1.4349530410938333e-06 1.3471042973677953e-06 1.478660481063469e-06 
1.5154221434345915e-06 1.4377116087443226e-06 1.435680367126675e-06 1.347647865658696e-06 1.47960633142495e-06 
1.498851562323914e-06 1.42120687796366e-06 1.420342368280626e-06 1.331111402671669e-06 1.4640319010116275e-06 
1.482759205299149e-06 1.4046416724615544e-06 1.403264306616875e-06 1.3147658717014787e-06 1.4472839421225674e-06 
1.4838820462382782e-06 1.406461670943621e-06 1.4047301045105877e-06 1.3160992210701532e-06 1.448468622985875e-06 
1.4917918577255028e-06 1.413490882518687e-06 1.4110726786948367e-06 1.3237086495551522e-06 1.4553668138251296e-06 
1.4890487797663828e-06 1.4092173381523876e-06 1.409581848369329e-06 1.3206360637423595e-06 1.454132922377544e-06 
1.4909865304918513e-06 1.4119899132060536e-06 1.4115289736213509e-06 1.322798313474229e-06 1.4558157176776e-06 
1.4886359025433179e-06 1.4093212064651668e-06 1.4091675958576324e-06 1.3203550669539191e-06 1.453556847386139e-06 
1.4830998878408388e-06 1.3995252983983547e-06 1.4030454840396413e-06 1.3136776197617946e-06 1.448875895514566e-06 
1.491713801342944e-06 1.40936810788239e-06 1.411881249245326e-06 1.322646948615636e-06 1.457285133038544e-06 
1.492911351974322e-06 1.4089896828635927e-06 1.4128175203354287e-06 1.3234386895118207e-06 1.458760844753141e-06 
1.4977259279689898e-06 1.4127141483173198e-06 1.4176229222464268e-06 1.3280041421926797e-06 1.4639068830101516e-06 
1.497668741158741e-06 1.4118884464320887e-06 1.4169149055685962e-06 1.3277126302953124e-06 1.4635562514711664e-06 
1.498316870000451e-06 1.4125332267963396e-06 1.4175522934968357e-06 1.3283616280445541e-06 1.464196460539344e-06 
1.4849831514152955e-06 1.3997792162669131e-06 1.4036910131658932e-06 1.315080160801762e-06 1.4502534415640618e-06 
1.4844113465582477e-06 1.3991560485064498e-06 1.403390060774738e-06 1.3145126975861706e-06 1.4499196204003585e-06 
1.4864281809673095e-06 1.402090597773943e-06 1.405877078060228e-06 1.316795371601477e-06 1.4520346402503873e-06 
1.4847627988697579e-06 1.4013684960477599e-06 1.4071257543855616e-06 1.3155726136544471e-06 1.4524626974633352e-06 
1.4861291948588673e-06 1.4009556174031484e-06 1.4089496291942678e-06 1.3165521373354076e-06 1.4547576989545683e-06 
1.4831660841549001e-06 1.3967625222836067e-06 1.4046049412054937e-06 1.3131728413718494e-06 1.4510464576853829e-06 
1.4837358189505812e-06 1.3966614061006526e-06 1.4047219742610021e-06 1.3135503060604355e-06 1.4514539930664604e-06 
1.495653008448044e-06 1.4041866123687534e-06 1.4137339858007524e-06 1.3242699592188637e-06 1.4623543187283828e-06 
1.4969903489679922e-06 1.4056167248561712e-06 1.415458158408617e-06 1.3256635505118734e-06 1.463978934414234e-06 
1.4944864530572858e-06 1.4033790700463688e-06 1.4138682219345632e-06 1.3232836158723225e-06 1.4621404920679516e-06 
1.4966112647703167e-06 1.404564634127664e-06 1.4166586117752412e-06 1.325261629323926e-06 1.4650995790227723e-06 
1.4860281996114963e-06 1.3945923356977176e-06 1.405969969817632e-06 1.3147658118325858e-06 1.454243408934246e-06 
1.5028369468213668e-06 1.4134702435289757e-06 1.4249975063415412e-06 1.332293504346105e-06 1.4722235142472079e-06 
1.5013660616522246e-06 1.4119694195455372e-06 1.4235430397767573e-06 1.3308117033088697e-06 1.4707755859171453e-06 
1.5040240488533947e-06 1.4136958906492493e-06 1.4251992228306364e-06 1.3331824200800194e-06 1.4729018673356673e-06 
1.5020218035040807e-06 1.4112688494484956e-06 1.4230380839968277e-06 1.3310635525168559e-06 1.4709014592795281e-06 
1.4959646596189744e-06 1.4043854281824464e-06 1.4183695731148603e-06 1.3249234348235887e-06 1.4662362340597154e-06 
1.4970531269866556e-06 1.4050258138806636e-06 1.4194871507175073e-06 1.3259206541195924e-06 1.467486613402343e-06 
1.4953788686363275e-06 1.4033637522654934e-06 1.4169311453972931e-06 1.3241626634969665e-06 1.4650879818887545e-06 
1.4926304977221923e-06 1.4006659643139587e-06 1.4144006956983408e-06 1.3214345499306053e-06 1.462502576706051e-06 
1.4960304590975937e-06 1.4043324612322003e-06 1.4174506277201863e-06 1.3248747352222008e-06 1.4655335468613151e-06 
1.4943361929772346e-06 1.402988329705484e-06 1.4155637012761168e-06 1.3232346165943553e-06 1.4635738701492567e-06 
1.504982966020662e-06 1.4137877769775764e-06 1.42705224353765e-06 1.3340299085013145e-06 1.4748601156409559e-06 
1.5066742262321355e-06 1.4162648071888157e-06 1.4272718769071057e-06 1.3357750451108387e-06 1.475104255557799e-06 
1.5063385470119203e-06 1.4160026416643028e-06 1.4269252166689983e-06 1.3354538134132255e-06 1.4747368908362812e-06 
1.506114180131147e-06 1.4157731000279785e-06 1.4267360567735704e-06 1.3352304026730351e-06 1.4745429717519263e-06 
1.513318607558902e-06 1.4244247473572897e-06 1.43496443099485e-06 1.3428778145988636e-06 1.482135530179699e-06 
1.5185687760899756e-06 1.4296589895971786e-06 1.4408514633166966e-06 1.3481988540799016e-06 1.4879110500878695e-06 
1.5130904563457115e-06 1.4226313136482836e-06 1.435927779114797e-06 1.3424006495627e-06 1.48336717578078e-06 
1.5136524615079532e-06 1.4257927346247504e-06 1.437919674304757e-06 1.343681523559648e-06 1.4842948414076028e-06 
1.5143449988856104e-06 1.4276243170617139e-06 1.4402124223203715e-06 1.3447867327473035e-06 1.4859447200405672e-06 
1.5156347948991716e-06 1.430875409697915e-06 1.44230399060017e-06 1.346611640469183e-06 1.4872826848859882e-06 
1.5266342214774607e-06 1.4427303737352152e-06 1.4539965483004334e-06 1.3579200023215581e-06 1.4985829911900826e-06 
1.5274237969242077e-06 1.4434616464821786e-06 1.4540524405616905e-06 1.3586295176425768e-06 1.4987890285200149e-06 
