1.8314900971224862e-06 1.7322913643363004e-06 1.7536334492607482e-06 1.6598481504232149e-06 1.8038690254308786e-06 
1.837042098375088e-06 1.7378519897856567e-06 1.7595373722940779e-06 1.6654534564261786e-06 1.8097070392319507e-06 
1.8373647554451212e-06 1.7379091524044039e-06 1.7582055506192514e-06 1.6655482037527256e-06 1.8087532671880652e-06 
1.8330737301742354e-06 1.7328530460030515e-06 1.752765002157451e-06 1.6609747421879584e-06 1.8037552425959527e-06 
1.8217628003152828e-06 1.7217697485916147e-06 1.7408217219901767e-06 1.6496190637435847e-06 1.791855781448858e-06 
1.8221662549356719e-06 1.7218052418368474e-06 1.7406517602449942e-06 1.649892603079572e-06 1.7919022967238176e-06 
1.8227450629755993e-06 1.7223795778243307e-06 1.741516061973437e-06 1.6504998944613265e-06 1.7927167563892845e-06 
1.820186149499855e-06 1.7201922014747612e-06 1.7391185481888201e-06 1.6480259011359126e-06 1.7901756909958614e-06 
1.8280059541695117e-06 1.7284798409027844e-06 1.7471393058785245e-06 1.655979863923925e-06 1.7980151197109631e-06 
1.8334124107386532e-06 1.7333918844566698e-06 1.7524912340125021e-06 1.6612933982469523e-06 1.8035292584074826e-06 
1.8364302116488407e-06 1.7353405227524905e-06 1.7558707896473657e-06 1.6641398622243621e-06 1.8071741346478462e-06 
1.8440894475082238e-06 1.7446902902515708e-06 1.763177081018343e-06 1.6721236964150212e-06 1.814020415276296e-06 
1.8465307753951313e-06 1.7470755201845984e-06 1.7657931444719208e-06 1.674576602582994e-06 1.816622393397732e-06 
1.845124398889233e-06 1.7455666008858178e-06 1.7645278045504535e-06 1.6731599033980772e-06 1.8153636799019695e-06 
1.8415568070351298e-06 1.7421975062831103e-06 1.7600694099136838e-06 1.6695372341487744e-06 1.8110034472226327e-06 
1.8352113519262174e-06 1.7360337884257187e-06 1.754397177205535e-06 1.663279304952989e-06 1.8051551379710774e-06 
1.834393236594941e-06 1.735221865726997e-06 1.7532569347040346e-06 1.66242905295356e-06 1.804070668033021e-06 
1.8388361962399423e-06 1.7397232572448283e-06 1.758231397174188e-06 1.6669467800416202e-06 1.8089316028713602e-06 
1.854339315551152e-06 1.7547902261706532e-06 1.773987221319746e-06 1.6824229888422372e-06 1.8247759683460174e-06 
1.8529046538080268e-06 1.7544560712472363e-06 1.7712420084603417e-06 1.6810843361890419e-06 1.8219240861999267e-06 
1.8613158143379622e-06 1.7632549457914676e-06 1.780669376988814e-06 1.6896938618837634e-06 1.831049155559357e-06 
1.8589727425993517e-06 1.760396241925842e-06 1.77817059759662e-06 1.6872228053694198e-06 1.828738181884963e-06 
1.862994202976809e-06 1.7631798243782949e-06 1.781072524807282e-06 1.6908899745671244e-06 1.832223078368055e-06 
1.8646366504990715e-06 1.7651055257364808e-06 1.7824235730518964e-06 1.6925668328136775e-06 1.8335382590971296e-06 
1.8637156104648573e-06 1.7641671286892406e-06 1.781498463388304e-06 1.6916396760268897e-06 1.8326193453799405e-06 
1.8540932473746233e-06 1.7514466818936502e-06 1.7707884411712971e-06 1.6812634664516102e-06 1.8230633011781938e-06 
1.8635749511086865e-06 1.7591886315365371e-06 1.7791183547540414e-06 1.6903141604403013e-06 1.8321360898193144e-06 
1.8757885182666677e-06 1.7731949924975457e-06 1.791938566278414e-06 1.702966911531549e-06 1.844292641681684e-06 
1.8666745467537683e-06 1.7643057575220571e-06 1.7817903208123417e-06 1.6937818309503235e-06 1.83426093169138e-06 
1.8695269155388794e-06 1.7674409471835533e-06 1.7855977697486843e-06 1.696785609038925e-06 1.8378096588829417e-06 
1.8689836616649784e-06 1.7669819355271971e-06 1.7851354880714714e-06 1.696265662610233e-06 1.8373068839869751e-06 
1.8746620347962954e-06 1.7742424612377188e-06 1.7902997941154024e-06 1.7022334757116781e-06 1.8420724415935581e-06 
1.8764554334077817e-06 1.7760258303057212e-06 1.792671512408788e-06 1.7040811484481147e-06 1.844343824792362e-06 
1.8707227680162994e-06 1.7707243761572461e-06 1.7866094496975607e-06 1.6983950277212252e-06 1.8382075289599304e-06 
1.8721010181254504e-06 1.77202716448852e-06 1.7878806897646378e-06 1.699751141690535e-06 1.8395211071846633e-06 
1.881913147017928e-06 1.7818174327919825e-06 1.796999256357804e-06 1.7095196357915638e-06 1.8487689922059132e-06 
1.879227115848447e-06 1.779309469670546e-06 1.794004002045792e-06 1.7068380759948796e-06 1.8457739639759457e-06 
1.8851926156970187e-06 1.7852641021743235e-06 1.7980682753620147e-06 1.712656375123615e-06 1.850179689509352e-06 
1.893684148852521e-06 1.7943736125843637e-06 1.8061129826343193e-06 1.7212637423089842e-06 1.8581104206966623e-06 
1.8805733530812991e-06 1.7782059765431553e-06 1.7911813424507566e-06 1.7073339510505685e-06 1.8444557164405736e-06 
1.88052965901635e-06 1.7781559445263457e-06 1.7911274901451053e-06 1.7072880561883526e-06 1.8444056538433343e-06 
1.8834584088710302e-06 1.7812236804377387e-06 1.7937611702999429e-06 1.7102297529567547e-06 1.8470483977408472e-06 
1.881241863329379e-06 1.7799750223387813e-06 1.7921999078495202e-06 1.7082623388052863e-06 1.845069864798053e-06 
1.8854709352116406e-06 1.7837824346071416e-06 1.796428411261039e-06 1.7124115234174787e-06 1.8494287569776394e-06 
1.8849136673407394e-06 1.7829935702583725e-06 1.7959113670675696e-06 1.711807462490997e-06 1.8489765507701294e-06 
1.8880500942941853e-06 1.7843099837920018e-06 1.7992955833121872e-06 1.714593764079625e-06 1.8528805521979584e-06 
1.8881826844046302e-06 1.7846096338394005e-06 1.7994982449315142e-06 1.7147664209291607e-06 1.8530188916761736e-06 
1.8824712032702419e-06 1.7799639975063807e-06 1.7944314294799696e-06 1.709313865995403e-06 1.8475072470075865e-06 
1.8820195246582636e-06 1.779059287526783e-06 1.7937060621218055e-06 1.7087455986286186e-06 1.8469713385790697e-06 
1.8759358744659442e-06 1.7731431340660908e-06 1.7868395664842487e-06 1.7026207945018758e-06 1.8401938318221367e-06 
1.8787155362712508e-06 1.7759695495897535e-06 1.7902369175673412e-06 1.705465210637816e-06 1.8434657952491184e-06 
1.882886160283644e-06 1.780008933605913e-06 1.7933644526770024e-06 1.7095355481543403e-06 1.8468198518630035e-06 
1.8790454751011447e-06 1.7756714415816553e-06 1.7889640589681176e-06 1.705540598647992e-06 1.8426743056243865e-06 
1.8788480033009246e-06 1.7773330589471459e-06 1.7905546792241517e-06 1.7058690489197603e-06 1.8433684540806258e-06 
1.8851809495277655e-06 1.7836755914712102e-06 1.7974009031808885e-06 1.7122588972317596e-06 1.8501190831360697e-06 
1.8890546581239225e-06 1.7879882663166439e-06 1.8014247096232824e-06 1.7162453096602477e-06 1.8539792200796344e-06 
1.8826910775872563e-06 1.7809060668534286e-06 1.7950411529587612e-06 1.7097157333307055e-06 1.847823266280273e-06 
1.889429647421939e-06 1.786094594044777e-06 1.7997281896050583e-06 1.7159843693401116e-06 1.8533566840316529e-06 
1.894131602850931e-06 1.7902964944083586e-06 1.8045978471447196e-06 1.720606585020779e-06 1.8583506874858272e-06 
1.8965143945325466e-06 1.7923460404472327e-06 1.8063745811663676e-06 1.7228788074267572e-06 1.860338723565092e-06 
1.8942644835930377e-06 1.7901119650981496e-06 1.8044786963459954e-06 1.7206549837070639e-06 1.8583749798518996e-06 
1.9018486528186396e-06 1.7958100068425537e-06 1.811247835018301e-06 1.727809849171695e-06 1.8658730356171113e-06 
1.9044969532215167e-06 1.798991473890614e-06 1.813699585027135e-06 1.7305553162703658e-06 1.868194461070851e-06 
1.913769371600748e-06 1.8070381335983658e-06 1.8224162510524535e-06 1.7395580876145134e-06 1.8773887021789079e-06 
1.9182446299834524e-06 1.8112787753746934e-06 1.826842308328559e-06 1.743991998911624e-06 1.8818954900901324e-06 
1.917321326357979e-06 1.8104375269959208e-06 1.8262732841212005e-06 1.7431108841402229e-06 1.8812377831440604e-06 
1.919573812733183e-06 1.8126647628493723e-06 1.8282400475923253e-06 1.7453404868375885e-06 1.8832631707912724e-06 
1.9226932625931405e-06 1.8158277503947634e-06 1.831887857373509e-06 1.7485165741607396e-06 1.8868024643356494e-06 
1.9227049379402043e-06 1.8153653532709853e-06 1.8322698403183644e-06 1.7484648784883803e-06 1.8872647879993616e-06 
1.9232964108484536e-06 1.8145506611522434e-06 1.8341023127080711e-06 1.7488916827855072e-06 1.8893090331795239e-06 
1.923183454600953e-06 1.8146762226972427e-06 1.8337981324400742e-06 1.7488071627341176e-06 1.8889655725495062e-06 
1.923067617119408e-06 1.8144338508156225e-06 1.8334725439996659e-06 1.7486488574631804e-06 1.8887166654884663e-06 
1.9286656415217363e-06 1.8219423755398075e-06 1.8393011722800385e-06 1.7546471120169361e-06 1.8939130915540001e-06 
1.9283503950165605e-06 1.8217158106545585e-06 1.839712493488165e-06 1.754410458447624e-06 1.8941670253501909e-06 
1.9338052383882195e-06 1.8275874455578783e-06 1.8428993159855283e-06 1.7597717823088375e-06 1.8976297151752693e-06 
1.9260474110395645e-06 1.8196819965482095e-06 1.834839090631502e-06 1.751945199108396e-06 1.8896704583476171e-06 
1.940918012822179e-06 1.8328880973618738e-06 1.849439007931907e-06 1.7664951061769812e-06 1.9048317433397538e-06 
1.9373903586164628e-06 1.8289157519554284e-06 1.8447296216990833e-06 1.7627813290521715e-06 1.9004719728007862e-06 
1.9453632165251045e-06 1.8381718836557104e-06 1.853692824729642e-06 1.7710990223621984e-06 1.9088596105449694e-06 
1.9351268904496896e-06 1.8288865125995148e-06 1.8460484862913777e-06 1.761240503835009e-06 1.900459044548375e-06 
1.925063733182178e-06 1.819565333971315e-06 1.836667687191179e-06 1.7513614269201513e-06 1.89072795475758e-06 
1.9246700862900483e-06 1.8189928397884382e-06 1.836250676622549e-06 1.7509295438653356e-06 1.8903705099802973e-06 
1.913853840747697e-06 1.8080854637942012e-06 1.8258124699254548e-06 1.7401054315652609e-06 1.879894196454873e-06 
1.932150039294303e-06 1.8263911438365727e-06 1.8452798460901032e-06 1.7585450805061503e-06 1.8991470792027114e-06 
1.9252425678804752e-06 1.8185008810010662e-06 1.8371089924556258e-06 1.7513193422924931e-06 1.8915067269025116e-06 
1.925304175500219e-06 1.8185694563451414e-06 1.8371515837514986e-06 1.7513807577328235e-06 1.8915505624591808e-06 
1.915584056613897e-06 1.8089675286779051e-06 1.8276014148633251e-06 1.7416785138994292e-06 1.8819345569583078e-06 
1.91431136187546e-06 1.8073820504263982e-06 1.826345229726149e-06 1.7403440514115364e-06 1.8807721644438424e-06 
1.90895746380142e-06 1.801265694637881e-06 1.8207960614624855e-06 1.7348152040180452e-06 1.8754939471181669e-06 
1.9167060156655465e-06 1.811464735241863e-06 1.8306308761354004e-06 1.7432425809867593e-06 1.8841975286589544e-06 
1.911575955014537e-06 1.8042505940178376e-06 1.8241001069724328e-06 1.7375707939790669e-06 1.878561699625548e-06 
1.915782737490276e-06 1.8088770254055991e-06 1.8274455382890264e-06 1.7417903783079257e-06 1.8819315025124906e-06 
1.9244324172131515e-06 1.8180418056606094e-06 1.836346360173895e-06 1.7505800353325234e-06 1.890627190185991e-06 
1.9335070873817562e-06 1.8266910000889344e-06 1.8458380372527576e-06 1.7596275604501142e-06 1.9001747037211677e-06 
1.9324569358216985e-06 1.8258324330129719e-06 1.845110097427627e-06 1.758641285266072e-06 1.8993300354377078e-06 
1.922063653226476e-06 1.8134711645719197e-06 1.834411411003744e-06 1.7478239353892626e-06 1.8892943729127352e-06 
1.921439091324321e-06 1.8127249055200054e-06 1.8335652284571197e-06 1.7471548919048384e-06 1.8885255286141254e-06 
1.956273389825742e-06 1.8478851600312094e-06 1.8683779625921659e-06 1.78211847402471e-06 1.9232382347089904e-06 
1.9547989376498748e-06 1.846021457496143e-06 1.866387539049854e-06 1.7805206856616665e-06 1.92146042667021e-06 
1.9532871538423123e-06 1.8443552985911376e-06 1.8647826871040187e-06 1.7789684307151693e-06 1.919920019569888e-06 
1.9467270744761842e-06 1.8391496227860539e-06 1.8585385867036253e-06 1.772681129390745e-06 1.913201960275973e-06 
1.9442171114074697e-06 1.8360167704651883e-06 1.857067765996147e-06 1.7701426371574786e-06 1.9117376219643003e-06 
1.9242402063141964e-06 1.8165591576186037e-06 1.8377929748423314e-06 1.7502889896376798e-06 1.8921786493891155e-06 
1.9314144230582007e-06 1.8228038706069656e-06 1.845281512629716e-06 1.7573341740150456e-06 1.8998966769530396e-06 
1.9350204127829918e-06 1.8260740577082777e-06 1.848785374878549e-06 1.760875460947572e-06 1.9035220040344097e-06 
1.9356519766992314e-06 1.8269151781531832e-06 1.8493789615539947e-06 1.7615433688359503e-06 1.9040578181964568e-06 
1.9347603650469114e-06 1.8243437954898567e-06 1.848189188708622e-06 1.7603136540491792e-06 1.9034385787705794e-06 
1.9360373681706714e-06 1.8249161389276732e-06 1.848317637633245e-06 1.761354547231305e-06 1.9039900084904127e-06 
1.936337283182225e-06 1.825223048856337e-06 1.84861822713856e-06 1.7616563821212402e-06 1.9042883032385556e-06 
1.9320155778272403e-06 1.8178583674275073e-06 1.8413097441161914e-06 1.7565066472695031e-06 1.898452743729117e-06 
1.932848425404516e-06 1.8195330135410869e-06 1.8425994065792809e-06 1.7575308848965049e-06 1.8994015027157555e-06 
1.9330271356231166e-06 1.8194332500733505e-06 1.8430491212132642e-06 1.7576857693529007e-06 1.8998879045016368e-06 
1.931743855759497e-06 1.818223051681622e-06 1.8417639106131306e-06 1.7564126633887542e-06 1.898580711747129e-06 
1.929458129785244e-06 1.8154806338690306e-06 1.8398229551846279e-06 1.7540748057418751e-06 1.8967179777522126e-06 
1.934741297520756e-06 1.8198956234216177e-06 1.8454535128958605e-06 1.7592518078274517e-06 1.9025517300205956e-06 
1.9333175901362976e-06 1.8180719984799114e-06 1.8441915418556407e-06 1.7577731276852822e-06 1.9013831993425912e-06 
1.924871642768117e-06 1.8095059245983315e-06 1.8357388188514414e-06 1.7492898515933591e-06 1.8929690085944375e-06 
1.9216070901071777e-06 1.8065772880666591e-06 1.832680836994901e-06 1.7460959215832038e-06 1.889771039274573e-06 
1.9212577121095566e-06 1.8065302983544752e-06 1.8323843174221735e-06 1.745802379636108e-06 1.8893723705341953e-06 
1.919892240461019e-06 1.8050590236277615e-06 1.8309787327582313e-06 1.744412310300991e-06 1.8880065276046704e-06 
1.917179767093008e-06 1.8024980333851034e-06 1.828160141559862e-06 1.7417099630767088e-06 1.8851608733684227e-06 
1.9169913878485155e-06 1.8023425681803015e-06 1.8279592014114708e-06 1.7415256106139902e-06 1.8849521305832651e-06 
1.9204199854193976e-06 1.8069583802454803e-06 1.8323951674190047e-06 1.7452633878053256e-06 1.8888421641713822e-06 
1.930012398086144e-06 1.8165481607608479e-06 1.8418858467887823e-06 1.7548643342253471e-06 1.8983513939432081e-06 
1.9480629347297668e-06 1.8340772075505288e-06 1.8608416662588503e-06 1.7729511387503342e-06 1.917302972807116e-06 
1.9464700816428892e-06 1.834094735578436e-06 1.8592913158490382e-06 1.7716378883325946e-06 1.915251047202209e-06 
1.9406987081758905e-06 1.8277634357013133e-06 1.853089226846761e-06 1.7657145256180263e-06 1.9092986826810333e-06 
1.9282489276560907e-06 1.816410132696978e-06 1.8408571918617072e-06 1.7534542229641062e-06 1.8966916266669947e-06 
1.9269391201323203e-06 1.8149011498524176e-06 1.8393622158423488e-06 1.7520884257406214e-06 1.8952912366943246e-06 
1.9439888461367945e-06 1.8317440220703658e-06 1.8560904899758961e-06 1.7691039563927487e-06 1.912139724787155e-06 
1.944363053332345e-06 1.8323146662273297e-06 1.8562615285940218e-06 1.769494077657914e-06 1.912286918402311e-06 
1.9414841958254945e-06 1.82946366636315e-06 1.8536845652466265e-06 1.7666437132567836e-06 1.909647311393698e-06 
1.949253474115726e-06 1.838702385458845e-06 1.861149110017238e-06 1.7746635629132772e-06 1.916714095593398e-06 
1.936815675250185e-06 1.8254335450474488e-06 1.848043525690094e-06 1.7619878575625156e-06 1.9039852402331426e-06 
1.9370393766170956e-06 1.8257221291308866e-06 1.8483095077284697e-06 1.7622276715705978e-06 1.904223644747582e-06 
1.9430633330044634e-06 1.8329781998372854e-06 1.8551597893607325e-06 1.7685653893569715e-06 1.910545799038039e-06 
1.942502610536968e-06 1.83254099351308e-06 1.8549702787173717e-06 1.768061255321316e-06 1.9102516902307255e-06 
1.9560940059657175e-06 1.8455059126208447e-06 1.866856565938799e-06 1.7814060135333437e-06 1.922635604606981e-06 
1.9561758433545135e-06 1.8457000849525424e-06 1.8670989381477692e-06 1.7815232839818553e-06 1.922814568444898e-06 
1.942862121812876e-06 1.8330984714543046e-06 1.8541334576287842e-06 1.768346959900714e-06 1.9095684839736763e-06 
1.941157953518889e-06 1.8309158572005682e-06 1.8523191255164314e-06 1.7665407984184446e-06 1.9079214970499533e-06 
1.9362858618468617e-06 1.8273434990479537e-06 1.8481796023899997e-06 1.7619676206915534e-06 1.9032504914908235e-06 
1.9351476285590636e-06 1.8257090603800423e-06 1.846001711100808e-06 1.7606403376216557e-06 1.901412158596485e-06 
1.9346268328423493e-06 1.8251050218327122e-06 1.8454329258902933e-06 1.7600986445496192e-06 1.9008777023738694e-06 
1.9352245063247354e-06 1.8251410617814835e-06 1.8443067414100112e-06 1.7604427336672528e-06 1.9002339439792525e-06 
1.935291470295029e-06 1.825207080286613e-06 1.8443877810283753e-06 1.760510839219745e-06 1.9003127411566922e-06 
1.929415794151935e-06 1.8187521304522513e-06 1.8369852641944742e-06 1.7543887532289577e-06 1.893363771009949e-06 
1.9248000497948932e-06 1.8135505910208814e-06 1.8322361261214374e-06 1.7496433336412712e-06 1.8888198931329023e-06 
1.934510970288011e-06 1.8252365852348212e-06 1.843575947736946e-06 1.7598795425697567e-06 1.8992566728135793e-06 
1.936223315551433e-06 1.8272001198992906e-06 1.8448521013248559e-06 1.7616074489285062e-06 1.9005332169074379e-06 
1.9297091943605087e-06 1.8202123376575524e-06 1.837116294319913e-06 1.754892033365741e-06 1.8931636855936731e-06 
1.918927390982041e-06 1.8097193373269557e-06 1.8268680301774607e-06 1.744186504695538e-06 1.8827320956068689e-06 
1.9181935213644853e-06 1.80897309444543e-06 1.826157307974084e-06 1.7434506311140827e-06 1.8820211484126073e-06 
1.9345842573903086e-06 1.8246320191742036e-06 1.8416675583405351e-06 1.7596639345142486e-06 1.897912962568323e-06 
1.938332237320275e-06 1.827834742522503e-06 1.8453327186803335e-06 1.7633086981753478e-06 1.9017608014450285e-06 
1.936791808150309e-06 1.826255561039607e-06 1.8435420730557513e-06 1.761738385667004e-06 1.9000272427669065e-06 
1.944151289649723e-06 1.8319155152813234e-06 1.850051826388356e-06 1.7687259744578686e-06 1.9072128894014409e-06 
1.943949945156515e-06 1.8336028452502904e-06 1.8493021764036731e-06 1.768840938688064e-06 1.9059785031477104e-06 
1.921935696608339e-06 1.8124961910986167e-06 1.827042665326368e-06 1.7469431800082307e-06 1.8834861348401997e-06 
1.926966320920597e-06 1.8184602270995392e-06 1.8327984325560097e-06 1.7522190019178774e-06 1.8888221793949106e-06 
1.9233208077936937e-06 1.81480771902119e-06 1.8290640578696584e-06 1.748558607096031e-06 1.8851065388872185e-06 
1.9338586946957407e-06 1.8226770842337396e-06 1.839822940037351e-06 1.7586166670173803e-06 1.8966488772877453e-06 
1.9332602178328483e-06 1.8217966281592773e-06 1.8388838504429025e-06 1.7579378683573681e-06 1.8958580851142243e-06 
1.9333745552551e-06 1.8201634227439258e-06 1.837144737804139e-06 1.757587571049875e-06 1.8949912534273216e-06 
1.9009238320913556e-06 1.7870686293125524e-06 1.8054767654899404e-06 1.7250141918188589e-06 1.8633860018672935e-06 
1.9044736133699673e-06 1.7908891118775258e-06 1.8090732942729285e-06 1.7286239046463716e-06 1.8668901999812307e-06 
1.907551106304522e-06 1.7954518518738961e-06 1.8116961936897944e-06 1.7319505416886555e-06 1.869136749490856e-06 
1.9246715600959787e-06 1.812630074805898e-06 1.8313580447059827e-06 1.7493070235207841e-06 1.8883207393543172e-06 
1.930921873217061e-06 1.8179799488910398e-06 1.8379226577163816e-06 1.755429251288959e-06 1.8951052916375876e-06 
1.9285098893245945e-06 1.8157723047075795e-06 1.8355431121104569e-06 1.7530525905151394e-06 1.8926573132105988e-06 
1.9146664792707343e-06 1.8017781787894763e-06 1.8213673772883937e-06 1.739127850185017e-06 1.8785896635351588e-06 
1.9096969216592973e-06 1.796073227544146e-06 1.8160415258698442e-06 1.7339861984473547e-06 1.8735549839436252e-06 
1.909622887380162e-06 1.7958607462565501e-06 1.8160090396705891e-06 1.7338903837546744e-06 1.8735575914220155e-06 
1.9249524149134053e-06 1.8096787028430231e-06 1.8293178524178072e-06 1.748817793013491e-06 1.8876936280694623e-06 
1.925161934773154e-06 1.8098773719746389e-06 1.8294478573470591e-06 1.7490196372321619e-06 1.8878412847564711e-06 
1.9204803230773256e-06 1.8048046965043894e-06 1.8255184595776926e-06 1.7443187604599739e-06 1.8838969739444513e-06 
1.913140584810835e-06 1.7981817299207645e-06 1.8178546794052928e-06 1.7370670433067429e-06 1.8760724549785237e-06 
1.9240809042581097e-06 1.8078744207892361e-06 1.8277265941149477e-06 1.747723598370897e-06 1.8865191582098866e-06 
1.92102782299506e-06 1.8039947556675434e-06 1.8238564449983448e-06 1.7444575598523518e-06 1.8830510555113155e-06 
1.9201954043921895e-06 1.8024073543804346e-06 1.822660267604958e-06 1.743464668962514e-06 1.8821526143751382e-06 
1.9207478331685895e-06 1.8030534920688543e-06 1.8232642975571213e-06 1.7440382397679657e-06 1.8827184582563978e-06 
1.933534604590645e-06 1.8185689131553524e-06 1.8356122513957814e-06 1.7573037364032456e-06 1.8943042917205961e-06 
1.932916880631202e-06 1.8182105228120836e-06 1.83514214630163e-06 1.7567427482854282e-06 1.8937277916179422e-06 
1.922887415018442e-06 1.8076610203036716e-06 1.8238736796868424e-06 1.7465150726617896e-06 1.8828447471033113e-06 
1.9226842462659066e-06 1.8074842039668079e-06 1.8238446379513824e-06 1.7463279714608889e-06 1.8827762248350228e-06 
1.92645634416785e-06 1.811881914051994e-06 1.8280466019886343e-06 1.7502512020252575e-06 1.8867071677236742e-06 
1.9267137635835224e-06 1.812015008032565e-06 1.8282677883319158e-06 1.7504836610888113e-06 1.8869731602996315e-06 
1.9300368927920446e-06 1.8156386526970252e-06 1.83188795755241e-06 1.753888601514237e-06 1.8904465495668983e-06 
1.954644234606476e-06 1.8388855280317401e-06 1.8552127366210552e-06 1.7782035037178758e-06 1.914417066748812e-06 
1.949098670848666e-06 1.8345908418763849e-06 1.848642198153346e-06 1.7728154788908678e-06 1.9076460187068e-06 
1.9471370019814133e-06 1.832904681119237e-06 1.8457772419927392e-06 1.7708489874746127e-06 1.9048587262790924e-06 
1.94465664116252e-06 1.8305855593639812e-06 1.8432346336232326e-06 1.7683914687968603e-06 1.9022780231363753e-06 
1.9417415134272363e-06 1.8273434991049025e-06 1.8403628224000749e-06 1.7654112907171222e-06 1.8995001481896063e-06 
1.9332809053609418e-06 1.8190898415399733e-06 1.8313509609498375e-06 1.7569438756975478e-06 1.8905254295222267e-06 
1.9363366132139196e-06 1.8227827401183288e-06 1.834667381079843e-06 1.7601421462032014e-06 1.8935971939438806e-06 
1.9267439391835867e-06 1.812635894382189e-06 1.8257487326797534e-06 1.7504643233538534e-06 1.8847308791931883e-06 
1.9264629441744138e-06 1.812397776650055e-06 1.8256356921414272e-06 1.7502008307215578e-06 1.8845744265766275e-06 
1.9366565784500564e-06 1.8223759190986098e-06 1.8364029337994533e-06 1.7604064413433659e-06 1.8953027698993602e-06 
1.9361459803270846e-06 1.8222987784245786e-06 1.8361651693066292e-06 1.7599937150114153e-06 1.894882156035909e-06 
1.9388751858194136e-06 1.8249960218868263e-06 1.8389301076064666e-06 1.7627239793941032e-06 1.8976499608432524e-06 
1.936083825497012e-06 1.82130024634003e-06 1.8360489708195118e-06 1.7597516903979002e-06 1.8950648120932722e-06 
1.9359958896842235e-06 1.8209048053920947e-06 1.8361857114289814e-06 1.7596205018367275e-06 1.895255991082914e-06 
1.9279723385654405e-06 1.812846817630858e-06 1.827545557972657e-06 1.7515374104853269e-06 1.8867391968174007e-06 
1.9237465415584717e-06 1.8080571654086217e-06 1.8230740999044363e-06 1.747184161076531e-06 1.8824868207503486e-06 
1.920738482673853e-06 1.8048905223441368e-06 1.8199397221358518e-06 1.7441336027009059e-06 1.8794247597243727e-06 
1.924644405545356e-06 1.8084637931720821e-06 1.8236495643539486e-06 1.7479732106158493e-06 1.8832716840023048e-06 
1.9248617654744275e-06 1.8087704812370745e-06 1.8239129872729276e-06 1.7482102216128529e-06 1.883499216472226e-06 
1.917160766075132e-06 1.8005074177185851e-06 1.815777515703349e-06 1.7403657646197693e-06 1.8756170259040187e-06 
1.917519583068352e-06 1.8005012077382087e-06 1.81602366726324e-06 1.7406518081577417e-06 1.875995889514768e-06 
1.9159407266764683e-06 1.7988925548070307e-06 1.8148098260549845e-06 1.7390871971382803e-06 1.87472560975747e-06 
1.914511317101065e-06 1.7973212632589277e-06 1.8136659087603617e-06 1.7376474876870025e-06 1.8735740690351328e-06 
1.925719727413153e-06 1.8085272030437933e-06 1.8254890231023305e-06 1.748915087175254e-06 1.8852846328915017e-06 
1.9208671815038893e-06 1.8025803096825522e-06 1.8195755309652138e-06 1.743790146934139e-06 1.8799005143201488e-06 
1.9215808439848478e-06 1.8019510396961436e-06 1.8199696037464079e-06 1.7442487445563572e-06 1.8807650022331066e-06 
1.9204814687266787e-06 1.801232237410554e-06 1.8188397875614025e-06 1.7432118412069208e-06 1.879524006885226e-06 
1.918290049815786e-06 1.7992291436586105e-06 1.8163676249618461e-06 1.7410318666757969e-06 1.8770452383715546e-06 
1.9236010753539673e-06 1.8043532345418156e-06 1.821329893959555e-06 1.7462975635051735e-06 1.8821269958812526e-06 
1.939694631008673e-06 1.8229297581569172e-06 1.8398404188071036e-06 1.763016576188795e-06 1.8994337455447054e-06 
1.9424728563523363e-06 1.825283455425904e-06 1.842061186729142e-06 1.765686623582026e-06 1.9018852458630087e-06 
1.9526134434664982e-06 1.8344342720593694e-06 1.8515455892668557e-06 1.7756251886405385e-06 1.911790739754892e-06 
1.951012787841302e-06 1.833962374887413e-06 1.8511911721664603e-06 1.7743054043421801e-06 1.910864416265685e-06 
1.9484777315383477e-06 1.8309228921850438e-06 1.8489111623634799e-06 1.7716930476356438e-06 1.908694123058614e-06 
1.9451232617494948e-06 1.8272246752596517e-06 1.846321251202311e-06 1.76832539429712e-06 1.9060725114293133e-06 
1.9468415429545027e-06 1.8290532460725795e-06 1.8480643671701295e-06 1.7700678291635086e-06 1.907776956458047e-06 
1.941140719928541e-06 1.8226806977061221e-06 1.842334185987902e-06 1.7642375732124357e-06 1.9022594212931162e-06 
1.931544295936641e-06 1.8148694136752209e-06 1.833381084694499e-06 1.7549840205888255e-06 1.8926430607020478e-06 
1.938472038040166e-06 1.8202597911858322e-06 1.8396899586044674e-06 1.7616090200080213e-06 1.8995351027930224e-06 
1.9394219243795965e-06 1.8212739154820907e-06 1.8406211216051532e-06 1.762570447272096e-06 1.9004497568943075e-06 
1.940553868458113e-06 1.821447426020274e-06 1.8410255030906697e-06 1.7634863358184884e-06 1.9012798269259146e-06 
1.9401678392762564e-06 1.8198409649880435e-06 1.8404260570534787e-06 1.7628760723797358e-06 1.9010935606791957e-06 
1.9400981325990906e-06 1.8195100202988906e-06 1.8397720269333506e-06 1.7627205882965742e-06 1.9006254560515268e-06 
1.9404815052454198e-06 1.819926558931613e-06 1.8402590383282655e-06 1.7631175261951517e-06 1.9010834660027514e-06 
1.9394330391773697e-06 1.8195311455463262e-06 1.8392380040719255e-06 1.762180148311283e-06 1.8998572917587458e-06 
1.938965749296983e-06 1.8176430801516534e-06 1.8397946283886328e-06 1.7615476334711594e-06 1.900664085866115e-06 
1.93992831743418e-06 1.818855077908464e-06 1.840877300733181e-06 1.7625620867293036e-06 1.9016484637311242e-06 
1.9435320740821395e-06 1.821993802629901e-06 1.8438935207915777e-06 1.7660514215789493e-06 1.9049130520278668e-06 
1.952850279772828e-06 1.8320545203858616e-06 1.8532345484415736e-06 1.7755105893818678e-06 1.9140210105636843e-06 
1.9540722079447053e-06 1.8333498077518375e-06 1.8543248575260268e-06 1.7767373109214138e-06 1.915112453757775e-06 
1.9545118727794503e-06 1.8336611378968216e-06 1.8545460801865326e-06 1.777140397256868e-06 1.9154124845743683e-06 
1.9511869342964534e-06 1.8314349344750532e-06 1.8518401476699034e-06 1.774040179100512e-06 1.912258069549746e-06 
1.944746904872381e-06 1.8237489894332615e-06 1.8449237073703938e-06 1.7673444575126635e-06 1.9058109538155672e-06 
1.9352813384116218e-06 1.8140722670869717e-06 1.835649754075243e-06 1.7578414440987856e-06 1.8965684451139784e-06 
1.9353621372326333e-06 1.8142671880252485e-06 1.8357232528646992e-06 1.7579407976425452e-06 1.8966082962023191e-06 
1.9482360591075536e-06 1.827887128434528e-06 1.8487395791328485e-06 1.770972217063567e-06 1.9093681665436078e-06 
1.9456950519876106e-06 1.8251369168101847e-06 1.8459697095466792e-06 1.768375018227463e-06 1.9067042700792178e-06 
1.9442309559695466e-06 1.823570390186137e-06 1.844414197954205e-06 1.7668845859838545e-06 1.9051969467654333e-06 
1.9315443148065427e-06 1.8118390550350793e-06 1.8333143481603605e-06 1.7544537735271482e-06 1.8935188482263909e-06 
1.9320547850180675e-06 1.8123167953443122e-06 1.8337832140977823e-06 1.7549564873530147e-06 1.894005206115417e-06 
1.928928497572021e-06 1.8087975870271664e-06 1.8301757613321927e-06 1.7517224644162573e-06 1.8906058073071756e-06 
1.929179006408212e-06 1.8090182990333913e-06 1.8304080539465324e-06 1.7519670542353367e-06 1.890850494260275e-06 
1.9331874977859405e-06 1.8126561978188725e-06 1.8342764971799597e-06 1.7559100993710137e-06 1.8948572696355076e-06 
1.917121273883981e-06 1.7994210131178638e-06 1.8175811576565375e-06 1.7402569058526625e-06 1.8774097256896972e-06 
1.911542634526383e-06 1.7931170671709533e-06 1.8133033007031756e-06 1.734633642429299e-06 1.8731201238472728e-06 
1.909464463084323e-06 1.7918257978671921e-06 1.810666850283674e-06 1.7326485301695665e-06 1.8703435244588763e-06 
1.9051134588428824e-06 1.7879745769840168e-06 1.8057833336305632e-06 1.7283411427217913e-06 1.8654035705189184e-06 
1.9062319390784316e-06 1.7890196299707663e-06 1.8069569366447084e-06 1.7294523613296407e-06 1.8665895646128534e-06 
1.895067915295837e-06 1.7774406421639589e-06 1.7945374100189732e-06 1.718110578890526e-06 1.8545270331568723e-06 
1.9045957962634333e-06 1.7863440592980472e-06 1.8042781261836305e-06 1.7275591649119793e-06 1.8644192328478956e-06 
1.9017185767960418e-06 1.7838726573164646e-06 1.802779158001326e-06 1.7248420982781635e-06 1.8625465171503653e-06 
1.902381015860346e-06 1.7841979413365423e-06 1.8033760878148693e-06 1.7254422317858272e-06 1.8632587121728442e-06 
1.9085457794923906e-06 1.789502680753691e-06 1.8106138413976167e-06 1.7315484437467817e-06 1.8705648018140646e-06 
1.930683702797735e-06 1.8102149484394914e-06 1.8315874184029118e-06 1.7533986022366346e-06 1.8921829814139489e-06 
1.932374527631257e-06 1.8117196889442111e-06 1.83344863128327e-06 1.7550739917512485e-06 1.8940700718087284e-06 
1.9268965763721333e-06 1.8053149038169875e-06 1.8267901203178825e-06 1.7493458682785947e-06 1.8879103568899193e-06 
1.926979527127993e-06 1.8054409382244167e-06 1.8269691791012043e-06 1.7494430462478217e-06 1.8880587712799931e-06 
1.9290357066728735e-06 1.8071992579153656e-06 1.8292777234608626e-06 1.7514722376348824e-06 1.8904123857417917e-06 
1.9349924941019025e-06 1.8132177281810118e-06 1.835207442516939e-06 1.7574474351983771e-06 1.896327234648243e-06 
1.9145306306115053e-06 1.7947308734302275e-06 1.8143904717314947e-06 1.737255351043136e-06 1.874972792050299e-06 
1.9143896139546855e-06 1.7943285690504085e-06 1.8141616443822737e-06 1.7370634220165795e-06 1.874840044339768e-06 
1.922426175629008e-06 1.8022000325394067e-06 1.8232632517330536e-06 1.7451623275170002e-06 1.883797826607607e-06 
1.912186561167978e-06 1.7914026041836122e-06 1.813278396447844e-06 1.7348302029495074e-06 1.873939178449832e-06 
1.91351399358024e-06 1.7934374645137105e-06 1.816710254749538e-06 1.7364404638189298e-06 1.8767723733301152e-06 
1.919790684876232e-06 1.799180743119775e-06 1.822349160458707e-06 1.742589679111371e-06 1.8826894166238996e-06 
1.915734425212365e-06 1.7950560155712862e-06 1.8194658705217327e-06 1.7386101927541878e-06 1.8796146492950017e-06 
1.9136835690567266e-06 1.791804509781919e-06 1.8174469792056956e-06 1.7363657954717265e-06 1.8779569257510092e-06 
1.9059972395209294e-06 1.7847853189490375e-06 1.8106682068917361e-06 1.7288493118271212e-06 1.8708102643733534e-06 
1.9165083052310644e-06 1.7963342098766433e-06 1.820269839490813e-06 1.7394702314147037e-06 1.8802588629352145e-06 
1.9157931703250704e-06 1.7930733523384912e-06 1.8176493382779274e-06 1.7381884333959805e-06 1.8787625811567134e-06 
1.9166070545651213e-06 1.7938405156794924e-06 1.8181809967428834e-06 1.7389738277401385e-06 1.8793597396845154e-06 
1.915367688978015e-06 1.7927813960747437e-06 1.8174300505097613e-06 1.737799953084651e-06 1.878465070075057e-06 
1.9130737526568804e-06 1.7904483505121126e-06 1.8154839689305416e-06 1.7355240029511201e-06 1.8764679215310185e-06 
1.913007503986787e-06 1.7902963424810024e-06 1.815267673464439e-06 1.7354318484368073e-06 1.8763051109841094e-06 
1.9199995178726e-06 1.7969384589951407e-06 1.8219530617527927e-06 1.7423561457361954e-06 1.8831522592214112e-06 
1.9200115098647643e-06 1.7971160096969322e-06 1.8219769207111206e-06 1.74239520748353e-06 1.883123419684525e-06 
1.919567143912338e-06 1.7956800936708653e-06 1.8208394576458299e-06 1.7417388777656418e-06 1.8824147312053766e-06 
1.9289137788421795e-06 1.8051425247979321e-06 1.8313111924954167e-06 1.75121181522645e-06 1.8926453272492268e-06 
1.9288201814068065e-06 1.805108961262749e-06 1.8312584042266146e-06 1.7511307459964494e-06 1.8925668150495882e-06 
1.9082826753047963e-06 1.7842283976947576e-06 1.8111629406659252e-06 1.7305418503700278e-06 1.8724974995679049e-06 
1.9055778940101981e-06 1.7830213125909653e-06 1.8085440521196841e-06 1.7280714825985473e-06 1.8694066731697098e-06 
1.9002528267916122e-06 1.7772342894523826e-06 1.8029573296020484e-06 1.7226426712904958e-06 1.8640090939191656e-06 
1.9040599031053407e-06 1.781892947268383e-06 1.8083824173864672e-06 1.7267274531929961e-06 1.8688794317041752e-06 
1.9066171258010427e-06 1.7844193403594868e-06 1.8108982986942907e-06 1.7292809126899934e-06 1.871411998784764e-06 
1.8979917345393747e-06 1.7741950569815248e-06 1.8014887220560922e-06 1.7203248481645779e-06 1.862633345360744e-06 
1.8995477324915064e-06 1.7762922261026017e-06 1.803349318606159e-06 1.7219929301648086e-06 1.8642734329972998e-06 
1.8988284858691784e-06 1.7759402538699946e-06 1.8042890379257301e-06 1.721476830148773e-06 1.8647989443000139e-06 
1.8936064460428324e-06 1.7714622059962705e-06 1.8002051049543004e-06 1.7164644798605973e-06 1.8602814253022479e-06 
1.8911571532558487e-06 1.7697755710511642e-06 1.799059365246586e-06 1.7142521270214767e-06 1.8586661232728176e-06 
1.890987263132989e-06 1.7695712412428455e-06 1.7988651401575085e-06 1.7140742655175284e-06 1.8584868244140466e-06 
1.8860133312899944e-06 1.7630469586378543e-06 1.795035655410081e-06 1.7089728910104387e-06 1.8549200945193966e-06 
1.886210537156317e-06 1.763187872457895e-06 1.7954436684552288e-06 1.709184043870194e-06 1.8553066973906021e-06 
1.8765358822453764e-06 1.7542008110172726e-06 1.7850055210207653e-06 1.6995144674519093e-06 1.8447994127109957e-06 
1.8831647419684601e-06 1.7612391805681802e-06 1.7916055988727638e-06 1.7062146594495714e-06 1.8512800244448587e-06 
1.8813792214245384e-06 1.7595950068408008e-06 1.7896414609061394e-06 1.704429353142151e-06 1.8493055617054082e-06 
1.8813662899270645e-06 1.7595737446611087e-06 1.789603564961237e-06 1.7044126695550355e-06 1.8492747536426715e-06 
1.8867909861008903e-06 1.7658897325283003e-06 1.7964644010993985e-06 1.7101273530800452e-06 1.855602468379959e-06 
1.8869569519083536e-06 1.7660628496918994e-06 1.796528084765362e-06 1.7102843157611539e-06 1.8556826072027155e-06 
1.8921189720589053e-06 1.7708502878585848e-06 1.8022345782605553e-06 1.715455588042762e-06 1.8614036729575105e-06 
1.8955859700729264e-06 1.7734148361789093e-06 1.8050652828724922e-06 1.7187283110110369e-06 1.8646245820084074e-06 
1.8887264893267437e-06 1.76582836153496e-06 1.7974735104949364e-06 1.7116730015866786e-06 1.857387423188468e-06 
1.8577516908564614e-06 1.7330866798357893e-06 1.7634752617738826e-06 1.6800830330684284e-06 1.8244796974894726e-06 
1.8650695255714207e-06 1.7401165843460133e-06 1.770888437996522e-06 1.6873819942993006e-06 1.831962366835379e-06 
1.8645810960951836e-06 1.7386926356385161e-06 1.7697147609433753e-06 1.6866931047914331e-06 1.8311979808965973e-06 
1.8686145419424462e-06 1.7436869453257912e-06 1.7735492110162206e-06 1.690854085046042e-06 1.8347771964276263e-06 
1.8708659502863089e-06 1.746419266388416e-06 1.7764016368415129e-06 1.6932362303870863e-06 1.8373734702654748e-06 
1.8830826630036439e-06 1.7572462972014882e-06 1.7860708278523827e-06 1.7050399392271504e-06 1.847930022404259e-06 
1.87807485304305e-06 1.7517488151042255e-06 1.7798168843226128e-06 1.6998438794322594e-06 1.8420534038746521e-06 
1.87793506228525e-06 1.751782465105501e-06 1.779474823540141e-06 1.6997122680280946e-06 1.8416957039956875e-06 
1.8762258120169436e-06 1.7505129006756812e-06 1.77672172224601e-06 1.6979800415132863e-06 1.8390001988262713e-06 
1.8690948336972852e-06 1.7427569317291035e-06 1.7682905116906034e-06 1.6906411013490965e-06 1.830998100146837e-06 
1.8730617596459086e-06 1.7463529940029192e-06 1.7714886498309797e-06 1.6945013602230842e-06 1.8344493346104897e-06 
1.872161331406302e-06 1.7453872160535704e-06 1.7705283954095773e-06 1.6935851119521858e-06 1.8335200507266418e-06 
1.8862971513461104e-06 1.7596377473220962e-06 1.7860807085486673e-06 1.7078712474003948e-06 1.84877620592378e-06 
1.9019244676815455e-06 1.7742125156216268e-06 1.799679184357614e-06 1.7232138007452077e-06 1.8630640093193344e-06 
1.9049105873614088e-06 1.7756721320575535e-06 1.8023242257515194e-06 1.7259567431100617e-06 1.8662351891354269e-06 
1.8871121728346665e-06 1.7567533919068452e-06 1.7844280528908598e-06 1.7079629040505339e-06 1.8486993136172417e-06 
1.8869733152217598e-06 1.7568785889192786e-06 1.7843188189182683e-06 1.7078630855396341e-06 1.8485045648820559e-06 
1.8786701334009895e-06 1.7513031020583787e-06 1.7777768217558018e-06 1.7000734853887088e-06 1.8408123519199204e-06 
1.8790708899455466e-06 1.7516419908581042e-06 1.778149822774792e-06 1.7004636941553627e-06 1.8412091902539252e-06 
1.8793203804620787e-06 1.751922531835386e-06 1.7768446255907278e-06 1.7006012904793403e-06 1.8401793774821615e-06 
1.875740496519958e-06 1.7492704406344758e-06 1.773672839657901e-06 1.6971843926411258e-06 1.836651048503832e-06 
1.8569947149635051e-06 1.7305757544170535e-06 1.7566374272703007e-06 1.6785417920508284e-06 1.8192893321576048e-06 
1.8689980923521763e-06 1.7419261791926686e-06 1.7673108779752203e-06 1.6903678256639222e-06 1.830403509287084e-06 
1.8677202457484743e-06 1.7403528524207515e-06 1.7655869276460007e-06 1.6890107547040727e-06 1.8288513827373106e-06 
1.8860239322769366e-06 1.7574656515467607e-06 1.783747834781912e-06 1.7071602193000785e-06 1.84739782901415e-06 
1.8841664201324468e-06 1.7556784864398238e-06 1.7820746529609938e-06 1.7053236687163638e-06 1.8456697317691275e-06 
1.8851369569920085e-06 1.7567214295535525e-06 1.7833657143155887e-06 1.7063307253532778e-06 1.8468799046927226e-06 
1.8746584950775977e-06 1.7460677204304864e-06 1.771999251078192e-06 1.6957423146647217e-06 1.835730979200844e-06 
1.873001944159563e-06 1.7450680870278905e-06 1.7711176810694342e-06 1.6942365494471166e-06 1.8345078844660591e-06 
1.8710382342452077e-06 1.7427369841360574e-06 1.7697456090903675e-06 1.6922613098835075e-06 1.8331391035375294e-06 
1.8642136446555294e-06 1.7360789998736655e-06 1.762935809094852e-06 1.6854501043434503e-06 1.8262768741844041e-06 
1.8436174157704876e-06 1.71637294598402e-06 1.7416993009187256e-06 1.6648996504236142e-06 1.8048904648678755e-06 
1.8445821684256904e-06 1.7189317236481038e-06 1.7424974003172352e-06 1.6660949805468254e-06 1.8052342013617726e-06 
1.840445441895606e-06 1.7149791495178943e-06 1.7384826911062657e-06 1.6619878007504303e-06 1.8011417357763242e-06 
1.852130622494533e-06 1.7268260823543544e-06 1.7512355138841017e-06 1.6737965094116317e-06 1.8136477234555986e-06 
1.8445786401107365e-06 1.7176174336457693e-06 1.743928608786946e-06 1.6660003289065308e-06 1.8068006196704082e-06 
1.860270839936958e-06 1.7331677234683807e-06 1.7561707413664837e-06 1.681450346357669e-06 1.819716682156105e-06 
1.8639870612897584e-06 1.7347513636774662e-06 1.759724099665962e-06 1.6848442761972255e-06 1.823947845526022e-06 
1.8684688944690562e-06 1.7388500384437085e-06 1.7649616058211203e-06 1.6893319108243591e-06 1.8291621431985602e-06 
1.8845930189513171e-06 1.7531602929027363e-06 1.7806070175540077e-06 1.7051926446762874e-06 1.8454434455068322e-06 
1.8779018586868046e-06 1.7460016394645482e-06 1.7743777424867306e-06 1.6984611793994118e-06 1.83927171409403e-06 
1.8768119714210593e-06 1.744953216787279e-06 1.773161077863369e-06 1.6973655512797237e-06 1.8380659662343078e-06 
1.8797657158487488e-06 1.7486547253102106e-06 1.775558472282931e-06 1.700385922441727e-06 1.8403387072513849e-06 
1.8735845921108725e-06 1.7420231777255624e-06 1.769455549360638e-06 1.6941380083158408e-06 1.8343588033164688e-06 
1.869397411227939e-06 1.7377662003882555e-06 1.7632951937968667e-06 1.689795924784188e-06 1.8285834147664197e-06 
1.8462356616602623e-06 1.7123644316075002e-06 1.7422641028151289e-06 1.6664477141576486e-06 1.8078403922625786e-06 
1.8459286745218996e-06 1.7121711865670034e-06 1.7421591323753792e-06 1.6661705033946592e-06 1.8076637627975098e-06 
1.8580108571650026e-06 1.7248705575530621e-06 1.7541178323859683e-06 1.6783436940670511e-06 1.8194574191699497e-06 
1.8456576432262367e-06 1.711349768604859e-06 1.7423838399389436e-06 1.6658675501248137e-06 1.80796285996044e-06 
1.8246086013038953e-06 1.6888557733968402e-06 1.7178428574295755e-06 1.6443392562287967e-06 1.7845073260482082e-06 
1.8241011802220328e-06 1.6879972774036798e-06 1.7173450197908855e-06 1.6437874635120075e-06 1.784113616516245e-06 
1.8249292315982743e-06 1.6892204465814582e-06 1.7181540523277275e-06 1.6446653222890696e-06 1.7848069441083718e-06 
1.819448659331863e-06 1.6821344831445987e-06 1.7149229636999667e-06 1.6391479906969664e-06 1.7816417778152062e-06 
1.824318093419053e-06 1.6874650765211661e-06 1.7191132117446563e-06 1.6440270955882351e-06 1.785819182023214e-06 
1.824140306980293e-06 1.68704657074311e-06 1.71891203044407e-06 1.6438183103748588e-06 1.7856947690668356e-06 
1.8208149743929757e-06 1.6844620448592034e-06 1.7162088084561528e-06 1.6406251032987721e-06 1.7826534528428548e-06 
1.823239117630988e-06 1.6870992785788674e-06 1.7187748370112633e-06 1.643090233156595e-06 1.7851287528083826e-06 
1.8229713672156867e-06 1.6874242114441176e-06 1.7181787824658127e-06 1.6428696179054456e-06 1.7844152609445312e-06 
1.821936577626944e-06 1.686615644585161e-06 1.719735680081231e-06 1.642069278596521e-06 1.7854230253001708e-06 
1.8229431075358383e-06 1.6874915482547634e-06 1.7206892684707349e-06 1.6430572255158625e-06 1.7864256525327738e-06 
1.8214709891758448e-06 1.6869646752125788e-06 1.7184360613464453e-06 1.641634486970764e-06 1.784033045726337e-06 
1.8312782811555814e-06 1.6974500548045362e-06 1.7272735865576116e-06 1.6514684620030448e-06 1.7928448036187377e-06 
1.831611843464751e-06 1.69802818323294e-06 1.7280416898013899e-06 1.6518676718341281e-06 1.7934586139770455e-06 
1.8279755934187631e-06 1.6945619451766101e-06 1.7241106642150653e-06 1.6482246851254568e-06 1.789531286258186e-06 
1.8261063972667616e-06 1.6927209931763763e-06 1.721504577084752e-06 1.6463007438068e-06 1.78705334873819e-06 
1.8244000950224577e-06 1.692354546839428e-06 1.717780299989229e-06 1.6446326309909448e-06 1.7832974981619865e-06 
1.837348128763183e-06 1.704781031844371e-06 1.7309700923650305e-06 1.6575461403482575e-06 1.7965982402249904e-06 
1.8309203406212148e-06 1.6976741548787362e-06 1.7245821267183004e-06 1.6510181945863514e-06 1.7904094659874974e-06 
1.8293351147158946e-06 1.6941689306385044e-06 1.7227295124926671e-06 1.6491594231430851e-06 1.7891866193629289e-06 
1.8270656983680626e-06 1.6929374995528509e-06 1.7202823009125889e-06 1.6470093637618331e-06 1.7864592939209823e-06 
1.8231640435096878e-06 1.690349680898887e-06 1.7171488187036314e-06 1.6433293155739639e-06 1.7827870848152278e-06 
1.820821386362552e-06 1.6882311441419283e-06 1.7151379290166712e-06 1.6410358704331738e-06 1.7806474046512558e-06 
1.822212406569691e-06 1.6885838854701762e-06 1.712865275324045e-06 1.642053983737473e-06 1.7793667859475327e-06 
1.8008479247187623e-06 1.667888142475083e-06 1.690992641744734e-06 1.620718746166462e-06 1.7573905406385297e-06 
1.8007035583580414e-06 1.6674014374932924e-06 1.6907858403875136e-06 1.6205228386681144e-06 1.7572990269119474e-06 
1.8045548514086465e-06 1.6723168792439751e-06 1.6955330221263443e-06 1.6245804084950863e-06 1.761556968285293e-06 
1.8154905053782207e-06 1.6827040370457003e-06 1.7064418408057859e-06 1.6354553834729564e-06 1.7726345219757995e-06 
1.8237189993202524e-06 1.6910093704469627e-06 1.7137185612203705e-06 1.643654315761691e-06 1.7800621619366069e-06 
1.8365773747816693e-06 1.703841086041656e-06 1.7282371280097422e-06 1.6566256016254288e-06 1.7942791752074922e-06 
1.8414140224739745e-06 1.7090916788457854e-06 1.732908375873885e-06 1.6615181543775644e-06 1.7988544798896753e-06 
1.8416542361883597e-06 1.708848204654024e-06 1.735747128192582e-06 1.6618587281316542e-06 1.801359876716291e-06 
1.84274142340306e-06 1.7101912369226375e-06 1.7367493498817471e-06 1.6629767071761065e-06 1.802300183217725e-06 
1.843233687832393e-06 1.7106878689604966e-06 1.7374249044521149e-06 1.663482939457472e-06 1.8029404875965701e-06 
1.8581741314828818e-06 1.7244229621845569e-06 1.7499490390400662e-06 1.678124074391029e-06 1.8162730934660737e-06 
1.859963667473672e-06 1.7255294636539229e-06 1.7509193076464254e-06 1.679773009873497e-06 1.8176011222125051e-06 
1.864286494138919e-06 1.7307499561738691e-06 1.7540365570612667e-06 1.6841552511316102e-06 1.820667847678877e-06 
1.8628790803949837e-06 1.729586014648249e-06 1.7527444431227483e-06 1.6827862565044457e-06 1.8192809119805615e-06 
1.8620579320279565e-06 1.7293256793112238e-06 1.7524794556175864e-06 1.6820743195705685e-06 1.8187433934761846e-06 
1.866444327696648e-06 1.732888484767787e-06 1.7558459893326877e-06 1.686294378296976e-06 1.8225468857447461e-06 
1.8778116761413675e-06 1.7453864600880923e-06 1.7678493537278171e-06 1.69787454493676e-06 1.83408724914692e-06 
1.8803063944571855e-06 1.7488455061323614e-06 1.7700830621769013e-06 1.7004989425789682e-06 1.8360751407273054e-06 
1.8645649372956328e-06 1.7329524893372217e-06 1.753585936596974e-06 1.6846716350096444e-06 1.8197668666737482e-06 
1.8673138104987525e-06 1.7357048883110094e-06 1.7554364824642657e-06 1.687381029873944e-06 1.8217808645088575e-06 
1.8683005353640875e-06 1.7367663612677002e-06 1.7565084553315345e-06 1.6883844681621492e-06 1.822814145468974e-06 
1.8689258881375212e-06 1.7377211881516474e-06 1.7568938592223497e-06 1.689048728834467e-06 1.8231431535864182e-06 
1.8696180850155574e-06 1.7385860276593059e-06 1.7578874805663748e-06 1.6897821466451436e-06 1.82402860596508e-06 
1.8719527929127577e-06 1.740455036162196e-06 1.7587276300393788e-06 1.6919824258470382e-06 1.82528463733058e-06 
1.87131846824616e-06 1.7388321523077615e-06 1.757362938866874e-06 1.691167676732763e-06 1.8243555817831956e-06 
1.8714568287797784e-06 1.7389501395444805e-06 1.7574888432243413e-06 1.6913026834848327e-06 1.8244899420583686e-06 
1.8657339159208727e-06 1.7327086594444855e-06 1.7513711900639639e-06 1.6854779756539368e-06 1.8186044839979944e-06 
1.865984161811106e-06 1.7331284822999883e-06 1.7516078485967438e-06 1.6857531049289677e-06 1.8187919463488328e-06 
1.8718604501162092e-06 1.738472530336871e-06 1.7581211774885023e-06 1.6915870593976021e-06 1.825348302753702e-06 
1.8799569428861916e-06 1.7470061368711012e-06 1.7660505425693244e-06 1.6997521137333578e-06 1.8331731293452484e-06 
1.8823323311784688e-06 1.7492702482400555e-06 1.7685429803133856e-06 1.7021196736494376e-06 1.8356772581918895e-06 
1.8792399626306243e-06 1.746501291155228e-06 1.765310840678013e-06 1.6990644538986902e-06 1.832373213122998e-06 
1.8600186709897836e-06 1.7285757203385968e-06 1.749332002820848e-06 1.6801582182452134e-06 1.8154087127745918e-06 
1.8614088567914005e-06 1.7299264223175836e-06 1.7508090047911992e-06 1.681549227884275e-06 1.8168814066940978e-06 
1.8499115889641138e-06 1.7179134126986076e-06 1.7391844918518244e-06 1.6699518939348173e-06 1.8054399609136561e-06 
1.849259930948648e-06 1.7174472678487267e-06 1.7386962095715843e-06 1.6693347427551232e-06 1.8048653488713264e-06 
1.836325658076625e-06 1.7042721027214194e-06 1.7250149651710072e-06 1.6563068585711025e-06 1.7913983107523668e-06 
1.8341837918062923e-06 1.7028845128128558e-06 1.7233605147162983e-06 1.6542967782825032e-06 1.7894252349813711e-06 
1.8351635847551488e-06 1.7043490711022927e-06 1.7243980099175002e-06 1.6553530538060341e-06 1.7903044094721955e-06 
1.8370179037545132e-06 1.7065179606941653e-06 1.7269579710726833e-06 1.6572931594916622e-06 1.7926381697860386e-06 
1.8336523507499224e-06 1.7046958226031947e-06 1.7258508528715589e-06 1.6542766134392143e-06 1.7906464048474783e-06 
1.8221281654104278e-06 1.69207898837952e-06 1.7120685247896516e-06 1.6424467136465674e-06 1.7776153576999976e-06 
1.8392511114733005e-06 1.7074929321810316e-06 1.7291647209078427e-06 1.6593431898055927e-06 1.795231733409254e-06 
1.8393273641540993e-06 1.7075425117208495e-06 1.7292366195986577e-06 1.6594154580809193e-06 1.7953125193046805e-06 
1.8304945232693152e-06 1.699258249722378e-06 1.720421555807069e-06 1.6506494540415855e-06 1.786329659515592e-06 
1.8372229122898941e-06 1.7052794813234658e-06 1.7267563605805977e-06 1.6572647209392824e-06 1.7929502693322662e-06 
1.8384153382934e-06 1.7058542439374713e-06 1.7264761289782874e-06 1.6582950289731166e-06 1.7931291323394182e-06 
1.830280965340587e-06 1.6975107139561308e-06 1.7183939046406327e-06 1.6501202030039154e-06 1.7851029578473003e-06 
1.8319796959099505e-06 1.699038924966468e-06 1.7198559874638837e-06 1.6517855046135142e-06 1.7866600918114994e-06 
1.828213397035974e-06 1.6943843322490876e-06 1.7171136474628265e-06 1.6479391526254985e-06 1.7839989038702134e-06 
1.8288667210499583e-06 1.695079686072716e-06 1.7168959621416129e-06 1.6485545653074742e-06 1.783929437731595e-06 
1.8282251633579492e-06 1.6945016549704345e-06 1.7163447615157648e-06 1.6479254946387948e-06 1.7833424201122629e-06 
1.8203121953534629e-06 1.6847720528799484e-06 1.70796147497114e-06 1.639725336248e-06 1.7755986319982e-06 
1.8191636243572356e-06 1.6834344371050593e-06 1.7075881445861779e-06 1.6385902987283321e-06 1.7751389739312695e-06 
1.82560173840719e-06 1.6895923138407872e-06 1.7122178211460774e-06 1.6449079257616795e-06 1.7801872741318114e-06 
1.814487965332278e-06 1.6800500010676765e-06 1.7026475318337864e-06 1.6340690521455566e-06 1.7698578186222582e-06 
1.813423333390211e-06 1.6786750342091474e-06 1.7018691975523808e-06 1.6329748804557726e-06 1.7691206433165448e-06 
1.8216260674397376e-06 1.6888885613894759e-06 1.7120511515145636e-06 1.6415777264623199e-06 1.7783249957049895e-06 
1.8210205358191534e-06 1.6880582406567922e-06 1.711421271327316e-06 1.6409382413090988e-06 1.7777678906928538e-06 
1.8219843714637175e-06 1.6890311860510165e-06 1.7125891795313888e-06 1.64191652296847e-06 1.7788950693213559e-06 
1.8202631495925461e-06 1.6859963999348777e-06 1.7102282873165993e-06 1.639974493659611e-06 1.777050792076267e-06 
1.8256620966003165e-06 1.6913271125796235e-06 1.7160783442842172e-06 1.6453988374911434e-06 1.7828367787711535e-06 
1.8230616621837505e-06 1.688415190082574e-06 1.7136157825290249e-06 1.6427603878251007e-06 1.7804434469703086e-06 
1.836561091831949e-06 1.7024963928314853e-06 1.7262943952356784e-06 1.6563127163054095e-06 1.7930950325731853e-06 
1.8376344172926234e-06 1.7036254159040891e-06 1.7275316751511221e-06 1.6574046429574142e-06 1.7942848827449756e-06 
1.824678655479374e-06 1.6901149080562015e-06 1.717075210258416e-06 1.644506273093348e-06 1.7835361303187575e-06 
1.8187569933337494e-06 1.6824196605322318e-06 1.7103220960950187e-06 1.6382911376188622e-06 1.7774736569671999e-06 
1.801342920705667e-06 1.6661009065915974e-06 1.6933604586651685e-06 1.6210190293883143e-06 1.7601006048347884e-06 
1.8046447776432645e-06 1.669938814332617e-06 1.7006588066941646e-06 1.624679432915758e-06 1.7664942573592883e-06 
1.804216570077131e-06 1.669287073054885e-06 1.7007157164867648e-06 1.6242605809164448e-06 1.7665283616161877e-06 
1.8043816574247367e-06 1.669447148946558e-06 1.7008786653146517e-06 1.6244251588334546e-06 1.7666931991612443e-06 
1.8004585974876295e-06 1.6678890028113719e-06 1.6983162149885085e-06 1.6209047385524229e-06 1.7631661154664781e-06 
1.7990907664753602e-06 1.6673332538584405e-06 1.6985700858005174e-06 1.619773766214328e-06 1.762874541099775e-06 
1.7999600149041597e-06 1.6686044057486543e-06 1.699036010656133e-06 1.6206638249725343e-06 1.7632939265705962e-06 
1.8050379636747408e-06 1.6739224778726801e-06 1.7035264380607668e-06 1.625735219141037e-06 1.7678201678999662e-06 
1.804432266413714e-06 1.6733787868169127e-06 1.7029784621507889e-06 1.6251413904122807e-06 1.7672428471870085e-06 
1.8079453644459835e-06 1.6780020417544922e-06 1.7070555734410554e-06 1.6288570427929948e-06 1.7708798009142866e-06 
1.8038476222841158e-06 1.6721058446112805e-06 1.703338061559064e-06 1.624542251444157e-06 1.7676353007425126e-06 
1.801012679648129e-06 1.6691556980490083e-06 1.7003330678853381e-06 1.6216728152927359e-06 1.7646968077857406e-06 
1.8100810656203941e-06 1.6797579235800587e-06 1.7099305061362984e-06 1.631005586420165e-06 1.773732596432664e-06 
1.809447017513908e-06 1.6791895405295717e-06 1.7092752999442445e-06 1.6303774845534176e-06 1.7730615290008082e-06 
1.8108709204896143e-06 1.6804052023559892e-06 1.7105730046298707e-06 1.6317653615690825e-06 1.7744453355347433e-06 
1.8105517185224042e-06 1.6802283711920517e-06 1.710046086799563e-06 1.6314476052693179e-06 1.7739138565135626e-06 
1.8103080304768776e-06 1.6799503618930243e-06 1.709937979847746e-06 1.6312100340112362e-06 1.7737910692755391e-06 
1.8086499041445257e-06 1.6783671016860555e-06 1.7083268053313362e-06 1.629562901488339e-06 1.7721487581148109e-06 
1.8099411543915863e-06 1.679905722616116e-06 1.7104555078191641e-06 1.6309603815984454e-06 1.7740477592419766e-06 
1.8127466604297154e-06 1.685057538565983e-06 1.7139536190082637e-06 1.6341544170075823e-06 1.7767082325411487e-06 
1.8145442782348022e-06 1.6854665834317048e-06 1.7144147522405262e-06 1.6356494385432594e-06 1.7778360241494094e-06 
1.8140287998197251e-06 1.6852110223388553e-06 1.7141615682983171e-06 1.6351907714544947e-06 1.7774558361933812e-06 
1.7979978170062841e-06 1.6691882245153193e-06 1.6980610018892878e-06 1.6191253957053675e-06 1.7613673464250347e-06 
1.8014091359916134e-06 1.6731086359696393e-06 1.7007937450848828e-06 1.6225603210664951e-06 1.7640710115859979e-06 
1.7997394992592253e-06 1.6717330620615743e-06 1.698582461311056e-06 1.6208875496260538e-06 1.7618708895416308e-06 
1.8080482128557755e-06 1.681023170057816e-06 1.7076154498604476e-06 1.629410213668258e-06 1.7704716749878045e-06 
1.8140970999221037e-06 1.686447271573424e-06 1.7133771268776197e-06 1.6353570752709536e-06 1.7764749432800074e-06 
1.8079067976626926e-06 1.6787318633363144e-06 1.7072662149151217e-06 1.628944798162828e-06 1.770812016171025e-06 
1.7977757947990128e-06 1.6673216593474409e-06 1.6954790058409437e-06 1.6184882459850981e-06 1.7597191624117217e-06 
1.7993983587754714e-06 1.6688179081195117e-06 1.6968975458544139e-06 1.620080806960349e-06 1.7612134412316118e-06 
1.7903243219395315e-06 1.6603321757645808e-06 1.6896595573432972e-06 1.6112150234601056e-06 1.7534588305836362e-06 
1.7949880444158585e-06 1.6669247880408842e-06 1.6953576466914468e-06 1.6162398750348078e-06 1.7583819154928793e-06 
1.791587146551232e-06 1.6633831959862504e-06 1.6923523529753282e-06 1.612845252827123e-06 1.755346440675097e-06 
1.7948581262888057e-06 1.6662035826513108e-06 1.6954452064125095e-06 1.6160446313103519e-06 1.7586081464071284e-06 
1.7897836988486514e-06 1.6606632010034388e-06 1.6908011996523185e-06 1.6109324887970684e-06 1.7540258139640726e-06 
1.7897637513598002e-06 1.6606314164088552e-06 1.6907756489579548e-06 1.610910404778408e-06 1.7540048772416414e-06 
1.7685119582761832e-06 1.6406024359519092e-06 1.6680153542472972e-06 1.5896656491149839e-06 1.7311564827225097e-06 
1.7587269881959527e-06 1.6308537451795673e-06 1.6578457921130106e-06 1.5798370435204034e-06 1.7210484887034618e-06 
1.769621928458466e-06 1.6456452508031842e-06 1.670657868733544e-06 1.5914802794571105e-06 1.7323235067146443e-06 
1.7716121004400003e-06 1.6472614522180644e-06 1.6721370789711104e-06 1.593377841738539e-06 1.7340102142201344e-06 
1.7750938718018156e-06 1.6506826627919154e-06 1.6758237258545411e-06 1.5968730146344265e-06 1.7376769697234842e-06 
1.7742573252262442e-06 1.6497481286207343e-06 1.6748441632470584e-06 1.5960088372670363e-06 1.736753650841894e-06 
1.784885463376654e-06 1.659734292340302e-06 1.684655651296209e-06 1.6064981572755542e-06 1.746909064717778e-06 
1.7834223841914348e-06 1.6580478493696247e-06 1.683276853408483e-06 1.6050047488904626e-06 1.7455827675111957e-06 
1.7797824440359753e-06 1.6546075754784233e-06 1.6804764808799587e-06 1.6014523634567906e-06 1.742567485471883e-06 
1.779231067226912e-06 1.6543139461704205e-06 1.6820654141724128e-06 1.6011125848526152e-06 1.7436835674881768e-06 
1.7787146044054582e-06 1.6537231002521048e-06 1.681398863449892e-06 1.6005713926065228e-06 1.7430672996959506e-06 
1.777179656232538e-06 1.6525705964067197e-06 1.6803660716099216e-06 1.5991326231643031e-06 1.7418261258380038e-06 
1.7765067715642905e-06 1.6518384112147045e-06 1.6797773011918306e-06 1.5984567676376166e-06 1.7412398829430363e-06 
1.770584518000508e-06 1.645330228315291e-06 1.6734947401858974e-06 1.592405315909794e-06 1.7352019246648132e-06 
