-188.15884005853155 -269.52540825503405 772.0002445955595 
-188.54083111219904 -269.63700721189707 772.073003442205 
-189.97264805805943 -268.85197914794196 773.1443159782383 
-189.99887831289738 -268.97475255961183 773.0729644942433 
-187.6379850855618 -268.8452086891545 773.2927912902308 
-187.59111244172954 -270.15172185696866 770.7929264417344 
-187.5899793744122 -270.1711282595336 770.6461678172442 
-186.71658671135685 -269.6058316733487 775.2516179087705 
-187.3893329557098 -267.85310580037003 776.0822442084659 
-191.61192627094667 -268.60794342177275 776.0103683018614 
-192.19132217901287 -269.36765117875916 777.6352208949052 
-194.34344970994093 -267.84216411573084 779.1140009191223 
-191.0436226932762 -268.57380958175327 779.6671719251142 
-191.07678173724753 -268.44734172060424 779.4829934816557 
-192.2376265959579 -262.0144011696716 780.0449838992422 
-192.92343312917887 -260.866792000062 778.9869675240718 
-196.07474365267197 -266.0754707885314 781.0330762162934 
-195.4445383106217 -265.75869037731655 780.9981874817387 
-195.35716625387678 -265.7710586911116 780.7692433551695 
-192.9926917923213 -264.02969984687064 778.9546406677327 
-193.91182328273734 -263.81414597625815 777.8768982583526 
-196.12681769361384 -261.0364004529205 780.0058272628403 
-195.07782913846276 -259.86336993187643 781.2889612352685 
-190.74054572159272 -256.6727528117008 780.9814470065779 
-191.76881313684925 -256.945248988377 777.9888734245957 
-191.49036832309017 -256.50690472428806 777.8289574815684 
-189.1353934480881 -254.71840099426004 773.9464748445444 
-188.15044811333945 -253.1992413109 772.9875892590654 
-190.7506786453317 -254.50750461908575 772.6495216608865 
-192.96270978009102 -255.29553624189228 772.1615649851861 
-192.31484348509596 -252.35165137291722 771.0681366785749 
-188.64085057035496 -255.52395442240353 771.3298135167025 
-188.85262523410216 -254.6860796849923 771.5801609392242 
-188.95300993374826 -254.64767882410274 771.515604378057 
-189.6701949300332 -254.65582344828283 772.4993466416468 
-188.65523966132352 -252.5001116342311 772.6595334000745 
-188.66244157147764 -252.51085368549238 772.6591896756473 
-189.02120830362838 -252.94753161108017 772.5988849143042 
-189.38455635323285 -255.94027120475081 771.6946157750574 
-190.65413534207187 -258.0499259214874 773.2848156197912 
-190.36462992426624 -256.2458590148303 773.402536816188 
-187.89734626704438 -260.28716082015694 772.6114163343938 
-188.13401061775863 -261.1181855611125 772.5464977236056 
-189.74430795628302 -261.1963696310069 771.0684061717121 
-189.81516401838485 -261.11250763225553 770.5647091229262 
-187.73805794012324 -261.4470281416094 769.4233035056479 
-193.84023924889794 -265.9680220060176 773.7217506080193 
-194.32334675996591 -265.96192560520336 773.3818490538996 
-195.60391203651693 -267.2281561263309 776.9454442153907 
-191.67716192329868 -270.6610761625936 780.9523925816134 
-196.13078673516807 -267.71072003681 779.4919054803909 
-195.6519162542045 -267.691779182766 779.5474075571268 
-195.4736323479761 -268.36509228390764 785.1016899141589 
-194.82554686687638 -268.07081661912196 787.4700249655764 
-196.16822254343975 -267.9922254718067 789.8308472896848 
-197.50785615820973 -270.45315552630575 788.6690820687073 
-202.2973069944513 -271.7702590433399 793.6327555607405 
-203.1866874150492 -273.50974441632195 794.6719819925778 
-204.9082170389387 -276.7065083883036 792.4036432485898 
-204.85447132434433 -276.689479339874 792.4435530834181 
-209.26540028023436 -272.29502199956084 795.3233885138085 
-207.94169894782678 -271.9139364297283 793.3150837560397 
-207.16561658209667 -272.9358216881195 792.4155532183863 
-207.69135451274042 -273.2266274791418 793.5108701401218 
-206.37755285348922 -274.5157152760288 793.2836227193984 
-206.36938857254972 -274.5182797299489 793.2798416774895 
-204.98504353629107 -274.14773170820104 790.1804055985195 
-204.43379232379192 -273.86779182641794 790.056801122059 
-204.18409863448974 -273.18472301175 790.4233128986693 
-204.18173979438794 -273.1933757094643 790.4781447883928 
-203.37919602859924 -273.9180016797198 790.3056663086157 
-200.89787643721726 -276.4147487807776 788.3950574978684 
-202.45651170452985 -275.69343042674456 787.4396703218039 
-200.56783047731096 -276.40995993376623 788.3725839628604 
-201.36995471613736 -277.1588909121979 791.7392048311546 
-200.8598120630452 -277.79034152612 793.1735842114269 
-202.04505809678605 -275.7845155431066 794.5375351417314 
-198.53311442521735 -274.7901061072346 794.5588722504814 
-198.71165597666965 -274.97452067729324 793.3946766521556 
-199.1970433759939 -273.66011486144663 786.8153152173794 
-199.36225227167395 -272.9518495934646 786.9201523108953 
-193.01562113654552 -270.502206962238 785.6468632700925 
-192.7548625391947 -270.8079625147601 786.4647784708012 
-192.26605814883396 -273.13696384516345 787.8863284739822 
-192.7889725966862 -275.7153959268216 784.3763457755407 
-195.08071904217266 -276.2564074091116 787.4596445771228 
-191.6456277999852 -276.5358601288339 786.5748239899372 
-187.60996583743452 -282.37297298618074 785.4735393801902 
-186.33999249690754 -281.3287508441619 784.6928795943262 
-187.0852848176704 -280.68317002718163 782.6867962293213 
-186.29184692702808 -277.4847313121295 781.5802741819442 
-186.297777325174 -277.516594396051 781.5764163131669 
-185.78851893056344 -277.9673992693719 782.687099129895 
-186.23870199944253 -277.0679998819073 782.3302802170954 
-187.30925520938266 -276.0802376828226 782.69350798721 
-185.2202159060961 -277.4420897780213 780.8286287143382 
-183.52603250108552 -277.0778186042692 780.21211778556 
-183.97205864585112 -277.48319455206695 780.093548780491 
-183.75688719642093 -272.6964475289111 783.1738722455271 
-190.20347541491677 -270.985980746616 779.786272021523 
-189.94998517056564 -271.6301058024437 780.4955332230548 
-190.72547196446317 -270.7110479174326 781.1478878293947 
-194.39899422909255 -272.06931571907324 780.1001029823392 
-192.81990384869394 -272.6163527764639 779.4982284397381 
-192.34108664275018 -273.263479592494 778.6710759712558 
-192.07705574518934 -271.9957157027651 779.684853689123 
-192.95452647472493 -272.4599356147357 779.6968607471422 
-189.88072295429853 -273.37864878482327 778.3164959222732 
-187.74689059282176 -268.649235013343 775.3635620020893 
-187.82145223699973 -274.2883735563152 777.0045078639704 
-187.15506395948043 -273.94655293291294 776.8761684717325 
-183.67529432925127 -268.46911858867765 776.2176225952256 
-178.52061353803646 -268.5829941261284 775.4639601150359 
-180.20629025567055 -273.01398635752184 776.6315422985892 
-179.6216231144179 -270.0209254204597 772.8028070996401 
-178.80955948145595 -269.3771378955739 772.5786852287421 
-179.3223324031865 -267.1100617029012 771.2443406693516 
-179.2834347134242 -267.62194200644245 771.1916291688476 
-180.96467105280146 -265.7016968486279 771.428371500831 
-176.55265191227915 -265.12794344101775 771.3492917444269 
-176.67527756242686 -265.93022659997405 770.9481674017544 
-174.29376229901513 -270.0748457930857 771.909926401274 
-174.90369952174345 -270.2397409035527 771.2644054521674 
-174.881720899038 -270.07362389958615 771.1377412807071 
-175.1384250528497 -269.2348745425774 771.4376036190866 
-174.2527987460519 -266.90612099002266 773.717443211825 
-172.63145708723223 -265.8026122905458 775.6805466060658 
-172.18478141022732 -265.48445884204153 775.4638768420011 
-173.0434939911914 -264.1329280310631 778.2423353965022 
-176.29339152282762 -262.85880015528534 778.0140256661322 
-179.1158219293924 -262.7898850454863 777.0755271505918 
-179.52601802456044 -262.8598007005011 776.9907942230951 
-179.78829949910175 -262.21980439984566 776.1261389251531 
-178.23769733523076 -260.22471996387736 774.9452535158429 
-179.43965201567536 -258.4497002694755 777.860054407219 
-184.72811477663535 -259.59212033630183 777.5944019974322 
-183.99562615488082 -264.6359514047766 775.9395311803308 
-185.26031085052435 -265.6065550994425 774.5505149721395 
-185.4435874553434 -265.38995473079535 774.7758875260266 
-185.67004932183613 -267.15598532382876 773.1764549051974 
-185.84945655357433 -267.44990351262925 773.3390101452397 
-185.837571054983 -267.5700823679558 773.3408596661982 
-185.9678849520266 -267.6612606889302 773.4304176260842 
-186.21067441290893 -268.1236330238646 770.0480589921574 
-187.4903930992482 -267.9679280742441 769.4617048323212 
-186.73464371116216 -266.7889073125824 770.7915089305164 
-185.86212347953318 -266.63175841218646 771.2666589304539 
-189.29853292450332 -268.8398332148661 775.148311096917 
-188.4712978113251 -268.54091510715443 775.9861611884317 
-187.80673649069658 -266.87337816395245 776.33152159833 
-187.78601985923342 -266.8894164684433 776.3874005732192 
-186.49988908585047 -272.284706043717 773.9600631768136 
-187.52600004447973 -272.5311813233022 768.0247315407338 
-187.2615046124778 -272.6165550891858 767.8556454479078 
-186.43930828674254 -271.8042820335878 766.8959638862636 
-187.64679598569586 -273.8745676329656 772.1490116332544 
-183.49710688856797 -271.22352769031363 773.3917071504699 
-183.21049233554893 -267.9011921270606 775.2805872049267 
-184.01254835803343 -267.94201700301136 774.529767128612 
-185.0875294192841 -268.5840305132657 774.0262271586074 
-189.8282991022206 -266.2252073279206 777.891948803958 
-191.5128349224792 -265.0773439130887 776.5862014375339 
-191.5864789253725 -265.0927841368404 776.6151327876598 
-187.80390348501373 -264.08543026241676 774.8256297440553 
-187.80650786567983 -264.3374217999409 774.4653983823409 
-187.8849821903923 -263.12420313092406 774.6338337686194 
-187.40480545528186 -264.0046339399866 773.8952324228277 
-186.2086424545654 -264.7718080967543 780.0762704436813 
-185.81473376142407 -265.83234663285305 780.7984010307822 
-186.68073752942166 -261.98293384552636 776.7677448070505 
-190.10687256000296 -261.10669968958 776.2585122788316 
-193.98676412388917 -260.52275218126675 776.9806481656384 
-194.41124030733798 -261.0744319236325 777.1173668317291 
-193.79935639453493 -263.46306317706774 779.9655669411195 
-196.3789446098297 -262.9492300691089 783.9980911336299 
-198.57352782046914 -262.93052547187517 788.2090631803361 
-200.6915318319884 -259.9069604913634 791.9223703254237 
-201.18610595021104 -260.265849170363 790.8676421652737 
-201.32000291663203 -261.0350001933622 789.6602280975611 
-200.6457949081415 -260.63561751255685 789.3717351676629 
-200.32909990906535 -261.97698082268084 791.1835612079246 
-202.82472851574167 -263.4479134590579 794.8119745388234 
-203.63543636748355 -260.9306342054807 794.5076424961856 
-201.38617620806187 -262.93244046784366 799.0655039331235 
-203.13030233574176 -260.00704349039785 799.4504835934417 
-205.35690838895496 -260.42913793470797 799.2798820587598 
-205.32807761966745 -260.1237455757196 799.1708626178134 
-205.04182059702327 -265.85347617046415 805.0370765037239 
-203.97074415624115 -266.7495476916896 806.3112932529815 
-207.1655910858816 -264.2961488471399 812.8688873687764 
-207.67319984867666 -261.74440782212383 810.2117286274528 
-206.95432898511558 -261.9295621288184 811.9707535031131 
-207.19841324206777 -262.0351203743591 811.2994385833813 
-207.69608889418802 -262.3506033385829 811.1172505269745 
-208.62607466718467 -262.89237864942777 810.5182090636833 
-208.62938656727732 -262.1006937501895 809.386871637445 
-208.67608492921084 -262.26239591446307 809.1297637943676 
-209.08016035706137 -261.88200562159693 808.1570683217443 
-208.42242454760404 -261.31554254536223 806.7838824124334 
-204.80562908603292 -266.25904410889075 808.8678842106068 
-205.53301706734155 -263.5605404852307 808.5995668124225 
-208.74660519814944 -262.71241651053685 809.9492333157356 
-209.2966160331845 -261.55119440255856 808.2907471229634 
-209.35691815866383 -261.52140514784105 808.1224120513531 
-211.16031032158799 -258.34054712669973 803.9201603661868 
-212.85013589044945 -257.5350601942975 804.1651098241316 
-213.19010213998862 -258.59510728172285 803.0863361127073 
-211.99957449299384 -257.7938924497698 801.9978354169494 
-211.3987951170604 -258.81857286891676 797.8779284324856 
-215.40365034527795 -263.8099382505694 798.1381920783716 
-215.31051875065373 -262.3179640480679 798.4596402474178 
-213.3359155506566 -264.63961954214557 800.5662366640112 
-212.04268804387092 -264.5132956069949 803.1715051217631 
-213.8885960672211 -263.3277026578403 806.6815862028495 
-214.35394423274352 -262.96844759761893 805.6296237272289 
-213.44119210840017 -261.19115460848246 804.3557148969401 
-211.86916738304953 -261.6850505454962 802.0658283633496 
-211.97853692264835 -261.72545536556964 801.9312473338122 
-211.93152087201835 -261.2235500794704 802.7133111255831 
-210.3982636554797 -258.9339668033416 807.0302516291658 
-211.7269365392786 -256.4078998042941 805.0115540467577 
-211.04866198782165 -255.48505853232905 805.5923756865562 
-211.78916849234986 -261.5136725347488 802.9554266646464 
-211.1854936424553 -261.86803845349266 802.6118132987235 
-210.56313817281662 -260.4828812876228 802.239756823644 
-211.35758379845794 -259.6136636515947 803.2904530042778 
-211.250507897372 -259.9173837238719 803.188942321957 
-211.40504614904202 -262.3415418549443 803.1711411979232 
-216.48132987866973 -259.48007357695934 798.5601363184489 
-216.17658213382853 -262.8272871689582 798.2865201501539 
-219.06723593783718 -255.2271459455173 801.2407653060551 
-217.8517940971042 -255.79470855485908 799.8639085604875 
-218.56977421843922 -256.66573834079355 800.74545470817 
-218.80527051771492 -256.16211265527016 800.9976027597888 
-219.03868769296852 -257.05537351112804 801.7538898455302 
-219.01645754106505 -257.00782739554967 801.8002251645084 
-219.00964116668715 -257.0198495296415 801.8071304480471 
-219.03203123629606 -255.51057716612635 802.0472687184794 
-219.37088630758478 -256.03322700776954 801.8766391841207 
-221.02334421748816 -257.04245404149015 802.3673725698904 
-220.96025029898124 -256.95045012492545 802.7826418014371 
-222.60728634492403 -257.12137373385724 802.7204426133031 
-222.84435655995782 -255.28522371196058 798.6136173400336 
-218.82554628501993 -253.87201467917768 795.8484858706148 
-217.2530952461108 -251.8614646630817 787.3070038589008 
-215.0949952694375 -252.8976228693033 786.9986277814421 
-214.33043752240195 -251.98516342861387 787.1217033861885 
-212.529709292708 -253.5678875123113 788.4559223360014 
-214.9821388570361 -253.87075747446886 786.4949767805298 
-212.03495995159219 -254.3072753493531 787.2280926592338 
-211.88209606535585 -254.1689158261072 787.1634976820967 
-212.0915293107296 -253.9850633668642 787.3324927935072 
-210.4284227347764 -252.91221925246424 785.5196111227742 
-208.78035114507114 -256.8921198242179 789.9103943273249 
-207.05432642071452 -257.2560988326687 789.9927459305272 
-207.3830290536774 -257.4332034244993 788.5852341195009 
-207.42198270647273 -257.2395393185707 788.5746277387441 
-207.60293480956264 -254.08821837020108 789.5610722389736 
-203.93424924454376 -251.78725927262755 788.4312667444452 
-202.58278056721463 -254.79093509815797 789.5791370947895 
-202.70802495941209 -255.80668192761001 791.8380622843767 
-200.9388487045134 -259.46565971770667 787.5328913210974 
-203.99574158992812 -258.5286020620663 786.8805732092305 
-199.5395015973885 -262.1749192143942 786.7914150084423 
-199.5563309540785 -262.08176212395267 786.9456700561184 
-199.06850574553613 -262.13644590061875 787.2070067195375 
-199.22115982099274 -262.27245378861454 786.9706034672723 
-198.34308210149018 -262.3635025727819 787.4001357548553 
-198.07885741543095 -262.99307673728157 786.9985664483648 
-199.02586390019258 -263.96429350116495 786.3938845462873 
-198.8126977547529 -262.8846758148728 785.0532602619173 
-194.3100917928683 -263.9439019856558 789.7294315965994 
-194.304635381507 -263.9216898717481 789.7681878508167 
-196.67083425145557 -261.1236665562054 789.4640561379656 
-197.09498985303145 -260.46582798887323 788.576703864524 
-191.61465555205731 -254.40615743880625 788.7555108886812 
-194.77782968303833 -252.75688081046746 797.1948240544456 
-195.45224688605154 -254.41927639612325 797.7880502015598 
-195.06982650392007 -254.15965356414276 798.7330132387951 
-195.03190850205513 -250.54891251384188 799.2558688689857 
-194.8647169725625 -250.34355135303534 799.4872908178198 
-198.927760359458 -247.92780469399702 798.6310302794126 
-199.63978549924775 -248.55232049214925 798.415828820729 
-201.27221731521354 -243.01373803285315 798.5100339819711 
-201.48722882190143 -242.18134026173894 797.295427631501 
-200.556628925738 -241.09905650534975 797.3342512132626 
-200.2710802534226 -241.78022771067745 796.5978183719377 
-201.1206771253718 -241.09445054967935 796.196373919772 
-198.82223852788397 -241.1796160688639 794.7310520091623 
-197.17633987901266 -239.5277134109694 797.8617850787066 
-194.7055193250814 -242.34406457501345 795.2648614381826 
-192.36278878369964 -241.53657864384346 799.0825715946429 
-194.50327688959158 -239.6031653247108 792.2994456763066 
-194.2753474708735 -239.50883211748084 792.0537512315102 
-196.15287751825818 -235.78036899625948 793.2885675583786 
-197.55764695676808 -236.5760215489932 793.3677564078796 
-196.81040677669054 -238.69542703798706 792.263905765819 
-194.2656446364034 -236.80258044706486 787.7946320466808 
-194.24385287581532 -236.82690549245422 787.7603606852755 
-191.19488878015397 -234.23144401525965 784.4444414235529 
-189.03540927047464 -235.103720893185 783.247470969039 
-188.7754518755517 -234.86925971479909 783.7775808815578 
-188.64482898795444 -235.62287984378335 782.1028933403694 
-187.46542885482418 -235.90802675288478 779.4810411143587 
-187.08917984942707 -236.05706426339896 779.2546892189227 
-186.61180463449207 -237.04939243676546 779.7042710155599 
-183.5282376806418 -242.60682874985972 785.1301542531675 
-181.4637230108844 -242.71882738970675 785.4983397941544 
-180.19738356663555 -242.23216282769164 785.9147413994036 
-180.28193584234666 -241.87203371760523 783.838833765928 
-180.55478330560055 -242.5834777032871 784.4600905781613 
-181.67889058314796 -246.38373318840843 781.81540973316 
-182.5025849988904 -247.90290199708085 780.7438561602548 
-183.25192518152454 -247.40633415478848 778.3928382349451 
-183.52659096366054 -247.49274198149308 780.0647557000383 
-183.40295618396726 -247.43696432336446 782.8641739900943 
-183.4799776829368 -248.0189797224263 782.9182700329654 
-183.75083694292107 -249.1984363991981 788.2311313520632 
-184.03220864050172 -250.38392364535966 787.2817657986421 
-184.76093631191944 -250.57195841201607 787.4450396329006 
-185.35767516458978 -249.39611545860762 785.3429352387068 
-184.87385791708397 -250.0670964009637 785.5341134352141 
-184.79189782949337 -253.45576418836163 790.7801057789585 
-184.19219567821744 -253.1304122410288 790.5767225550136 
-184.34052343050638 -252.99573991494952 790.1682865349703 
-184.00236743045986 -255.16202039319597 786.361085558408 
-182.95508452403186 -255.9779870286513 785.4211075819627 
-182.58958671866807 -256.229015179508 785.9711632646848 
-180.7946646461927 -260.8931328413612 784.7636101935951 
-181.547471050112 -259.7492194517374 785.0647520527453 
-182.69373381040504 -261.19656216778924 781.8225452322218 
-181.72437975183846 -261.7559634388591 781.6723207750566 
-183.7615428346042 -261.39684155807686 780.7628191082881 
-185.2433123765032 -259.06279183090015 783.6857977544569 
-186.233272476655 -259.98374238986884 783.9192854672701 
-183.8286247493387 -257.36481383241636 785.4850755967267 
-184.93494930146502 -256.59842069366897 786.073473605104 
-184.70927410294001 -256.80801171383797 785.3957218593059 
-185.62498129634676 -254.30632591035064 783.9816562066171 
-181.68599540435815 -252.8587822129471 780.3874546572063 
-180.4615766729231 -250.39931128090663 778.3256057261923 
-178.33432514255637 -249.25563926501533 788.0090505907915 
-182.00777275427097 -252.9700322793679 787.7484620545276 
-182.02272627330265 -252.88076982275265 787.6045277730168 
-181.99122349918636 -252.90672512397418 787.6060901384657 
-182.33458849752745 -250.59360410135636 788.7151485399029 
-183.06861225047598 -248.66171540231142 789.8841124059413 
-180.34747163885268 -246.57075312983278 792.2215545375509 
-183.35684298275677 -244.69587166227197 795.9723443122074 
-180.8847066087518 -245.19305488769595 795.6627939442159 
-179.43368558882284 -243.909194415356 795.0665948360073 
-181.3895910660246 -245.92020378075446 795.0848043581693 
-182.8406206848463 -247.12515835646403 790.5124885722443 
-183.79120308065924 -240.87934511715974 791.7984549979986 
-185.61995719864439 -241.714274961952 790.6216202022923 
-184.33999992918683 -241.79443010835348 789.0737473049612 
-185.53037990197268 -243.06638143835005 787.0291828661033 
-188.89021157549806 -241.01284068971117 788.3054191077324 
-188.67942823645873 -241.87338393794087 785.7011933441303 
-190.33887224681027 -239.18237099263635 790.69685996758 
-189.35552665852177 -238.7905138338378 789.9772351190707 
-190.87025632486424 -234.8734973298165 788.8112735861704 
-192.06445235302706 -235.5579336565181 789.2424006969719 
-190.9639596095127 -235.788755716093 786.898121295757 
-191.0850633691805 -235.61715260960074 786.9168082396656 
-190.27498769740444 -233.9277495610293 786.3496938956292 
-190.32111938503624 -233.99179959787136 786.478843912833 
-190.6985730940239 -233.98382262511905 787.015300628415 
-191.4561475895131 -234.3945965607456 786.04334274207 
-192.25150069683062 -234.41542695222324 784.8091378110033 
-182.5570693016124 -235.7834495390647 787.6438178054392 
-179.12828563739032 -236.42464214702147 786.0962127785111 
-179.40442808104015 -235.2935527423604 787.9113042239769 
-179.9168024207328 -235.23785707931054 787.9950923489325 
-183.2911755255943 -235.69462776629354 788.8210708583495 
-182.21869337986482 -234.8111371486809 789.9060387295053 
-182.12982653613346 -234.9392776485914 789.9508746752911 
-182.91459949189505 -235.77648247026255 791.2662077475117 
-182.8370145903971 -235.7572330068125 791.3344684113533 
-182.93665422090817 -231.9008075704987 794.3537492307032 
-183.246404498441 -231.13185888308092 794.6563018715151 
-188.4126825995166 -229.6475748690445 795.0735385781826 
-189.22117268271498 -229.69181335715498 794.4883653646122 
-188.79374675525347 -231.03581782606685 793.3563550060677 
-190.0425242779427 -232.41306561003367 794.6587810541978 
-190.69683639127751 -231.07743713345766 793.5841128135502 
-191.0249069815038 -230.30215757484459 793.4357026800783 
-192.4941506196864 -230.25284980145332 792.995056376766 
-192.8161454685798 -230.22334544714408 792.697248410485 
-192.76043905962788 -231.10743968853293 792.8718217245328 
-189.41794438601454 -229.17036948992921 793.7227694890155 
-189.87886526377244 -226.62410815012302 791.1937116169431 
-191.53440395244255 -225.15043493764807 790.2797460181192 
-190.70509848061442 -224.79159520234768 790.7578705680994 
-191.0854617582242 -227.7287807626245 795.0632979754007 
-188.68006943531634 -228.56205561692386 794.1812306248529 
-189.5590367030346 -229.33998456471755 791.2960781101636 
-190.18899646187336 -227.93349574242035 791.3727958367426 
-191.8763494453171 -227.80043337063097 789.4800126452384 
-192.01973298023705 -227.22162906104936 789.8606800879937 
-194.13179004258 -229.33743003535562 790.0619518783614 
-197.60929875400322 -228.36531054198247 787.8357881038846 
-199.4452622476322 -225.38032052304928 784.2292888193726 
-198.15948354851443 -224.8506984728396 787.3484092430467 
-198.6636373121513 -228.5879899194599 784.9674805954188 
-200.53142032993426 -229.96630781832525 783.6111054473805 
-200.44919659355773 -230.12741124577627 783.4659356923465 
-200.32566040157488 -230.03877163643907 783.539495466246 
-200.7840409757752 -229.3132195716627 782.3433926538311 
-201.88932842710426 -228.79722162295073 784.3813474170847 
-201.9649404005387 -226.5293558534878 783.8583607507944 
-201.77647797524412 -223.02563673604527 782.9692796293449 
-207.64137942914186 -215.8518536267487 785.715649304777 
-208.84970167463268 -215.99523016660746 785.8716701432943 
-207.5316476961408 -213.61492342302756 787.7249231150824 
-205.04750753156762 -209.02371555799542 784.3299571631426 
-205.48422541455625 -206.346181879508 785.9400520898971 
-204.8679585619305 -203.5101771094491 786.0601916083572 
-205.95149347357545 -201.67661176097644 787.3517377471302 
-205.61374619486125 -201.4849311521654 787.5374546483837 
-205.64640064104847 -201.4212052082789 787.5351966794075 
-205.59040591497848 -201.42488992084844 787.5395574219514 
-206.16957039217462 -200.438722777436 787.1794587737717 
-208.38150423064897 -199.5351331899895 788.2157665369128 
-209.9675181035824 -199.05196175298417 786.4458312931251 
-209.85863276074812 -200.21685658214807 787.277453316984 
-209.92341170513095 -200.18127069949975 787.2116460485904 
-210.32557570815305 -201.4030190199259 789.1416975441657 
-209.53349627734423 -198.86936882068815 793.2175116586594 
-208.50701599939006 -200.0757355938117 795.6440346435963 
-205.84212416751467 -202.4237022337411 788.3425230930268 
-199.12823819100325 -201.56449697597031 791.3605401446662 
-199.7281857849284 -201.3182177212872 791.7896063645387 
-198.80036894973583 -201.96885185917037 792.1678133894962 
-198.37876264305143 -201.6893742589081 792.604077277796 
-197.96538803883914 -200.88665891870724 791.9370251023511 
-195.83482792200414 -198.78262230951708 790.8124488532322 
-196.62281487486172 -203.59956655987887 789.2848503602925 
-194.0104505055143 -202.99952979044554 790.9927728182757 
-194.66273774343645 -202.08305961810387 790.1598406804324 
-190.71001867138853 -206.28398096005628 790.1638542932974 
-190.17052481967468 -202.8014772043544 793.4655095475771 
-191.03025795703917 -204.35385065250787 794.0854807298042 
-191.52459847185096 -204.48816053717067 794.0166448317678 
-190.9331521916874 -207.6757971779096 795.9589428197762 
-190.0334305828696 -212.4486362651814 797.688987992841 
-190.32778231220948 -211.95147035437998 797.6236507742892 
-191.0715971367534 -205.81951907254148 799.620946946504 
-191.11683090903188 -205.81165722992037 799.6502445547096 
-191.07727647657907 -205.79157023221427 799.8067309950115 
-192.88566953263978 -207.06606653439826 802.1271501023675 
-192.88674250667358 -207.48921005772635 802.3015626516728 
-189.21083871427524 -206.3401534920566 803.4367671595356 
-187.18889650089787 -213.19359662631223 803.9627848995407 
-191.07655075857124 -209.91906547120755 805.440763123763 
-188.30040432528688 -210.47189783131287 808.4512132910122 
-189.1547156144503 -210.01277355046804 807.1302249544152 
-189.144138143024 -210.09529788951858 807.029610969661 
-189.84173469872326 -210.9248580833083 808.1836451007064 
-187.2818610006845 -209.4760649677383 810.4584784249124 
-189.29498053142814 -210.1483993496335 809.8460655947182 
-184.96387186182997 -212.6686015745449 806.4130888934358 
-181.40886009319956 -209.36254198663644 799.9660593133831 
-179.88247019263778 -206.40114875213627 798.9991692916369 
-184.07591995811737 -207.51957989386213 801.3511075704198 
-184.3266431299907 -207.4213507339538 801.193294589941 
-183.8066050982793 -207.1151635229015 803.1425577873953 
-184.16000491261855 -208.0566894076698 802.8501479128441 
-184.40795930509373 -206.98079338549337 797.9799898570014 
-183.6653473136175 -206.77873592506765 797.2626106284085 
-183.2870103769551 -206.60210139691614 796.6350990699138 
-187.70763597090843 -209.39509009710315 796.0883789208083 
-187.344748018203 -210.28004560143754 796.2375209884773 
-188.40505009651594 -207.99717342091122 796.6254975318807 
-185.78535799142287 -207.7568774340877 796.0881197713273 
-183.12580009826286 -207.64900705875053 791.7246278402523 
-182.21307835994511 -206.83435650772714 786.965989910776 
-180.39409573573138 -207.61805934859 786.8394669714523 
-181.64418195880856 -208.00197352282683 785.1315703278251 
-182.39673316694703 -208.2847305814053 784.3036936179665 
-182.30876263198968 -209.29676389053915 784.7789267813517 
-184.5448120067523 -211.18480883346967 787.0787253130318 
-177.52021282752062 -215.9360298028751 781.9220565186937 
-177.18837970696345 -214.54002157812866 783.8122494435635 
-177.7204694991218 -216.00672811517228 783.039000913228 
-177.3709774665386 -216.16922167009147 784.4139660821143 
-174.76203740999807 -222.87678901425292 783.6692009351151 
-175.0796003461343 -222.99248574844222 782.629874308651 
-172.027802879326 -223.89569626341506 781.6600615130449 
-173.3609727372239 -223.09121310099226 782.1037283045598 
-172.7037073924847 -222.9239209802686 782.7979553344283 
-174.13672694968142 -223.81363748268632 781.3394974320361 
-171.14321353249147 -223.32661938485987 782.3861663541965 
-169.2410106914317 -226.4134726442015 784.8198608192848 
-167.90340405595867 -226.0192882321197 784.7490424580633 
-165.75133728760795 -226.35713587515028 786.0050614394884 
-162.20666096159803 -231.49698125711853 785.6155312436414 
-165.18881741194062 -234.20494509455057 787.760247105543 
-164.97612295537243 -233.48802295739708 786.9997388018879 
