2.9924784694823826e-06 2.987769757468072e-06 3.082108636194624e-06 2.8901098867447666e-06 3.074398288964437e-06 
2.9862529519260647e-06 2.9821981039891545e-06 3.076256054061008e-06 2.884177684057848e-06 3.0682788759362052e-06 
2.9688847923123044e-06 2.9663666602850586e-06 3.0591676858871788e-06 2.8672178730629623e-06 3.0506636277122325e-06 
2.965518918195606e-06 2.962014342601657e-06 3.0555126055714073e-06 2.863521419538999e-06 3.0473653897272264e-06 
2.9631975338960182e-06 2.9601539171340396e-06 3.0531633019341173e-06 2.8612732191007893e-06 3.0448768087685617e-06 
2.9604255245009886e-06 2.9583435417438194e-06 3.050940750927112e-06 2.8589433193874235e-06 3.0422614833786477e-06 
2.9473692600729044e-06 2.94602526431816e-06 3.03893764871698e-06 2.84651269471354e-06 3.0298511273852347e-06 
2.948163234884598e-06 2.9463798676448667e-06 3.0390395875631043e-06 2.846895360392245e-06 3.0302065619416433e-06 
2.950759204046388e-06 2.948956779385161e-06 3.0414001131874993e-06 2.849379830607389e-06 3.0326125213095503e-06 
2.950830721304643e-06 2.949038928543241e-06 3.0414751135634525e-06 2.8494551493904e-06 3.032683612013781e-06 
2.95636917412213e-06 2.954465916370113e-06 3.0470733008988156e-06 2.8550061236444837e-06 3.0383065186904173e-06 
2.9634611047089806e-06 2.9611555506396048e-06 3.0549001451855453e-06 2.8623748193739224e-06 3.046135516439343e-06 
2.959715795118445e-06 2.957479571755153e-06 3.0511166389221558e-06 2.8586205952187436e-06 3.042336833501962e-06 
2.9493748659553886e-06 2.948580910513607e-06 3.0420240976309027e-06 2.8491400729139507e-06 3.0325841572226397e-06 
2.9382437074202168e-06 2.9384158513920214e-06 3.030118568491998e-06 2.837820543539851e-06 3.0205067059394673e-06 
2.935004075404763e-06 2.9351314985965752e-06 3.027755588781723e-06 2.83498222708832e-06 3.018010794632897e-06 
2.9206921948518133e-06 2.920963942873311e-06 3.013325272843641e-06 2.8206264012922917e-06 3.003555588548625e-06 
2.917160256114176e-06 2.9177019077450403e-06 3.0103212210820783e-06 2.817393988682527e-06 3.0003787123911644e-06 
2.9294700283192503e-06 2.9310082643861482e-06 3.0237157052535988e-06 2.830431264503078e-06 3.0132792648768796e-06 
2.9241124659695638e-06 2.925157757803544e-06 3.0174598453758766e-06 2.824542522618814e-06 3.0073283635312058e-06 
2.9237952368832025e-06 2.9248410839122375e-06 3.0171317786755517e-06 2.824219900326154e-06 3.007001949399912e-06 
2.930538288968955e-06 2.9309139307122053e-06 3.024030174471151e-06 2.830911954372202e-06 3.014083689112816e-06 
2.9301931908901334e-06 2.930623416854375e-06 3.0237213159119935e-06 2.8305944527333334e-06 3.013751695266578e-06 
2.9284739792660524e-06 2.9293045389832204e-06 3.022140082376358e-06 2.829017880347078e-06 3.012022190981722e-06 
2.9333038749193304e-06 2.933770854563689e-06 3.0274297614322637e-06 2.8340012222245957e-06 3.017348260291013e-06 
2.9332847878195822e-06 2.9337686356057607e-06 3.0274125142373165e-06 2.833986291441085e-06 3.0173254325645354e-06 
2.9352675099451074e-06 2.93570668831015e-06 3.0292311004013656e-06 2.835884036967933e-06 3.0191854698566425e-06 
2.936870746268186e-06 2.9380676149125386e-06 3.031274072133671e-06 2.8378480889779242e-06 3.0209177249028313e-06 
2.9367543189620203e-06 2.9377527192503696e-06 3.0315063148972505e-06 2.8378594933512505e-06 3.0211535262599004e-06 
2.940840478313772e-06 2.9408827152634435e-06 3.035875227303496e-06 2.841900853167708e-06 3.025773598308363e-06 
2.940239538970473e-06 2.9401812262040525e-06 3.035148327766303e-06 2.84121910991386e-06 3.02509928115222e-06 
2.9383660094125135e-06 2.938238462892541e-06 3.0321202041013705e-06 2.8387753678614303e-06 3.0222867569941563e-06 
2.9404698235351494e-06 2.9404013561576405e-06 3.033569394364045e-06 2.8405808822048298e-06 3.0238273095930192e-06 
2.93332446360836e-06 2.932909846383586e-06 3.026477573407564e-06 2.833385253769197e-06 3.0168348751530026e-06 
2.933980852968969e-06 2.933369949999969e-06 3.0269963756947886e-06 2.833938609434809e-06 3.017438095441489e-06 
2.9366068385276355e-06 2.9374402805578902e-06 3.0302760062170255e-06 2.837162021344924e-06 3.020156459402478e-06 
2.9312461732717587e-06 2.932280935835795e-06 3.0248457213409913e-06 2.8318020106457623e-06 3.0146750423292582e-06 
2.9194656335672977e-06 2.9204512410012298e-06 3.0138160075636487e-06 2.820356277836535e-06 3.0035351390461563e-06 
2.917183883173391e-06 2.918352074048725e-06 3.0119041272439257e-06 2.818284891527343e-06 3.0015042088305522e-06 
2.9153332466198612e-06 2.9158026371854463e-06 3.0105029714557165e-06 2.8165122783941087e-06 3.0002460120458017e-06 
2.9194168294511225e-06 2.9205292862530604e-06 3.0149041539224556e-06 2.8208784002943553e-06 3.0043928620622194e-06 
2.9205022405766498e-06 2.922142186158802e-06 3.016818795597179e-06 2.822468533304595e-06 3.0060034657293765e-06 
2.9303810615623233e-06 2.932287485685986e-06 3.026762378949516e-06 2.8324417429659744e-06 3.015852554943942e-06 
2.9294553137315037e-06 2.931443867216807e-06 3.0258605402073707e-06 2.831542555319877e-06 3.0149210682657052e-06 
2.920837530820055e-06 2.9231903572940207e-06 3.0175008385758454e-06 2.8231112383686207e-06 3.0064045248131893e-06 
2.9208417164462883e-06 2.923057133690759e-06 3.0173930074903764e-06 2.8230342892998858e-06 3.006358436697297e-06 
2.9211010435303794e-06 2.923290457581725e-06 3.017737369465274e-06 2.82333002059302e-06 3.006696648316762e-06 
2.9191462584645315e-06 2.919944225868612e-06 3.0148730282030835e-06 2.820662323025018e-06 3.00441978497002e-06 
2.9114049873892732e-06 2.913540267059831e-06 3.009257115075806e-06 2.8142047536405397e-06 2.998029587331729e-06 
2.9110241063976114e-06 2.9133026082979822e-06 3.008903489054977e-06 2.813864374896277e-06 2.997626672180251e-06 
2.911238595560617e-06 2.913347293325716e-06 3.0090186728305784e-06 2.8139977877704737e-06 2.997811551962763e-06 
2.9161386562991796e-06 2.918788514792462e-06 3.0139073278420736e-06 2.8190024629931485e-06 3.0025328889076033e-06 
2.916299584532201e-06 2.9189749135304386e-06 3.0141243169178354e-06 2.8191958894485733e-06 3.00273250421406e-06 
2.9062289826599684e-06 2.9093091470200985e-06 3.0045369400967294e-06 2.809428782913716e-06 2.9929379634705407e-06 
2.9023208102172987e-06 2.907652505251291e-06 3.001127009799806e-06 2.8062036302852576e-06 2.9887406777714153e-06 
2.9060427539619175e-06 2.9120449587795287e-06 3.0045964493819387e-06 2.8099425196190135e-06 2.99204229167045e-06 
2.909463680355828e-06 2.915405796037273e-06 3.0082378780426094e-06 2.8134619917088125e-06 2.9956654574861642e-06 
2.9122774472542997e-06 2.918991681424392e-06 3.0110589283501443e-06 2.8164396326651754e-06 2.998243289321464e-06 
2.9019925022756093e-06 2.9091266456417166e-06 3.000843405299375e-06 2.806262660612904e-06 2.9878851443848347e-06 
2.9050330325063357e-06 2.911905999953083e-06 3.004059252252515e-06 2.8093378012713213e-06 2.991153350526115e-06 
2.9041791549321797e-06 2.910945714975384e-06 3.0032644478467505e-06 2.808489796870226e-06 2.990382050792441e-06 
2.8972365159718657e-06 2.9052986288984386e-06 2.996019312212735e-06 2.8016608066301804e-06 2.982781764788758e-06 
2.8961614818784268e-06 2.9041131121169113e-06 2.9949612398376654e-06 2.8005696305347807e-06 2.9817555740865604e-06 
2.8985423391440094e-06 2.9062719751938343e-06 2.997359308908319e-06 2.8029153169695575e-06 2.984220242085062e-06 
2.89917008704196e-06 2.906957231440447e-06 2.9980365313007877e-06 2.8035795515514813e-06 2.984871131143831e-06 
2.901582167101481e-06 2.9091231395364145e-06 3.000407984769084e-06 2.8059237660263128e-06 2.9873264159144334e-06 
2.8993917501856367e-06 2.906411452084073e-06 2.998297797291855e-06 2.8036620254796715e-06 2.9853663280023743e-06 
2.905742170218461e-06 2.9129787271126472e-06 3.004595982648118e-06 2.8100391277648825e-06 2.9916049249058043e-06 
2.905285496937973e-06 2.912589704556742e-06 3.0041798492662725e-06 2.8096154422467907e-06 2.9911608368189653e-06 
2.9056302136424677e-06 2.9128468347687397e-06 3.004514719331534e-06 2.809937745322396e-06 2.9915247861824217e-06 
2.904890540512723e-06 2.9112445363961903e-06 3.003755664158079e-06 2.809011262211814e-06 2.9910392866713624e-06 
2.9047229643045564e-06 2.9110793365056486e-06 3.003634037910944e-06 2.8088662415179617e-06 2.9909092377436953e-06 
2.916827684319014e-06 2.92266660896117e-06 3.0165642171842514e-06 2.8212821582756316e-06 3.003862582498977e-06 
2.9166652128180983e-06 2.922503460668381e-06 3.016427031315928e-06 2.8211317325634725e-06 3.003721381583619e-06 
2.916701183704767e-06 2.922871546893202e-06 3.016572369204176e-06 2.8212877229551674e-06 3.0037444552992357e-06 
2.9163887909550385e-06 2.9207730316901008e-06 3.0148125337373815e-06 2.8199126295477392e-06 3.002786014219466e-06 
2.904666949171481e-06 2.9094090979283057e-06 3.002772461731932e-06 2.8080941107539536e-06 2.990687845749645e-06 
2.9225825483753605e-06 2.9281947649577057e-06 3.0216978819893523e-06 2.8266950026988444e-06 3.009170948382402e-06 
2.9233470121182148e-06 2.9288772190591505e-06 3.0225810830626438e-06 2.8275017476767502e-06 3.0100598911078295e-06 
2.9185367203466032e-06 2.925185188878039e-06 3.017746175200424e-06 2.822899787402214e-06 3.00487921047148e-06 
2.912812467071321e-06 2.920357857561496e-06 3.012433762137635e-06 2.817552217220824e-06 2.9992172052018425e-06 
2.923353718129119e-06 2.9284588206887103e-06 3.020221804262227e-06 2.826278975169349e-06 3.0082298175155783e-06 
2.9107537684275477e-06 2.915865320136899e-06 3.007758844028511e-06 2.8137316312517894e-06 2.995742510727603e-06 
2.9062892822231804e-06 2.9109886995778767e-06 3.002344729271913e-06 2.808723643240923e-06 2.9906165654454475e-06 
2.907862084778635e-06 2.9126608277150317e-06 3.00396542617362e-06 2.8103414138955283e-06 2.9921980643602817e-06 
2.9069060737651244e-06 2.9114966486050984e-06 3.0045917457615233e-06 2.810102119358927e-06 2.9926247724126825e-06 
2.9079600209189682e-06 2.912515190309987e-06 3.005560536588695e-06 2.811109000102176e-06 2.9936188558194213e-06 
2.9084770878286068e-06 2.9127521249513974e-06 3.005963120274632e-06 2.8115152180061004e-06 2.9941282520460683e-06 
2.9187423766052056e-06 2.9222618037726795e-06 3.01641052240733e-06 2.8217303827598994e-06 3.0047810349317418e-06 
2.9166039216367124e-06 2.9199350076248814e-06 3.014024980027833e-06 2.8194324023646003e-06 3.002495908047088e-06 
2.9137602898064857e-06 2.9173361474297764e-06 3.0115215946526504e-06 2.8167990546273563e-06 2.9998590567178837e-06 
2.9131973195578377e-06 2.9198190181087346e-06 3.014044637340744e-06 2.818348805866557e-06 3.000912181105855e-06 
2.9126847925532764e-06 2.9192533936440114e-06 3.0136180222379203e-06 2.8178673558690863e-06 3.0004878212809986e-06 
2.9128293593315577e-06 2.919213891609874e-06 3.0141202508489867e-06 2.8181518137182026e-06 3.0009877059916675e-06 
2.917275577889443e-06 2.9227334920156586e-06 3.0180064283205615e-06 2.8221435454423866e-06 3.0052573124650037e-06 
2.915536593086196e-06 2.9194602349846704e-06 3.0154701982908566e-06 2.8197097151968984e-06 3.00333444452172e-06 
2.9167551869197457e-06 2.9203313457713225e-06 3.0164655636182756e-06 2.8207522964676294e-06 3.004475774216088e-06 
2.917082761521882e-06 2.920611513174072e-06 3.016777552579196e-06 2.8210633988601768e-06 3.0048051725795045e-06 
2.9201401005144844e-06 2.9233469512673285e-06 3.0196394919919028e-06 2.8239656979571684e-06 3.007800323819242e-06 
2.91876351061694e-06 2.9204588293053366e-06 3.017948929220447e-06 2.8221447786554892e-06 3.006634371539865e-06 
2.91787421895727e-06 2.920425980087413e-06 3.0178928100179e-06 2.821829731356257e-06 3.0061709954271634e-06 
2.9224235826613387e-06 2.926318102021268e-06 3.0227849679208378e-06 2.826810420003109e-06 3.0105861638564646e-06 
2.9277809529599552e-06 2.9318350911120506e-06 3.028357506059944e-06 2.83231114541891e-06 3.016072456482714e-06 
2.928625835616124e-06 2.9328294951889494e-06 3.0298477347437745e-06 2.833506583070436e-06 3.0174075562958872e-06 
2.92767139002845e-06 2.9321081116543814e-06 3.0291874605307203e-06 2.8327424534065438e-06 3.0166251324046007e-06 
2.9193093485323854e-06 2.9234850511487438e-06 3.021033136481923e-06 2.8244251920263642e-06 3.0085178312583968e-06 
2.9159957616069956e-06 2.919877872763091e-06 3.017059831331577e-06 2.820722416948594e-06 3.0047471855745176e-06 
2.9211819660600497e-06 2.924806513065235e-06 3.0224787749404274e-06 2.8259815850252248e-06 3.010207167213023e-06 
2.9201791420939833e-06 2.9240833756866697e-06 3.0215356665801767e-06 2.8250606128920406e-06 3.0091667732196094e-06 
2.9216663920609343e-06 2.9250751851044856e-06 3.023167175527438e-06 2.8265279146813624e-06 3.010928580834569e-06 
2.921604413373999e-06 2.925923981642723e-06 3.0235855486323345e-06 2.826879061839632e-06 3.0109819742734677e-06 
2.9184049933020266e-06 2.922890855734144e-06 3.020353433525726e-06 2.8236914126383905e-06 3.007703602143774e-06 
2.9184415781898427e-06 2.92234156039986e-06 3.0201716028784545e-06 2.8235072465414734e-06 3.0077413521125377e-06 
2.9258487616604805e-06 2.930390139488079e-06 3.028513543428818e-06 2.8315136157676006e-06 3.0157256186649697e-06 
2.926320855356837e-06 2.931650028243168e-06 3.0292648722092256e-06 2.8322766471460777e-06 3.0161840534424478e-06 
2.9271163584426236e-06 2.9330145252890756e-06 3.0302065731531307e-06 2.833255716842428e-06 3.0169234358708734e-06 
2.931762745205086e-06 2.9381890244064073e-06 3.0349950185468285e-06 2.838080601758211e-06 3.0215227436518154e-06 
2.9303598257096728e-06 2.9366730919356e-06 3.033800291848852e-06 2.836758802954432e-06 3.0203284716662725e-06 
2.9300088158200234e-06 2.9362912345809828e-06 3.033424333812964e-06 2.83638891007265e-06 3.0199663611498475e-06 
2.931787272999407e-06 2.9378186181983942e-06 3.0345466421680305e-06 2.8377916053286667e-06 3.021277163092736e-06 
2.9311237060637587e-06 2.9369794056150143e-06 3.033782005908997e-06 2.837042700959098e-06 3.020584418502038e-06 
2.9300014330958925e-06 2.9359255763380874e-06 3.0326699905641756e-06 2.8359375886049655e-06 3.01944935687529e-06 
2.922554505163859e-06 2.92889782060417e-06 3.0253843001088455e-06 2.8286445672473276e-06 3.012006035189262e-06 
2.918108251627981e-06 2.9236480175636363e-06 3.0213194284868287e-06 2.8242297718007173e-06 3.008128432677732e-06 
2.923508191575667e-06 2.930006324085617e-06 3.0278350029325686e-06 2.830382281373337e-06 3.0141570226766557e-06 
2.9273534307074313e-06 2.9348093758695827e-06 3.032315933802994e-06 2.8347379312865083e-06 3.018231750351719e-06 
2.9224601255477487e-06 2.9285799371304064e-06 3.026119625831584e-06 2.828923465181206e-06 3.0126719342927693e-06 
2.926188335083209e-06 2.932148192251383e-06 3.0300786593791804e-06 2.832741586564635e-06 3.016641937430369e-06 
2.943749808118384e-06 2.9501413987353148e-06 3.0483940869297417e-06 2.8507861952573797e-06 3.034694824388053e-06 
2.9311499494069888e-06 2.9371166726850037e-06 3.0349987672239056e-06 2.837688930080855e-06 3.021566582631388e-06 
2.9366178737287227e-06 2.940435759558031e-06 3.039590352066998e-06 2.8423138553528323e-06 3.026975864921202e-06 
2.937399991178695e-06 2.94121065683727e-06 3.0403604731462087e-06 2.843089396191095e-06 3.027750217411536e-06 
2.939143851724115e-06 2.943459010613684e-06 3.042142055190148e-06 2.844948639619798e-06 3.0293679763958e-06 
2.9485507814751013e-06 2.9518355735052175e-06 3.0512576674705185e-06 2.8540260108781498e-06 3.0388535564936422e-06 
2.9476568644804506e-06 2.9509079129415994e-06 3.0504315997928737e-06 2.8531592576757557e-06 3.0380266314843653e-06 
2.952921657243475e-06 2.9559710814051255e-06 3.056346058639236e-06 2.8587227728926824e-06 3.0438942808225954e-06 
2.9577674127732054e-06 2.961828959999269e-06 3.061780526965645e-06 2.864059979729991e-06 3.048913811401217e-06 
2.961225996109023e-06 2.9656953849103584e-06 3.064844034216502e-06 2.8673971307128344e-06 3.0519164114802942e-06 
2.9515607715940017e-06 2.956590087171297e-06 3.0554798919655513e-06 2.8579794546285745e-06 3.042327398774491e-06 
2.9506042226329365e-06 2.955815039273245e-06 3.0544550723204557e-06 2.8570214886937496e-06 3.041257459306227e-06 
2.9524776816214074e-06 2.957556181895842e-06 3.055938289124948e-06 2.858674451768101e-06 3.0428474926381654e-06 
2.947540216306958e-06 2.952026728281428e-06 3.0512503790633424e-06 2.8537467612954654e-06 3.0383026332171216e-06 
2.957760908305309e-06 2.9608042041979475e-06 3.0598045010699035e-06 2.8628659932889665e-06 3.0475869325319793e-06 
2.9579710188585166e-06 2.9610244071581472e-06 3.060012825015586e-06 2.8630773059778927e-06 3.0477923994134532e-06 
2.9656616098710364e-06 2.9684892929760193e-06 3.0675128296543547e-06 2.870638055740529e-06 3.0553945429060266e-06 
2.9569439062723705e-06 2.9603637590709034e-06 3.058705927425154e-06 2.8619768745076976e-06 3.046418288255449e-06 
2.9688906696370632e-06 2.9732167831067585e-06 3.0719943363011886e-06 2.874782570294069e-06 3.0591975725927583e-06 
2.9725927341152158e-06 2.976150312551994e-06 3.0753316840095924e-06 2.878160398391625e-06 3.0628359390966708e-06 
2.976329046114841e-06 2.9791378789478116e-06 3.0783208810224786e-06 2.88138415746834e-06 3.066184325456577e-06 
2.9759031846938206e-06 2.978641659716488e-06 3.077767780998074e-06 2.8808806430325947e-06 3.065674615387218e-06 
2.979155108757326e-06 2.9819739317640364e-06 3.0810832569358836e-06 2.884182942522346e-06 3.068954182639749e-06 
2.977322537260394e-06 2.979934628111568e-06 3.0790644991263146e-06 2.882216251237458e-06 3.0670313441810683e-06 
2.9991408391657324e-06 3.001670062765538e-06 3.1008901470272814e-06 2.904045728051918e-06 3.088880666573169e-06 
3.0058556362735077e-06 3.0072011549026063e-06 3.106843699474328e-06 2.910166010367069e-06 3.095331407312283e-06 
2.9940596649552355e-06 2.9956551859563454e-06 3.0951557295134987e-06 2.8984580166853344e-06 3.0835477318497644e-06 
2.9946485009958827e-06 2.996361036414707e-06 3.095716184150569e-06 2.8990547205379527e-06 3.0840764543692485e-06 
2.994912821027933e-06 2.9966420690224572e-06 3.0958667099575865e-06 2.899265199548442e-06 3.084240928555546e-06 
2.9943504858390487e-06 2.995991118506962e-06 3.095317651723925e-06 2.898692609745517e-06 3.0837172930138293e-06 
2.9987050647399704e-06 3.0000299687675757e-06 3.0991671552958558e-06 2.9027400139622285e-06 3.087750194325666e-06 
3.004021596708159e-06 3.005316524596693e-06 3.1045609919688536e-06 2.9080953279666156e-06 3.0931401569467135e-06 
3.004739378327722e-06 3.006075478054918e-06 3.1053219266028976e-06 2.908843085989649e-06 3.0938809526427655e-06 
3.010151269115746e-06 3.0105328220149443e-06 3.1104388397455993e-06 2.913937786973844e-06 3.0993450217211506e-06 
3.0045034607434934e-06 3.0051310903942457e-06 3.1052281792081492e-06 2.908548845128375e-06 3.09398413615535e-06 
3.0079579829100777e-06 3.0083745951781684e-06 3.1078088017843197e-06 2.9115294974432847e-06 3.0967777677427544e-06 
3.0113854950024946e-06 3.01194237857706e-06 3.111339935766966e-06 2.9150381354841433e-06 3.100247581672859e-06 
3.001376786852123e-06 3.0022026218957034e-06 3.1009471593758987e-06 2.904876514628959e-06 3.0898359938151676e-06 
3.001964493906713e-06 3.0028201810287577e-06 3.101168049884219e-06 2.9052876921939746e-06 3.090109338447198e-06 
3.004530338228755e-06 3.0053710901529094e-06 3.103605979902153e-06 2.907789880974983e-06 3.09257338292732e-06 
2.995865846584591e-06 2.997134989489007e-06 3.0949487590310935e-06 2.899199836972171e-06 3.0837815551259908e-06 
2.9868051869945974e-06 2.9866418534843737e-06 3.0845293279750497e-06 2.8891900834499294e-06 3.0740381505904157e-06 
2.9840812970672842e-06 2.984036565191872e-06 3.0813572700400202e-06 2.886264599158484e-06 3.070904628487227e-06 
2.979469416177901e-06 2.9822149876475074e-06 3.0778933950165164e-06 2.8827420996268415e-06 3.0663764741642054e-06 
2.9915977428884227e-06 2.9920540583338433e-06 3.0893873906339434e-06 2.894135725701393e-06 3.0786916950821824e-06 
2.9899680811574477e-06 2.9913148170977704e-06 3.0884217878162207e-06 2.892999251203923e-06 3.0773364524261675e-06 
2.9870559626289074e-06 2.9884943511776916e-06 3.085481259071905e-06 2.890087351388324e-06 3.074372189730598e-06 
2.988080251552452e-06 2.9895736807254595e-06 3.0865583855080334e-06 2.891149198249544e-06 3.0754232060534646e-06 
2.9804048183023037e-06 2.9815631930018293e-06 3.0787105249985548e-06 2.883317228228209e-06 3.067709227291276e-06 
2.9732134470083034e-06 2.9751379288158304e-06 3.072343811435567e-06 2.8766701786478607e-06 3.0609648958278894e-06 
2.9849919082565054e-06 2.9859779621237708e-06 3.08390765179945e-06 2.8881785381408324e-06 3.0728573128197335e-06 
2.980983975919402e-06 2.982490913054553e-06 3.079930336526306e-06 2.8842791749241567e-06 3.068712428303782e-06 
2.980672077580201e-06 2.9821638935720816e-06 3.0796171580596107e-06 2.8839634629689587e-06 3.068404196554241e-06 
2.9857230486807394e-06 2.986765741965255e-06 3.084405238348648e-06 2.888805358587707e-06 3.0733765120000004e-06 
2.9821803693746853e-06 2.9830724549727116e-06 3.0806222186342897e-06 2.885111811711302e-06 3.06968106516702e-06 
2.9786769368345046e-06 2.9792949426533526e-06 3.077257453044543e-06 2.881622028150337e-06 3.0663785941362114e-06 
2.9875086917366943e-06 2.989064858853337e-06 3.0868956738791075e-06 2.8910384982975237e-06 3.075588014207123e-06 
2.9875577215044126e-06 2.9895545903085186e-06 3.087290750579023e-06 2.891342227154526e-06 3.075787300050431e-06 
2.985865635616921e-06 2.989162483035432e-06 3.0861658574300834e-06 2.8901763992410596e-06 3.074161133134661e-06 
2.981605037545543e-06 2.984592367503047e-06 3.0825687646317787e-06 2.8861829877930844e-06 3.0705493073179185e-06 
2.982631580337167e-06 2.985939196298651e-06 3.0837104056107054e-06 2.887328601023401e-06 3.0715715436408793e-06 
2.9896341392423742e-06 2.993579004348548e-06 3.091492186168051e-06 2.8948490433641813e-06 3.0790229512732283e-06 
2.9834520063693064e-06 2.9874156441423646e-06 3.085486949238913e-06 2.8887526718578167e-06 3.072982396517257e-06 
2.983733840166635e-06 2.987802196362007e-06 3.085874320272548e-06 2.8891075879473696e-06 3.07331930444887e-06 
2.9906989632842153e-06 2.995632695308032e-06 3.093363621174456e-06 2.8965076725994435e-06 3.0804498220785817e-06 
2.9913111814987113e-06 2.996163879419738e-06 3.0939480964905254e-06 2.897091142385402e-06 3.0810642464049903e-06 
2.9800754077829095e-06 2.9840314314992737e-06 3.0826828196346985e-06 2.8856590484254086e-06 3.0700845069889296e-06 
2.9544041153027756e-06 2.9596073625787897e-06 3.0581168320084547e-06 2.860754053094635e-06 3.0449445976094827e-06 
2.9462632124982494e-06 2.952143276338538e-06 3.05049034808261e-06 2.8529933455860697e-06 3.0370207784117606e-06 
2.9491027916319958e-06 2.9555430827991812e-06 3.0539525069407425e-06 2.8562584740173595e-06 3.0402031904424384e-06 
2.9582181704583083e-06 2.964836482714841e-06 3.0632469360160595e-06 2.865508450670064e-06 3.0494113737186673e-06 
2.951184303133496e-06 2.959223531978268e-06 3.0567618968199605e-06 2.859019144945632e-06 3.0423905947395744e-06 
2.9508744237266108e-06 2.9596619580484017e-06 3.056709060603798e-06 2.8589850967948686e-06 3.0420606598616716e-06 
2.949038375724533e-06 2.9574472719582042e-06 3.054553181728356e-06 2.8569110570304317e-06 3.040076978471351e-06 
2.9618242273156003e-06 2.96973571994001e-06 3.0666870997640907e-06 2.8692838724584703e-06 3.0524749870505048e-06 
2.96057875370657e-06 2.968658364412513e-06 3.0654592496877776e-06 2.868078828700611e-06 3.051191680782212e-06 
2.9546907717358268e-06 2.96305903026061e-06 3.0597647228964625e-06 2.862338720113243e-06 3.045374804595452e-06 
2.963989295751831e-06 2.973508797110192e-06 3.069678433783492e-06 2.8721846344507644e-06 3.054824480240086e-06 
2.960381289213699e-06 2.9708851858342586e-06 3.06608359959955e-06 2.868776301580229e-06 3.050919436779407e-06 
2.9599256768877085e-06 2.9705321887729435e-06 3.0659285817193495e-06 2.8684919962199392e-06 3.0506819718391176e-06 
2.956847497351241e-06 2.9671191321202413e-06 3.062261826957986e-06 2.8650473856801365e-06 3.0472189045831997e-06 
2.9568577162188063e-06 2.9671230621978215e-06 3.0622827180999538e-06 2.8650617028440964e-06 3.0472399779045718e-06 
2.9545267244979743e-06 2.965022820799041e-06 3.0599504909106287e-06 2.862774147880855e-06 3.0448358403414835e-06 
2.9449736802024404e-06 2.955501693182683e-06 3.0500510737228898e-06 2.8530439203958898e-06 3.034985103112181e-06 
2.9493684867490134e-06 2.960163629653355e-06 3.054585207115409e-06 2.857567389331076e-06 3.039411884412627e-06 
2.9475653565830243e-06 2.9578047391474496e-06 3.0521752173176598e-06 2.8553464343457263e-06 3.037277737932865e-06 
2.950870726801899e-06 2.9619062717844113e-06 3.056150574261536e-06 2.859151780178029e-06 3.0408912275715194e-06 
2.9550868840516103e-06 2.9651932585465267e-06 3.0602741036750665e-06 2.8631377337569524e-06 3.0453211054760034e-06 
2.9551239896126907e-06 2.96523723273895e-06 3.0603103907921845e-06 2.8631758524694875e-06 3.045355375389514e-06 
2.9567716323209e-06 2.9671069471066802e-06 3.0622876981527255e-06 2.8650353147181748e-06 3.0472077980589437e-06 
2.95378885669518e-06 2.9642257317042793e-06 3.0595477233337412e-06 2.8621917516101904e-06 3.044395573920783e-06 
2.9518314819574653e-06 2.962857531991395e-06 3.0573638032499745e-06 2.860237861800142e-06 3.0420651201491847e-06 
2.946903689632406e-06 2.9572765828574485e-06 3.05230163031e-06 2.855105094361806e-06 3.037230463412716e-06 
2.9460513372221204e-06 2.9564162781206104e-06 3.051364680695984e-06 2.8542078124287445e-06 3.0363102299756805e-06 
2.9465006854790186e-06 2.956668912211871e-06 3.051990357510502e-06 2.854706486773761e-06 3.0369679661956103e-06 
2.9499452198014805e-06 2.9607730623261636e-06 3.056363783780234e-06 2.8587548444844268e-06 3.040978997413959e-06 
2.951686912310288e-06 2.962633297803125e-06 3.05816577725416e-06 2.8605526536277614e-06 3.042733629952034e-06 
2.949196441417492e-06 2.9600191143243227e-06 3.0565332760983468e-06 2.858469287528099e-06 3.04099634343152e-06 
2.950716801103169e-06 2.9618443243351866e-06 3.0586099668223773e-06 2.8603350809127557e-06 3.0428842581549054e-06 
2.9507604931526827e-06 2.9622029080818252e-06 3.0583982167658733e-06 2.860311553887411e-06 3.042616712875826e-06 
2.950595934005905e-06 2.9618837678843656e-06 3.058139882239764e-06 2.860068253979387e-06 3.042422505143167e-06 
2.958876792899824e-06 2.968419670106079e-06 3.065663165807773e-06 2.8676272334465175e-06 3.0506182779757123e-06 
2.9586073907086602e-06 2.9680084454394007e-06 3.065198655676542e-06 2.8672305023125024e-06 3.050230880654096e-06 
2.9597297841826252e-06 2.969105736558747e-06 3.0662899302869158e-06 2.8683333404901754e-06 3.0513351469940988e-06 
2.959693093953598e-06 2.9690701442051516e-06 3.066252179288483e-06 2.8682962875349753e-06 3.051297233135456e-06 
2.9588020216517533e-06 2.9677957467650315e-06 3.0649183847886523e-06 2.867104334699204e-06 3.050157677311885e-06 
2.959382904787746e-06 2.968113261071167e-06 3.0654032032087235e-06 2.8675855909510413e-06 3.050740946711596e-06 
2.957764830472573e-06 2.9665765399477255e-06 3.0637587715931148e-06 2.8659683226064966e-06 3.0490756059173207e-06 
2.956392354853801e-06 2.965246646447105e-06 3.062377488286521e-06 2.8645982533350544e-06 3.047682577285636e-06 
2.9586642968137876e-06 2.9681353951146016e-06 3.0653317516116075e-06 2.8673399428541746e-06 3.050329280991087e-06 
2.9586725291488596e-06 2.9681486399132446e-06 3.06535473726147e-06 2.867356670049238e-06 3.0503482232800506e-06 
2.9573203397751417e-06 2.9660038581459606e-06 3.0642098476840143e-06 2.8659545465471988e-06 3.0494164827571224e-06 
2.9495783678379033e-06 2.958701522820518e-06 3.0567776369107517e-06 2.8584478661286993e-06 3.041795396101592e-06 
2.9354860050907215e-06 2.9454986798035907e-06 3.0431539374879092e-06 2.844753425526208e-06 3.027815988550004e-06 
2.9403897485465462e-06 2.951007115830684e-06 3.048935355030959e-06 2.8502306010929138e-06 3.0332606990870243e-06 
2.9402079110130594e-06 2.950941861535956e-06 3.048688182989825e-06 2.8500378247511075e-06 3.0329880371006577e-06 
2.940527447317221e-06 2.951211571805918e-06 3.048922611755878e-06 2.8503042567483018e-06 3.0332522985655705e-06 
2.9285956346958167e-06 2.9397007582332453e-06 3.0368655721733255e-06 2.83837839442404e-06 3.0210855127615416e-06 
2.928263640875644e-06 2.9396002682994112e-06 3.0367941989193838e-06 2.8382252325918726e-06 3.02089805247706e-06 
2.9217470389021105e-06 2.9320132768782753e-06 3.0297331227664768e-06 2.8312122321859547e-06 3.0142635916957358e-06 
2.923382809259043e-06 2.933471493289172e-06 3.0311401816059064e-06 2.832697901994063e-06 3.0157643980903037e-06 
2.9229991173577434e-06 2.9330646963800524e-06 3.030507092755588e-06 2.83218171926779e-06 3.0151803873077847e-06 
2.9177179516135564e-06 2.927560915222549e-06 3.0257682123757224e-06 2.8271293201778037e-06 3.0104205545182396e-06 
2.910334921469902e-06 2.919719491859824e-06 3.0176167324689495e-06 2.8192553312138916e-06 3.002541831197766e-06 
2.9119540033671235e-06 2.9212986375307143e-06 3.019335347589913e-06 2.8209193723763163e-06 3.0042561068946904e-06 
2.910322243151673e-06 2.9192120205354916e-06 3.017628699504287e-06 2.8191595633125916e-06 3.0027042724101557e-06 
2.913469586769359e-06 2.921334775416003e-06 3.0197098744574513e-06 2.8215676852190815e-06 3.005284256936312e-06 
2.914360089363605e-06 2.922451804279462e-06 3.021173562776247e-06 2.822795841105592e-06 3.006580885921261e-06 
2.9181865887106872e-06 2.927079698985923e-06 3.0249356149520306e-06 2.8267478195187402e-06 3.0101031194435126e-06 
2.917251275104005e-06 2.9259871397851894e-06 3.0239596230595857e-06 2.8257602630051776e-06 3.009183162032263e-06 
2.936403822809516e-06 2.943830479019489e-06 3.042835196421931e-06 2.844540631542407e-06 3.028512878512046e-06 
2.9304285730478583e-06 2.936113709928832e-06 3.0368335561012285e-06 2.838219337985594e-06 3.023059432902327e-06 
2.9382326351541282e-06 2.9424987653120413e-06 3.043551554857812e-06 2.845211280379039e-06 3.0304021726927485e-06 
2.945584595312568e-06 2.951568229706508e-06 3.05184251443005e-06 2.853370848178348e-06 3.037999130554336e-06 
2.942095846776979e-06 2.948611716465035e-06 3.048665210876841e-06 2.8501379719982243e-06 3.034603602325928e-06 
2.940338723208386e-06 2.946879479825288e-06 3.0467872981669397e-06 2.8483214661196083e-06 3.0327383553784608e-06 
2.9585060479046915e-06 2.9644124951716555e-06 3.0647403079413944e-06 2.8662793515531923e-06 3.0509241965661128e-06 
2.95832220289889e-06 2.963104424580695e-06 3.0637284394137853e-06 2.865461514908417e-06 3.0504023716040415e-06 
2.947335367892037e-06 2.9520768074498002e-06 3.0531496101361413e-06 2.8546657771492923e-06 3.0397681484111872e-06 
2.9505214906681957e-06 2.9552632936185895e-06 3.0567095097783644e-06 2.858048438867094e-06 3.0432647776951817e-06 
2.9459159185366275e-06 2.9504074090270574e-06 3.052327749506167e-06 2.8535086396944484e-06 3.0389235444955114e-06 
2.956473143698797e-06 2.9602695812603812e-06 3.062026481596417e-06 2.863506710227574e-06 3.0489829470614514e-06 
2.959725930818411e-06 2.96384501315398e-06 3.0657530333608557e-06 2.867066305549857e-06 3.0525289347938644e-06 
2.9564069220914356e-06 2.9604792344252712e-06 3.0625243368368957e-06 2.8637822349027484e-06 3.0492997587723995e-06 
2.9578301916645797e-06 2.9615737505075112e-06 3.0637668813960784e-06 2.865054160999771e-06 3.05067509674609e-06 
2.9549651680484833e-06 2.9565131079367687e-06 3.0594271262306113e-06 2.8610321483647946e-06 3.0472677804683593e-06 
2.9575866738578548e-06 2.959066713344848e-06 3.0632156347219884e-06 2.8642515602971462e-06 3.0508801165622136e-06 
2.9570624730890157e-06 2.958671451548124e-06 3.0628786451284727e-06 2.863846993279924e-06 3.0504714215826793e-06 
2.951528335749481e-06 2.9533635684247823e-06 3.0582126638948887e-06 2.858801675831412e-06 3.0455885989491085e-06 
2.9572282253082485e-06 2.957865052482574e-06 3.0629708278831507e-06 2.8638078670513178e-06 3.050878134192545e-06 
2.9624814006140657e-06 2.9632081818543795e-06 3.0678996264639627e-06 2.8689116777173214e-06 3.0558336418937354e-06 
2.9627959730824908e-06 2.9635047669187506e-06 3.0681212986598635e-06 2.8691748796132726e-06 3.0560766040319786e-06 
2.9603246862636164e-06 2.961858515017492e-06 3.065385026615171e-06 2.8667052578727933e-06 3.0531287565015796e-06 
2.9485290109149347e-06 2.9495590035424544e-06 3.0534377363753867e-06 2.854730925851728e-06 3.0413642574572378e-06 
2.941118587234037e-06 2.9422240950848352e-06 3.046009460343812e-06 2.847316526995427e-06 3.033915843589249e-06 
2.938606378370847e-06 2.939850208701776e-06 3.043645069165256e-06 2.8449026236610266e-06 3.0314835852675635e-06 
2.9316584204751984e-06 2.93222599220943e-06 3.036516354206798e-06 2.8377365247154827e-06 3.024595877648075e-06 
2.9282263083295194e-06 2.928302964419263e-06 3.0333639172452117e-06 2.834363424773199e-06 3.021548747775469e-06 
2.941994996849005e-06 2.9408011967543925e-06 3.046066162657874e-06 2.847374423807367e-06 3.0348253643541036e-06 
2.9429334962955495e-06 2.9418951821526076e-06 3.047130397893478e-06 2.848405700094538e-06 3.035820018479975e-06 
2.9577710538948215e-06 2.9562649440987986e-06 3.0611859850712553e-06 2.8627722644239477e-06 3.050152714343266e-06 
2.9662209858344133e-06 2.964513208109738e-06 3.069567142541965e-06 2.871161264495276e-06 3.0586078603496975e-06 
2.9707676015437804e-06 2.9681453304941174e-06 3.0731863626705332e-06 2.8750776091756774e-06 3.0626678977622685e-06 
2.97059187752401e-06 2.968353500608263e-06 3.0735916851882623e-06 2.875267637236888e-06 3.062855642829861e-06 
2.971526857060321e-06 2.968784117588238e-06 3.074271921325586e-06 2.8759871194582334e-06 3.0637355414729752e-06 
2.982387323171285e-06 2.980328171273172e-06 3.0854280372821243e-06 2.887126419456985e-06 3.074629085712644e-06 
2.979807336357184e-06 2.9779819431103027e-06 3.0830926831906455e-06 2.8847102015602294e-06 3.0721797975623683e-06 
2.9719469997931204e-06 2.9694955647471044e-06 3.0757166224214137e-06 2.8769907919660384e-06 3.0649162000215942e-06 
2.9742366921827765e-06 2.9715145645434933e-06 3.07723267490604e-06 2.8788338415170375e-06 3.066647304089648e-06 
2.969838262493294e-06 2.9676614661939923e-06 3.07310963249878e-06 2.8746649262695227e-06 3.0623084955152627e-06 
2.972746582345199e-06 2.9711709089743233e-06 3.0766491645449136e-06 2.8780058435314792e-06 3.065554429119814e-06 
2.979887412089654e-06 2.9781675952250016e-06 3.0833560263260356e-06 2.8849034710113122e-06 3.072379319426851e-06 
2.984968862836425e-06 2.983789931321246e-06 3.088662811566737e-06 2.8901984016466837e-06 3.0774798174615827e-06 
2.9855463328603906e-06 2.9842711175794553e-06 3.0891612636221124e-06 2.890719085874916e-06 3.078021534522384e-06 
2.982129367713532e-06 2.9811198849946126e-06 3.0873457170676748e-06 2.888181483615527e-06 3.075852339976089e-06 
2.988408711490488e-06 2.987293061225581e-06 3.093527476267424e-06 2.894398183175023e-06 3.082083367948376e-06 
2.9869995890185196e-06 2.98809156752668e-06 3.0932751242973167e-06 2.8939670008052428e-06 3.0809495608187922e-06 
2.997513781985596e-06 2.9982631405506115e-06 3.1030659362545093e-06 2.904053641310574e-06 3.0909688159160333e-06 
2.9935191414643842e-06 2.994825761542149e-06 3.099862923314841e-06 2.9005655712210747e-06 3.087458816887042e-06 
2.9862241024275707e-06 2.987088226418024e-06 3.0922963712089144e-06 2.8930450951721165e-06 3.0800760438151646e-06 
2.9859671188720897e-06 2.986491914840713e-06 3.0917941382981767e-06 2.8926013893394894e-06 3.0797207610741198e-06 
2.9863062122573424e-06 2.9868132505854335e-06 3.0917636610249133e-06 2.8927438635587968e-06 3.079758335947023e-06 
2.9843487658824433e-06 2.9848084924519523e-06 3.090160748461422e-06 2.890962489289614e-06 3.0781101981704537e-06 
3.0004777123768347e-06 3.0011185525518148e-06 3.105592144834861e-06 2.906773075143317e-06 3.0936026953471345e-06 
2.99326847673608e-06 2.9942736010397264e-06 3.0981057571224497e-06 2.8994749059978873e-06 3.0860502014915523e-06 
2.9878818609159904e-06 2.989467695682921e-06 3.092381136437094e-06 2.894008829033764e-06 3.080202264450732e-06 
2.9882556813171426e-06 2.99008841652374e-06 3.0928396046420937e-06 2.894470325889644e-06 3.0805695761535967e-06 
2.98849589962949e-06 2.990278280327459e-06 3.0930485119897645e-06 2.894685710225524e-06 3.080799433917888e-06 
2.9852947905232207e-06 2.9876048100087328e-06 3.090200444220783e-06 2.891757278532283e-06 3.0777276501108795e-06 
2.9865571797648404e-06 2.988940184690105e-06 3.0913778252492247e-06 2.8929899495523213e-06 3.078896600834633e-06 
2.9887409269833166e-06 2.990163903972862e-06 3.093578639649488e-06 2.8950156527356937e-06 3.0813932260665167e-06 
2.9922472044007318e-06 2.993664404223551e-06 3.097086207537231e-06 2.898525157631157e-06 3.084902222597885e-06 
2.9934714923303057e-06 2.994715783718456e-06 3.0982583544990675e-06 2.899693463165731e-06 3.0861369211452335e-06 
2.998334634209341e-06 2.998195112109511e-06 3.1022417475884868e-06 2.9038655061519563e-06 3.090699223557686e-06 
2.990319941733598e-06 2.9911425070509496e-06 3.094497139790847e-06 2.896149073891197e-06 3.0826100672039453e-06 
2.9855698090205527e-06 2.986122259095962e-06 3.0899437484166726e-06 2.891449255803989e-06 3.078107614841473e-06 
2.977360461011802e-06 2.9783471842755737e-06 3.0815020103462967e-06 2.883186501525516e-06 3.0695704230526784e-06 
2.973581894111331e-06 2.9747601608421953e-06 3.0779355435502475e-06 2.87954731717758e-06 3.0659086927605186e-06 
2.9674559219536207e-06 2.9690672561394753e-06 3.071834877658752e-06 2.8735041176697846e-06 3.0596692782109157e-06 
2.967202144033732e-06 2.9682316369128104e-06 3.071783229762313e-06 2.8732529842874095e-06 3.059764488233672e-06 
2.9759770476540105e-06 2.9772119487573307e-06 3.0805974943276393e-06 2.882093126365343e-06 3.0685078464374826e-06 
2.9769760529590374e-06 2.978317229515333e-06 3.0817217998347155e-06 2.8831767276485017e-06 3.069577878974758e-06 
2.9740256117847714e-06 2.9756103304729158e-06 3.0788216304539037e-06 2.880291918102644e-06 3.066593582025416e-06 
2.9731683988045857e-06 2.9748062399227888e-06 3.077876864533064e-06 2.8793977364041158e-06 3.0656471159926348e-06 
2.9735784398310795e-06 2.975152636956629e-06 3.078072699601836e-06 2.879686077458143e-06 3.065898916064277e-06 
2.9767449035905706e-06 2.97943697987995e-06 3.081756631088216e-06 2.8833213979695317e-06 3.069147381528539e-06 
2.982775840797627e-06 2.985189933488473e-06 3.087501064938423e-06 2.8891609581312323e-06 3.075026442901255e-06 
2.97911493783975e-06 2.981503913788275e-06 3.083844232756661e-06 2.885493923068819e-06 3.071376913625831e-06 
2.9963007923669304e-06 2.9985915984967956e-06 3.10092094160776e-06 2.9026235433459405e-06 3.0885018254995084e-06 
2.9941062465288457e-06 2.996029905936268e-06 3.0987699651774717e-06 2.9003841876259422e-06 3.0864578999500807e-06 
2.9635998538924183e-06 2.966579035692969e-06 3.0685144112623865e-06 2.8701638705958374e-06 3.0558327887185274e-06 
2.959589434435319e-06 2.9623028058310227e-06 3.0639068319995034e-06 2.8657938727531118e-06 3.0514089086307683e-06 
2.9636076901868415e-06 2.967039832913122e-06 3.0680815199254893e-06 2.870026682835679e-06 3.055333103888352e-06 
2.971802240865212e-06 2.9754440611374307e-06 3.0756919907537446e-06 2.877969247114144e-06 3.062976225280237e-06 
2.9792731152820903e-06 2.983660694607805e-06 3.0843718709216653e-06 2.886203749808721e-06 3.071219507654393e-06 
2.981655133496047e-06 2.98640644837078e-06 3.087103963943666e-06 2.8888349174199163e-06 3.073779068243321e-06 
2.9821991203170696e-06 2.9868215659991564e-06 3.087544530523196e-06 2.8893026174613027e-06 3.074277216009291e-06 
2.9844491201463394e-06 2.989292256666597e-06 3.0899073129165097e-06 2.8916534942640196e-06 3.0765520494526823e-06 
2.985270180352588e-06 2.9900701311516923e-06 3.0907559637127127e-06 2.892481632466957e-06 3.0774094762508654e-06 
2.9920151351148702e-06 2.9977124601982167e-06 3.098362139247865e-06 2.8998424126486895e-06 3.0845902862859666e-06 
2.9790069944823234e-06 2.9856084098342243e-06 3.0861788345639104e-06 2.887414423885187e-06 3.071986804185687e-06 
2.971522777412882e-06 2.9777070949322745e-06 3.0782899064084938e-06 2.8796359456757178e-06 3.064296612603661e-06 
2.970202707936132e-06 2.9763063059255873e-06 3.077067608645831e-06 2.878350082708815e-06 3.0630831153183736e-06 
2.9806455706717465e-06 2.985148400748024e-06 3.0860077091649886e-06 2.8877341164036192e-06 3.072774959644703e-06 
2.982921505929218e-06 2.9884830582827248e-06 3.0886096340925315e-06 2.890375340571322e-06 3.0749916163818444e-06 
2.9803333339227778e-06 2.9859496253935366e-06 3.0861057557434965e-06 2.887837945378984e-06 3.072456617224039e-06 
2.9835466880406464e-06 2.9892572914405983e-06 3.0892771197185024e-06 2.8910506189688273e-06 3.0756054325570347e-06 
2.9797195796408855e-06 2.985714745227899e-06 3.085683334757791e-06 2.8873923787714752e-06 3.071883795186603e-06 
2.9770686262010557e-06 2.982669583184502e-06 3.082250075079638e-06 2.8842642519755893e-06 3.0687053757278783e-06 
2.9792654380241656e-06 2.984861815126178e-06 3.084322662963683e-06 2.886399034245664e-06 3.07080016969422e-06 
2.973448514027136e-06 2.9799782231707713e-06 3.079181550194646e-06 2.8810969839454793e-06 3.065254333889813e-06 
2.973406621715328e-06 2.9799384463147523e-06 3.0791393422173377e-06 2.8810552862169866e-06 3.0652115210009072e-06 
2.9758640242349798e-06 2.9825932173243186e-06 3.0819490812931654e-06 2.8837328242908115e-06 3.067900225212017e-06 
2.9911578740862704e-06 2.998026003417299e-06 3.0969058744024523e-06 2.898896460564512e-06 3.0828693552674334e-06 
3.0039786765400717e-06 3.0104884895273816e-06 3.1094468098842127e-06 2.911519638933031e-06 3.095568510918233e-06 
3.0040881021012357e-06 3.0105477780773656e-06 3.109515522390684e-06 2.911598912293393e-06 3.095659726438801e-06 
3.0044219277085274e-06 3.0107126973263567e-06 3.1095684332808867e-06 2.911757927095136e-06 3.095812627254883e-06 
3.004511526541582e-06 3.0112322134160612e-06 3.109964684618997e-06 2.9120854490673485e-06 3.0960229900925187e-06 
3.0057958697146987e-06 3.0130084662301094e-06 3.1116426844320387e-06 2.9136655086897165e-06 3.097481013469911e-06 
3.011233891749737e-06 3.0175747003671416e-06 3.1166342971545375e-06 2.9187157121262273e-06 3.10281975472076e-06 
3.005443997525357e-06 3.010474152813373e-06 3.109624314805493e-06 2.9120517900542138e-06 3.096424702898565e-06 
3.0078953188679807e-06 3.0122899892625895e-06 3.1113065938463115e-06 2.9139963542902232e-06 3.0984346935630455e-06 
3.004980618985404e-06 3.0099019755667555e-06 3.1091484588636228e-06 2.911561183304621e-06 3.0959849405413837e-06 
3.005059451068105e-06 3.0099006214601144e-06 3.109231647042072e-06 2.9116272898404684e-06 3.0960924250674863e-06 
2.991803120321005e-06 2.996790765955495e-06 3.0968514778661492e-06 2.8988315929873464e-06 3.0835197517283018e-06 
2.992017172945691e-06 2.9970011800942713e-06 3.0970920079453445e-06 2.8990587437817003e-06 3.0837569469941375e-06 
2.991631698312743e-06 2.9968199090492587e-06 3.0969763644998494e-06 2.898848987451697e-06 3.0835321732364077e-06 
3.00724668621431e-06 3.0134587621959824e-06 3.1137617035056662e-06 2.9152715417811264e-06 3.0998000191888626e-06 
3.0044514084511277e-06 3.0105281088911982e-06 3.110894268782979e-06 2.912411080378047e-06 3.096987154920011e-06 
3.027964336276592e-06 3.033321520174559e-06 3.13445136211632e-06 2.9358374603417035e-06 3.1207599637196455e-06 
3.03248539237529e-06 3.036821127252224e-06 3.1388234564107723e-06 2.9400998486906307e-06 3.125475487022307e-06 
3.0345072538796703e-06 3.0388918961546153e-06 3.140585775536235e-06 2.941998180318828e-06 3.1272662327964994e-06 
3.032656522700687e-06 3.0373269356434796e-06 3.1386279747493624e-06 2.9401423186377697e-06 3.1252374650242036e-06 
3.0324341289582497e-06 3.035601739534741e-06 3.137799975582907e-06 2.939335019050084e-06 3.1249801601653406e-06 
3.0313667568231614e-06 3.0344057382449966e-06 3.1366503873426423e-06 2.9382010472755383e-06 3.1238845827203956e-06 
3.034612575054529e-06 3.0373515428228465e-06 3.1410491903163312e-06 2.941996203970395e-06 3.128181924978805e-06 
3.0309504783403908e-06 3.033097764288335e-06 3.136155191678188e-06 2.9375851235590553e-06 3.123680481556181e-06 
3.0303711168703315e-06 3.0325315271573625e-06 3.1355634343698834e-06 2.937001071655173e-06 3.1230867578843756e-06 
3.029823271683049e-06 3.0316435280669705e-06 3.1350470150701073e-06 2.9364092240870428e-06 3.1226709512601924e-06 
3.018215939489702e-06 3.0196551750261045e-06 3.1232397904571307e-06 2.9246199029310996e-06 3.111016597781523e-06 
3.0199167722750625e-06 3.021255582466837e-06 3.12463138473734e-06 2.92614434943129e-06 3.112491643019967e-06 
3.0242591468302835e-06 3.0256807358579527e-06 3.128836993559182e-06 2.9304346647505503e-06 3.1166944211166586e-06 
3.024228132420677e-06 3.025577224262933e-06 3.1287921964652444e-06 2.9303837774140393e-06 3.1166745200834146e-06 
3.0305230657131977e-06 3.0319626098762286e-06 3.13574471298414e-06 2.937042177458368e-06 3.1234874618031465e-06 
3.0307067314461335e-06 3.0313604208549695e-06 3.134983842106413e-06 2.9365988884972763e-06 3.1231308224411695e-06 
3.031187494649332e-06 3.031925561674379e-06 3.1361581808436567e-06 2.937455169269677e-06 3.124161583086037e-06 
3.038723207468325e-06 3.0392693481737883e-06 3.143830214431413e-06 2.945036426156409e-06 3.1318699446910703e-06 
3.0409850595895564e-06 3.0414049765788035e-06 3.14609706386948e-06 2.9472815064289635e-06 3.134175112771844e-06 
3.0456156506947097e-06 3.046467287359034e-06 3.1508251140291284e-06 2.9520415319736528e-06 3.1387522143795237e-06 
3.0454756493242624e-06 3.0467458221232047e-06 3.150970677720693e-06 2.952122571201135e-06 3.1387192628069686e-06 
3.04314278619751e-06 3.044955689207925e-06 3.1481520601084638e-06 2.949629257850132e-06 3.1358139546796128e-06 
3.0430964462442595e-06 3.0449503263143196e-06 3.1481849373237e-06 2.9496311621495185e-06 3.1358206874724583e-06 
3.0394963242004182e-06 3.041947291248677e-06 3.1446794294966094e-06 2.9461819042156197e-06 3.132113410084611e-06 
3.0369166421402895e-06 3.0394612174621764e-06 3.1422289347242736e-06 2.943683199011814e-06 3.1296120556586573e-06 
3.030405081237866e-06 3.032853997545375e-06 3.1365412707878744e-06 2.9375768680545138e-06 3.123815274295069e-06 
3.034640748944337e-06 3.0371420183504792e-06 3.1408143295181295e-06 2.9418453864438318e-06 3.128065517594716e-06 
3.0374124607028254e-06 3.039487865866095e-06 3.1430996197119274e-06 2.9442916473802837e-06 3.1305654683088954e-06 
3.0424909227974616e-06 3.04373092292568e-06 3.147956595951731e-06 2.9491143959052636e-06 3.1357196591657865e-06 
3.042055789834606e-06 3.043234318942519e-06 3.1475801134501937e-06 2.9486988504638176e-06 3.1353523970141117e-06 
3.0404759345894245e-06 3.0416181592829862e-06 3.146620045124267e-06 2.9474357736336416e-06 3.1342988059126475e-06 
3.0321743512525354e-06 3.033533559080748e-06 3.1378725024730726e-06 2.9389297065611753e-06 3.1255595900371673e-06 
3.0305150581210146e-06 3.0319513424562376e-06 3.1359885031355134e-06 2.9371647863003384e-06 3.123689688364516e-06 
3.0377076683265126e-06 3.0389923573333864e-06 3.1424000473014836e-06 2.943931920733831e-06 3.130280170515401e-06 
3.043645593215725e-06 3.0451891643587326e-06 3.1476855837125994e-06 2.9495840429790223e-06 3.135595105096314e-06 
3.04760843373573e-06 3.0492487754692478e-06 3.151224505271744e-06 2.9533500362554757e-06 3.139175317641278e-06 
3.050036839203026e-06 3.051135813032641e-06 3.1532529508096345e-06 2.9554793449278292e-06 3.1414398728865605e-06 
3.0454716791925824e-06 3.0465473089172978e-06 3.148546880717145e-06 2.9508332970489057e-06 3.136765050630465e-06 
3.052248446557871e-06 3.0514114700967977e-06 3.155594477825447e-06 2.9574226727743646e-06 3.144361905321528e-06 
3.052303391140571e-06 3.0514749267877138e-06 3.1556635670494597e-06 2.9574864505909218e-06 3.144425951347282e-06 
3.0492493764702925e-06 3.04824839814904e-06 3.1524914951697874e-06 2.954338842117039e-06 3.141327607849224e-06 
3.0516429789586884e-06 3.0502327547442087e-06 3.1556407166001332e-06 2.957058333099507e-06 3.144475978564846e-06 
3.0508882927135945e-06 3.0485570414176476e-06 3.1539768521593257e-06 2.9556752381648386e-06 3.1432523588508745e-06 
3.0561305358406617e-06 3.0537374969230717e-06 3.1589893290657775e-06 2.960792853684028e-06 3.1483228334740192e-06 
3.058943974651817e-06 3.056747112820096e-06 3.161916279394317e-06 2.963700800085029e-06 3.1511695192219185e-06 
3.071111925305431e-06 3.069185580909755e-06 3.1746391722377197e-06 2.976214427766108e-06 3.1637139578167185e-06 
3.0681483976916664e-06 3.066840166412299e-06 3.171815582627346e-06 2.9734246861018584e-06 3.160674641349776e-06 
3.0728587051939793e-06 3.0713819122645483e-06 3.1764706973397846e-06 2.9780824097084693e-06 3.1653913590645332e-06 
3.068555134285245e-06 3.067326834828027e-06 3.172303291555436e-06 2.9738874283564752e-06 3.1611237726831456e-06 
3.057219231918675e-06 3.0557317989052175e-06 3.1615526381932e-06 2.962802529089465e-06 3.1503548211940005e-06 
3.057390518529728e-06 3.055854059727175e-06 3.1616709829341208e-06 2.9629381078097494e-06 3.1504973650734007e-06 
3.0644938026679937e-06 3.063038527153812e-06 3.1694278463512024e-06 2.9704045504525415e-06 3.158117967805191e-06 
3.0656777619223183e-06 3.0629099114794736e-06 3.1698986775478072e-06 2.970999397671789e-06 3.1591172709931298e-06 
3.0660366208462535e-06 3.0634001904618102e-06 3.1703935634666053e-06 2.971451543471745e-06 3.159548270035024e-06 
3.0674160256166434e-06 3.0648117275393365e-06 3.1718653182443803e-06 2.9728861033087363e-06 3.1609943386102363e-06 
3.070520323053344e-06 3.0682242065053623e-06 3.1753329682028306e-06 2.9762349632158188e-06 3.1643045716752285e-06 
3.0709901919073455e-06 3.0688673849305557e-06 3.175866763092574e-06 2.9767672364471205e-06 3.164773705570068e-06 
3.0705538747768855e-06 3.0685446779703767e-06 3.1767775058735733e-06 2.9770627040000615e-06 3.1654204831711605e-06 
3.072632314765921e-06 3.0699966745901556e-06 3.1786205382940277e-06 2.9789176568769117e-06 3.167497748242223e-06 
3.075968865234782e-06 3.0734733174287363e-06 3.1819752986452525e-06 2.9822893318782327e-06 3.17080587091613e-06 
3.085523696186816e-06 3.0846917617263764e-06 3.1925697539512794e-06 2.99267481694189e-06 3.180707225181725e-06 
3.0851500295649583e-06 3.0843443354456086e-06 3.1922634934978605e-06 2.9923410139462956e-06 3.180381387783019e-06 
3.0839624934118785e-06 3.084016614168589e-06 3.190829054130341e-06 2.991162020949324e-06 3.1787218676388733e-06 
3.087970879286586e-06 3.088833093299338e-06 3.195082017215103e-06 2.995438496887601e-06 3.182682060783159e-06 
3.0877361542064293e-06 3.0886886555085143e-06 3.194999517928151e-06 2.995299325706777e-06 3.1825457018918674e-06 
3.0859573007426182e-06 3.087017286565281e-06 3.193150498486543e-06 2.9934996990832062e-06 3.180675233101074e-06 
3.0858032431522747e-06 3.0864903798356145e-06 3.1927642245830708e-06 2.993159992055053e-06 3.1804442330833374e-06 
3.0854557324480638e-06 3.0864206660033056e-06 3.1924655389416936e-06 2.9928846392827985e-06 3.1800509250905872e-06 
3.0859928856994287e-06 3.086989235006151e-06 3.19293350575957e-06 2.9933910180028323e-06 3.180520825381391e-06 
3.098804858553728e-06 3.09930675449327e-06 3.205019273570686e-06 3.005748586550833e-06 3.192882884558595e-06 
3.0982683065185744e-06 3.0987512814363427e-06 3.204453129226595e-06 3.00519276341072e-06 3.1923276594940358e-06 
3.0959196002416304e-06 3.096829632666269e-06 3.2024047217034275e-06 3.003072174591093e-06 3.190095650539427e-06 
3.088303844766051e-06 3.0900023582060983e-06 3.194884486417198e-06 2.9956340231289743e-06 3.1823142561716907e-06 
3.0885456772250975e-06 3.0908139637709576e-06 3.1949802811455366e-06 2.9958980326809993e-06 3.1822573931934817e-06 
3.0946402725931356e-06 3.09660193944282e-06 3.2011646507569695e-06 3.0019922344405116e-06 3.188521762320978e-06 
3.099053027531515e-06 3.1013325330620994e-06 3.205933652474737e-06 3.006650988268855e-06 3.1931313349827098e-06 
3.08814470225261e-06 3.0906516120841084e-06 3.194603758193851e-06 2.995551067418618e-06 3.181802446172718e-06 
3.0878973308142544e-06 3.0901827294513097e-06 3.1939794259123066e-06 2.995067886633285e-06 3.1813108588013886e-06 
3.0925723909619214e-06 3.0948013557471393e-06 3.1983789519528944e-06 2.9995939047666186e-06 3.1857743464756733e-06 
3.0919265648267395e-06 3.0941853765142035e-06 3.1977095648068424e-06 2.9989404369838723e-06 3.1850996746606934e-06 
3.0909765298552716e-06 3.0932257678104147e-06 3.1968555931516888e-06 2.9980378395941352e-06 3.184232484100421e-06 
3.0908101974601216e-06 3.093143831696472e-06 3.196728706922781e-06 2.9979066927186815e-06 3.184072647992704e-06 
3.090923138283619e-06 3.0932574175889497e-06 3.1968416249352314e-06 2.9980198420079538e-06 3.1841853639043804e-06 
3.0957161753264547e-06 3.0964601420315862e-06 3.2002075253475604e-06 3.0017982074858646e-06 3.1882876812387978e-06 
3.0962236432020085e-06 3.0970259903060425e-06 3.200755570992427e-06 3.0023373383968393e-06 3.1888106664916757e-06 
3.1010263780776105e-06 3.1021879099341408e-06 3.2056514034397982e-06 3.0072554558781956e-06 3.193578719033474e-06 
3.11696956119796e-06 3.1176345554894056e-06 3.2219455651570844e-06 3.0233097794407205e-06 3.2099674836346967e-06 
3.1216291234998106e-06 3.120773567025865e-06 3.2251362024487323e-06 3.026950018573788e-06 3.213879932659381e-06 
3.135894786037043e-06 3.1355184588529665e-06 3.239324745915015e-06 3.0412714024618293e-06 3.2279319162158695e-06 
3.13383702344673e-06 3.1337989771525404e-06 3.2375182435435484e-06 3.0393999962368165e-06 3.225977618753528e-06 
3.1317707069324847e-06 3.1321357386449325e-06 3.2357590585339077e-06 3.0375604052258213e-06 3.224041001399569e-06 
3.129634483034345e-06 3.129587041966321e-06 3.233604911978757e-06 3.035341538617308e-06 3.2220183977442853e-06 
3.1306303286398797e-06 3.130554479283701e-06 3.2346924867908465e-06 3.0363809511637314e-06 3.2230992522752585e-06 
3.1293345757154303e-06 3.1292109292514665e-06 3.233388141229436e-06 3.035071315692793e-06 3.221811284653881e-06 
3.1536128505180365e-06 3.1540968507038664e-06 3.258019668490463e-06 3.059660014759869e-06 3.246192955562621e-06 
3.1650447450501013e-06 3.1644190295205666e-06 3.2680734160894617e-06 3.0701982054849514e-06 3.25682526598351e-06 
3.1650455328729168e-06 3.164422152488368e-06 3.2680781588443587e-06 3.0702014350175595e-06 3.256828611817136e-06 
3.1648467685063593e-06 3.1644669894202575e-06 3.2677804727913966e-06 3.0699938078931907e-06 3.2564718000370232e-06 
3.1523214543131756e-06 3.15166665015456e-06 3.2548018911941297e-06 3.0571763195547806e-06 3.2436559920681213e-06 
3.1501515636320506e-06 3.1491720153164825e-06 3.2521806387291224e-06 3.054716610120455e-06 3.241212344736798e-06 
3.150969379020127e-06 3.1507226621823586e-06 3.2534919121574615e-06 3.0559158192301928e-06 3.242211795807607e-06 
3.1434087647603695e-06 3.1434089956286034e-06 3.2461488474192144e-06 3.0485029516082064e-06 3.2347552268261586e-06 
3.1519026129118555e-06 3.152255402413472e-06 3.255216694438657e-06 3.0573612023462753e-06 3.2436158363973872e-06 
3.152576839263069e-06 3.1527193136078067e-06 3.2557817906211102e-06 3.0579431174603057e-06 3.2442649049820646e-06 
3.159404351053934e-06 3.1585088186873333e-06 3.2610155103186046e-06 3.0637791367938574e-06 3.2500914905053423e-06 
3.1651689499018615e-06 3.1643341714358826e-06 3.2668108728433994e-06 3.069575409697571e-06 3.2558625515903873e-06 
3.161561969761265e-06 3.160772852245006e-06 3.2631093281422207e-06 3.0659249137021393e-06 3.2521628777582913e-06 
3.156509087436093e-06 3.1554872305760347e-06 3.2576268514223747e-06 3.060607826340375e-06 3.246825740520003e-06 
3.15437132800497e-06 3.1535024453756013e-06 3.255294822687788e-06 3.0583964409325964e-06 3.2444789450200855e-06 
3.1539426161121476e-06 3.1530853300023923e-06 3.2544458497260744e-06 3.057756646745514e-06 3.2436974166991007e-06 
3.1537019352417156e-06 3.1523687674024236e-06 3.254121109157157e-06 3.057388893607644e-06 3.243535243009003e-06 
3.169680616994234e-06 3.1695127901953676e-06 3.271318485225884e-06 3.0742068811157416e-06 3.2601628104846025e-06 
3.1699557581076193e-06 3.1707532427427308e-06 3.2722296644547803e-06 3.0749778884741462e-06 3.26066540654045e-06 
3.156062245942368e-06 3.156241764253639e-06 3.259138206887916e-06 3.061371948141289e-06 3.247631484870999e-06 
3.1626645308053213e-06 3.163097409207487e-06 3.2655218386410186e-06 3.067912795212992e-06 3.2539729107336244e-06 
3.1643482492101353e-06 3.1650378783323767e-06 3.2675163625838733e-06 3.06980267047966e-06 3.2558347760328185e-06 
3.1669631733825566e-06 3.1683989377378825e-06 3.2710181182937574e-06 3.0730075358046876e-06 3.2589538452740632e-06 
3.174113682623322e-06 3.1760545143972334e-06 3.278012164325462e-06 3.0801741842770333e-06 3.2658165359356725e-06 
3.1816713513508617e-06 3.1835634608186217e-06 3.285278364669784e-06 3.0875807254601923e-06 3.273146897571363e-06 
3.1830618703833375e-06 3.184307155988782e-06 3.2868694973721863e-06 3.0889599672856196e-06 3.2749058413597714e-06 
3.1767186193899396e-06 3.17745636363778e-06 3.2803371743445054e-06 3.0824241462260613e-06 3.2685639708970175e-06 
3.1723428778842525e-06 3.172309890193159e-06 3.2748700553430234e-06 3.0773489409206653e-06 3.263521867700089e-06 
