8.58306884765625e-05
4.9591064453125e-05
4.792213439941406e-05
4.673004150390625e-05
4.649162292480469e-05
4.696846008300781e-05
4.601478576660156e-05
4.673004150390625e-05
9.703636169433594e-05
4.8160552978515625e-05
4.57763671875e-05
4.649162292480469e-05
4.601478576660156e-05
4.6253204345703125e-05
4.57763671875e-05
4.6253204345703125e-05
4.601478576660156e-05
4.553794860839844e-05
4.6253204345703125e-05
4.601478576660156e-05
4.5299530029296875e-05
4.601478576660156e-05
4.553794860839844e-05
4.57763671875e-05
4.5299530029296875e-05
4.76837158203125e-05
9.489059448242188e-05
4.7206878662109375e-05
4.57763671875e-05
4.601478576660156e-05
4.553794860839844e-05
4.601478576660156e-05
4.57763671875e-05
4.553794860839844e-05
4.57763671875e-05
6.723403930664062e-05
4.696846008300781e-05
4.6253204345703125e-05
4.57763671875e-05
4.601478576660156e-05
4.553794860839844e-05
4.553794860839844e-05
4.601478576660156e-05
0.00010895729064941406
4.744529724121094e-05
4.6253204345703125e-05
4.744529724121094e-05
4.601478576660156e-05
4.5299530029296875e-05
4.6253204345703125e-05
4.5299530029296875e-05
4.553794860839844e-05
4.601478576660156e-05
4.553794860839844e-05
4.5299530029296875e-05
4.601478576660156e-05
4.601478576660156e-05
4.601478576660156e-05
4.7206878662109375e-05
4.6253204345703125e-05
4.553794860839844e-05
9.417533874511719e-05
4.649162292480469e-05
4.601478576660156e-05
4.6253204345703125e-05
4.649162292480469e-05
4.57763671875e-05
4.553794860839844e-05
4.601478576660156e-05
4.6253204345703125e-05
4.553794860839844e-05
4.57763671875e-05
4.792213439941406e-05
4.744529724121094e-05
4.601478576660156e-05
4.696846008300781e-05
4.601478576660156e-05
4.57763671875e-05
7.653236389160156e-05
8.273124694824219e-05
4.649162292480469e-05
4.6253204345703125e-05
4.553794860839844e-05
4.57763671875e-05
4.673004150390625e-05
4.673004150390625e-05
4.601478576660156e-05
4.57763671875e-05
4.57763671875e-05
4.6253204345703125e-05
4.553794860839844e-05
4.7206878662109375e-05
4.673004150390625e-05
4.649162292480469e-05
4.887580871582031e-05
9.512901306152344e-05
4.744529724121094e-05
4.649162292480469e-05
4.601478576660156e-05
4.6253204345703125e-05
4.649162292480469e-05
4.76837158203125e-05
4.7206878662109375e-05
4.744529724121094e-05
4.696846008300781e-05
4.863739013671875e-05
4.887580871582031e-05
4.673004150390625e-05
4.601478576660156e-05
4.792213439941406e-05
4.6253204345703125e-05
4.57763671875e-05
6.4849853515625e-05
9.465217590332031e-05
4.696846008300781e-05
4.57763671875e-05
4.744529724121094e-05
4.649162292480469e-05
4.601478576660156e-05
4.6253204345703125e-05
4.7206878662109375e-05
4.673004150390625e-05
4.6253204345703125e-05
4.696846008300781e-05
4.6253204345703125e-05
4.649162292480469e-05
0.0020585060119628906
5.078315734863281e-05
4.76837158203125e-05
4.673004150390625e-05
4.6253204345703125e-05
4.57763671875e-05
4.696846008300781e-05
4.601478576660156e-05
4.6253204345703125e-05
4.6253204345703125e-05
7.05718994140625e-05
4.935264587402344e-05
4.696846008300781e-05
4.6253204345703125e-05
4.553794860839844e-05
4.57763671875e-05
4.601478576660156e-05
0.00011229515075683594
4.76837158203125e-05
4.6253204345703125e-05
4.6253204345703125e-05
4.744529724121094e-05
4.8160552978515625e-05
4.601478576660156e-05
6.747245788574219e-05
9.584426879882812e-05
6.937980651855469e-05
4.935264587402344e-05
4.863739013671875e-05
6.318092346191406e-05
6.890296936035156e-05
0.00010991096496582031
8.606910705566406e-05
6.413459777832031e-05
4.673004150390625e-05
4.673004150390625e-05
4.6253204345703125e-05
4.6253204345703125e-05
4.553794860839844e-05
4.696846008300781e-05
4.553794860839844e-05
4.649162292480469e-05
4.553794860839844e-05
4.553794860839844e-05
4.6253204345703125e-05
4.673004150390625e-05
4.553794860839844e-05
4.839897155761719e-05
9.417533874511719e-05
4.76837158203125e-05
4.6253204345703125e-05
4.57763671875e-05
4.6253204345703125e-05
4.506111145019531e-05
4.649162292480469e-05
4.553794860839844e-05
4.57763671875e-05
4.5299530029296875e-05
4.553794860839844e-05
4.57763671875e-05
4.5299530029296875e-05
4.5299530029296875e-05
4.57763671875e-05
4.601478576660156e-05
4.649162292480469e-05
4.649162292480469e-05
7.796287536621094e-05
4.673004150390625e-05
4.7206878662109375e-05
4.553794860839844e-05
4.553794860839844e-05
4.57763671875e-05
4.601478576660156e-05
4.601478576660156e-05
4.482269287109375e-05
4.9591064453125e-05
4.649162292480469e-05
4.863739013671875e-05
4.57763671875e-05
4.57763671875e-05
4.553794860839844e-05
4.649162292480469e-05
4.6253204345703125e-05
0.00011301040649414062
4.76837158203125e-05
4.601478576660156e-05
4.6253204345703125e-05
4.601478576660156e-05
4.57763671875e-05
4.601478576660156e-05
4.649162292480469e-05
4.553794860839844e-05
4.57763671875e-05
4.7206878662109375e-05
4.57763671875e-05
4.6253204345703125e-05
4.57763671875e-05
4.696846008300781e-05
4.696846008300781e-05
4.5299530029296875e-05
0.00011420249938964844
6.008148193359375e-05
4.601478576660156e-05
4.553794860839844e-05
4.601478576660156e-05
4.57763671875e-05
4.57763671875e-05
4.792213439941406e-05
4.57763671875e-05
4.57763671875e-05
4.601478576660156e-05
4.57763671875e-05
4.553794860839844e-05
4.553794860839844e-05
4.57763671875e-05
4.553794860839844e-05
4.57763671875e-05
9.703636169433594e-05
4.7206878662109375e-05
4.5299530029296875e-05
4.57763671875e-05
4.553794860839844e-05
4.553794860839844e-05
4.601478576660156e-05
4.553794860839844e-05
4.553794860839844e-05
4.506111145019531e-05
4.57763671875e-05
4.553794860839844e-05
4.553794860839844e-05
4.57763671875e-05
4.5299530029296875e-05
4.601478576660156e-05
4.6253204345703125e-05
4.601478576660156e-05
9.34600830078125e-05
4.696846008300781e-05
4.5299530029296875e-05
4.553794860839844e-05
4.553794860839844e-05
4.57763671875e-05
4.601478576660156e-05
4.553794860839844e-05
4.649162292480469e-05
4.601478576660156e-05
4.553794860839844e-05
4.553794860839844e-05
4.6253204345703125e-05
6.222724914550781e-05
4.8160552978515625e-05
4.6253204345703125e-05
4.5299530029296875e-05
9.965896606445312e-05
4.696846008300781e-05
4.553794860839844e-05
4.5299530029296875e-05
4.553794860839844e-05
4.649162292480469e-05
4.5299530029296875e-05
4.5299530029296875e-05
4.5299530029296875e-05
4.57763671875e-05
4.5299530029296875e-05
4.673004150390625e-05
4.57763671875e-05
4.57763671875e-05
4.57763671875e-05
4.57763671875e-05
4.6253204345703125e-05
4.601478576660156e-05
0.00016069412231445312
4.9591064453125e-05
4.887580871582031e-05
4.8160552978515625e-05
4.863739013671875e-05
6.175041198730469e-05
4.6253204345703125e-05
4.601478576660156e-05
4.673004150390625e-05
4.57763671875e-05
4.649162292480469e-05
4.601478576660156e-05
4.649162292480469e-05
4.601478576660156e-05
4.553794860839844e-05
4.6253204345703125e-05
9.512901306152344e-05
4.696846008300781e-05
4.553794860839844e-05
4.57763671875e-05
4.553794860839844e-05
4.6253204345703125e-05
4.649162292480469e-05
4.601478576660156e-05
4.57763671875e-05
4.57763671875e-05
4.696846008300781e-05
4.6253204345703125e-05
4.6253204345703125e-05
4.6253204345703125e-05
4.649162292480469e-05
4.57763671875e-05
4.601478576660156e-05
4.6253204345703125e-05
9.441375732421875e-05
4.696846008300781e-05
4.57763671875e-05
4.553794860839844e-05
4.673004150390625e-05
4.649162292480469e-05
4.506111145019531e-05
4.57763671875e-05
4.506111145019531e-05
4.57763671875e-05
4.553794860839844e-05
4.57763671875e-05
4.5299530029296875e-05
4.553794860839844e-05
4.553794860839844e-05
4.553794860839844e-05
4.8160552978515625e-05
9.322166442871094e-05
4.649162292480469e-05
4.601478576660156e-05
4.553794860839844e-05
4.5299530029296875e-05
4.553794860839844e-05
4.553794860839844e-05
4.863739013671875e-05
4.673004150390625e-05
4.57763671875e-05
4.887580871582031e-05
4.601478576660156e-05
4.601478576660156e-05
4.57763671875e-05
4.601478576660156e-05
4.601478576660156e-05
4.601478576660156e-05
4.601478576660156e-05
0.0001277923583984375
5.030632019042969e-05
5.936622619628906e-05
4.57763671875e-05
4.601478576660156e-05
4.57763671875e-05
4.553794860839844e-05
4.6253204345703125e-05
4.57763671875e-05
0.0057413578033447266
5.7697296142578125e-05
6.985664367675781e-05
4.744529724121094e-05
4.601478576660156e-05
4.601478576660156e-05
4.6253204345703125e-05
4.553794860839844e-05
4.57763671875e-05
4.5299530029296875e-05
9.489059448242188e-05
4.696846008300781e-05
4.6253204345703125e-05
4.6253204345703125e-05
4.649162292480469e-05
4.649162292480469e-05
4.57763671875e-05
4.649162292480469e-05
4.601478576660156e-05
7.867813110351562e-05
4.76837158203125e-05
4.6253204345703125e-05
4.649162292480469e-05
4.601478576660156e-05
4.601478576660156e-05
4.553794860839844e-05
4.601478576660156e-05
9.512901306152344e-05
4.696846008300781e-05
4.601478576660156e-05
4.673004150390625e-05
4.6253204345703125e-05
4.6253204345703125e-05
4.553794860839844e-05
4.5299530029296875e-05
4.57763671875e-05
4.601478576660156e-05
4.6253204345703125e-05
4.5299530029296875e-05
4.553794860839844e-05
4.5299530029296875e-05
4.649162292480469e-05
4.57763671875e-05
4.57763671875e-05
4.553794860839844e-05
9.465217590332031e-05
4.649162292480469e-05
4.553794860839844e-05
4.553794860839844e-05
4.57763671875e-05
4.553794860839844e-05
4.6253204345703125e-05
4.696846008300781e-05
4.6253204345703125e-05
4.5299530029296875e-05
4.57763671875e-05
4.601478576660156e-05
4.601478576660156e-05
4.5299530029296875e-05
4.673004150390625e-05
4.673004150390625e-05
4.601478576660156e-05
9.34600830078125e-05
4.673004150390625e-05
4.57763671875e-05
4.553794860839844e-05
4.57763671875e-05
4.553794860839844e-05
4.649162292480469e-05
4.601478576660156e-05
4.57763671875e-05
4.649162292480469e-05
4.601478576660156e-05
4.601478576660156e-05
4.6253204345703125e-05
4.57763671875e-05
4.649162292480469e-05
4.601478576660156e-05
6.699562072753906e-05
4.696846008300781e-05
9.250640869140625e-05
4.744529724121094e-05
4.5299530029296875e-05
4.5299530029296875e-05
4.506111145019531e-05
4.649162292480469e-05
4.5299530029296875e-05
4.5299530029296875e-05
4.57763671875e-05
0.0001819133758544922
4.792213439941406e-05
4.744529724121094e-05
4.57763671875e-05
4.57763671875e-05
6.508827209472656e-05
4.744529724121094e-05
4.57763671875e-05
4.57763671875e-05
4.5299530029296875e-05
4.5299530029296875e-05
4.553794860839844e-05
4.601478576660156e-05
4.553794860839844e-05
4.601478576660156e-05
4.553794860839844e-05
4.601478576660156e-05
4.6253204345703125e-05
4.673004150390625e-05
4.649162292480469e-05
4.6253204345703125e-05
4.673004150390625e-05
4.649162292480469e-05
9.369850158691406e-05
4.673004150390625e-05
4.553794860839844e-05
4.553794860839844e-05
4.553794860839844e-05
4.553794860839844e-05
4.57763671875e-05
4.553794860839844e-05
4.601478576660156e-05
4.601478576660156e-05
4.553794860839844e-05
4.57763671875e-05
4.553794860839844e-05
