165.085661200329 96.95352531869113 84.87357642018412 
166.74132102129553 92.27128379780316 85.70358847151078 
164.36258161921384 93.0129597021229 90.66497976787826 
160.53028346680887 95.77631762851591 88.81310886386846 
160.56755987607255 95.80045087419099 88.84386493295335 
164.78080939916444 96.43245158021146 87.53419048346865 
163.69103279820953 98.82642840850721 85.97507924108812 
164.20995907598984 98.73360199818492 85.59969833275987 
163.58826829305565 92.37693531961455 85.78632894815182 
160.86158586326604 90.30293602814963 82.75846925663541 
160.7765103022844 90.95309243690053 81.61185295295844 
158.601143895719 91.40780792594627 86.39243644563729 
158.63422146835862 91.31988439148407 86.47886819699204 
158.42828765823631 91.26329718347033 87.37491360315694 
159.1726348053356 94.85160276052927 87.31163993783188 
159.0419499559512 92.49355256720048 88.10701417092771 
161.87252031254934 92.65080912467398 86.34825417339073 
161.44497216102891 91.49848944382235 86.49980003890268 
157.6071225821523 88.14896850087769 87.50659891543658 
157.42928092944632 88.82148712427103 87.82064286874768 
157.32285212124535 88.6141211640427 87.73323494663283 
159.41826658841282 90.68401450606812 87.98061985350502 
164.52060736932384 86.99854264523235 88.97160658884759 
165.24690636574746 91.3276641388473 92.06224755262255 
165.25901172644134 88.83158882119561 94.08026841890586 
169.33982409322695 88.47218423889699 91.69960617913716 
168.19255518870654 88.95287725729436 91.12289914404535 
167.7338351967245 89.01390891796147 91.62283396660267 
167.28857821865762 89.0699352226162 91.25869495802533 
166.9327764784396 88.86019545399982 91.05125928347303 
167.43161437058404 89.0048247495394 87.98600146553511 
167.44986510988159 88.96049299303435 87.92011379375495 
164.92058790396104 88.26473370495975 91.56810019350846 
164.77643461590435 88.0283957245417 92.15471255301637 
163.8254727549451 85.45893309013614 92.69379925333456 
162.85454338452325 84.6372586668934 90.81519246665954 
163.9711224522963 82.63199525024568 90.61054154931419 
166.8229008815366 83.59010922909107 86.98769303914179 
166.86210243361703 81.90435653496961 86.0162764667791 
170.04672266574127 79.28523161235799 87.24650972981054 
172.6087776741719 80.64313798384903 88.15948126055319 
175.28273990698978 80.20309251085385 90.12370505614638 
174.44237228989797 76.74768309252738 87.91156305157047 
176.4332068504587 77.69348674860758 82.96660593003111 
177.15160536286996 77.70527300734643 82.8351073667837 
180.7122761734418 74.15256598861455 77.85629356498823 
180.0964375145971 72.97486707759894 76.98512142863811 
181.79463688411516 72.24028246466337 78.24462670244465 
181.7679031971316 73.38432523502973 77.75360791703754 
181.7692330754286 73.2863895789759 77.68616769135184 
181.22788964362874 72.89044977672131 77.94538349165957 
178.10904834312183 74.1961119946575 77.96445051056104 
179.66850391103068 72.90458894065037 77.98695832969754 
179.65815480157838 73.027898959939 76.59802658767397 
179.42643460652934 73.31645317511064 76.58573424694 
179.32878296239002 73.11471880982249 76.70084032983888 
178.16200114367803 75.05561075935653 74.13186704823187 
185.71621707810323 74.86376016186452 77.89648005542855 
185.74789178927114 75.14498264724112 78.14135297920218 
185.90452904348496 75.0865087669942 78.19745204360912 
183.29058481924974 78.1752356247015 81.03890210533896 
182.57510864362106 76.53919968149818 83.29306643057184 
183.57942610867102 78.90332731476816 82.57289535492863 
185.33556928795758 79.1519343907338 80.2030446844663 
184.14731018532635 76.67451996936975 77.58603936963529 
183.06246702867568 78.89708069236038 79.22758543292956 
182.4576656975684 78.56180483796464 79.43285911723981 
182.29576630584984 78.68295566688354 77.55887406112303 
182.32920642221112 78.79443270100846 77.5362713797656 
181.22732751778332 77.02969263419098 74.95948773175252 
181.3154839984464 76.98361379690546 75.01090766891402 
180.51385447234586 79.00186131473137 72.80559591955935 
181.38877678701172 75.21921156519403 72.03298304920696 
182.043722365357 75.00839562335449 71.22701856771724 
182.24179352899895 71.75143274709144 72.43285316859415 
181.2360232897278 72.32424406876429 70.89119763916214 
181.39365528183598 73.25235616105446 71.06977575315393 
179.2162380800541 77.66857127118959 71.97981384590636 
179.11509197728066 77.67514046523682 72.052522845926 
179.51564521755603 77.5117030315316 72.69971985232331 
179.3636423571113 77.11563453572448 73.26137043929673 
181.7420183552653 75.91008106150356 74.50355009202275 
180.64887644440338 75.88246891937987 82.6825693410173 
182.41253341918767 76.60167403946183 78.50091571417171 
179.7603129670277 74.11920836153332 77.02418754752283 
182.53184130710187 71.78553668985711 76.9622848874578 
183.09676114186362 70.79696018852543 77.91489944865592 
178.68554759708982 70.88107990416897 74.07976594969911 
178.73886524727743 70.82955399117846 74.09003163288769 
181.24010216762304 71.58398566447161 76.62323098434587 
180.00298705282822 69.51809086545265 75.36331949756033 
183.6803279533056 66.6800355959815 77.07655672765551 
184.94912475009318 66.90501910941887 76.31616925985449 
183.207660689694 65.83553703045278 73.17721546592422 
180.10300899766597 65.69798392092444 73.63943844355597 
185.91118954451773 69.73723609794521 79.57955696625741 
185.28700384530828 72.0946279527079 79.58275151392249 
185.62611649585511 72.36186461753466 79.04254753772307 
185.40031090869763 70.9963421630228 73.53206481604025 
185.11777633002268 67.48844657744245 72.63776182617019 
176.37116604086384 61.219215380161344 78.91572655113679 
177.2780604936724 60.94200481147732 77.91296726885793 
177.7259401727278 62.26265356088252 77.69797796583781 
178.2257971775087 62.16125282670171 78.91893450359757 
178.01590276138032 62.606572612753375 79.10736491869542 
180.54894160938684 60.48190502057086 79.96127499179283 
179.40357672888732 62.7322426352066 73.88745411417518 
179.66523980121113 61.65438636483417 73.89060473752622 
178.3679613669136 63.37815904903539 75.27632580359237 
182.15913718984802 57.09082951943958 80.3264675019293 
186.70736223140474 61.10603150623321 79.52184370799344 
186.65326527612794 62.86491971425593 79.56228012049564 
187.2637583369016 63.59397358837382 80.65597440542834 
185.90941087109675 65.22803170405338 80.8906752205247 
184.92508998600582 63.46264829595624 79.75250460611718 
187.9780542980379 65.14641613078729 77.51688689078955 
186.92163852016824 64.1828134000763 77.37886140544906 
189.17094603023966 61.711891833948535 80.14110962647997 
189.19328960067696 63.9714412028541 74.80829452093839 
188.740877193415 64.5059759543434 74.10648954746405 
188.64330193813498 64.45927900582689 73.65626376099449 
186.56800144983086 66.48835695676925 71.7962440829056 
186.93749643074756 65.76255194775503 71.16156324034128 
188.10446277311908 66.4530963681771 73.79993881049276 
184.94401983897203 65.95403640044724 73.61145353788798 
188.5550304693744 65.44367487716191 68.61614793127171 
187.06863713071 66.05584362146425 67.35387698900955 
188.4836777452393 69.65722906982319 65.07175866878856 
188.4717575041307 69.64784070829624 65.07972970684378 
187.983994873254 68.00412034400159 68.104030370631 
188.74654618790936 65.8775971174676 68.01630617379328 
188.07640303204934 62.71667343093043 68.85532863270197 
185.98595775136764 62.623401353521885 65.38684858247069 
190.54315888989862 62.990348588377486 65.54753076107306 
190.4864149178764 63.6710598973534 64.53675249918378 
192.6350248358573 63.09381621899255 63.17482489950307 
194.34001104647578 65.74151130976645 62.29067242795569 
194.65193391225864 65.51659885988599 62.20187616307945 
194.8949197108665 65.73411729491251 62.46527552146236 
195.53693282347214 64.31937574898369 60.684193231283544 
194.8068515603021 66.55615326007774 60.06222862159476 
190.88593173813027 65.81161159295414 61.22949509531654 
190.2150939823758 65.37280945960707 61.66702333217013 
187.46513342141597 63.62186425441842 58.6141684235724 
187.37456260146809 64.6872857189903 58.44112367005647 
188.5102342390483 65.32732698785802 58.46762141984983 
189.47116450293547 64.11178982410586 59.64238735359131 
189.4127523799757 68.29328475336459 57.96002216042322 
186.67324165337862 68.80438641110842 57.7617881169091 
187.26477395515627 68.80114073251764 57.696935045607326 
185.05782166567664 68.62905544537968 57.17696430707442 
189.374039827094 70.92122065723046 56.115544271087224 
190.40946171982293 68.8258453191304 55.557567141384276 
190.663139467035 68.96903287401496 56.10159840377 
191.5883588254772 69.65467944794443 54.65405225161174 
190.999942398312 67.69097252603473 56.381389878195534 
191.67924313069096 67.65913010049861 57.38658983446235 
190.00202236383714 66.82993154179552 57.87529687363171 
188.51508684894998 68.46286935938254 57.398591483609486 
189.13371927221232 66.28804600444235 57.32333116767217 
191.0797662784854 68.66674505823961 54.25430589058198 
191.2096163876254 68.10734336952453 53.79600420384034 
190.2967247977398 69.7112288105744 52.290333375537514 
189.4534750902147 69.48101289996607 50.53457992159494 
189.22601093953324 70.35364111049554 50.8935767894485 
188.07565009556743 77.72177271425414 56.86123694704479 
187.77447951455778 74.26065660022083 57.01642335444071 
187.6918005554148 75.41007157962143 57.72607552698734 
186.38386462041663 78.05629023658877 56.95820627297814 
182.5724946445419 75.94064127705657 57.91616398834164 
182.52122370948217 74.92471199434345 61.314247849485106 
184.50338612004867 72.24653864973114 62.774489503874655 
185.79856692449522 70.40699757748939 66.63410591370608 
184.72455846215962 69.96475685101493 67.25630716912119 
180.63786124529372 71.53668577394981 66.21150179520909 
178.31327106067948 69.65704856612196 71.1300063238001 
181.2561254224461 69.3454759548162 71.54131678686372 
182.2334320969392 68.72727225751972 69.88620751179819 
181.26262691257736 68.15145840412964 68.5699145159904 
179.5742103900421 70.33691712383975 70.37955154192409 
176.3374129834323 70.07740108722145 67.35913582604529 
176.2902687658368 70.59731312458806 67.36017321113758 
176.59474102006314 68.85073454752064 65.3557569375103 
176.55145263476794 68.8681128957667 65.36986043686082 
174.7961451949262 68.85340848249305 66.73340903140306 
176.83051935092195 69.3022544698876 65.78937778064673 
180.4432002775785 65.86515196128492 68.46157130909505 
181.0491114338738 67.35725004400427 72.35113659324588 
183.69679801267895 70.02188307661433 71.75298622400993 
187.02935982702738 66.94634033789637 70.06224813775063 
189.28144908733003 67.32390351870893 72.541182873915 
190.51672218864556 66.41126680003016 74.46595068733318 
190.16666786688992 64.87195038122672 72.7480989377086 
190.0604492159122 65.96032127943457 71.97627736469609 
191.34885008048013 66.06945937940614 72.99551776865896 
190.31785198311843 67.4029269162689 71.30679766563235 
183.0306100374148 62.94906839459287 70.4838807898187 
182.03895180169874 61.42683743068912 69.98759668674401 
182.0858829118301 61.55138371217364 70.44207992682676 
180.95220156161986 60.501566325855585 67.58687832006082 
181.43981280873348 58.98515985030579 68.77105400067317 
181.9902705173827 58.77615644685948 69.33102338254237 
181.14009533149542 58.29901078891809 67.71922437030011 
178.38648993735657 55.918194944562636 69.3431941896052 
179.90966074871363 54.64627010601115 69.53319517605352 
176.51291145060057 59.153699083161584 65.99819644080956 
175.4847802444904 58.943746801777344 65.9443318188846 
175.5368823654111 59.018133629952295 65.92464678479172 
175.44166045936603 58.63235741342588 65.89855401787135 
172.79285710735581 60.6317595242192 65.67714365834446 
170.8951207428134 61.07223598103489 66.69245931121363 
174.2402229384847 63.912789720336555 68.19624174842849 
178.5785689924623 65.93652512588926 59.43819874316968 
178.88535682121585 63.35287233574221 59.90710575841043 
183.60107716167187 66.15835429852923 62.040907981180865 
184.59806428951717 65.4617357017569 62.420608059851425 
184.47228778699244 66.78883042824111 61.024164296673156 
180.07248673834158 68.9913783875861 58.19336935404195 
178.1597008876016 69.09791075908525 56.93585602674886 
175.63917350538182 65.53578226054266 64.18397532846072 
175.21863661407886 68.40643241670128 67.79210879749972 
175.4535661014442 68.16603979674717 67.97147798801856 
175.5525210745124 67.95402624249779 67.99400687098031 
174.25491563517545 69.49811943844658 66.26464363483305 
176.31158481994723 68.23146121849875 66.11922861436018 
170.60554674673983 69.05987654290769 67.822892837635 
173.14787469358765 65.23434764425275 72.43874666359933 
167.80850577481496 57.21413140798864 70.8593722492002 
165.39835338076324 56.66021526635635 70.36478684377275 
165.0331571506959 56.213661123596324 69.14404205827829 
167.9350456171432 57.824431493850916 69.35440850579504 
168.5243063592326 57.48240267390381 69.36843796661753 
168.5908973187759 57.64399925492099 70.54149855211969 
168.16458579244002 60.159335405753346 67.87597995398501 
167.1758029732019 60.95736272510193 67.40875012465142 
165.42753472907575 64.1349150343795 67.08077624791491 
165.59206964523474 62.029685766267896 67.22680557784294 
167.6905626527353 58.689005647663 61.36750538681677 
167.35075714422317 59.49856732535269 61.88003986971422 
166.55179605215258 59.4319871341236 62.48912046730592 
165.83879502556314 60.047956303117594 62.234348318210536 
169.73783281180403 58.0249463690376 62.99766194438732 
169.02627967033095 57.6505284887425 61.82401125995011 
169.78727267873828 60.27814064173994 61.927292676278306 
169.67562927095003 57.701004791345234 61.66562902388781 
168.07678923850892 57.76576434745608 61.19423593732456 
167.91618219296913 57.54532136345441 60.57215381260853 
167.9444018844705 56.665782047251575 60.68627813842929 
164.03394248053664 57.48610993132055 60.05795807889878 
163.55797155674347 57.34262144557225 59.983802708992876 
160.98110080690643 55.93106095813843 58.25115860866528 
160.11016877351352 55.187958861823326 58.771629330339124 
161.10238728313303 55.25212235115895 57.906729175235775 
160.12002848656567 58.22105848263423 56.09948111828062 
160.85516051087376 58.01300758988557 57.11834244230488 
161.0410251176005 57.826234121069696 57.17287980714807 
157.8480086252942 54.30413161816907 55.718995989365936 
155.59027362281006 54.395923263582546 54.35871770662587 
155.88585487713868 54.764355150742524 52.86168220126781 
155.9940799530474 54.92954984779295 53.18883063796196 
156.0508094928617 54.928094809108906 53.30124592177234 
157.86920451662996 56.182486957205256 51.41795857673741 
159.53703454831077 55.34223504106395 54.221753824134 
158.68901303635843 55.7838060320399 53.086191735689205 
159.29184874979677 55.73759568246828 53.66733518615391 
159.96714305603422 51.608505292557965 48.42460081640374 
160.4123717627799 56.18170851449045 50.80795098052476 
162.2692208696751 56.30799322065212 48.655249333939736 
161.3581830996645 58.65023137447646 45.17903171975715 
163.48320657506838 62.716385846168706 49.32128367517635 
163.24497024774783 63.11307949669366 48.3173568780289 
156.1168396855123 63.85869634262391 48.954916880278546 
155.40825948921142 63.91888095464062 49.3785300464097 
155.34926704222158 63.51079101979665 49.88473994990921 
157.87423916480776 66.74442982638884 53.37851651415706 
160.98373350787585 67.43775730854932 51.813812932344455 
160.69849433858175 69.05492894150078 52.2291025149029 
161.48142355684553 68.33923295414921 51.74898119073808 
161.27680657096658 69.49174916059808 52.928617763771456 
161.52082484503796 69.88013207834365 53.12528203731843 
161.2832981072492 70.45840087822681 53.32281603553957 
160.7121727449253 70.57374449256046 52.22498734953728 
162.02492161929675 70.40175060366744 54.09214271677736 
162.834537034134 69.76694673571836 53.35439769534102 
163.3929241986405 69.57759530358263 53.24704541629812 
162.4847273290769 65.53394797722251 53.85295148337856 
161.40174080252527 65.3005706862242 53.955698994185504 
161.92024478968537 67.53513536109462 51.64584260548466 
161.0603786874074 69.86020395598156 52.51531014340909 
161.34221962573463 72.09302157299499 53.111635405880904 
160.9121299382116 72.04790307806114 53.15919066801357 
161.40108570456775 69.32016891865422 51.732351672415504 
163.0527892561854 70.82364802692229 52.14244157820861 
162.8164272511053 70.23024651329767 52.27121738650496 
162.79388799451522 70.33039582021193 52.26116149702994 
165.23271342189562 71.35731079967944 52.2173197185205 
165.20920476903473 66.95322341290259 54.74277825350866 
165.13032009776268 66.710631805341 54.721325153230765 
164.10820471031852 64.32875192748861 56.035534952474634 
163.96987287025001 64.04484896250635 55.46673567929752 
164.0067035910418 64.27074136703092 55.4358190360821 
169.39708668444376 63.94737196747452 56.33002789413038 
170.35096850860447 64.0249953034988 56.954964932638134 
173.58360349529264 66.78517811096334 63.171732034931715 
173.82981284816586 66.75578852870753 63.228591026250925 
175.4539572766354 68.69918974217384 63.13169085207894 
178.64372408599814 64.81738139768157 63.222470514791326 
178.21859770646293 64.10241525690725 63.89151430938263 
182.45493896645294 62.775848634151096 61.01765957269344 
176.54378369086305 60.7644168297599 59.0478025014365 
182.18794406862975 60.61999270423235 57.142633714687875 
180.80269100678345 59.481881911325715 59.32085178058956 
181.20802431355 57.29723538469027 58.29795884596755 
181.56144599790835 56.3324763225265 59.00262808231143 
181.78484305340461 56.374411148184805 59.46486002023405 
181.67690833725013 56.07755725835994 59.50916588003144 
182.68522488701768 55.73830627879879 58.29246525963862 
182.49144071972455 53.62960343161367 59.154804293296465 
184.36379367584107 58.54094189043493 52.285508199208394 
185.9309233347212 58.287417535319754 53.50946344132858 
186.28134792914977 59.10220496072358 52.20708784036359 
188.77278574123653 62.71006026391035 50.07042789334084 
187.689960592158 62.04729773765847 49.03366101735715 
186.93408763392645 61.750901567031455 49.86575947653188 
187.0844643742266 62.831466619177 49.91753655465868 
189.23070009796157 67.25676545894027 53.407556170833224 
186.3452071671203 63.18763042089776 48.8346459482515 
186.9746978982585 58.42418865648818 50.78471249965428 
186.49948468654628 58.844169563616134 48.14078417095549 
186.33519676396398 57.45024406043607 46.54388226546068 
185.2309205586291 58.025484458873635 46.82675872529256 
183.78249326689644 56.77923200817993 43.71853985022406 
182.7251780801972 56.76326135779093 42.5379492973976 
182.4852586966403 54.56618319502711 42.560233929787636 
180.17913337588064 52.22779680112338 40.21329830867098 
176.07426186923848 56.5528780598429 44.647550335251196 
175.2965685670328 55.48059431480512 45.67126407647422 
174.28946453887582 58.337847886675156 47.26746012079602 
172.91098772857825 56.09641466201623 48.40072624179581 
170.15128907535575 57.18846509067969 49.54649200289036 
169.8740137861381 52.300083464877034 53.22236222887799 
165.4770228034697 57.142068082945315 51.88663684321437 
166.1466235818836 57.347908080197115 52.74063071753419 
167.68527483917094 56.21664983851488 52.616496668187075 
170.1696224477345 52.807005810009805 50.449790436116075 
170.43819276799732 52.57769322467799 51.61938851979223 
169.04445701065615 54.04456457348255 51.03504964804852 
168.78911196681295 53.63740082385717 48.11439851187906 
168.26172463790098 52.98938799804381 49.96276660704746 
168.5495248387914 52.83433218051255 49.82164835748656 
168.06132779212487 54.45197509566713 50.087149749912236 
165.47675502862526 54.82880228928612 50.82013534717866 
162.5013813140747 50.73910620446439 49.12810957666115 
158.91820532847632 51.79684587917823 49.32972513054573 
156.9037459322382 51.90197119462481 49.34196280093233 
156.96564585299322 52.0226884741894 49.230725653040025 
156.87225088741897 51.37074906638608 49.18953151456372 
156.40644843137162 52.095702374453865 49.37227206575365 
156.7873278833961 53.02910031828497 48.4517793791629 
157.04629180415515 53.56042899534638 48.08748879850302 
153.18250639980255 52.36921492578291 51.17976798667263 
155.7522206819849 53.97470444078739 47.652703721660714 
155.97223351417446 52.811051144510465 46.26691699535645 
155.8877714466885 53.544068949518135 44.30567844464433 
154.64290293887106 52.783878867888525 43.51681217236043 
152.4404684574031 56.891859015038726 45.76875941325119 
152.09870201165512 61.38734073442806 47.41266042063035 
151.61168281622403 60.97590444558817 48.246237248496456 
155.38967628518662 57.628778344439255 43.27642234447243 
155.6035087179333 58.837402448739596 44.27687177887893 
158.49718916625173 57.38044208190844 46.52404281165345 
157.23011657968505 55.51399041965147 47.5886831132945 
157.947501626836 55.312769678086575 47.90212390818673 
160.07673559028183 55.41324191649929 46.939301210079805 
158.25947081399252 57.72748664543253 45.87222357444493 
160.67617657014395 57.83176291174007 45.371464380131606 
160.80455613157696 56.55298345680368 47.06915335645831 
161.83155935176657 54.31001458962796 50.57932186327648 
162.38528671371287 52.241349082412 45.68257465524543 
162.49738284969183 50.59456477769581 45.305172427840546 
162.4281331346023 50.863865757351 45.567518419721075 
160.92447843348157 50.43207528063731 43.233727451632355 
159.57681919782962 53.42066093281778 43.85898796880714 
165.2722496085702 48.07140520642748 41.235952811072494 
166.67880865960413 48.843946075019716 45.59838991277866 
166.0786425087748 47.49655731766193 45.48584064420932 
166.16996631252076 46.95243137215078 44.98308200496982 
167.96715556071788 49.13479151988476 45.64125151696653 
166.01129221401624 50.512737827328 42.32610805329468 
166.35931432267128 49.83404983710077 42.674206549849316 
166.07214727761718 51.69722506225557 42.67238763612369 
165.27813951697797 49.07162106040919 44.77519958021141 
160.23148850960322 49.91439910125226 44.416332492044376 
161.9102891671052 50.928347244021815 44.92527108035547 
158.3468711252315 47.40081523451583 44.044734650079214 
157.66544170227792 47.147639740575286 42.87090876332966 
160.64456475752138 45.69891871864654 41.7990045856216 
160.47701952929964 47.091462614294315 41.00831357480448 
158.58606029157448 45.99583583508925 37.97297705113028 
159.21086519363507 43.91251360646254 37.41673048240703 
165.6910971335378 41.45713842155254 35.48051762300194 
166.5671010276447 41.831517593236015 33.77739139013114 
166.86778480978046 41.16770945858185 33.356440022227254 
167.2964764348706 41.00615515521922 33.11343827755572 
167.19521234448814 41.76250981526868 33.24691719755769 
167.09372880984648 41.75206800161231 33.2744954219018 
166.9910027934258 41.48010047094925 33.18035217737672 
169.9044535016163 42.006178051302626 33.777727338556765 
169.41015076073492 38.65096860092691 29.109375453659958 
169.10307419432442 38.82742685822097 29.148575701047722 
168.59342522366305 38.18586166837407 29.078088019151764 
167.39354832043261 34.40441890333077 33.258963115747754 
167.14125803454456 36.10612292672786 33.29462668811247 
166.9413696331937 36.14737994742637 33.17649859407972 
166.17864204669738 34.90925381396425 30.717240168083222 
166.41460711864914 35.25175286140594 30.13811760128949 
165.6479364344092 35.26501729052207 29.89413756615575 
167.37108754534037 32.32183974200645 29.623569164381454 
167.0172640659529 32.062354830192646 29.10750827997953 
167.7258121854097 29.684400880983034 27.945049861842566 
167.7927511249301 29.690047671418807 27.9749746031157 
166.72027507772634 28.424983947187453 27.47140922278863 
166.78820838158813 28.43971507311511 27.468195223985447 
168.24739681478795 32.052879516021335 24.440647481597374 
169.34568302140678 32.99149247257959 21.34065351570204 
169.27259737107605 32.834734079284395 20.909200334466735 
169.07377673321812 34.329693048474745 21.135200427022752 
161.67469506185813 33.5750050928306 21.28631336762808 
163.37601732692363 35.890982897433 21.223865256589395 
164.7235263691857 35.029480435422315 20.3226677807472 
163.77611820554904 36.20423263635707 21.35236999795707 
163.76554249107372 36.43981079814787 21.361296276447487 
163.86053035203764 36.73172880146238 20.68485228380804 
162.6178738637617 36.56329235075653 21.9217295867494 
161.35329614355848 35.723637042522476 20.749669349676868 
166.44834460482804 39.3389504426089 25.846637664903177 
162.81651157963654 40.665334908393156 27.808432316679898 
155.88348875328305 41.23536606208661 25.18049201809205 
154.9987312483494 40.70604901059223 24.626130189263392 
154.89453342809048 41.100771227498925 24.779668582575123 
154.67094856343178 41.33205527758213 25.335666672068854 
156.07191842932383 44.310352982384835 26.265055387526278 
156.76443087954223 43.65457455350798 26.427222116472972 
154.69983036012434 42.42312588794108 26.88164763781322 
154.51159913695284 43.38087797031502 26.873843167035826 
154.11854276131592 43.912874504058436 26.763756452054082 
155.59090804036543 43.495552827314825 29.02231997289165 
154.15069784335978 43.92532940022738 28.032642052293248 
157.26233218359113 45.52149406573817 26.65696310134345 
156.13767639225932 46.631346063919366 24.5657171822505 
155.9193388236622 47.60766789380037 27.290621388798506 
158.51925521296252 44.410968517703694 28.623765983821034 
160.3157289400339 45.07890919111312 29.050156744850966 
161.22046970304487 45.60757114624053 27.34952158567511 
158.2658079384276 51.900473719589975 25.362904595623352 
159.26343514593373 49.604009735963146 28.73176360591854 
161.9487320616212 48.68640677304992 29.49690475033435 
162.10339445671787 47.49278646033374 28.682070012247557 
160.96232157837161 49.73999517985634 28.58081633952341 
158.44144709104066 52.09754799891927 29.932168530150694 
160.19629886934754 52.40458159729866 26.853922728451497 
160.21254878237198 52.72505942685024 26.855282892321895 
159.5910324330415 51.607788614864226 27.577612196794576 
159.70277363209138 51.99152658223783 28.256406367329255 
159.7134990152427 53.59116757321728 27.41152043878435 
159.99389337313985 54.83460208043131 29.58307303083034 
159.59828031924042 53.75489402551101 28.542092139475947 
159.58394729325124 53.30375440757935 32.73004032742591 
161.2100607539429 55.15514999975963 37.282858731225346 
162.64555461546786 55.14756445006983 38.005639962716906 
161.72867548000676 57.10988947559592 37.71453401716176 
162.6254104134561 56.74047086063524 32.80579196553077 
161.95613438200633 56.946560535037214 32.92475867831799 
159.28537145897104 51.50149896759707 36.672396712020735 
159.41991197697627 51.32836946413068 36.95318967692391 
160.94405740768687 53.50355075493658 37.315489206727584 
161.10497557844235 53.716864231608746 37.04668560058147 
160.04216165952235 53.63112509342134 37.02193925513216 
162.5933001049571 52.21465321196918 37.02888629363854 
164.8697360452024 54.79060103404686 38.750619624870005 
158.85691912127803 57.490981011583166 38.58690927428659 
158.83352920054267 62.164765717949614 37.94915995161818 
159.39952444049433 62.41757104146736 38.72380035178216 
156.4025255786721 61.63435749292763 40.27487510587569 
159.13613952678003 65.65323146578935 37.95193009184183 
159.1598968906822 68.46225266473468 38.575100696782656 
159.15382780016802 68.82546567990006 38.34265445722784 
156.8766205599413 68.25840234426268 37.947315026694866 
153.44504326320097 63.35607799049447 37.828794628488275 
153.23126752049973 63.627070606445756 38.329541820955434 
148.61218778650718 66.23883892818365 40.68735203106695 
148.50340133160825 65.96852758685965 40.494961334971386 
153.15930048604937 67.74003329002718 39.57526911311576 
153.83789959757937 66.21477313104887 39.19992935484899 
157.55891475663074 67.21879582301142 40.79694724920639 
157.7019141118567 67.23206570643187 41.150091662417424 
157.01010579809886 69.48401302227641 43.62599438617433 
157.05786280426042 69.28060869083127 43.724576169162916 
157.7388788329247 68.64830251585335 40.965990945309805 
