-35.44183894913458 -35.57277406957262 -36.17174190166921 -35.225461071346345 -36.03610144880962 
-35.43680878209814 -35.56795782059538 -36.16708423512233 -35.220487662546574 -36.0313278133505 
-35.45754294709539 -35.589342506066046 -36.18546762045868 -35.240448192463816 -36.04986949954123 
-35.507323822288726 -35.641336262676276 -36.2324629268613 -35.29083112213094 -36.09656803126076 
-35.50734402633465 -35.641301461816894 -36.23233971815722 -35.29072766814532 -36.096485371230216 
-35.5284287106152 -35.66127160047054 -36.25142971264579 -35.31118810036598 -36.116200060380635 
-35.5268639425701 -35.65923346719782 -36.24955396868951 -35.309233698249315 -36.11452146004052 
-35.5307000458305 -35.66153441051138 -36.252840868800746 -35.312671487838244 -36.11835155099949 
-35.5377011579008 -35.67064228588272 -36.260323538086396 -35.32065793703073 -36.12510881430612 
-35.554795255542075 -35.6854006380281 -36.27525150498816 -35.33664923172738 -36.14106392064858 
-35.65626530802915 -35.79440928789623 -36.37485738842578 -35.442795229139676 -36.23851635540825 
-35.66854082988779 -35.805592783203736 -36.38603465471391 -35.454707528016 -36.250179879371174 
-35.63708781308554 -35.771953810202106 -36.354487510616664 -35.42126682616562 -36.21936849783857 
-35.628782799627004 -35.76359803538915 -36.34670784252742 -35.41294518285257 -36.21153290777664 
-35.5451870374677 -35.68020650797867 -36.266659826778806 -35.32780337434767 -36.1310014272572 
-35.52354344269217 -35.661692510306395 -36.25039076943057 -35.309764448172174 -36.112937365442946 
-35.513771891654784 -35.6520062154996 -36.24257340741816 -35.301100791296335 -36.1047862105211 
-35.50789930154535 -35.64804885827992 -36.23955861322034 -35.29749057267588 -36.10073010312897 
-35.49148265285888 -35.63271874387783 -36.22441659472025 -35.28135370141992 -36.08508346849274 
-35.49675401083668 -35.637514415633746 -36.229204951583384 -35.286460890421424 -36.090084169377135 
-35.49535478778161 -35.635944091291876 -36.22764773859939 -35.284835722268596 -36.0886076739623 
-35.518478241620144 -35.66045511695013 -36.24980537404704 -35.30854930934778 -36.1104639125562 
-35.52731190771702 -35.66826405150235 -36.25778533592178 -35.317047020203006 -36.118875364234086 
-35.52634158699482 -35.66868193137137 -36.25765653684705 -35.316867493709836 -36.11819175843509 
-35.53716866922717 -35.68328576233479 -36.27242196779146 -35.33197388867437 -36.13114164673729 
-35.540093999503085 -35.68655380927616 -36.27534475440238 -35.33509127176782 -36.133956100843946 
-35.48453676357224 -35.632034119622475 -36.222124479557635 -35.27856552930443 -36.08015037607497 
-35.46367899998083 -35.614082962182366 -36.2049922666898 -35.25999878568713 -36.061566509020764 
-35.48459316774094 -35.63402366907941 -36.22425642646637 -35.28057062296061 -36.081354737547684 
-35.48366934533935 -35.631235104124045 -36.22232974223934 -35.278562050414365 -36.08015663628322 
-35.53082728743132 -35.6813723043777 -36.26770567593708 -35.327103848293206 -36.12484001074084 
-35.586496792137766 -35.729165946643576 -36.31670407301627 -35.37940116317806 -36.177200211284585 
-35.609914147376145 -35.751602173031756 -36.336736790633935 -35.401153696410645 -36.19804689068975 
-35.61348674654303 -35.75179670897084 -36.33916904185443 -35.40362876618295 -36.201674353786956 
-35.647509269293636 -35.783415855009736 -36.36869166104617 -35.4354922627864 -36.232602582010344 
-35.678625712233384 -35.81568698918208 -36.40105781310183 -35.469443865885125 -36.264347595390134 
-35.68945138860485 -35.82452803110344 -36.409916055460485 -35.47901262847685 -36.27410845189638 
-35.65083163939482 -35.78158328863657 -36.367904012215135 -35.4350665506679 -36.23404224976606 
-35.66293414280824 -35.791694139958096 -36.37820159364634 -35.44612676169794 -36.24521432195607 
-35.661536552746455 -35.79010183638398 -36.37689865043416 -35.44471386235226 -36.24395651997109 
-35.670127963579304 -35.79982181957817 -36.38544463357117 -35.45383820729637 -36.25215492915076 
-35.722315961026766 -35.84964804301691 -36.43022564760838 -35.50246416569158 -36.298782783012484 
-35.74512242588696 -35.86854198888615 -36.45229673772066 -35.525492335465046 -36.32210079276152 
-35.75182728700395 -35.87436855870203 -36.45687864123762 -35.53071926911461 -36.32728973741395 
-35.73816170017824 -35.859364160618526 -36.44293494885622 -35.51596984661481 -36.31382129408399 
-35.742904127604575 -35.86495134884916 -36.44860106920284 -35.52180579632474 -36.319069247297776 
-35.741693908540086 -35.863477507538406 -36.44621779620614 -35.51954097533128 -36.3169652692813 
-35.73043183194038 -35.861163049978416 -36.44014307707019 -35.51283577306893 -36.30736265748567 
-35.73266180959409 -35.86490278856684 -36.443420459555455 -35.516200157097614 -36.310007035927555 
-35.72603495823958 -35.85363802236108 -36.435417036380045 -35.50761933060933 -36.30363723844013 
-35.73828721801152 -35.866658217313415 -36.44685116044731 -35.51992611352948 -36.31495422756328 
-35.703806543535876 -35.833850880257245 -36.4131058962588 -35.48438700656473 -36.28065541729306 
-35.6854496811259 -35.81164767582116 -36.395348149012534 -35.46515801666274 -36.26398543516035 
-35.57517465329653 -35.69922937912402 -36.28912964271967 -35.35211188795479 -36.157952452123794 
-35.60362385587962 -35.7279314023351 -36.31684983760974 -35.381512525382064 -36.18566081202886 
-35.604044050597494 -35.72861818043815 -36.317578405105365 -35.382235624842664 -36.186256857332026 
-35.60312036971 -35.726911786111344 -36.31791876626441 -35.38223374389899 -36.18661956716946 
-35.62528687952609 -35.74724264143197 -36.33615241124619 -35.40216406343646 -36.20601898247308 
-35.62831788222768 -35.749131526911015 -36.33862682563253 -35.40478968172799 -36.20892207464246 
-35.59298852266767 -35.71533470461358 -36.30664818200185 -35.370477033716185 -36.17599380127412 
-35.59987868759525 -35.72302028435567 -36.3143435061521 -35.37847978299338 -36.18330137782473 
-35.60119844518226 -35.724847343758654 -36.31344768353513 -35.37808765478556 -36.182625204117144 
-35.61197958617804 -35.73626933943049 -36.32311531625436 -35.38859236484387 -36.192266735267836 
-35.59718611434151 -35.722925168580446 -36.309918857398344 -35.37446230897629 -36.17839869024077 
-35.585266712395395 -35.711520185185435 -36.29819899192091 -35.36211876645292 -36.166516233006575 
-35.571159720768634 -35.69771141851655 -36.28464537500017 -35.34773941666502 -36.15280959212036 
-35.56717806947947 -35.69703889011387 -36.28208582690807 -35.3450447968531 -36.14902938232254 
-35.607478684897714 -35.73506945042455 -36.31866334798676 -35.38422026981375 -36.18682892541493 
-35.61111067695019 -35.73920331087892 -36.32278175512117 -35.38849575447166 -36.19070778489035 
-35.62098751473401 -35.74744570267123 -36.330838012971356 -35.39724352897041 -36.19953902386669 
-35.60893031709659 -35.73467515802342 -36.318218621240604 -35.38401105204002 -36.18725261802628 
-35.58641550376714 -35.71243496056074 -36.29734096205921 -35.361659989430834 -36.16606380397381 
-35.54301688408742 -35.6707640119257 -36.25549722303535 -35.317385262721714 -36.123531717845594 
-35.52376864785799 -35.649674218808144 -36.23635802507167 -35.29700656204473 -36.10496490138195 
-35.53227282049579 -35.657653659209075 -36.2442121632311 -35.30538270139476 -36.113067658100675 
-35.54701365179811 -35.67690461308844 -36.25817423208879 -35.32074448263923 -36.12578073949325 
-35.55235702150256 -35.683240230107316 -36.26511945005559 -35.32778113879668 -36.13214863232194 
-35.571388108942884 -35.70111248229392 -36.28871676684777 -35.351460897554546 -36.15528473587875 
-35.57369606618862 -35.703705578431894 -36.29113823667204 -35.35401514924048 -36.157597023047344 
-35.56470983494151 -35.69465132839345 -36.283297321134086 -35.34548510082389 -36.14960227364588 
-35.56766519041007 -35.69689601526947 -36.285949815057975 -35.348279411636994 -36.15251200870601 
-35.56736304908142 -35.69659778518667 -36.28560076023494 -35.347922513443535 -36.1521703233426 
-35.55993191796486 -35.688864881512515 -36.279174886275314 -35.340894083917874 -36.14568073236077 
-35.57877774446088 -35.70785448951774 -36.299041472844635 -35.36162092079766 -36.16529272133789 
-35.58276004887911 -35.71113963183302 -36.30276831384079 -35.36553949084795 -36.16926250887566 
-35.55031177440365 -35.677809570339534 -36.27040015959719 -35.331318502540455 -36.137212235088825 
-35.51235010776877 -35.63792683779424 -36.23183593243944 -35.29061805522932 -36.099402864062256 
-35.4716722549649 -35.59898123633313 -36.19237546472668 -35.248909794200415 -36.05930544221724 
-35.47422304179638 -35.60268013251745 -36.19541025905909 -35.25211087532436 -36.06191044805452 
-35.47118276423865 -35.59944098779215 -36.192673359903694 -35.24913743143193 -36.05918821962236 
-35.49637284689118 -35.6242369119616 -36.21526691449387 -35.27350723257321 -36.08228407008275 
-35.498647178174394 -35.626449464776584 -36.2174548648173 -35.275827168903646 -36.08450026211477 
-35.52840143115748 -35.655414485445576 -36.24694236990433 -35.30689241725432 -36.11420612061026 
-35.52108809375247 -35.64808366173203 -36.24023817540447 -35.299686324636525 -36.10741978466359 
-35.52448511264197 -35.651914975073396 -36.243468739700575 -35.30317114402774 -36.11054158472848 
-35.525118327678584 -35.651218709824946 -36.245282196038175 -35.304690910726464 -36.11255161218591 
-35.51686988291371 -35.644341172989485 -36.23824335692291 -35.29713078483377 -36.10491683801335 
-35.51783104798368 -35.64418588845574 -36.23886272364747 -35.29775432525581 -36.10592508745043 
-35.514791313710404 -35.64199566254133 -36.23587027280591 -35.29466919414536 -36.10267749092405 
-35.52500819442707 -35.65330663622109 -36.245818422777646 -35.305320955719296 -36.11232282102418 
-35.503377586891986 -35.634467058539244 -36.22490439395031 -35.283384606219656 -36.0904996779026 
-35.54032343248534 -35.66820386861971 -36.25820511840837 -35.318997289597405 -36.12529592059491 
-35.53997069843177 -35.66619952071815 -36.25753910908996 -35.31820616691505 -36.125176809767666 
-35.52255008704287 -35.64977117502853 -36.241288274666246 -35.30090814743525 -36.108468903820196 
-35.52562341611153 -35.65359276885424 -36.24452170337452 -35.30435271738193 -36.11144540004287 
-35.55666729368272 -35.68354220728891 -36.27464987618626 -35.33620946290284 -36.14198982181004 
-35.579654375412076 -35.70739412329097 -36.297312636033496 -35.36025133414435 -36.16440084835976 
-35.639095765860404 -35.76933186767671 -36.35385547076373 -35.420734867003304 -36.22056208046409 
-35.632654681384594 -35.76151990472664 -36.346263725863324 -35.41286283982015 -36.21358756561766 
-35.63323436725226 -35.76213488089924 -36.34679592986949 -35.413437954622964 -36.214116011051814 
-35.67978193788457 -35.808341090208955 -36.39090970003717 -35.46043476673462 -36.25864537775753 
-35.652678011648035 -35.78267261510379 -36.36437455272055 -35.43249729729848 -36.231641087895426 
-35.65502008968279 -35.77931589771005 -36.3630091340283 -35.431349436378724 -36.232600002071166 
-35.66158315836151 -35.78401750839582 -36.37061895424668 -35.43893997101705 -36.24057604267945 
-35.64568896343533 -35.76844300675316 -36.35576359357134 -35.42308289121698 -36.22548284158614 
-35.681077084804414 -35.80495503368216 -36.389547467413564 -35.45914896858305 -36.25912820618214 
-35.685121753859974 -35.80574102095967 -36.39115502181136 -35.461089132254756 -36.262112384783165 
-35.698012712116466 -35.813138389242866 -36.402032697869345 -35.47249116597628 -36.27494377146871 
-35.69651767155591 -35.8121876141455 -36.401439967719185 -35.47171034206029 -36.274039165557426 
-35.71741017230782 -35.83399580671998 -36.42207688411099 -35.4935899814934 -36.294402844541025 
-35.76473709664684 -35.88516752334522 -36.46983898656279 -35.54415350825049 -36.34084569128454 
-35.77102567741855 -35.891880096395724 -36.475102112873785 -35.54997068585807 -36.346142416638216 
-35.772812252428096 -35.8937117554341 -36.47696555415564 -35.55191964389344 -36.347975724058884 
-35.79196399747721 -35.91486578535711 -36.49680739546697 -35.57284816681452 -36.36706316622876 
-35.79589633039993 -35.91905903726973 -36.50137665442398 -35.57753983148784 -36.37143877275055 
-35.804727025119846 -35.92899926426465 -36.51188431723443 -35.58833309267956 -36.381313339348765 
-35.80878168162448 -35.93223883044827 -36.5151905416822 -35.591905297787875 -36.3849812387253 
-35.80167440438427 -35.92578105151914 -36.50825178812508 -35.584622178671665 -36.377834561326225 
-35.81527157067957 -35.93848951327767 -36.5212001733787 -35.59831908542124 -36.391130119184254 
-35.87303180370898 -35.99396565531933 -36.57396828268911 -35.65479039667633 -36.44530579049581 
-35.86145593147285 -35.9826464355985 -36.56201418701069 -35.64231721581352 -36.4333625964896 
-35.838766277176816 -35.961910352115694 -36.54135299557615 -35.62029014309613 -36.41182118202562 
-35.8507157677614 -35.97511294897441 -36.55357608810898 -35.633218165360816 -36.42359878282207 
-35.866244652147074 -35.989959946705596 -36.56804486337427 -35.64862614543196 -36.43841867097875 
-35.869466057938396 -35.98888649289327 -36.5679773725458 -35.648895207261745 -36.4401844162405 
-35.91558516328958 -36.026114970986114 -36.60859755556994 -35.69208448913315 -36.484296508558145 
-35.914515774562176 -36.025524167248406 -36.60832930780492 -35.691661892497706 -36.48375187919942 
-35.912656951587536 -36.02558736038972 -36.60642649983183 -35.68984556792658 -36.4812864974277 
-35.90649167977534 -36.01714783019489 -36.59913101331563 -35.68221887357966 -36.47487397828296 
-35.90255960036036 -36.01144160054726 -36.59542952769873 -35.678109024306906 -36.47167090612989 
-35.92825685668292 -36.036612950486884 -36.61972947002609 -35.70395781795686 -36.49631219377888 
-35.86038905648867 -35.97110904942785 -36.554182774689735 -35.6346488227487 -36.42980525798954 
-35.81013624989811 -35.91826089345135 -36.5041817634703 -35.58171988419463 -36.380638770005106 
-35.78757498469601 -35.897177446744294 -36.484354874709055 -35.56034514369904 -36.35995428985048 
-35.73142005729578 -35.84158538906311 -36.43172926594711 -35.50416760460243 -36.30667875882396 
-35.71756185610717 -35.82662570512724 -36.41847915022119 -35.489975275093926 -36.29368260060828 
-35.76538162814528 -35.874066285392104 -36.46355736990529 -35.53804234834196 -36.33923967859474 
-35.812549475945175 -35.91904009199942 -36.509367848558 -35.58639700669583 -36.38583715113984 
-35.83268643579753 -35.93983765607415 -36.52898858940384 -35.607230443967154 -36.405307213260926 
-35.88062340977531 -35.98870855030434 -36.576168284460934 -35.65715496769228 -36.45223863054754 
-35.841705058328856 -35.94975869215689 -36.53622589657712 -35.61533634971745 -36.41255896910059 
-35.84607692489091 -35.95271182855204 -36.5390344344699 -35.61852694610435 -36.41604657986018 
-35.84317015853232 -35.94862467225029 -36.53513094731457 -35.61454392018888 -36.4126699362761 
-35.84508645573818 -35.94680290148155 -36.536075933947174 -35.6154360432306 -36.414889799973025 
-35.8039037305638 -35.90367459095732 -36.49554135614386 -35.572447698012624 -36.37490891835165 
-35.83290404665489 -35.93121415892013 -36.52080532006481 -35.59978643880166 -36.40118278255137 
-35.83559245904257 -35.93523395966555 -36.52129690271056 -35.60094058164027 -36.40164484597136 
-35.83186842970916 -35.93073921033093 -36.51789948894407 -35.59721868388333 -36.39842933166631 
-35.85211580935747 -35.949710488475304 -36.53843054399633 -35.61864792895962 -36.419251223854815 
-35.85835992299671 -35.95620742257651 -36.54513328537092 -35.62561659493869 -36.42578809361571 
-35.85827886545472 -35.95656285510272 -36.545586412597586 -35.626006102448954 -36.4260206995729 
-35.885780900792625 -35.986394833905194 -36.57651261576366 -35.657967878592345 -36.455615391602976 
-35.906113447208966 -36.008466996283246 -36.59611564269939 -35.67891555782745 -36.47478263560595 
-35.94889899094113 -36.05198366546993 -36.63830402495603 -35.72351707034632 -36.51676731776132 
-35.94527568944305 -36.04975587239345 -36.63744862962251 -35.722111714472064 -36.51503337803429 
-35.947550936341614 -36.047835214781145 -36.636592273275596 -35.72156206852151 -36.51595429837823 
-35.89191114506393 -35.993961864762426 -36.58370778585429 -35.66542148060201 -36.462189264654 
-35.886817153980374 -35.989251634195256 -36.578869902293846 -35.66030306754651 -36.45720401443208 
-35.89878852902375 -35.998389607064055 -36.58874051864379 -35.67093199012315 -36.468250748866154 
-35.90337262520525 -36.00282062802907 -36.59325586107248 -35.67568788583705 -36.47281397669475 
-35.88925458898542 -35.989983537562935 -36.5809602568672 -35.66243939193518 -36.4598561885756 
-35.90766946810845 -36.00882542299115 -36.598726336195384 -35.681323216769556 -36.47756770821172 
-35.90396634680049 -36.005064394146714 -36.59569044690808 -35.67797263921716 -36.4744432411852 
-35.91156951639066 -36.01193271540359 -36.603825924698526 -35.686358391767186 -36.48269136737136 
-35.87130093872673 -35.973718680955784 -36.562848408941406 -35.64355080629956 -36.44130504926595 
-35.87153457792802 -35.9740061312079 -36.56302812131176 -35.643756893672375 -36.441477408872416 
-35.89355280189143 -35.996074500024775 -36.58317546998725 -35.665397227131606 -36.46188240588596 
-35.893365484934975 -35.99590696301344 -36.583009291530715 -35.6652191658396 -36.461707127539256 
-35.92272549022792 -36.02752977620382 -36.608814658545015 -35.69340692511514 -36.48738078189788 
-35.93720017231871 -36.04325284336632 -36.623299815206494 -35.708759281407495 -36.50146224441288 
-35.974144236269765 -36.077075582102566 -36.65739016655418 -35.745014726191584 -36.53689307078794 
-35.99356354431025 -36.098120477607964 -36.67637510311589 -35.765236710948486 -36.55542726676346 
-35.99377936344702 -36.09831784788635 -36.67657178862915 -35.76544645203083 -36.55563226735704 
-36.001436135210355 -36.10608887831192 -36.685314110178595 -35.77439641408371 -36.56414102792331 
-36.00936266165614 -36.11482001706723 -36.69378612553275 -35.78325349724862 -36.57226439331983 
-36.02702060781854 -36.13526448155913 -36.71484826496638 -35.80487402296697 -36.59188183331506 
-35.98697279995942 -36.096752559644344 -36.67675070309507 -35.764480370726744 -36.553076373084934 
-35.97720871021616 -36.08823147421751 -36.667353419453406 -35.75462154475403 -36.54326561321301 
-35.982732811521046 -36.09281832939571 -36.67251642581189 -35.7600515248167 -36.54875844923066 
-35.96280950791392 -36.072112427722914 -36.65328433784207 -35.739584284618985 -36.529683317444366 
-35.962817432706714 -36.07206614907656 -36.65347749294172 -35.73974009904981 -36.52986123923915 
-35.96788533667832 -36.07709019788389 -36.658358091499906 -35.744915013831985 -36.53477637150206 
-35.9306236044888 -36.03795496090872 -36.62064426741462 -35.70516322945353 -36.49777403261476 
-35.92096179072422 -36.0290407764809 -36.61187432095775 -35.695795079918994 -36.48864951215943 
-35.914515902666324 -36.02259022312377 -36.60542350018625 -35.68900695161685 -36.48221404262914 
-35.96455232893649 -36.07436631257747 -36.65482630519165 -35.74129951257834 -36.53110322525556 
-35.97478543064993 -36.08474667228677 -36.664833381087504 -35.751894998458965 -36.541083852284814 
-35.95577177495832 -36.06458171122466 -36.64401262192162 -35.73030170538611 -36.52095155742582 
-35.95700599862673 -36.06623558092281 -36.645159578821605 -35.73156778053462 -36.52198547797775 
-36.0062150108015 -36.1155732148363 -36.694780198234085 -35.783691274884404 -36.57139823215894 
-35.997672530506705 -36.10746579118789 -36.686755697273625 -35.77516860649425 -36.563173367656105 
-36.01725342706062 -36.11870871480323 -36.70319523881737 -35.79245136087731 -36.58259342280688 
-36.050843655059424 -36.15257619644045 -36.73586725147426 -35.82705905852872 -36.61527074598071 
-36.07598035717888 -36.175746279660316 -36.75839951545633 -35.85118898468612 -36.638781009500335 
-36.091024505473456 -36.188257691137764 -36.76974016170013 -35.86375348643806 -36.65147583084811 
-36.08848605284682 -36.18726192246892 -36.76808876217987 -35.86194294490046 -36.649218909483835 
-36.07877139754817 -36.178050973824824 -36.75880949910403 -35.852125583644025 -36.63973504910588 
-36.07412439868061 -36.17392772577021 -36.751732045942745 -35.84529758570916 -36.632923483052735 
-36.06251129408383 -36.16481324823701 -36.742850168509435 -35.83553534464336 -36.62285584795768 
-36.06657051256229 -36.16776993053357 -36.746573068326654 -35.83943159986171 -36.62695663721172 
-36.076948675248175 -36.17870988428649 -36.7573409333246 -35.850715191382434 -36.637469857782705 
-36.069349752765035 -36.170655636700786 -36.749646763197305 -35.842604853731515 -36.62994299093762 
-36.03068160222432 -36.13245279558579 -36.71281747024088 -35.80347820858606 -36.59274067006584 
-36.01861302698401 -36.11860399360417 -36.70235969639877 -35.79194902481002 -36.58256452482742 
-36.03917647270573 -36.137725253092725 -36.72246468969479 -35.813084464417614 -36.603135524851524 
-36.042702019016346 -36.1415832733541 -36.72531314357643 -35.81626371531718 -36.60599291012744 
-35.97431820363846 -36.07191215784219 -36.65901040416662 -35.74591874138228 -36.539858437559886 
-35.975012213809435 -36.073289197619914 -36.66035305079443 -35.747240270175595 -36.540885994618364 
-35.931938189641116 -36.033995018200145 -36.6219636546048 -35.70609109789997 -36.50066238996389 
-35.85895371576839 -35.96046142338136 -36.55288108261165 -35.63244306712157 -36.43122978091107 
-35.82269868628072 -35.919384679337384 -36.51682918007512 -35.59404708909109 -36.39665209781366 
-35.82234835310737 -35.919130041527424 -36.51657307966495 -35.59376402730882 -36.39635223852575 
-35.830646782651385 -35.92765337499087 -36.524228675995204 -35.60198632566687 -36.404033272749544 
-35.81078690909359 -35.909773971680735 -36.50553565344367 -35.58219968188028 -36.38459377086025 
-35.812984587773045 -35.91187211358117 -36.50821940663502 -35.5849095713951 -36.387219947273834 
-35.74161624279503 -35.84509013681067 -36.43984696251438 -35.51260756907432 -36.31712121193654 
-35.73865116140155 -35.842309519803024 -36.4359389199992 -35.50872194748118 -36.31332434741826 
-35.733240273775806 -35.836865223444065 -36.43053363204615 -35.50302526997318 -36.30793921063379 
-35.74223363453554 -35.84177164071332 -36.43641032078732 -35.509581816378 -36.315542813610136 
-35.72406023891229 -35.8240551448348 -36.41954141308395 -35.491555738756546 -36.29835393819816 
-35.72917483465194 -35.83226571769018 -36.42652246558413 -35.498742721729926 -36.304086234509796 
-35.71272312415816 -35.81552695070249 -36.41056234072359 -35.48179665001982 -36.28816211701337 
-35.71359012164085 -35.81686216855253 -36.41286236563455 -35.48393279130707 -36.29007785608282 
-35.72193283168096 -35.826376248966625 -36.42097965790347 -35.492633142314915 -36.297867461505675 
-35.69560306402754 -35.79777791413194 -36.39454787836844 -35.46462352414751 -36.27218264406383 
-35.66229535261412 -35.76419516312778 -36.3630100321986 -35.43097641727391 -36.240495254034215 
-35.68876360837518 -35.786992605432076 -36.387005346393835 -35.45651190752797 -36.26594720810104 
-35.68991496363964 -35.7883795031 -36.388677034355055 -35.45817487195664 -36.26745808003545 
-35.727154757306934 -35.81973701869465 -36.419530339863314 -35.49164880834438 -36.3010682519531 
-35.71396050081732 -35.803938366414485 -36.403818916445886 -35.47547431313784 -36.28658587162609 
-35.706032981858755 -35.795149352107714 -36.396757625636056 -35.46777007705009 -36.27964940271413 
-35.71093205849456 -35.799840194354076 -36.40049315362218 -35.47195599009825 -36.28363466232015 
-35.759933043109314 -35.84540703167066 -36.4476309142199 -35.52175882707904 -36.33200838486853 
-35.78946242247869 -35.8743770891797 -36.47719814735292 -35.55284473532221 -36.361674376558014 
-35.7494958427192 -35.831000182700606 -36.43679275669167 -35.51014345361121 -36.322437444592396 
-35.71126362270786 -35.79355666240795 -36.401075969560935 -35.47201437387406 -36.286136591813275 
-35.66926584934524 -35.751625292591385 -36.36054252526192 -35.42899078606061 -36.245420577587694 
-35.66832125817402 -35.7507118766098 -36.35963361741106 -35.42802746366475 -36.244498301922505 
-35.6716083160387 -35.753279141279705 -36.36434857758812 -35.43262527197865 -36.24917602133766 
-35.67583323730912 -35.75503423215163 -36.36578763448793 -35.43458996012821 -36.251813365879855 
-35.646811033724646 -35.73077707065545 -36.3410542633961 -35.40790926622623 -36.22499685242221 
-35.67162025371398 -35.75800952107606 -36.3655002717679 -35.43392247089628 -36.24873501664159 
-35.682018345882 -35.768707845712754 -36.375636439999 -35.444681877991485 -36.25880523980217 
-35.71737543865605 -35.79805061313276 -36.40426175859827 -35.47591527813681 -36.29028848006786 
-35.692742297886 -35.773478828735506 -36.37900897824956 -35.44946623175376 -36.265173917809705 
-35.73916969344208 -35.822792503112794 -36.42653087783482 -35.49947673073393 -36.31155767975294 
-35.73259478020907 -35.81645651186621 -36.420195504192236 -35.49276792068724 -36.305124135961236 
-35.73607157941139 -35.81776055711707 -36.42223757777465 -35.49508533235428 -36.308048078611264 
-35.767230813830324 -35.850385667089085 -36.4530626629641 -35.527730786477804 -36.338431302536875 
-35.75633825197737 -35.84088097498477 -36.44322687675184 -35.51723578707929 -36.328025991199354 
-35.744969098008625 -35.82984876736917 -36.43397966886421 -35.507040104390924 -36.31834052539254 
-35.75231728840211 -35.834545779080344 -36.43912219552051 -35.51276058732118 -36.32463031726384 
-35.81308671645435 -35.89222517574801 -36.49431577467787 -35.57192477716896 -36.381566804730625 
-35.78556088656144 -35.86759839202071 -36.46717234271438 -35.54347826702933 -36.35355431307053 
-35.79251465922471 -35.873901163078955 -36.474187844572256 -35.55079958873331 -36.36073829778317 
-35.79242505163603 -35.87377597988822 -36.47410222858622 -35.55070583122071 -36.36066274191033 
-35.76267243863887 -35.84509737820453 -36.44595468527778 -35.52078017327986 -36.331983804272355 
-35.809868079226845 -35.8875318760484 -36.48726537478369 -35.56528645553472 -36.37561404158993 
-35.81154308222979 -35.88908243658949 -36.488861749142515 -35.56697588545953 -36.37725733424165 
-35.80519494943144 -35.882320230706114 -36.482229025131346 -35.56003064932284 -36.37080891881347 
-35.81078209962239 -35.89080108324066 -36.488799556015124 -35.56693445642196 -36.37634167106056 
-35.8238378325625 -35.90440237803824 -36.50137049481087 -35.58032243672935 -36.38880667305838 
-35.82180257205211 -35.90191316339117 -36.49903467474442 -35.57790020855363 -36.386660988323285 
-35.84271876817627 -35.91965145413056 -36.5171392908329 -35.59737771956097 -36.40614571301282 
-35.8602630759914 -35.94018195517664 -36.53230342118751 -35.61414330165445 -36.42079290316531 
-35.87380839005307 -35.94845454887003 -36.54403044744406 -35.626505669399606 -36.43436849910151 
-35.86146497325868 -35.93628106446164 -36.532140480764525 -35.6138995198998 -36.42237571038308 
-35.89198987866125 -35.964611404343415 -36.56172888402325 -35.64508889779742 -36.45271343509374 
-35.933368492363726 -36.00159238568156 -36.59676427737098 -35.683149100307574 -36.490052994587174 
-35.934429954895776 -36.002783914351454 -36.597906718407984 -35.68434068653461 -36.49114089102339 
-35.949628955267116 -36.017746891112424 -36.613077181675095 -35.700286176182715 -36.50635571870308 
-35.986794387655166 -36.05648439029973 -36.64891020650633 -35.73841355291577 -36.54187529268226 
-35.99868964346844 -36.06975360749672 -36.66089467348665 -35.75109909900071 -36.553412843989506 
-36.008264362370795 -36.078571183723014 -36.66941779002097 -35.76026048332629 -36.562321111690224 
-36.01621289086782 -36.0860702885475 -36.675977695499725 -35.76746432548164 -36.56923560600019 
-35.97475182696708 -36.04352280986075 -36.63472109925128 -35.72395045943054 -36.5283494682854 
-35.93372743629688 -36.00523833310913 -36.597297556715844 -35.68391848613119 -36.48958021479257 
-35.883571707852084 -35.95443712358646 -36.54956724983373 -35.63306891825344 -36.44172860040649 
-35.779029504673346 -35.849749437600664 -36.44749276768556 -35.52506144185587 -36.33948737828999 
-35.776155255311934 -35.849363658888976 -36.447628654231266 -35.524655748765895 -36.338377658773695 
-35.778530237698405 -35.85114125940764 -36.44870988676735 -35.52606513578479 -36.33985182317771 
-35.754172994739946 -35.82378698604607 -36.42125345864261 -35.497711977716804 -36.31386208613402 
-35.76691604953139 -35.83595978874668 -36.43435087011159 -35.511359168343915 -36.327042573620446 
-35.786520369864135 -35.8580598287255 -36.45486846657046 -35.53291463907955 -36.34662436153776 
-35.75341905547312 -35.829287207805834 -36.42582189999284 -35.50168985493005 -36.315669112706615 
-35.76702394149295 -35.845044550100624 -36.43756884955933 -35.514690747226666 -36.327065098155046 
-35.74771935281578 -35.825208841675135 -36.41695053574519 -35.4932872632931 -36.30686689205076 
-35.78935123506096 -35.86775225335194 -36.45768202221801 -35.536442616059006 -36.347396504015364 
-35.78928262598336 -35.867208864996044 -36.456353088765326 -35.53532599587052 -36.34642306246626 
-35.825312671272755 -35.90259535533389 -36.49187251375085 -35.57276082597079 -36.3821483472821 
-35.798568667363526 -35.87795587274593 -36.465840833428274 -35.54538034060104 -36.35542324131363 
-35.78761225027374 -35.8676807960822 -36.45600724901543 -35.53480876205343 -36.345218236765106 
-35.82099448908613 -35.898443846907 -36.48765349693895 -35.56831226701199 -36.37787157012451 
-35.83256387028142 -35.90940519455778 -36.49815782257336 -35.57957989191249 -36.38871457616297 
-35.83826878452163 -35.91407850936983 -36.502514793528064 -35.584418821290626 -36.393596086916034 
-35.85590276381829 -35.93137505372536 -36.51758833892434 -35.600900521547956 -36.40916998652996 
-35.86269248869931 -35.94029162135017 -36.524461901606344 -35.60829212474033 -36.41538276984532 
-35.86573337830171 -35.943894909378585 -36.52787004653037 -35.611829705433095 -36.41855504766647 
-35.870254391573496 -35.94874884666241 -36.53209579774823 -35.61637911051335 -36.4227227954443 
-35.83125174812031 -35.91163848107544 -36.49489994529816 -35.576968290562306 -36.384734490881925 
-35.83099482159213 -35.91159469122776 -36.49476781416139 -35.57681600868058 -36.38451821290552 
-35.74728754904609 -35.828189964865615 -36.41359562576564 -35.49081753499959 -36.302993350222025 
-35.726799300207446 -35.813495675118816 -36.39619506843273 -35.47224236738542 -36.28338421624022 
-35.72571375788581 -35.81114615643202 -36.3966238241383 -35.4721772150138 -36.283935486414336 
-35.71958585703884 -35.80514615265524 -36.392728768567494 -35.467513025269994 -36.27963631112215 
-35.71731527139505 -35.80133973586935 -36.39010660386336 -35.46470624158631 -36.277535648669044 
-35.77773959298045 -35.86317302925329 -36.44950361275737 -35.527581138038016 -36.33656559789122 
-35.79184394631753 -35.875970907361776 -36.462641733115134 -35.54153087473372 -36.35022831986721 
-35.774716176230626 -35.85534629968271 -36.44493762798696 -35.52274725548794 -36.33369729891439 
-35.86144663098146 -35.93914671077766 -36.52624657986031 -35.609396061867756 -36.416625003986056 
-35.838915680778584 -35.91696753644348 -36.50563143513929 -35.58725784151889 -36.39562470237897 
-35.8519578242459 -35.92899143409872 -36.517509939722544 -35.59995975332272 -36.407977743854275 
-35.86465617114237 -35.94045813477443 -36.52873307241238 -35.61203373304738 -36.41979260513659 
-35.864941620336424 -35.94055196986142 -36.5289189928378 -35.61223843021203 -36.42005186473176 
-35.846919250747746 -35.91896604905301 -36.51085966267769 -35.59295982631291 -36.403094121340004 
-35.86066981603041 -35.93205192073309 -36.52375521078153 -35.606684706923815 -36.41630516630646 
-35.8581732452231 -35.92955449615104 -36.521469871749076 -35.60422774533093 -36.41398910845922 
-35.86016954105892 -35.93174843033276 -36.52335874068113 -35.60625744560818 -36.41583356158688 
-35.8588541257493 -35.93330260382298 -36.523656868938716 -35.60639816773552 -36.41500693130372 
-35.836286624616804 -35.909196002057854 -36.50300898457371 -35.58407347124164 -36.39453480061678 
-35.83896394182089 -35.911676391254716 -36.50539298897016 -35.58663866257535 -36.3970218644786 
-35.838213493410706 -35.91077559977158 -36.50470811763013 -35.58588988580806 -36.396371978994694 
-35.83799879985784 -35.904829815178374 -36.50225654455325 -35.58342105574802 -36.396003073193754 
-35.834842740953306 -35.90888505298162 -36.502998241058734 -35.58379647226424 -36.393946386613976 
-35.86461999143107 -35.94079780552305 -36.53188080782584 -35.61457338681426 -36.42228693626703 
-35.83411824707942 -35.910230931288254 -36.50255837336388 -35.58343009881003 -36.39284447588311 
-35.835075667044606 -35.91079884598034 -36.50337625692809 -35.584293489718874 -36.393799920039356 
-35.834541148869576 -35.91294076058519 -36.50352198989566 -35.58449751113275 -36.39303548574216 
-35.841154258241744 -35.91700483447339 -36.511255366432465 -35.59214742358354 -36.40132233703115 
-35.82292696352252 -35.900247266882886 -36.49345641090676 -35.57343443994155 -36.3830506232467 
-35.82735270999227 -35.903265539891635 -36.49680752562756 -35.57711194772662 -36.38699390714187 
-35.81557749566244 -35.895413634770264 -36.48805226326465 -35.567474061839576 -36.37658263839698 
-35.80740527596231 -35.88780386251577 -36.47968940879021 -35.55876921834623 -36.36810151174333 
-35.77404089848284 -35.8522265740105 -36.44801567796624 -35.52484358261144 -36.33686526532226 
-35.77475412019429 -35.85282490551759 -36.448597925713 -35.52547917318171 -36.33750248497421 
-35.794852673609 -35.86768390022418 -36.46462676716507 -35.54293033471514 -36.35573944019271 
-35.772179008802595 -35.84438491945146 -36.44381936470795 -35.52052881582192 -36.334845412878934 
-35.8383731713281 -35.90822013483405 -36.505392676630194 -35.586268273960656 -36.397772641941344 
-35.825692926269085 -35.89521960588266 -36.49256692463277 -35.57278602764721 -36.38509230988525 
-35.816617321933705 -35.884872903981986 -36.483097637478636 -35.56282363128825 -36.37608554045126 
-35.79993695348061 -35.8718483245988 -36.46939581490062 -35.5479542063991 -36.360824924538406 
-35.80058002598817 -35.87339544240666 -36.46903986011448 -35.5478976220933 -36.360369570403705 
-35.80422865162936 -35.876200559313645 -36.472225711440046 -35.55129764642892 -36.36387731141416 
-35.810319755506924 -35.88181309110024 -36.47821769272943 -35.55758872330317 -36.3700159436479 
-35.80764391938514 -35.879150847607846 -36.47594340624073 -35.555097665783094 -36.36767458456963 
-35.80400156125562 -35.87555121570104 -36.47255104076444 -35.55147003518269 -36.364234284492724 
-35.79997463011033 -35.87127238889133 -36.46863698937241 -35.54730441948422 -36.360383878693966 
-35.79984278942614 -35.87112110821836 -36.4685141779305 -35.54717146468266 -36.36026556315349 
-35.797029495686516 -35.868058639557404 -36.46553660070482 -35.54405980463223 -36.357395613267286 
-35.79862481672819 -35.87030308279691 -36.46530863465422 -35.544325006714985 -36.357282426837884 
-35.83317434466167 -35.90382487040377 -36.49912935966094 -35.580004555042976 -36.39146285287795 
-35.816936136029895 -35.88939754055299 -36.48375086931469 -35.56375592483077 -36.37543293998331 
-35.82467230735047 -35.89630051900639 -36.49049479702461 -35.57103190952736 -36.38257772583431 
-35.79574401006978 -35.87175737164799 -36.46239503144575 -35.541625012140486 -36.35309218029499 
-35.788191407892256 -35.868037411277996 -36.455286107152446 -35.53436510737404 -36.344782925723976 
-35.81686649316025 -35.89994529280635 -36.487217968237076 -35.56740265824013 -36.37514205768733 
-35.8111594400106 -35.89446125927694 -36.48236303603822 -35.56209983676983 -36.37008754118186 
-35.80631251838048 -35.888046672452575 -36.477210826584894 -35.556621262592614 -36.36546344607653 
-35.7658175699687 -35.849129864200734 -36.438500269141 -35.515584164965645 -36.326061892413634 
-35.70357269438236 -35.77977172312522 -36.37380683225206 -35.44753023321924 -36.264025429609745 
-35.72921546253488 -35.803617420147916 -36.39810835003337 -35.4732901535438 -36.28903718120955 
-35.72376533184426 -35.79825911941876 -36.39356458088183 -35.468287120726416 -36.284322986291016 
-35.707430821805815 -35.782999038321634 -36.37888631052087 -35.45251240274021 -36.269076904529186 
-35.74010087568706 -35.816317398205825 -36.40938184348521 -35.48520406823937 -36.299683516863496 
-35.69177974883509 -35.772673497934775 -36.36515476256098 -35.438027602453104 -36.25346794870994 
-35.73730621149704 -35.817896273832076 -36.410048170880486 -35.48539915797491 -36.29846712157547 
-35.73664213936539 -35.81728409122226 -36.40974922373027 -35.48499698726138 -36.29809206226594 
-35.72882584631785 -35.80999117076276 -36.40249468820147 -35.47726689338788 -36.29060227650787 
-35.727951071151566 -35.80896153429849 -36.40152600024297 -35.47625803745673 -36.28969736115674 
-35.74186196735367 -35.82184120708703 -36.412448546481116 -35.48841919479558 -36.301406031886756 
-35.73212740583628 -35.81436794024927 -36.40117957319386 -35.47716134337584 -36.28974397587923 
-35.75227847020676 -35.83328905841316 -36.41955647356923 -35.49684223422037 -36.30874751800373 
-35.74632184126662 -35.8263484157188 -36.413472256002805 -35.49038756294456 -36.30298986765406 
-35.74830733912566 -35.827582238968986 -36.41509019203593 -35.492117937455134 -36.304889934883704 
-35.73343388338286 -35.81252175536163 -36.39931326318681 -35.47574411302652 -36.2893517710762 
-35.724981336679505 -35.80205465694395 -36.388578578515464 -35.4648758229587 -36.27962081501721 
-35.716154782504475 -35.796154420072554 -36.377840649626535 -35.454371651054686 -36.268352616824586 
-35.693167459022646 -35.77160606888032 -36.35487245301704 -35.43006639810055 -36.24589228450442 
-35.63329850800734 -35.716966067466515 -36.30299966695553 -35.37384541386311 -36.191227704627934 
-35.59018701870612 -35.66925006751336 -36.25718391608521 -35.32594203919302 -36.14732802408966 
-35.59744455806569 -35.678581038395464 -36.26557825004619 -35.33466081306521 -36.1548977682898 
-35.55141716616876 -35.63269533020751 -36.22312905328555 -35.289050574717294 -36.111893544823076 
-35.554879401679116 -35.637116041578835 -36.22645389461722 -35.29267572452565 -36.11494923265063 
-35.55455871998926 -35.634739397530694 -36.22649395248291 -35.29243021180497 -36.115540969652656 
-35.548302452832644 -35.62905502034343 -36.21873839183165 -35.284723914553396 -36.10788163560365 
-35.548618540459444 -35.629606403343544 -36.21919444437559 -35.28518819428676 -36.108243296711535 
-35.56948756252015 -35.6510076955789 -36.23937564317069 -35.30665732198328 -36.12834028091386 
-35.57254822650131 -35.653619620929234 -36.242415132096625 -35.309818592334494 -36.13151083433986 
-35.58069904122969 -35.66188642051314 -36.24974943386563 -35.317765861936564 -36.13893235527648 
-35.60628429401409 -35.689046971748766 -36.2730837039647 -35.34307485446833 -36.162126524819755 
-35.5890100200229 -35.66986375202306 -36.25617223541843 -35.32500277677896 -36.14575731884722 
-35.59905352998135 -35.67859416055413 -36.26196944572564 -35.33214088651688 -36.15264391629847 
-35.59889874947186 -35.67857891664359 -36.26191691274562 -35.332070908782796 -36.15253280694897 
-35.57884671206253 -35.66233176508477 -36.24474950160453 -35.313590905571004 -36.13378341523243 
-35.56968946001135 -35.65230618643291 -36.23665724848975 -35.304698997709096 -36.12578853377174 
-35.567469901178555 -35.649303527327106 -36.23301411343772 -35.30118319607186 -36.12262390828846 
-35.65025360627611 -35.732168338043834 -36.315704968648106 -35.388188451807565 -36.20514046067946 
-35.64217768166414 -35.72403887753727 -36.30786281964822 -35.379871809393265 -36.19729089305777 
-35.642162324815615 -35.72401727807818 -36.307933448062954 -35.37992209578242 -36.19734886686351 
-35.60346709420175 -35.686706982984944 -36.27274655798145 -35.34209264010833 -36.16123338188348 
-35.60985952489601 -35.69357793051715 -36.278522404555375 -35.34838119620102 -36.166958042299555 
-35.64770150218236 -35.73580376256177 -36.3154795524826 -35.387925200471855 -36.20268118343644 
-35.63678627357038 -35.72225663322378 -36.30376087711518 -35.375558134035344 -36.1919054602743 
-35.63627128515755 -35.721806003994416 -36.303257146051024 -35.37503163639717 -36.19138165783134 
-35.64711470641001 -35.733645308971404 -36.315001233697075 -35.38723600122658 -36.2026547310644 
-35.62899113994284 -35.7150365337928 -36.29670255770043 -35.36799012751155 -36.184566705496024 
-35.615290686560485 -35.70390827092649 -36.283582275659384 -35.35428969338966 -36.17060824979531 
-35.62615171304596 -35.71369232139554 -36.29363742011141 -35.364977696062766 -36.181099184454425 
-35.62077205877435 -35.70970513041797 -36.28866373825642 -35.35977622950462 -36.1756520372263 
-35.53921658997683 -35.63202574262762 -36.210668136262754 -35.27715598692876 -36.096061924244935 
-35.5657861649843 -35.65547497851942 -36.23379747547432 -35.30211736867042 -36.12064993606188 
-35.57031236909276 -35.65503694975396 -36.234184754287455 -35.30317360517125 -36.12320860143855 
-35.56994438563075 -35.652654881855696 -36.234777036497576 -35.3033225141251 -36.12424056666299 
-35.533924889438225 -35.616999343123766 -36.199697072493564 -35.266199765158134 -36.08896552768935 
-35.52077471523741 -35.60401575096304 -36.187487641992604 -35.253110653281325 -36.0765739595804 
-35.507385174736754 -35.590107179269125 -36.17443685988046 -35.239235441809186 -36.06364766435223 
-35.510359951900156 -35.6006749807448 -36.17953112128835 -35.244780282602264 -36.06611211091837 
-35.52429951165904 -35.61469137865001 -36.19156708403885 -35.25798665915045 -36.078417796469154 
-35.55775656984686 -35.64821298152516 -36.223479997036776 -35.29199401133015 -36.110504592199845 
-35.58081685998842 -35.670876786229 -36.24513671483116 -35.315124149921715 -36.132470225287946 
-35.557423638310894 -35.647443251270516 -36.223297035732045 -35.2917122278096 -36.110427604080414 
-35.51614539555294 -35.604429366302185 -36.182887879056096 -35.24878379798173 -36.07047317706254 
-35.53343711592666 -35.62356648658556 -36.20014320206796 -35.267137743291 -36.08714864600047 
-35.447311452283984 -35.53196726881019 -36.117054534605856 -35.178308693947926 -36.00535518932993 
-35.45606950380632 -35.5410517261151 -36.12622068947047 -35.187871567867845 -36.01433749167944 
-35.45667183698684 -35.54316387392818 -36.127989684475295 -35.18956040841243 -36.015458087211144 
-35.449542856011675 -35.53519635565057 -36.12079257019201 -35.1819217273671 -36.00853697524265 
-35.46478690616645 -35.54861287629517 -36.13451976567184 -35.19660355643383 -36.02303442704553 
-35.454498556118466 -35.536955197067925 -36.12361213670461 -35.185162949566845 -36.012660341231054 
-35.45035703371376 -35.53300839566323 -36.1196064155143 -35.1809298427321 -36.00858198883839 
-35.465742475892114 -35.54879960889264 -36.13365715656889 -35.19612725466958 -36.02270603680286 
-35.46932371809818 -35.55264132637427 -36.13653774566309 -35.19938128256278 -36.02561996134038 
-35.474066169264134 -35.55640591811405 -36.140383659201774 -35.20358069809528 -36.02989931102135 
-35.477753761052796 -35.56019620547745 -36.14326788530536 -35.206852452784645 -36.03288105727499 
-35.48148181816977 -35.56333022119297 -36.14649854524528 -35.21033119973116 -36.036365379622126 
-35.480333487430016 -35.56217221580066 -36.145489956089534 -35.209229673088615 -36.0353383987935 
-35.49033273033088 -35.5718406108835 -36.15493124067369 -35.2192852131283 -36.04495248522635 
-35.47462935817808 -35.55709415188676 -36.140109784873815 -35.20354229220992 -36.02972824127767 
-35.48498741301485 -35.56769701410728 -36.15058160200503 -35.21455029674999 -36.040087055052965 
-35.486160620100534 -35.5694757270868 -36.152396895879775 -35.216340010229246 -36.04161101480125 
-35.534479620182 -35.624379328180865 -36.20169662345863 -35.26860198235782 -36.08868256646605 
-35.538552655600654 -35.628681441612855 -36.20557728499291 -35.27276215064407 -36.09251902955761 
-35.522486526677014 -35.61081843682216 -36.18900108038237 -35.255283089004806 -36.076597770912485 
-35.534782705267716 -35.62432731769697 -36.19903043540262 -35.266608081531786 -36.08662188911656 
-35.52684302193475 -35.616282376044 -36.19169133067949 -35.25870644309437 -36.07922898919006 
-35.48868911509446 -35.58266088804035 -36.15748394657578 -35.22209241746167 -36.043078557695964 
-35.50646136476543 -35.600581112766264 -36.173533820388386 -35.23948392280805 -36.05933819715381 
-35.48394787829285 -35.57935831373726 -36.15309076279509 -35.21753107326445 -36.03820594623468 
-35.483492411044324 -35.57677331358512 -36.15097374918106 -35.21554751301697 -36.03700624595845 
-35.518757370496274 -35.61446726050583 -36.18686644757024 -35.25338280874823 -36.071996184075175 
-35.52059741291052 -35.616740462484074 -36.18874176972288 -35.25539307754279 -36.07373225827679 
-35.523445144490395 -35.62045677869186 -36.19157387971481 -35.25847314389671 -36.07630129355799 
-35.51108118269232 -35.6091407451711 -36.17970280922967 -35.24596577685077 -36.06405833254105 
-35.52748530614073 -35.628440736753035 -36.19785138011497 -35.26487693952667 -36.081013906507266 
-35.57321209932748 -35.66946141266635 -36.23780208884706 -35.308017625758765 -36.12325318753163 
-35.56467813913861 -35.66277159939641 -36.233222787470964 -35.30227077264904 -36.11747417034536 
-35.528314458130794 -35.62619340559566 -36.19822726331107 -35.265054822764256 -36.082385563853904 
-35.517190089848114 -35.61178846174357 -36.186032008307336 -35.252172310865944 -36.071374254424555 
-35.53436042982369 -35.627832256442574 -36.20172304384093 -35.26897327377995 -36.087616767314444 
-35.5564557874374 -35.64892375350921 -36.222063546414276 -35.29075537983363 -36.10850868885221 
-35.55648505935551 -35.647387495214815 -36.22171475548538 -35.29032669051338 -36.10869166350578 
-35.52515043573216 -35.61526661569502 -36.19189114139452 -35.258447930171414 -36.078911263433525 
-35.5505750669205 -35.64259214045558 -36.21720633072823 -35.28530615264678 -36.10362581574333 
-35.563846472073934 -35.65590949663478 -36.23218840400132 -35.30058234248827 -36.11827961088797 
-35.548061645746714 -35.64156423842269 -36.21647926802011 -35.28419443410189 -36.102158906419064 
-35.519490183247314 -35.61220657378496 -36.18828286463285 -35.25434878587565 -36.07419161372704 
-35.516829179597366 -35.60965221610134 -36.18585429828623 -35.251740040882396 -36.071697372165644 
-35.542087633687174 -35.634136730389244 -36.20929633683541 -35.276826847757675 -36.09562600381473 
-35.49515680305771 -35.58578643757154 -36.16597939529201 -35.23009376558721 -36.052218728031065 
-35.492120755496316 -35.585734284754835 -36.1652594118824 -35.22900242271848 -36.05022336305069 
-35.43215532986116 -35.526783979479674 -36.107915396848554 -35.168044507252674 -35.99225562849239 
-35.437178970640986 -35.53350980714437 -36.1132890091919 -35.1737827684947 -35.9970515412583 
-35.42991253392027 -35.52648942429252 -36.10723110868028 -35.167096972425796 -35.990731480630416 
-35.45765504594094 -35.55401915175523 -36.13467057667317 -35.19603152021827 -36.01822948893967 
-35.45638909693176 -35.55255625759651 -36.1334397762524 -35.19470578967034 -36.01705417919953 
-35.4414342487394 -35.53726294243113 -36.11816656508748 -35.17868736686739 -36.00196588442088 
-35.4559402790036 -35.55572980074865 -36.132841592468054 -35.19450874001693 -36.01539905176169 
-35.48918377036772 -35.587759575230805 -36.16382024119342 -35.22760279153286 -36.047054538172944 
-35.47648400753613 -35.574700854210306 -36.15221199385982 -35.215045362128464 -36.035395684490055 
-35.46467357808234 -35.562307847408846 -36.14036511545223 -35.202528584976875 -36.02375293142083 
-35.39537904544518 -35.49602571256564 -36.07816829950103 -35.13543067776534 -35.95960224258148 
-35.396714731157914 -35.497588928448536 -36.08039186933003 -35.13755137516033 -35.9616058023049 
-35.4170041516271 -35.51551369735597 -36.09902300810434 -35.1573652068239 -35.98118121395966 
-35.431198748797755 -35.52947119385851 -36.11022178967613 -35.16995135167802 -35.99292610378558 
-35.41718250817222 -35.52301942530471 -36.10044393392485 -35.15931080398168 -35.98020200079931 
-35.45783224576573 -35.566432584893576 -36.14130106206578 -35.20255682504306 -36.020114735307274 
-35.46059467143094 -35.56885836226563 -36.143683745876146 -35.20513139300033 -36.022656371276085 
-35.45380801749988 -35.56200900493988 -36.137887352648306 -35.19875111989887 -36.01672629293441 
-35.45175267939105 -35.55957395370032 -36.13540552147148 -35.19621485160367 -36.01443389142105 
