3.4340235333013296e-06 3.463731909026342e-06 3.602945037977601e-06 3.38548615410249e-06 3.5709370605034465e-06 
3.4328873158360076e-06 3.4626345921895505e-06 3.6018411954088793e-06 3.38437863354046e-06 3.5698157887085856e-06 
3.4375731830607002e-06 3.4675094584552853e-06 3.6061999291675066e-06 3.38882580462662e-06 3.5741729896129865e-06 
3.448849660987496e-06 3.479390635713306e-06 3.6173665935849306e-06 3.400077041343383e-06 3.585170483553155e-06 
3.4488542451556873e-06 3.4793826697132308e-06 3.6173372725161054e-06 3.400053900341862e-06 3.585150987269398e-06 
3.4536415472303005e-06 3.4839568811927146e-06 3.621883123481789e-06 3.404633637723335e-06 3.589803919182585e-06 
3.453286036658757e-06 3.4834897661225696e-06 3.621436204463814e-06 3.404195910018933e-06 3.589407511832281e-06 
3.4541576528488206e-06 3.4840171185796145e-06 3.622219385108759e-06 3.404965909786672e-06 3.590312065244788e-06 
3.4557489703871387e-06 3.4861053331555167e-06 3.624002937394591e-06 3.406755395530089e-06 3.59190848546887e-06 
3.459637453670363e-06 3.4894917223444083e-06 3.6275637582341888e-06 3.4103413163077636e-06 3.5956807362811723e-06 
3.4828096125740805e-06 3.5146064790042382e-06 3.6514128260575915e-06 3.4342395810015966e-06 3.618807474432914e-06 
3.485623409294829e-06 3.517193272042757e-06 3.6540988127944278e-06 3.43693200840233e-06 3.621585329234272e-06 
3.478418290202433e-06 3.5094181692710645e-06 3.646522857809047e-06 3.429379063229506e-06 3.614251725320392e-06 
3.4765183009106896e-06 3.507489533892549e-06 3.6446570086982392e-06 3.427502110400773e-06 3.612389098655531e-06 
3.457451284160653e-06 3.4882995242145345e-06 3.6255139276487824e-06 3.408357236849912e-06 3.593301209298224e-06 
3.4525317503397747e-06 3.484053356351762e-06 3.6216355756964074e-06 3.404314776583703e-06 3.5890334624905146e-06 
3.450312995876141e-06 3.4818338736923078e-06 3.619773484511258e-06 3.4023749860424757e-06 3.587109361516394e-06 
3.4489802359178495e-06 3.480927506008386e-06 3.6190556180860085e-06 3.4015669853192782e-06 3.58615229138292e-06 
3.44525727607279e-06 3.47741862181009e-06 3.615452235481299e-06 3.397957747496881e-06 3.5824627378991914e-06 
3.4464522739130227e-06 3.47851591474006e-06 3.6165913442350522e-06 3.399099627613078e-06 3.5836415148760547e-06 
3.446135034690512e-06 3.4781565722533975e-06 3.616220857337646e-06 3.3987362261888757e-06 3.583293431555393e-06 
3.451381454212594e-06 3.4837697456955808e-06 3.6214961016751595e-06 3.4040426406493376e-06 3.5884494885602053e-06 
3.453387809247661e-06 3.485559941073788e-06 3.6233978388114943e-06 3.40594619809326e-06 3.590435792048284e-06 
3.45316736719793e-06 3.485655765807194e-06 3.623367136252927e-06 3.4059059716707697e-06 3.5902743224438397e-06 
3.455627912636748e-06 3.4890062500495633e-06 3.6268885500700015e-06 3.4092925175006964e-06 3.593334356862662e-06 
3.456293019324462e-06 3.489756462668631e-06 3.627586012339713e-06 3.4099917902759934e-06 3.5939997520457493e-06 
3.4436833006874335e-06 3.4772620018456305e-06 3.6149070880592523e-06 3.3973345217773283e-06 3.5813002776602376e-06 
3.4389611411486225e-06 3.4731578719743236e-06 3.610835034114997e-06 3.3931873074065646e-06 3.576924462043362e-06 
3.4436960792751273e-06 3.47771716617647e-06 3.6154141390385263e-06 3.3977826984664962e-06 3.5815840450204315e-06 
3.44348678962486e-06 3.477079221771963e-06 3.614955903556168e-06 3.397333744230399e-06 3.581301752610083e-06 
3.4541865676853877e-06 3.4885670716404306e-06 3.6257633878189046e-06 3.408200386080383e-06 3.5918449664045213e-06 
3.466860352063253e-06 3.4995532790875895e-06 3.637469943673633e-06 3.4199466424590318e-06 3.6042390592819193e-06 
3.4722054591854875e-06 3.504722565845733e-06 3.6422669814678026e-06 3.4248442908467765e-06 3.6091855359451658e-06 
3.473021643775225e-06 3.504767420128246e-06 3.6428498392481207e-06 3.425402004505113e-06 3.6100469494526846e-06 
3.4808039402920325e-06 3.5120655025570053e-06 3.649931997365664e-06 3.4325900016585194e-06 3.6173998288476107e-06 
3.4879367682275694e-06 3.519529742271019e-06 3.657712111053261e-06 3.440265648348357e-06 3.624962465786383e-06 
3.490421765687219e-06 3.521577422044983e-06 3.659844327433483e-06 3.4424320157230795e-06 3.627290978078968e-06 
3.4815648316987783e-06 3.511642109447837e-06 3.6497428702504785e-06 3.432493867106011e-06 3.6177424601229222e-06 
3.4843379618277407e-06 3.513978740078232e-06 3.6522162583379e-06 3.43499236415212e-06 3.620402441741538e-06 
3.484017609594978e-06 3.513610653571925e-06 3.6519032102869537e-06 3.434673089485408e-06 3.6201028714095085e-06 
3.4859873782084844e-06 3.5158581844027286e-06 3.653956976597782e-06 3.4367354524513702e-06 3.6220559299983856e-06 
3.497976568221924e-06 3.527401988878883e-06 3.6647376250255175e-06 3.4477472131058275e-06 3.6331838630886215e-06 
3.5032288541425625e-06 3.531789267421175e-06 3.6700627481618458e-06 3.45297444176734e-06 3.638761620956468e-06 
3.504774470578142e-06 3.5331433296410545e-06 3.671169200042154e-06 3.454162021201151e-06 3.640004000860843e-06 
3.5016249764800746e-06 3.5296574439048067e-06 3.6678030717963157e-06 3.450811945071719e-06 3.6367801531632037e-06 
3.5027176381789876e-06 3.5309550812190895e-06 3.66917054994673e-06 3.452137091441655e-06 3.638035979596823e-06 
3.5024387696698087e-06 3.530612731869016e-06 3.668595301718919e-06 3.4516227669490876e-06 3.63753244910427e-06 
3.499844734882037e-06 3.530075188033654e-06 3.6671294606872776e-06 3.450100513148308e-06 3.635235207253367e-06 
3.5003582210988673e-06 3.5309438009269687e-06 3.6679202264096704e-06 3.4508642311336476e-06 3.6358676796055027e-06 
3.4988325086168747e-06 3.5283280299489256e-06 3.6659894633686153e-06 3.4489167105337413e-06 3.6343443624078013e-06 
3.5016538915670233e-06 3.5313516004687666e-06 3.668748167414941e-06 3.4517102236449527e-06 3.6370512255553668e-06 
3.493719673612682e-06 3.523737984041829e-06 3.6606124399386456e-06 3.443649372874666e-06 3.628853634917971e-06 
3.4895029810486857e-06 3.5185945904436544e-06 3.656338429206159e-06 3.439295774416286e-06 3.6248760990036766e-06 
3.464278979236463e-06 3.492667792091e-06 3.630877297841596e-06 3.413812283472535e-06 3.5996779920907103e-06 
3.4707688654339654e-06 3.4992690625793654e-06 3.637504825658222e-06 3.420421714946541e-06 3.6062457632325812e-06 
3.4708648121089317e-06 3.4994271696282385e-06 3.637679179460298e-06 3.4205844329725003e-06 3.606387176692996e-06 
3.47065390359826e-06 3.4990343441703137e-06 3.637760634300296e-06 3.4205840096964214e-06 3.606473233357827e-06 
3.475718828056899e-06 3.5037175362713573e-06 3.6421269563450725e-06 3.4250719484051324e-06 3.611078938830994e-06 
3.4764119695620114e-06 3.5041529572438898e-06 3.642719896013071e-06 3.4256636277953084e-06 3.6117686812318084e-06 
3.4683412912294657e-06 3.4963703727349622e-06 3.6350643406112774e-06 3.4179393744859744e-06 3.60395301127174e-06 
3.4699138161001826e-06 3.4981386546589127e-06 3.636905098213683e-06 3.4197393456198205e-06 3.605686035107422e-06 
3.470215102379127e-06 3.4985591521730326e-06 3.6366907653144696e-06 3.419651126416366e-06 3.6055256425647445e-06 
3.472677299340684e-06 3.5011890691486366e-06 3.639004493181358e-06 3.4220152141612293e-06 3.6078133473739496e-06 
3.4692992120820937e-06 3.498116765158138e-06 3.6358465876277405e-06 3.4188356205397423e-06 3.604523249265662e-06 
3.4665798089019486e-06 3.495493068117756e-06 3.6330443277712203e-06 3.416060452037595e-06 3.6017066050211008e-06 
3.46336406286426e-06 3.4923190183818185e-06 3.6298063046981677e-06 3.4128304184590256e-06 3.598460285848974e-06 
3.4624569692007828e-06 3.49216450625292e-06 3.629195140613821e-06 3.4122254658446956e-06 3.5975654852629065e-06 
3.4716491711605107e-06 3.500912701539663e-06 3.6379388330987557e-06 3.4210310745406944e-06 3.606522906704218e-06 
3.4724787931437714e-06 3.5018649357814225e-06 3.6389246384024506e-06 3.4219934645271035e-06 3.60744334737208e-06 
3.474735869611417e-06 3.503764342824905e-06 3.640853802443463e-06 3.423963388083497e-06 3.6095398478589424e-06 
3.4719807301488463e-06 3.5008218898617087e-06 3.637832396758589e-06 3.4209839876242323e-06 3.606623436148675e-06 
3.4668418119983623e-06 3.495703438028769e-06 3.6328392547704367e-06 3.4159573497512646e-06 3.601599403738962e-06 
3.4569576978097003e-06 3.486133250454188e-06 3.622852447235786e-06 3.40602198923673e-06 3.5915358290254174e-06 
3.4525829028429526e-06 3.4812997395903125e-06 3.618293667210017e-06 3.401458673797293e-06 3.5871515308905415e-06 
3.454515072785119e-06 3.4831277366559215e-06 3.6201637558830983e-06 3.4033335664264354e-06 3.5890642267847384e-06 
3.457866789557631e-06 3.4875418587565597e-06 3.6234905437528935e-06 3.4067747925436276e-06 3.592067268258393e-06 
3.4590825484723643e-06 3.4889957988139603e-06 3.6251465420195308e-06 3.4083522509870365e-06 3.5935724149353796e-06 
3.4634161011121976e-06 3.493100511066165e-06 3.6307786760648207e-06 3.413666081724377e-06 3.5990462892629888e-06 
3.4639420130711823e-06 3.493696467331275e-06 3.6313571197372525e-06 3.414239760602083e-06 3.5995938217330233e-06 
3.4618947790999334e-06 3.4916160236739472e-06 3.6294844061014107e-06 3.412324308466448e-06 3.597701078110442e-06 
3.4625679315847466e-06 3.492131681907998e-06 3.63011781603531e-06 3.412951662327174e-06 3.598389837822787e-06 
3.4624991057059693e-06 3.4920631669422725e-06 3.6300344561666995e-06 3.4128715282882043e-06 3.5983089510794296e-06 
3.4608067716905513e-06 3.4902870896149382e-06 3.6285001967426657e-06 3.4112938244688174e-06 3.596773023588068e-06 
3.4651002516352186e-06 3.494650199023346e-06 3.6332456957693495e-06 3.4159485698881785e-06 3.601416706090288e-06 
3.4660081867131596e-06 3.495405556400686e-06 3.634136611275812e-06 3.4168292994288936e-06 3.602357392772833e-06 
3.4586171498017375e-06 3.4877494973438843e-06 3.626406166036592e-06 3.4091455234371674e-06 3.5947697232898532e-06 
3.449990280680778e-06 3.478610296815634e-06 3.6172173846302038e-06 3.4000293818579887e-06 3.585839174439394e-06 
3.4407700337163165e-06 3.4697089526962622e-06 3.607839154550038e-06 3.3907127979167736e-06 3.5763924291222545e-06 
3.4413474830680747e-06 3.4705533866272266e-06 3.60855954414449e-06 3.391426934137394e-06 3.577005398426594e-06 
3.440659233459489e-06 3.4698138997800317e-06 3.607909861570929e-06 3.3907635770398903e-06 3.5763648486011517e-06 
3.4463658515211815e-06 3.4754787496146616e-06 3.613276603242392e-06 3.3962041586049008e-06 3.581803026410839e-06 
3.4468815492737e-06 3.475984676240981e-06 3.6137967400254958e-06 3.396722541475362e-06 3.5823252883690635e-06 
3.4536353491064785e-06 3.482614671105625e-06 3.6208140508425683e-06 3.4036716070906204e-06 3.589333048205397e-06 
3.451974098075716e-06 3.4809354761390887e-06 3.6192174193140004e-06 3.4020583922976887e-06 3.587730910605363e-06 
3.4527456437918022e-06 3.48181297391338e-06 3.6199867035952005e-06 3.4028384369550093e-06 3.588467825254427e-06 
3.4528894814141714e-06 3.4816534896427987e-06 3.6204186079968277e-06 3.4031786787095182e-06 3.588942381185885e-06 
3.4510162796283726e-06 3.4800785356617395e-06 3.61874248100243e-06 3.401486471947262e-06 3.587140188335735e-06 
3.4512345055633788e-06 3.480042983773394e-06 3.618889936863781e-06 3.4016260091179332e-06 3.5873781343233064e-06 
3.4505444019356752e-06 3.4795415773686887e-06 3.618177564118484e-06 3.4009356679698e-06 3.5866117608290208e-06 
3.4528644637239764e-06 3.482131765218266e-06 3.620546329070235e-06 3.4033197416592818e-06 3.588888361742435e-06 
3.447954402345511e-06 3.4778186118669584e-06 3.615568262291219e-06 3.3984117771289445e-06 3.5837394769742346e-06 
3.4563451889027896e-06 3.4855461406530844e-06 3.623497906525341e-06 3.4063832247163483e-06 3.5919526998922125e-06 
3.4562649828573507e-06 3.485086558714182e-06 3.623339144565911e-06 3.4062059390253713e-06 3.591924553172218e-06 
3.452306131219884e-06 3.4813219453749894e-06 3.619467458267486e-06 3.4023318656958624e-06 3.5879785429167676e-06 
3.4530042188026133e-06 3.4821973139547143e-06 3.6202374779091014e-06 3.403102961844988e-06 3.588681203091481e-06 
3.4600635616535676e-06 3.489065113702987e-06 3.627420181945446e-06 3.4102426511880348e-06 3.595899767804608e-06 
3.465300096398252e-06 3.4945443594125044e-06 3.6328324849201178e-06 3.415640798022291e-06 3.601205400355374e-06 
3.478877817833287e-06 3.508812872334074e-06 3.646371235879627e-06 3.429259048699001e-06 3.614535540474757e-06 
3.477403966077187e-06 3.5070100354606285e-06 3.6445505220805436e-06 3.427483543002403e-06 3.6128774259842463e-06 
3.4775365844770154e-06 3.5071519254406804e-06 3.6446781299217563e-06 3.427613226819354e-06 3.6130030314594727e-06 
3.4882020915122457e-06 3.517829259257407e-06 3.655270944017044e-06 3.438227234811047e-06 3.6236028584810486e-06 
3.481987760998427e-06 3.511893779483228e-06 3.6488955107648487e-06 3.4319137340050493e-06 3.6171710177666343e-06 
3.482524310387071e-06 3.511118325836088e-06 3.648567751173396e-06 3.4316545806240076e-06 3.61739921486851e-06 
3.4840282919472452e-06 3.5122045186926507e-06 3.650394812699824e-06 3.4333686642970505e-06 3.6192978669475973e-06 
3.4803871231524297e-06 3.5086076951958897e-06 3.646829000377907e-06 3.429788814662781e-06 3.6157058553494863e-06 
3.488499317529275e-06 3.5170457065172063e-06 3.654943377852904e-06 3.4379364065214537e-06 3.6237179618314166e-06 
3.4894277002771366e-06 3.5172275728884376e-06 3.6553299378779734e-06 3.4383752519399716e-06 3.624429452939212e-06 
3.4923882422341162e-06 3.518939680410488e-06 3.6579467090915847e-06 3.4409554089455914e-06 3.6274903181601017e-06 
3.4920447619768736e-06 3.5187195785657087e-06 3.657804071640369e-06 3.4407786551936194e-06 3.6272744441272794e-06 
3.496847803832538e-06 3.5237715810817253e-06 3.662773514879667e-06 3.4457349501534115e-06 3.6321371191334975e-06 
3.5077523835293336e-06 3.535654321470475e-06 3.6743007098753493e-06 3.4572162063119396e-06 3.6432516810680437e-06 
3.509203890267226e-06 3.5372160385665013e-06 3.675573161626105e-06 3.4585395407463473e-06 3.644521436099621e-06 
3.509616370389172e-06 3.5376423039151662e-06 3.6760237863846577e-06 3.4589830173575232e-06 3.6449610279577114e-06 
3.514041125792608e-06 3.542569012934878e-06 3.6808254464953217e-06 3.463748793791167e-06 3.6495409804603094e-06 
3.5149503289619715e-06 3.5435464230351294e-06 3.6819320802567075e-06 3.4648180653656515e-06 3.650591699640671e-06 
3.5169929503111787e-06 3.545864479892211e-06 3.684478204917113e-06 3.4672791976927625e-06 3.6529640018999337e-06 
3.5179312274511794e-06 3.546620272978428e-06 3.6852797043174664e-06 3.4680941343959595e-06 3.6538455841742366e-06 
3.516286716698046e-06 3.545113828050647e-06 3.6835978032684124e-06 3.466432819749533e-06 3.6521280716167463e-06 
3.5194335561999704e-06 3.5480790170286653e-06 3.686737013868795e-06 3.46955780963533e-06 3.6553239493644096e-06 
3.532832629379516e-06 3.561052002637697e-06 3.6995578215427295e-06 3.482471686091904e-06 3.668375195669515e-06 
3.530143206637902e-06 3.5584011794719695e-06 3.696649493239979e-06 3.479615185738848e-06 3.6654940098158457e-06 
3.5248776565369013e-06 3.5535501591897035e-06 3.691628193423721e-06 3.474576456602167e-06 3.6603030618312823e-06 
3.5276497751046816e-06 3.55663802258206e-06 3.6945979532314105e-06 3.477532877799201e-06 3.6631402607230583e-06 
3.5312555218726323e-06 3.560113688864319e-06 3.698116418868745e-06 3.4810597094502915e-06 3.6667134650263957e-06 
3.5320039812683334e-06 3.559862280606182e-06 3.698099998911631e-06 3.4811213285079134e-06 3.667139433926421e-06 
3.5427366744367194e-06 3.568591754443453e-06 3.7079957460258963e-06 3.4910264526552998e-06 3.6777971231073885e-06 
3.5424874406921938e-06 3.568453053534806e-06 3.7079303096630886e-06 3.490929397014366e-06 3.677665349425311e-06 
3.542054261645866e-06 3.5684678889081195e-06 3.707466171811988e-06 3.4905122816179773e-06 3.677068906607081e-06 
3.5406178893820606e-06 3.566487150378486e-06 3.7056871761729824e-06 3.488761370065489e-06 3.67551799701041e-06 
3.5397021058852567e-06 3.5651485342946417e-06 3.7047848997943272e-06 3.4878182085035516e-06 3.67474355810518e-06 
3.5456912983630144e-06 3.571057227224057e-06 3.7107122839286565e-06 3.4937544435061627e-06 3.680705533042266e-06 
3.5298954426063863e-06 3.555701295045761e-06 3.694745417868232e-06 3.4778601996280274e-06 3.6646362720487064e-06 
3.5182447402246667e-06 3.543360361961152e-06 3.682611617461816e-06 3.465771014135466e-06 3.6528018918272117e-06 
3.513026610422459e-06 3.538448983286616e-06 3.677811245142945e-06 3.4609008562291473e-06 3.647834562947365e-06 
3.5000722794815464e-06 3.5255314555769025e-06 3.66510015976251e-06 3.4481336102953682e-06 3.6350716528865163e-06 
3.496882699036417e-06 3.5220634406029224e-06 3.6619066820490965e-06 3.4449156351596944e-06 3.631965019795722e-06 
3.507901124265521e-06 3.5330730702496325e-06 3.672782597095344e-06 3.4558265399887935e-06 3.6428667678297706e-06 
3.5188033469637225e-06 3.543542006453041e-06 3.6838682760111793e-06 3.4668375932426647e-06 3.6540513339577654e-06 
3.5234680526485413e-06 3.5483937165499944e-06 3.6886265282993383e-06 3.471592475043042e-06 3.6587348045672006e-06 
3.5345974998126514e-06 3.5598206072762777e-06 3.70009331223116e-06 3.4830134641102507e-06 3.6700487184079916e-06 
3.5255592115574317e-06 3.5507104614296396e-06 3.6903832085940284e-06 3.4734442735783148e-06 3.660480728627932e-06 
3.5265733681357914e-06 3.5514003653270707e-06 3.6910651381599385e-06 3.474173437932728e-06 3.66132069829263e-06 
3.5258990432794667e-06 3.550445570320311e-06 3.6901173825897575e-06 3.473263199071898e-06 3.6605074514233144e-06 
3.526343580121218e-06 3.550020071649494e-06 3.690346800326327e-06 3.473467054762993e-06 3.661042073589483e-06 
3.516802464503141e-06 3.5399617637563084e-06 3.6805188819151716e-06 3.4636575387218316e-06 3.651425204580792e-06 
3.523518495734925e-06 3.546381198967672e-06 3.686641245971941e-06 3.46989275768374e-06 3.657742183087473e-06 
3.524141740291746e-06 3.547319182067735e-06 3.686760475022964e-06 3.470156232885541e-06 3.6578533739052524e-06 
3.5232784419523575e-06 3.5462703905183645e-06 3.6859365409256572e-06 3.469306645721939e-06 3.657079663481482e-06 
3.527974708273556e-06 3.550699201325051e-06 3.6909184993574017e-06 3.474201089814926e-06 3.6620926870703777e-06 
3.5294242579737595e-06 3.5522171699849375e-06 3.6925464090885034e-06 3.475794221962211e-06 3.663667903365726e-06 
3.529405436926606e-06 3.5523002333266876e-06 3.6926564870144237e-06 3.475883290249574e-06 3.66372396785886e-06 
3.535796998483431e-06 3.5592787900243157e-06 3.700177131090364e-06 3.4831997403050164e-06 3.6708641134088074e-06 
3.5405297885074374e-06 3.5644509254545e-06 3.7049521310144455e-06 3.4880032782495246e-06 3.675495909913918e-06 
3.550509645498381e-06 3.5746701453840514e-06 3.7152494922549637e-06 3.4982529848952013e-06 3.685662009907317e-06 
3.5496634103607e-06 3.5741462716284057e-06 3.715040422945567e-06 3.497929566219351e-06 3.685241600546752e-06 
3.550194778919145e-06 3.573694683537312e-06 3.7148311305373412e-06 3.497803082716259e-06 3.685464880037247e-06 
3.5372232638126963e-06 3.5610511146050636e-06 3.7019290500639508e-06 3.4849081762788956e-06 3.6724520427794307e-06 
3.536038053209398e-06 3.559947796535044e-06 3.700751004641846e-06 3.483734897552873e-06 3.6712477848263393e-06 
3.5388240437788175e-06 3.562088574801658e-06 3.7031549400736927e-06 3.4861717758353083e-06 3.673916812492093e-06 
3.539891440399813e-06 3.563127105803513e-06 3.704255147888723e-06 3.4872627053534005e-06 3.6750199110219376e-06 
3.536605117682415e-06 3.5601192141606187e-06 3.7012599689542776e-06 3.4842245528545497e-06 3.6718884059683676e-06 
3.54089224305412e-06 3.5645349770124705e-06 3.7055885211348717e-06 3.4885558057404483e-06 3.676169413476094e-06 
3.54002971070305e-06 3.563653109261395e-06 3.704848494421189e-06 3.487786914117883e-06 3.675413843881317e-06 
3.5418008709260252e-06 3.565263724449103e-06 3.7068319267474564e-06 3.489711598105223e-06 3.677408770950736e-06 
3.5324303672276634e-06 3.556311800271673e-06 3.6968523780060016e-06 3.4798975875618905e-06 3.667409801431772e-06 
3.5324846635362612e-06 3.5563790536763957e-06 3.696896085941437e-06 3.4799447687023433e-06 3.6674513872299787e-06 
3.5376053100674965e-06 3.561546086519594e-06 3.7017994105057156e-06 3.484902615795767e-06 3.6723779052804623e-06 
3.5375617155938675e-06 3.5615068315556032e-06 3.7017589405365733e-06 3.4848617927628347e-06 3.6723355584632504e-06 
3.5444012619163123e-06 3.568923925185344e-06 3.7080487069735976e-06 3.4913301873014157e-06 3.67854345557443e-06 
3.5477780698420114e-06 3.5726174994808254e-06 3.711583982105931e-06 3.4948582228016545e-06 3.6819528125626984e-06 
3.5564113659306597e-06 3.580575907624698e-06 3.719917445065786e-06 3.503204032581582e-06 3.690545191017231e-06 
3.5609577993241407e-06 3.5855366649140826e-06 3.7245664642474507e-06 3.507867680679236e-06 3.695047929499173e-06 
3.5610083593753917e-06 3.58558322206391e-06 3.724614658866986e-06 3.5079160842441507e-06 3.695097763501442e-06 
3.5628025795108644e-06 3.587416790314009e-06 3.7267574540674984e-06 3.5099821583602462e-06 3.6971667680238767e-06 
3.564660963933094e-06 3.5894780139193923e-06 3.7288351717780586e-06 3.512027989627064e-06 3.699143140180945e-06 
3.568804378072704e-06 3.5943091222703995e-06 3.734005572894471e-06 3.5170269623147847e-06 3.70392031784864e-06 
3.5594141281754715e-06 3.585214006998812e-06 3.7246584995190334e-06 3.5076931397679197e-06 3.6944764941205095e-06 
3.557128432286485e-06 3.5832047479909843e-06 3.722356516053498e-06 3.505418809110847e-06 3.6920927312442925e-06 
3.5584214001859773e-06 3.584286181508205e-06 3.723621083593476e-06 3.5066712676711833e-06 3.693427159870684e-06 
3.553760371375799e-06 3.5794069805620444e-06 3.718912775792081e-06 3.501952706068726e-06 3.6887951203458743e-06 
3.553762224155626e-06 3.5793960827651058e-06 3.7189600334914185e-06 3.501988603867974e-06 3.6888382984800563e-06 
3.554947274466897e-06 3.5805793505117433e-06 3.7201543294632303e-06 3.503181052019576e-06 3.6900313046493535e-06 
3.5462434194828745e-06 3.5713725239888286e-06 3.710935611792072e-06 3.4940315154626943e-06 3.6810595296475807e-06 
3.543990027054603e-06 3.569278714935737e-06 3.7087951734286687e-06 3.4918787612252404e-06 3.678850506887367e-06 
3.542487470547332e-06 3.5677643416812416e-06 3.7072215409235933e-06 3.4903197118358312e-06 3.67729329363513e-06 
3.5541678581074947e-06 3.579937770460393e-06 3.719290053237617e-06 3.5023478945448046e-06 3.6891397182343277e-06 
3.556561389157042e-06 3.582383361443055e-06 3.7217394427424977e-06 3.5047900830200175e-06 3.6915628284166337e-06 
3.5521153633051773e-06 3.5776340674731965e-06 3.716645045992246e-06 3.499814773593069e-06 3.6866767141558983e-06 
3.552403797143145e-06 3.5780233531984943e-06 3.7169255003640028e-06 3.500106294882043e-06 3.6869274893866865e-06 
3.563922877092604e-06 3.5896558822901024e-06 3.7290790388587732e-06 3.5121291395225225e-06 3.6989323574080787e-06 
3.5619205367491296e-06 3.587741769549234e-06 3.727110914051359e-06 3.5101604738675544e-06 3.6969314117550628e-06 
3.5665119269291315e-06 3.5903964283165825e-06 3.7311440655431487e-06 3.5141537973657545e-06 3.7016576646398947e-06 
3.57440205814064e-06 3.5984050331067364e-06 3.739172527944171e-06 3.5221638543605395e-06 3.709623975917519e-06 
3.5803179263395732e-06 3.603894325022168e-06 3.7447194224786527e-06 3.5277595998324305e-06 3.7153660783480187e-06 
3.5838632164336767e-06 3.6068619208132694e-06 3.7475143255459545e-06 3.5306768347500193e-06 3.7184703321141504e-06 
3.5832647609236383e-06 3.6066256438429963e-06 3.7471072082916165e-06 3.530256313215302e-06 3.7179182595671244e-06 
3.5809753952603016e-06 3.6044407945112303e-06 3.7448204266522445e-06 3.52797697687557e-06 3.715599278747131e-06 
3.579880795965559e-06 3.6034631834625328e-06 3.743077197248483e-06 3.526392560842132e-06 3.7139346163009185e-06 
3.5771467950436405e-06 3.60130310606783e-06 3.7408906728569298e-06 3.5241284985288104e-06 3.711475576553373e-06 
3.5781021941351575e-06 3.6020036803974124e-06 3.7418070140188534e-06 3.525031945026759e-06 3.7124770058355183e-06 
3.5805460136408166e-06 3.604597044989985e-06 3.7444586412277876e-06 3.5276496413400696e-06 3.7150456112308427e-06 
3.5787564779422525e-06 3.602687568627108e-06 3.7425637313698152e-06 3.5257679162824786e-06 3.7132064554971424e-06 
3.5696640282430703e-06 3.593644324250124e-06 3.733506734788192e-06 3.5167040154516236e-06 3.7041295999892952e-06 
3.5668309498445022e-06 3.5903716926762306e-06 3.7309389747195086e-06 3.514037664379442e-06 3.701650627260558e-06 
3.571659534573483e-06 3.594891050623932e-06 3.7358770416079737e-06 3.5189271965920717e-06 3.7066635657992915e-06 
3.5724880383407488e-06 3.5958035929075385e-06 3.7365771900124086e-06 3.5196632818969677e-06 3.707360417615807e-06 
3.5564520692581187e-06 3.5793598208110573e-06 3.7203139812310282e-06 3.503412386522462e-06 3.6912652348780704e-06 
3.5566144521808876e-06 3.579684100061775e-06 3.7206426119408754e-06 3.5037169896895087e-06 3.6915147768042908e-06 
3.546550126484256e-06 3.570442240890191e-06 3.711257735118423e-06 3.494244807245212e-06 3.6817590698389295e-06 
3.529562135949918e-06 3.553211442636954e-06 3.6944290285374407e-06 3.4773555550048486e-06 3.664979725838128e-06 
3.5211536285096735e-06 3.543622338617275e-06 3.6856770098705314e-06 3.468582838818842e-06 3.6566520993613164e-06 
3.521072474706669e-06 3.5435629758240414e-06 3.6856149127398153e-06 3.468518247090064e-06 3.6565799646150175e-06 
3.5229952878147084e-06 3.5455505303293606e-06 3.687471630949144e-06 3.4703949793803415e-06 3.6584281781803616e-06 
3.518395344242591e-06 3.541382518436135e-06 3.6829396419576165e-06 3.4658804129239755e-06 3.6537524459424904e-06 
3.5189040748558286e-06 3.5418713793486552e-06 3.683589956041398e-06 3.466498360333371e-06 3.6543837639501573e-06 
3.50242087405599e-06 3.5263444340992376e-06 3.6670580226667195e-06 3.4500487167723713e-06 3.6375697673889205e-06 
3.5017377332325887e-06 3.5256994131408547e-06 3.6661153327152114e-06 3.449166900988341e-06 3.6366612571274634e-06 
3.50049143356628e-06 3.524436838935816e-06 3.664811879683764e-06 3.4478744856304235e-06 3.635373095657269e-06 
3.5025631349756846e-06 3.525574654709667e-06 3.666229030186633e-06 3.449362023050879e-06 3.6371920621232584e-06 
3.4983779938850918e-06 3.5214678663815593e-06 3.662162600790364e-06 3.445273841549282e-06 3.6330813618632067e-06 
3.499555325366539e-06 3.5233705305189746e-06 3.6638449103187678e-06 3.4469032151753577e-06 3.634451717505941e-06 
3.495769709324178e-06 3.51949268662283e-06 3.659999939669432e-06 3.443062574217292e-06 3.6306461936045505e-06 
3.4959691072707167e-06 3.5198018577403534e-06 3.6605537921692844e-06 3.4435464713522745e-06 3.631103803384588e-06 
3.4978884015423795e-06 3.5220056395847193e-06 3.6625091290300477e-06 3.4455180525303063e-06 3.632965089136756e-06 
3.491834650801411e-06 3.5153854571980337e-06 3.6561459341920363e-06 3.4391748396519006e-06 3.6268314463771686e-06 
3.484191536221034e-06 3.5076273245602696e-06 3.6485679667634733e-06 3.4315703680469603e-06 3.6192786306652656e-06 
3.490263835403731e-06 3.512892016122701e-06 3.6543321710157135e-06 3.437340019757018e-06 3.6253439607920064e-06 
3.4905282172924187e-06 3.5132125520210503e-06 3.6547340865219414e-06 3.437716096827564e-06 3.625704328692561e-06 
3.499090275366989e-06 3.520467624551476e-06 3.662159932954769e-06 3.4452949365969635e-06 3.6337301779245434e-06 
3.49605429304662e-06 3.5168104779981895e-06 3.658376587010597e-06 3.441630782396114e-06 3.6302697214284047e-06 
3.494231447561831e-06 3.514777600404305e-06 3.656677485682542e-06 3.4398868427586927e-06 3.6286134714207324e-06 
3.4953578239402134e-06 3.515862434523859e-06 3.657576237253206e-06 3.4408342611338704e-06 3.629564956327896e-06 
3.5066439343559126e-06 3.5264179518304373e-06 3.6689363737206385e-06 3.4521264242869634e-06 3.6411341465878813e-06 
3.513462853644173e-06 3.533145312456865e-06 3.6760800368719e-06 3.4591935376413526e-06 3.6482473800590234e-06 
3.5042369446019567e-06 3.5230771967651203e-06 3.666321272748928e-06 3.449489476131329e-06 3.6388422120483508e-06 
3.495434068993508e-06 3.5144093409432603e-06 3.6577164801190033e-06 3.440847477267182e-06 3.630162422094822e-06 
3.485789669429294e-06 3.5047278965081114e-06 3.6479757329253247e-06 3.431122127872358e-06 3.620451567950976e-06 
3.4855730590759496e-06 3.504517296925065e-06 3.6477576074174976e-06 3.430904686732274e-06 3.6202319044197592e-06 
3.486326893807176e-06 3.5051092443996765e-06 3.6488892753339547e-06 3.4319426281527266e-06 3.6213461605443433e-06 
3.487296052126971e-06 3.505513982308129e-06 3.649234742560631e-06 3.43238624635379e-06 3.6219745403671238e-06 
3.4806440510660758e-06 3.4999242264101704e-06 3.6433016725528297e-06 3.4263667546425162e-06 3.6155902546717752e-06 
3.4863296318212853e-06 3.5062002143594623e-06 3.649165754209376e-06 3.4322355237021955e-06 3.6212410963828175e-06 
3.48871534542423e-06 3.5086688271266328e-06 3.6515999743717696e-06 3.434665862282128e-06 3.623640968212193e-06 
3.496839813325752e-06 3.5154485250498436e-06 3.6584831708431505e-06 3.4417306264809397e-06 3.6311541183458963e-06 
3.491177533647807e-06 3.509770280335666e-06 3.6524102558351296e-06 3.435747106435693e-06 3.6251595321483534e-06 
3.5018571909645454e-06 3.5211753612615864e-06 3.6638469379877305e-06 3.4470696670178226e-06 3.6362386078637737e-06 
3.5003427854669657e-06 3.51970792462977e-06 3.662320192314965e-06 3.4455486034512743e-06 3.6346998921997076e-06 
3.5011435180476493e-06 3.5200098958552887e-06 3.6628122369667698e-06 3.446073945689736e-06 3.6353991331009253e-06 
3.508327902171272e-06 3.5275731669856175e-06 3.6702476828839496e-06 3.453482976453851e-06 3.642673039637331e-06 
3.5058147299088193e-06 3.5253680788457702e-06 3.667873514079071e-06 3.451099354032191e-06 3.6401803151717022e-06 
3.503193516702132e-06 3.5228103356091025e-06 3.6656428174040634e-06 3.448785287863169e-06 3.6378615717387635e-06 
3.5048874533018823e-06 3.523899079299416e-06 3.666883177561207e-06 3.4500834478516925e-06 3.639367207584483e-06 
3.518927717946936e-06 3.5372963418186427e-06 3.680222138308462e-06 3.4635383840505576e-06 3.653024915646188e-06 
3.5125611519514592e-06 3.5315700296206374e-06 3.6736561707836077e-06 3.4570626302649164e-06 3.6462989924781466e-06 
3.5141684313197284e-06 3.533034690364656e-06 3.6753520898411344e-06 3.4587281469081848e-06 3.648022717371898e-06 
3.514147714946442e-06 3.5330055939300775e-06 3.6753313884164985e-06 3.4587068130791693e-06 3.648004584260642e-06 
3.5072759578049775e-06 3.5263461140426263e-06 3.668531800424495e-06 3.451904170360513e-06 3.6411282584715098e-06 
3.5181826703112605e-06 3.5362043224742143e-06 3.6785155266334695e-06 3.462026107875194e-06 3.6515945935613377e-06 
3.5185703790128057e-06 3.5365650637807333e-06 3.678901873849272e-06 3.462410914287597e-06 3.6519893857842228e-06 
3.5171012186409013e-06 3.5349920914377875e-06 3.6772969182384033e-06 3.4608292509250133e-06 3.6504404334894845e-06 
3.5183942310006975e-06 3.536964953689872e-06 3.67888682139363e-06 3.4624014773625655e-06 3.651769397363663e-06 
3.521417521824677e-06 3.540131260342098e-06 3.6819305882294297e-06 3.465452401469566e-06 3.65476525674848e-06 
3.520946049617535e-06 3.539551573026547e-06 3.68136483211295e-06 3.464900212113129e-06 3.6542493842317127e-06 
3.52579433926216e-06 3.5436845319282744e-06 3.6857522043886265e-06 3.4693429440956884e-06 3.658936638179555e-06 
3.529866186871997e-06 3.548474091414728e-06 3.689431019280282e-06 3.4731716591254823e-06 3.6624641308114192e-06 
3.5330131270290327e-06 3.5504058335947885e-06 3.6922785110429876e-06 3.475997529058441e-06 3.665736587287083e-06 
3.5301453065171108e-06 3.5475635549545408e-06 3.6893914704584006e-06 3.4731159570203136e-06 3.662845522880787e-06 
3.537241585747629e-06 3.554181671270761e-06 3.6965801094271736e-06 3.4802497299067043e-06 3.6701633597140837e-06 
3.5468838617840625e-06 3.562839203274315e-06 3.7051102338544077e-06 3.488974881437871e-06 3.679190200056659e-06 
3.547131555190184e-06 3.5631184997047667e-06 3.7053887169855807e-06 3.4892484007431403e-06 3.6794535316577225e-06 
3.5506801557147644e-06 3.566627712354355e-06 3.7090886767494516e-06 3.4929106272780984e-06 3.6831383440202103e-06 
3.559372350101181e-06 3.5757287416959975e-06 3.7178427531452905e-06 3.5016829951207497e-06 3.691755043484431e-06 
3.5621588869871658e-06 3.5788515626632323e-06 3.7207751895519242e-06 3.5046065743892385e-06 3.6945582752067265e-06 
3.564403408399168e-06 3.5809282280507087e-06 3.72286208775892e-06 3.5067194741873225e-06 3.696724136760398e-06 
3.566267789902398e-06 3.5826953227321607e-06 3.724469087810015e-06 3.5083817985657155e-06 3.698406128634266e-06 
3.556553526590192e-06 3.572680951856862e-06 3.7143738589999205e-06 3.4983527280309445e-06 3.688471437380997e-06 
3.546967619795471e-06 3.5636938888111955e-06 3.705240224218146e-06 3.4891514854876505e-06 3.6790757668579457e-06 
3.5352831476628387e-06 3.5518034862123276e-06 3.6936236904813344e-06 3.4774987331480856e-06 3.6675119939243114e-06 
3.511052172542249e-06 3.527425518709721e-06 3.66890302909504e-06 3.452876559300618e-06 3.6429261313905393e-06 
3.5103883250626103e-06 3.527335994964185e-06 3.6689358282215297e-06 3.452784403959319e-06 3.6426601842162677e-06 
3.5109368509488016e-06 3.5277485235399323e-06 3.669196817286969e-06 3.453104564280561e-06 3.643013475793032e-06 
3.505315368274374e-06 3.5214057423575967e-06 3.6625751018256675e-06 3.44666948605231e-06 3.6367899129607064e-06 
3.5082552533130254e-06 3.524226905518726e-06 3.6657323358468678e-06 3.4497653760140626e-06 3.639944813247687e-06 
3.5127828810373335e-06 3.529354578489354e-06 3.6706837359363986e-06 3.454660939496935e-06 3.6446369920800706e-06 
3.5051415080108034e-06 3.5226801914410204e-06 3.6636760515878407e-06 3.4475715877188783e-06 3.637222283617057e-06 
3.5082801550395247e-06 3.5263338583785215e-06 3.6665084714980366e-06 3.4505215729248763e-06 3.6399502070942915e-06 
3.503827421436278e-06 3.521735154441541e-06 3.6615384419760666e-06 3.4456663280982547e-06 3.635116644214517e-06 
3.51343715341084e-06 3.5316057772421107e-06 3.6713632372730555e-06 3.4554628561220597e-06 3.644822136402486e-06 
3.513421294971901e-06 3.53147952984639e-06 3.671042271111566e-06 3.455209025860487e-06 3.6445887261344578e-06 
3.521759210639623e-06 3.539710432171366e-06 3.679630635754252e-06 3.463728891175013e-06 3.6531646779606744e-06 
3.5155683400004627e-06 3.533977259542745e-06 3.6733343816833868e-06 3.457495253037214e-06 3.646747344619326e-06 
3.5130352230858667e-06 3.531589175056663e-06 3.670958747936065e-06 3.455091454513874e-06 3.644299855640965e-06 
3.520758873074057e-06 3.5387437983243488e-06 3.6786094544478564e-06 3.4627153361339714e-06 3.6521369636106287e-06 
3.523439641778744e-06 3.541296601419739e-06 3.681152473265906e-06 3.4652831160143545e-06 3.654743113016976e-06 
3.5247622922838396e-06 3.542385535896063e-06 3.682207779149224e-06 3.4663864443710245e-06 3.6559170059518115e-06 
3.5288537657875e-06 3.5464187375079912e-06 3.685861090640389e-06 3.47014708737308e-06 3.6596646975642608e-06 
3.5304303983171855e-06 3.548499692804403e-06 3.6875282100320635e-06 3.4718349603911947e-06 3.661160808870662e-06 
3.5311367474135252e-06 3.5493409772738122e-06 3.688355103837284e-06 3.4726430576047093e-06 3.661924966552058e-06 
3.5321871663689414e-06 3.5504745747539817e-06 3.68938062509203e-06 3.4736825645408485e-06 3.6629291615525953e-06 
3.5231355042542706e-06 3.5418169403209956e-06 3.680363577489936e-06 3.464687788515861e-06 3.653786271476926e-06 
3.523075954185227e-06 3.541806736882195e-06 3.6803315854707007e-06 3.464653078260487e-06 3.6537342838502197e-06 
3.5037278876299834e-06 3.5224259139122314e-06 3.660730380899977e-06 3.4451065256944934e-06 3.6341904140715637e-06 
3.4990084505756608e-06 3.519022394676286e-06 3.6565421560334558e-06 3.440899087855619e-06 3.6295051547176686e-06 
3.4987585749538533e-06 3.518478499741401e-06 3.6566452977290135e-06 3.440884339320763e-06 3.6296367885220925e-06 
3.4973483583905273e-06 3.517089927886902e-06 3.6557084079631964e-06 3.439828671462056e-06 3.6286103462004994e-06 
3.4968259718382683e-06 3.5162092986887174e-06 3.655077825773564e-06 3.4391935550969807e-06 3.6281089116641076e-06 
3.510754234143265e-06 3.5305420106557602e-06 3.669388419531655e-06 3.4534489767589873e-06 3.6422259608378572e-06 
3.5140133722051263e-06 3.533515797508651e-06 3.672561362510323e-06 3.4566197559232056e-06 3.6455012297061517e-06 
3.5100559970824375e-06 3.5287245812497065e-06 3.6682863460251216e-06 3.452350912568873e-06 3.6415387373839884e-06 
3.530141046677796e-06 3.5482324243966436e-06 3.6879611906174562e-06 3.472087114951388e-06 3.6614600268297645e-06 
3.5249123026799293e-06 3.543058878903583e-06 3.6829628493387763e-06 3.4670339352679e-06 3.656404952988145e-06 
3.5279380402913633e-06 3.5458626533040854e-06 3.6858420799832505e-06 3.469932321768542e-06 3.6593776614301325e-06 
3.530886513583386e-06 3.548538565445358e-06 3.688564523049072e-06 3.472689669810608e-06 3.6622231202094656e-06 
3.5309528213350757e-06 3.548560471480261e-06 3.6886096394855596e-06 3.472736435610917e-06 3.66228558438135e-06 
3.526768798811469e-06 3.543524745377054e-06 3.6842298421590066e-06 3.4683347434236218e-06 3.658202149069799e-06 
3.5299606426703235e-06 3.5465766624306094e-06 3.687356773902611e-06 3.471467836598601e-06 3.661382984927339e-06 
3.5293809127293104e-06 3.5459940044471566e-06 3.68680242806039e-06 3.4709067575409952e-06 3.6608251456114674e-06 
3.5298444659434324e-06 3.5465058519374203e-06 3.687260597709748e-06 3.4713702594192425e-06 3.661269388621383e-06 
3.529539010889873e-06 3.5468684871934475e-06 3.687332917786388e-06 3.4714023969854874e-06 3.661070285150334e-06 
3.5243026839987797e-06 3.541247865062126e-06 3.6823274967121735e-06 3.4663076891761613e-06 3.656142788587909e-06 
3.524923494310029e-06 3.541825773766519e-06 3.682905075406829e-06 3.466892709784369e-06 3.656741053124518e-06 
3.524749470985549e-06 3.5416158864276347e-06 3.682739140644204e-06 3.4667219326545978e-06 3.6565847133777087e-06 
3.524699686750973e-06 3.5402308112834503e-06 3.6821452199973276e-06 3.466158914264573e-06 3.6564959705019687e-06 
3.52396792487616e-06 3.541175423334522e-06 3.682324894059017e-06 3.4662445223634727e-06 3.656001259604784e-06 
3.530878109391037e-06 3.5486178630693516e-06 3.689328443642542e-06 3.4732699321889096e-06 3.6628241308834524e-06 
3.5237999656137213e-06 3.5414889829374647e-06 3.682218336188753e-06 3.4661609763742114e-06 3.6557362359419488e-06 
3.5240219257835727e-06 3.5416213027133628e-06 3.682416470799342e-06 3.4663578629828913e-06 3.6559660314080055e-06 
3.5238980058741834e-06 3.5421203969063793e-06 3.6824517761426716e-06 3.466404389410589e-06 3.6557821748862524e-06 
3.525431461298488e-06 3.543067572759527e-06 3.6843257535488902e-06 3.468149378131964e-06 3.657775765083893e-06 
3.5212065093680045e-06 3.5391636727327367e-06 3.6800140793394496e-06 3.4638823925412977e-06 3.6533815328270357e-06 
3.522231898944799e-06 3.5398665021500053e-06 3.680825478014312e-06 3.464720533221566e-06 3.6543294208863203e-06 
3.519504389867651e-06 3.5380384128521196e-06 3.6787059607112075e-06 3.462524393549355e-06 3.651827288571222e-06 
3.5176126890637182e-06 3.5362675980603646e-06 3.67668257911274e-06 3.460542058296547e-06 3.649790292133741e-06 
3.509900065358156e-06 3.5280004167228416e-06 3.669029246291146e-06 3.452827071109744e-06 3.6422977664445034e-06 
3.5100647591162957e-06 3.5281392925607773e-06 3.6691697911463166e-06 3.4529714517613713e-06 3.642450460227915e-06 
3.5147089998967764e-06 3.531589896262849e-06 3.673040999892442e-06 3.4569380142158375e-06 3.6468232055493904e-06 
3.509470163084198e-06 3.526180833348029e-06 3.668016485747669e-06 3.4518470889679434e-06 3.6418138015267105e-06 
3.5247864983703267e-06 3.541020522494375e-06 3.6829049997295113e-06 3.466808232414635e-06 3.6569216722788372e-06 
3.5218473130245367e-06 3.537993250785181e-06 3.679798739855274e-06 3.46373463394375e-06 3.6538722835266692e-06 
3.519745161211107e-06 3.5355857924507047e-06 3.6775070611520535e-06 3.4614652197818008e-06 3.651707864261156e-06 
3.515884815181293e-06 3.5325575776392977e-06 3.6741935855764866e-06 3.4580807597867413e-06 3.6480435075621415e-06 
3.516033563276432e-06 3.5329171467537113e-06 3.6741075457688504e-06 3.458067886840383e-06 3.6479342251096147e-06 
3.5168776403155244e-06 3.533569183597307e-06 3.6748776872688193e-06 3.458841478461839e-06 3.648776147918407e-06 
3.5182872144684967e-06 3.5348741527273435e-06 3.6763266145321663e-06 3.460273314109057e-06 3.6502500009457397e-06 
3.517667915693639e-06 3.534255094722363e-06 3.675776599683147e-06 3.459706283873123e-06 3.6496877828366863e-06 
3.5168250990675776e-06 3.5334182358835245e-06 3.6749563408302147e-06 3.458880705877338e-06 3.6488618389613974e-06 
3.5158935299299916e-06 3.5324237324793185e-06 3.6740101680756853e-06 3.457932935955244e-06 3.647937658969652e-06 
3.515863034769446e-06 3.5323885762956356e-06 3.673980483894472e-06 3.457902690067406e-06 3.6479092644089526e-06 
3.515212374208841e-06 3.531676963054868e-06 3.6732608609742915e-06 3.4571948940666077e-06 3.647220572490861e-06 
3.5155813264023204e-06 3.532198481060904e-06 3.673205771790932e-06 3.4572552128017985e-06 3.647193414201199e-06 
3.5235811529235326e-06 3.5399967621368495e-06 3.6813877639399556e-06 3.46537992975276e-06 3.655403965035274e-06 
3.5198189857825647e-06 3.53663837790717e-06 3.677665105086959e-06 3.4616775313270684e-06 3.651551087485188e-06 
3.5216108478428816e-06 3.5382448509237416e-06 3.6792971386096203e-06 3.463334941412781e-06 3.6532678740822532e-06 
3.514915106270965e-06 3.532536440199299e-06 3.6725017571566527e-06 3.4566411632691523e-06 3.6461881362517963e-06 
3.513169078270027e-06 3.5316720308272725e-06 3.670784592291862e-06 3.4549906114759634e-06 3.644195490560547e-06 
3.5198028591520065e-06 3.5390933632925845e-06 3.678504054138383e-06 3.462508128343241e-06 3.651481209856372e-06 
3.5184815745481444e-06 3.5378167439377177e-06 3.677329338640936e-06 3.4613003987735805e-06 3.6502671946455897e-06 
3.5173598152366847e-06 3.536324086904803e-06 3.6760831032501924e-06 3.460053083558762e-06 3.649156913408318e-06 
3.508001731625313e-06 3.527281741712303e-06 3.666733148700281e-06 3.450724387763243e-06 3.6397099817831063e-06 
3.493665924888337e-06 3.5112236185107772e-06 3.6511604705122384e-06 3.4353095377835467e-06 3.6248856366475984e-06 
3.4995646791062563e-06 3.5167362232290503e-06 3.657002438526847e-06 3.4411362837709465e-06 3.6308552117495247e-06 
3.498310121150814e-06 3.51549674763833e-06 3.6559094282543444e-06 3.440003853685162e-06 3.6297293196629493e-06 
3.4945527963963096e-06 3.5119691974328304e-06 3.6523807807023967e-06 3.4364357058176e-06 3.6260904848129497e-06 
3.5020717239442388e-06 3.5196757123055997e-06 3.659715705141275e-06 3.443834484239272e-06 3.633399163258827e-06 
3.49095646421448e-06 3.5095843333505214e-06 3.649082808118397e-06 3.433162589271321e-06 3.622368820766652e-06 
3.5014279070219875e-06 3.5200413245834564e-06 3.6598761375788962e-06 3.44387868473313e-06 3.6331084143400514e-06 
3.501274939721823e-06 3.5198995600315702e-06 3.6598041588489834e-06 3.4437875675709746e-06 3.6330187704707287e-06 
3.499474978964733e-06 3.5182111605427875e-06 3.6580578885376096e-06 3.4420366796728707e-06 3.6312290809770403e-06 
3.4992735905488378e-06 3.5179728524714503e-06 3.657824774578086e-06 3.441808236660787e-06 3.6310129105300445e-06 
3.502477493819483e-06 3.520954998913602e-06 3.6604541371646157e-06 3.4445629915571136e-06 3.633810927266444e-06 
3.5002351596553703e-06 3.519224338533641e-06 3.657741410800357e-06 3.442012778461219e-06 3.6310240457604144e-06 
3.5048785026120514e-06 3.5236077448036515e-06 3.6621662292679822e-06 3.4464722773620546e-06 3.6355664191883774e-06 
3.5035052954265953e-06 3.52199919045399e-06 3.6607006695520327e-06 3.4450090751235927e-06 3.6341895814361602e-06 
3.503962960963309e-06 3.5222850860544147e-06 3.661090338970961e-06 3.445401270837855e-06 3.6346438904307375e-06 
3.50053602036924e-06 3.5187969297779323e-06 3.6572923369498118e-06 3.4416918706261682e-06 3.630930357737493e-06 
3.498589992617889e-06 3.5163746816161634e-06 3.6547104140559357e-06 3.4392319244813284e-06 3.628606646979259e-06 
3.49655901191277e-06 3.51501001065717e-06 3.6521295344330654e-06 3.436856064308869e-06 3.6259177073679806e-06 
3.4912751852136734e-06 3.5093378843291665e-06 3.64661520588126e-06 3.43136493131595e-06 3.620563922165943e-06 
3.4775512586737177e-06 3.4967456385034803e-06 3.6341919243185164e-06 3.4186968720125777e-06 3.6075667404780294e-06 
3.4677021148893025e-06 3.485786050284069e-06 3.6232544772172424e-06 3.4079398961483857e-06 3.5971628351599876e-06 
3.469358199459056e-06 3.487926517165251e-06 3.62525596364603e-06 3.4098952238138258e-06 3.5989546663405295e-06 
3.458868675377179e-06 3.4774132654004353e-06 3.6151460017024574e-06 3.399678783343085e-06 3.5887870083539003e-06 
3.45965660564773e-06 3.4784247499798175e-06 3.615936847678319e-06 3.4004896758298617e-06 3.589508527676198e-06 
3.4595836178565354e-06 3.477880923378581e-06 3.61594637688748e-06 3.400434752153846e-06 3.5896482673786802e-06 
3.4581599870087545e-06 3.4765805620732547e-06 3.614101905021302e-06 3.3987112264610587e-06 3.587839923014247e-06 
3.458231899566723e-06 3.4767066754606693e-06 3.6142103400093698e-06 3.3988150386310803e-06 3.5879252895538627e-06 
3.4629830854074937e-06 3.4816051568431323e-06 3.619012054833861e-06 3.403618964672415e-06 3.592672178354215e-06 
3.4636804459836493e-06 3.4822034654296063e-06 3.619735793309733e-06 3.4043269029244256e-06 3.5934216334300854e-06 
3.465538262968903e-06 3.4840978026791884e-06 3.621482773866856e-06 3.406107273404721e-06 3.5951765430934346e-06 
3.4713763909296695e-06 3.490328901337098e-06 3.6270464479081152e-06 3.4117832739814087e-06 3.6006666156067795e-06 
3.46743361223056e-06 3.485926785343248e-06 3.6230133337616417e-06 3.4077293180997392e-06 3.596791145913152e-06 
3.4697254548969857e-06 3.487929528232417e-06 3.624395370068473e-06 3.4093299738249274e-06 3.598421064626557e-06 
3.4696901238247804e-06 3.4879260302991507e-06 3.6243828440081586e-06 3.409314278310406e-06 3.598394761423205e-06 
3.4651159736991265e-06 3.4841998826429266e-06 3.620291732726229e-06 3.4051718714653296e-06 3.5939589220463925e-06 
3.463029082652582e-06 3.481902586730265e-06 3.6183648953019717e-06 3.403180489294953e-06 3.592069110167252e-06 
3.4625234457797846e-06 3.481214841802904e-06 3.6174977672563754e-06 3.402393431242921e-06 3.591321337751034e-06 
3.4814324382194107e-06 3.5002445852904055e-06 3.637230863455894e-06 3.421924283221253e-06 3.6108702377896913e-06 
3.479583244086556e-06 3.4983730775296276e-06 3.6353548256948058e-06 3.420052535706882e-06 3.6090060351041097e-06 
3.4795797286703028e-06 3.498368106385742e-06 3.635371717455423e-06 3.42006385010854e-06 3.609019799840282e-06 
3.4707330713707246e-06 3.4897916291713917e-06 3.6269660001520095e-06 3.4115628182836575e-06 3.600455053070373e-06 
3.472192981797062e-06 3.4913694654347983e-06 3.628344444674181e-06 3.412974516271049e-06 3.6018112930769802e-06 
3.4808479610630286e-06 3.5010818313346882e-06 3.6371769247714834e-06 3.421865020053373e-06 3.6102860776963443e-06 
3.478349286979645e-06 3.4979629154146807e-06 3.6343739241365914e-06 3.419082101142196e-06 3.6077275992857123e-06 
3.478231442040743e-06 3.497859216128764e-06 3.6342534846793025e-06 3.4189636754096678e-06 3.60760327916594e-06 
3.4807135882861694e-06 3.500584710704381e-06 3.63706247295862e-06 3.4217098723089413e-06 3.6102797948924366e-06 
3.476565951520045e-06 3.4963017882380874e-06 3.6326866807643307e-06 3.417380214766097e-06 3.6059861977458228e-06 
3.4734338390394456e-06 3.4937430552574283e-06 3.6295524473396178e-06 3.4143014283054826e-06 3.6026763372782515e-06 
3.475916587463213e-06 3.4959926126110677e-06 3.6319542243728564e-06 3.4167030176750646e-06 3.6051636875796627e-06 
3.4746866174974883e-06 3.4950756994006274e-06 3.630766009561137e-06 3.415534039557203e-06 3.6038719808206173e-06 
3.4560935169773193e-06 3.4772600855028852e-06 3.6121835894933188e-06 3.3970194975484536e-06 3.5850511142704438e-06 
3.4621399237088628e-06 3.4826285309893458e-06 3.6176842031925713e-06 3.402602540204458e-06 3.5908549847789658e-06 
3.4631710006075543e-06 3.482528173180162e-06 3.6177763770088727e-06 3.4028389879224645e-06 3.591459483736547e-06 
3.4630871618903594e-06 3.481982462579571e-06 3.6179173469480926e-06 3.4028723238070807e-06 3.591703320070815e-06 
3.454890552521584e-06 3.473824307413552e-06 3.6095773790606115e-06 3.3945718437496785e-06 3.583377792352528e-06 
3.4519029308700025e-06 3.4708583501266323e-06 3.606679201437197e-06 3.391650007620839e-06 3.5804577476495493e-06 
3.448863581482551e-06 3.4676839008716603e-06 3.6035838834433885e-06 3.3885554392449186e-06 3.5774142314349403e-06 
3.449538607632051e-06 3.4700955980208187e-06 3.604791798192317e-06 3.3897917582206878e-06 3.5779942895243894e-06 
3.4527034848354997e-06 3.473296893426574e-06 3.6076472880323626e-06 3.392738167108833e-06 3.580892092860764e-06 
3.460311523740465e-06 3.480965091052429e-06 3.6152294689348193e-06 3.4003371718889117e-06 3.588459092119073e-06 
3.465565124729161e-06 3.4861591149127465e-06 3.6203839573576565e-06 3.405515366100477e-06 3.593648444968652e-06 
3.4602357335459587e-06 3.4807888224856604e-06 3.6151859538186047e-06 3.4002741369708248e-06 3.588440916958535e-06 
3.4508517988638886e-06 3.4709527968900006e-06 3.6055879498207525e-06 3.39068469221968e-06 3.5790209864546937e-06 
3.454779687848054e-06 3.4753254633827337e-06 3.609683321846241e-06 3.3947813219154673e-06 3.582949499393323e-06 
3.4352600930696044e-06 3.4544456319308104e-06 3.590005723078178e-06 3.375000419784694e-06 3.56372128571866e-06 
3.437239977705164e-06 3.4565107970389046e-06 3.592171236737259e-06 3.3771243807216566e-06 3.5658278143674252e-06 
3.4373761857914377e-06 3.456991127405752e-06 3.5925893140044597e-06 3.3774996192929284e-06 3.566090703665988e-06 
3.4357644259699817e-06 3.4551795572351565e-06 3.590888680209245e-06 3.375802735076881e-06 3.5644673354614145e-06 
3.4392118061653733e-06 3.458230610909192e-06 3.5941330288822636e-06 3.3790649654419444e-06 3.5678686052387736e-06 
3.436884758220283e-06 3.4555793823551816e-06 3.5915548304824284e-06 3.3765226477417966e-06 3.5654343946916132e-06 
3.435948461577156e-06 3.4546822481592686e-06 3.5906084764437633e-06 3.3755824567860125e-06 3.564477891151548e-06 
3.439428019562472e-06 3.4582730948114466e-06 3.5939290695855334e-06 3.3789590840671265e-06 3.5677915251777465e-06 
3.4402384555637474e-06 3.459147247377845e-06 3.5946102146434946e-06 3.3796825171003976e-06 3.568475542409552e-06 
3.441311967330596e-06 3.460004064939889e-06 3.595519821881943e-06 3.3806163569289113e-06 3.5694803184710577e-06 
3.4421469302891307e-06 3.4608669452102586e-06 3.596202128900475e-06 3.3813440881485607e-06 3.570180589106444e-06 
3.442991261542897e-06 3.4615805840683436e-06 3.5969665437898704e-06 3.382118032165041e-06 3.57099906507418e-06 
3.442731165256892e-06 3.4613168804253584e-06 3.5967278814310094e-06 3.3818729477619277e-06 3.5707578052282414e-06 
3.444996647840858e-06 3.4635192059934473e-06 3.5989625915571653e-06 3.384110916369055e-06 3.5730169986357905e-06 
3.4414394742731504e-06 3.4601607292482163e-06 3.5954550395250835e-06 3.380607815298707e-06 3.569440146476345e-06 
3.443785398426554e-06 3.462575180900811e-06 3.597932878969977e-06 3.383056925358527e-06 3.571873503118195e-06 
3.4440512107809356e-06 3.4629803890218285e-06 3.598362587106119e-06 3.383455276463784e-06 3.5722316316990698e-06 
3.455016640040396e-06 3.4755113125666307e-06 3.610052238465586e-06 3.3951083555011935e-06 3.5833110866251356e-06 
3.4559425615261726e-06 3.4764951190223624e-06 3.6109740079695326e-06 3.396037689049305e-06 3.5842156062414285e-06 
3.452291695367771e-06 3.4724120321302737e-06 3.607038323036565e-06 3.392134778636133e-06 3.580463356453105e-06 
3.4550855317057863e-06 3.475499420522772e-06 3.6094190779539575e-06 3.3946630312430694e-06 3.58282533672818e-06 
3.4532812838015397e-06 3.4736604581601454e-06 3.6076767769033444e-06 3.3928988280941826e-06 3.581083198944134e-06 
3.444624159120078e-06 3.465985575909257e-06 3.5995670441253047e-06 3.384735954283751e-06 3.572576536329777e-06 
3.448653980598993e-06 3.4700741688578283e-06 3.6033698034300076e-06 3.388610832766232e-06 3.5764001358504435e-06 
3.4435498892281722e-06 3.4652326021977726e-06 3.5985268496935864e-06 3.3837204070587086e-06 3.57143149447576e-06 
3.4434467070550195e-06 3.464643346648656e-06 3.5980257019261484e-06 3.3832788781186864e-06 3.5711496265958976e-06 
3.4514448337930494e-06 3.473245682413396e-06 3.6065318094639307e-06 3.3917107343129404e-06 3.5793796073164373e-06 
3.451862666758376e-06 3.47376514425266e-06 3.6069767890480496e-06 3.3921593240152522e-06 3.5797884427120746e-06 
3.4525094233849167e-06 3.4746145473654957e-06 3.607648900921344e-06 3.392846753191567e-06 3.580393521287223e-06 
3.4497022867280814e-06 3.4720287954466963e-06 3.604832514658332e-06 3.3900561433663153e-06 3.577510884093469e-06 
3.453427204203522e-06 3.4764400673282092e-06 3.6091391138954767e-06 3.394276439762427e-06 3.5815037373436606e-06 
3.4638317253993586e-06 3.4858345170100482e-06 3.618637429678956e-06 3.4039235745034183e-06 3.5914700183516094e-06 
3.4618875603364457e-06 3.484300702504153e-06 3.617547429611062e-06 3.4026368799981088e-06 3.590104833939211e-06 
3.453615588172529e-06 3.47592612148283e-06 3.6092283641672662e-06 3.3943161618825502e-06 3.58182694250106e-06 
3.4510889788832338e-06 3.4726336351358668e-06 3.6063338299646086e-06 3.391440641398264e-06 3.5792331578541165e-06 
3.4549895482809745e-06 3.476300905467129e-06 3.610058513275959e-06 3.395191287379903e-06 3.583059844590274e-06 
3.4600154165754864e-06 3.4811278660762055e-06 3.6148925970879644e-06 3.400060098987763e-06 3.587987934044805e-06 
3.4600220796900117e-06 3.4807760546710855e-06 3.61480964959933e-06 3.399964209548691e-06 3.58803112493604e-06 
3.4528967750615e-06 3.473428338591781e-06 3.607724200762654e-06 3.392841125263409e-06 3.5810083458186605e-06 
3.4586770588488994e-06 3.479678121350549e-06 3.613737652775079e-06 3.398841414427775e-06 3.586835531249066e-06 
3.461698152377257e-06 3.4827280873225443e-06 3.61730126326863e-06 3.402258940544869e-06 3.590295073032625e-06 
3.4581052024020887e-06 3.479442820358824e-06 3.6135648042220194e-06 3.398592839389766e-06 3.5864893995126807e-06 
3.451611233312166e-06 3.472729157543436e-06 3.6068678942055753e-06 3.391926283849389e-06 3.5798966260660996e-06 
3.451007038524195e-06 3.4721456267508976e-06 3.606291667795099e-06 3.3913441961647634e-06 3.5793092435565476e-06 
3.4567463677910195e-06 3.4777430338595274e-06 3.6118576113514744e-06 3.3969459411336907e-06 3.5849483022266638e-06 
3.4460901489091965e-06 3.4666983393776206e-06 3.6015794037865504e-06 3.3865181275115464e-06 3.5747254256901714e-06 
3.445401909593618e-06 3.466686445027427e-06 3.601408814072113e-06 3.3862749929638303e-06 3.5742561974146926e-06 
3.4318365257253987e-06 3.453267870269107e-06 3.5878478919373702e-06 3.3727221801902634e-06 3.560651408624017e-06 
3.4329709214526047e-06 3.45479620940549e-06 3.5891164921155986e-06 3.3739956554347738e-06 3.5617750219779832e-06 
3.43133019770926e-06 3.4532009526655886e-06 3.5876863776586113e-06 3.372511942847655e-06 3.5602943969396162e-06 
3.4375985344835083e-06 3.4594608145270396e-06 3.5941686885235224e-06 3.3789378028010218e-06 3.5667409517859078e-06 
3.437312247944542e-06 3.4591278882551903e-06 3.5938776730013004e-06 3.37864311363705e-06 3.5664651768719293e-06 
3.4339321053984195e-06 3.4556493447123033e-06 3.5902683718433135e-06 3.375084499480765e-06 3.562926749684509e-06 
3.437210756270765e-06 3.459850165625496e-06 3.593736244471904e-06 3.378599314775285e-06 3.5660768535930555e-06 
3.4447362574641804e-06 3.467148377465056e-06 3.6010678474922054e-06 3.3859632020292578e-06 3.5735111459136036e-06 
3.441859403487116e-06 3.464170998085269e-06 3.598318815590846e-06 3.3831671113992654e-06 3.5707712624390285e-06 
3.439186164720414e-06 3.4613477657274515e-06 3.595515435498234e-06 3.380382370355021e-06 3.5680372590570563e-06 
3.4235434273635504e-06 3.44628714664797e-06 3.5808333167849927e-06 3.365493413953578e-06 3.5530106069039454e-06 
3.4238442751687336e-06 3.4466415847444397e-06 3.581357175638629e-06 3.365962989408902e-06 3.553478961798986e-06 
3.4284174854533654e-06 3.4507083904720214e-06 3.5857495653698404e-06 3.3703534343494246e-06 3.5580581867173277e-06 
3.4316205612342104e-06 3.4538784165868013e-06 3.588392329266452e-06 3.3731453071675114e-06 3.5608084700222235e-06 
3.4284577138705115e-06 3.4524127293555913e-06 3.586084777174438e-06 3.3707848578594454e-06 3.557828981793316e-06 
3.4376386090302942e-06 3.462287160457637e-06 3.595736833272138e-06 3.3803886506433986e-06 3.5671833509091373e-06 
3.438263404579097e-06 3.462839741936757e-06 3.596300517646243e-06 3.380961256016718e-06 3.5677798677844053e-06 
3.436728626652276e-06 3.461279715289185e-06 3.5949293875702815e-06 3.3795424077190088e-06 3.5663882453767695e-06 
3.43626395433757e-06 3.4607252713251667e-06 3.5943424731362684e-06 3.3789785565232808e-06 3.5658504287773156e-06 
