8.320808410644531e-05
4.792213439941406e-05
4.7206878662109375e-05
4.6253204345703125e-05
4.6253204345703125e-05
4.649162292480469e-05
4.6253204345703125e-05
4.57763671875e-05
4.649162292480469e-05
4.649162292480469e-05
4.649162292480469e-05
4.601478576660156e-05
4.601478576660156e-05
4.57763671875e-05
6.079673767089844e-05
4.7206878662109375e-05
4.649162292480469e-05
4.601478576660156e-05
4.696846008300781e-05
4.7206878662109375e-05
4.673004150390625e-05
4.696846008300781e-05
4.6253204345703125e-05
4.6253204345703125e-05
4.601478576660156e-05
4.8160552978515625e-05
4.649162292480469e-05
4.673004150390625e-05
4.6253204345703125e-05
4.673004150390625e-05
4.649162292480469e-05
4.6253204345703125e-05
5.936622619628906e-05
4.76837158203125e-05
4.649162292480469e-05
4.744529724121094e-05
4.601478576660156e-05
4.744529724121094e-05
4.601478576660156e-05
4.649162292480469e-05
4.57763671875e-05
4.6253204345703125e-05
6.461143493652344e-05
4.744529724121094e-05
4.57763671875e-05
4.601478576660156e-05
4.7206878662109375e-05
4.673004150390625e-05
4.601478576660156e-05
4.6253204345703125e-05
8.559226989746094e-05
4.76837158203125e-05
4.673004150390625e-05
4.57763671875e-05
4.601478576660156e-05
4.6253204345703125e-05
4.6253204345703125e-05
4.601478576660156e-05
4.76837158203125e-05
4.6253204345703125e-05
4.649162292480469e-05
4.673004150390625e-05
4.601478576660156e-05
4.553794860839844e-05
4.601478576660156e-05
4.673004150390625e-05
4.6253204345703125e-05
4.6253204345703125e-05
8.392333984375e-05
4.839897155761719e-05
4.9591064453125e-05
4.649162292480469e-05
4.863739013671875e-05
4.6253204345703125e-05
4.649162292480469e-05
4.7206878662109375e-05
4.649162292480469e-05
4.673004150390625e-05
4.7206878662109375e-05
8.654594421386719e-05
6.604194641113281e-05
5.0067901611328125e-05
4.935264587402344e-05
6.222724914550781e-05
8.440017700195312e-05
6.413459777832031e-05
4.744529724121094e-05
4.6253204345703125e-05
4.839897155761719e-05
4.673004150390625e-05
4.601478576660156e-05
4.887580871582031e-05
4.601478576660156e-05
4.649162292480469e-05
4.601478576660156e-05
6.794929504394531e-05
6.723403930664062e-05
4.601478576660156e-05
4.601478576660156e-05
5.91278076171875e-05
4.839897155761719e-05
4.601478576660156e-05
4.57763671875e-05
4.673004150390625e-05
4.649162292480469e-05
4.696846008300781e-05
4.696846008300781e-05
4.76837158203125e-05
4.696846008300781e-05
4.673004150390625e-05
4.649162292480469e-05
4.601478576660156e-05
4.839897155761719e-05
4.744529724121094e-05
4.7206878662109375e-05
4.673004150390625e-05
4.696846008300781e-05
4.649162292480469e-05
0.0001475811004638672
4.744529724121094e-05
4.7206878662109375e-05
4.6253204345703125e-05
4.8160552978515625e-05
4.696846008300781e-05
4.696846008300781e-05
4.673004150390625e-05
4.792213439941406e-05
5.888938903808594e-05
4.792213439941406e-05
4.696846008300781e-05
4.7206878662109375e-05
4.887580871582031e-05
4.76837158203125e-05
0.00014066696166992188
6.747245788574219e-05
4.76837158203125e-05
4.7206878662109375e-05
4.696846008300781e-05
4.673004150390625e-05
4.7206878662109375e-05
4.649162292480469e-05
4.649162292480469e-05
4.744529724121094e-05
4.7206878662109375e-05
4.6253204345703125e-05
4.649162292480469e-05
4.7206878662109375e-05
4.673004150390625e-05
4.9591064453125e-05
6.0558319091796875e-05
4.863739013671875e-05
4.673004150390625e-05
4.649162292480469e-05
4.673004150390625e-05
4.696846008300781e-05
4.696846008300781e-05
4.6253204345703125e-05
4.673004150390625e-05
4.839897155761719e-05
4.696846008300781e-05
6.890296936035156e-05
4.8160552978515625e-05
4.601478576660156e-05
4.601478576660156e-05
4.6253204345703125e-05
4.696846008300781e-05
4.696846008300781e-05
7.534027099609375e-05
4.839897155761719e-05
4.696846008300781e-05
4.6253204345703125e-05
4.744529724121094e-05
4.6253204345703125e-05
4.6253204345703125e-05
4.744529724121094e-05
4.8160552978515625e-05
4.7206878662109375e-05
4.601478576660156e-05
4.696846008300781e-05
4.649162292480469e-05
4.696846008300781e-05
4.76837158203125e-05
4.696846008300781e-05
4.673004150390625e-05
4.649162292480469e-05
9.894371032714844e-05
4.744529724121094e-05
4.601478576660156e-05
4.839897155761719e-05
4.7206878662109375e-05
4.673004150390625e-05
4.649162292480469e-05
4.696846008300781e-05
4.744529724121094e-05
4.6253204345703125e-05
4.792213439941406e-05
4.744529724121094e-05
4.649162292480469e-05
4.696846008300781e-05
4.696846008300781e-05
4.76837158203125e-05
4.673004150390625e-05
5.9604644775390625e-05
4.8160552978515625e-05
4.601478576660156e-05
4.601478576660156e-05
4.649162292480469e-05
4.673004150390625e-05
4.57763671875e-05
4.649162292480469e-05
4.649162292480469e-05
4.6253204345703125e-05
4.57763671875e-05
4.601478576660156e-05
4.76837158203125e-05
4.6253204345703125e-05
4.696846008300781e-05
4.649162292480469e-05
4.6253204345703125e-05
4.649162292480469e-05
6.079673767089844e-05
4.76837158203125e-05
4.696846008300781e-05
4.649162292480469e-05
4.673004150390625e-05
4.6253204345703125e-05
4.649162292480469e-05
4.696846008300781e-05
4.696846008300781e-05
4.649162292480469e-05
4.601478576660156e-05
4.744529724121094e-05
4.696846008300781e-05
5.054473876953125e-05
6.532669067382812e-05
5.0067901611328125e-05
4.7206878662109375e-05
4.696846008300781e-05
5.8650970458984375e-05
4.887580871582031e-05
4.7206878662109375e-05
4.673004150390625e-05
4.6253204345703125e-05
4.649162292480469e-05
4.696846008300781e-05
4.673004150390625e-05
4.649162292480469e-05
7.748603820800781e-05
4.9114227294921875e-05
4.673004150390625e-05
4.649162292480469e-05
4.792213439941406e-05
4.696846008300781e-05
4.649162292480469e-05
4.6253204345703125e-05
4.696846008300781e-05
8.368492126464844e-05
4.7206878662109375e-05
4.673004150390625e-05
4.649162292480469e-05
4.696846008300781e-05
4.6253204345703125e-05
4.744529724121094e-05
4.76837158203125e-05
4.649162292480469e-05
4.601478576660156e-05
4.649162292480469e-05
4.6253204345703125e-05
4.649162292480469e-05
4.9591064453125e-05
4.673004150390625e-05
4.673004150390625e-05
4.649162292480469e-05
7.152557373046875e-05
4.887580871582031e-05
4.673004150390625e-05
4.649162292480469e-05
4.7206878662109375e-05
4.673004150390625e-05
4.673004150390625e-05
4.6253204345703125e-05
4.57763671875e-05
4.553794860839844e-05
4.6253204345703125e-05
4.553794860839844e-05
4.601478576660156e-05
4.792213439941406e-05
4.649162292480469e-05
4.57763671875e-05
4.649162292480469e-05
4.601478576660156e-05
4.673004150390625e-05
0.000133514404296875
4.649162292480469e-05
4.601478576660156e-05
4.6253204345703125e-05
4.601478576660156e-05
4.673004150390625e-05
4.649162292480469e-05
4.649162292480469e-05
4.553794860839844e-05
4.8160552978515625e-05
4.673004150390625e-05
4.649162292480469e-05
4.696846008300781e-05
4.6253204345703125e-05
4.673004150390625e-05
4.7206878662109375e-05
7.510185241699219e-05
4.8160552978515625e-05
4.649162292480469e-05
4.8160552978515625e-05
4.649162292480469e-05
4.649162292480469e-05
4.601478576660156e-05
4.57763671875e-05
4.57763671875e-05
0.00011920928955078125
5.078315734863281e-05
5.054473876953125e-05
4.9114227294921875e-05
4.982948303222656e-05
6.103515625e-05
4.744529724121094e-05
0.00011897087097167969
4.696846008300781e-05
4.6253204345703125e-05
4.6253204345703125e-05
4.6253204345703125e-05
4.553794860839844e-05
4.601478576660156e-05
4.601478576660156e-05
4.696846008300781e-05
4.6253204345703125e-05
4.7206878662109375e-05
6.723403930664062e-05
8.296966552734375e-05
8.678436279296875e-05
5.054473876953125e-05
6.532669067382812e-05
4.744529724121094e-05
4.649162292480469e-05
4.57763671875e-05
4.649162292480469e-05
4.673004150390625e-05
4.792213439941406e-05
8.916854858398438e-05
9.775161743164062e-05
4.649162292480469e-05
4.673004150390625e-05
4.601478576660156e-05
8.177757263183594e-05
6.0558319091796875e-05
5.936622619628906e-05
4.982948303222656e-05
4.673004150390625e-05
4.57763671875e-05
4.6253204345703125e-05
4.6253204345703125e-05
4.57763671875e-05
4.7206878662109375e-05
4.696846008300781e-05
4.553794860839844e-05
4.649162292480469e-05
4.6253204345703125e-05
6.747245788574219e-05
4.76837158203125e-05
4.601478576660156e-05
4.57763671875e-05
4.744529724121094e-05
4.649162292480469e-05
0.004998683929443359
5.054473876953125e-05
4.76837158203125e-05
4.744529724121094e-05
4.673004150390625e-05
4.6253204345703125e-05
4.6253204345703125e-05
4.649162292480469e-05
4.673004150390625e-05
4.6253204345703125e-05
4.649162292480469e-05
4.601478576660156e-05
4.696846008300781e-05
4.673004150390625e-05
4.649162292480469e-05
4.57763671875e-05
4.6253204345703125e-05
0.00011181831359863281
4.792213439941406e-05
4.6253204345703125e-05
4.6253204345703125e-05
4.673004150390625e-05
4.7206878662109375e-05
4.696846008300781e-05
4.6253204345703125e-05
4.601478576660156e-05
4.6253204345703125e-05
4.6253204345703125e-05
4.7206878662109375e-05
4.744529724121094e-05
4.649162292480469e-05
4.673004150390625e-05
4.601478576660156e-05
4.6253204345703125e-05
6.008148193359375e-05
4.76837158203125e-05
4.696846008300781e-05
4.6253204345703125e-05
4.673004150390625e-05
4.57763671875e-05
4.601478576660156e-05
4.601478576660156e-05
4.57763671875e-05
4.57763671875e-05
4.601478576660156e-05
4.553794860839844e-05
4.57763671875e-05
4.57763671875e-05
4.601478576660156e-05
4.57763671875e-05
6.532669067382812e-05
4.744529724121094e-05
0.00012040138244628906
8.153915405273438e-05
4.887580871582031e-05
4.887580871582031e-05
6.031990051269531e-05
4.649162292480469e-05
4.553794860839844e-05
4.57763671875e-05
4.649162292480469e-05
0.000469207763671875
4.9114227294921875e-05
4.6253204345703125e-05
4.601478576660156e-05
4.601478576660156e-05
4.6253204345703125e-05
4.649162292480469e-05
4.601478576660156e-05
4.57763671875e-05
4.57763671875e-05
4.601478576660156e-05
4.696846008300781e-05
4.76837158203125e-05
4.553794860839844e-05
4.649162292480469e-05
4.553794860839844e-05
4.601478576660156e-05
4.649162292480469e-05
6.031990051269531e-05
4.744529724121094e-05
4.6253204345703125e-05
4.649162292480469e-05
4.601478576660156e-05
4.57763671875e-05
4.57763671875e-05
4.57763671875e-05
4.553794860839844e-05
4.553794860839844e-05
4.744529724121094e-05
4.6253204345703125e-05
4.601478576660156e-05
4.601478576660156e-05
4.6253204345703125e-05
4.553794860839844e-05
4.601478576660156e-05
4.553794860839844e-05
5.91278076171875e-05
4.6253204345703125e-05
4.649162292480469e-05
4.553794860839844e-05
4.57763671875e-05
4.57763671875e-05
4.553794860839844e-05
4.6253204345703125e-05
4.5299530029296875e-05
4.506111145019531e-05
4.649162292480469e-05
4.553794860839844e-05
4.57763671875e-05
4.553794860839844e-05
4.57763671875e-05
4.6253204345703125e-05
4.649162292480469e-05
4.601478576660156e-05
6.0558319091796875e-05
4.7206878662109375e-05
4.6253204345703125e-05
4.6253204345703125e-05
4.601478576660156e-05
4.601478576660156e-05
4.57763671875e-05
4.6253204345703125e-05
4.601478576660156e-05
4.57763671875e-05
4.839897155761719e-05
4.57763671875e-05
4.553794860839844e-05
