2.1197957049747754e-06 2.075558044288773e-06 2.1038280791820485e-06 1.971548855583513e-06 2.126158579842111e-06 
2.114094993359022e-06 2.0701311092416902e-06 2.0985759180017006e-06 1.965999119009226e-06 2.1207437552843925e-06 
2.1132995755311845e-06 2.069059631429968e-06 2.09757233529525e-06 1.9650856788235494e-06 2.119862488622018e-06 
2.125994107773707e-06 2.0819453799876153e-06 2.111975585426137e-06 1.978219733834103e-06 2.1339188184861324e-06 
2.124217400823794e-06 2.0821026617996933e-06 2.1126240765068022e-06 1.9774646409607066e-06 2.1335475361882764e-06 
2.124539693813057e-06 2.083402835892018e-06 2.113321236844354e-06 1.9781269585744107e-06 2.1338723102183483e-06 
2.108890181029284e-06 2.067547488915747e-06 2.099123446207316e-06 1.9626996665252923e-06 2.119494164938776e-06 
2.126794511432773e-06 2.0846405319403795e-06 2.115160039188744e-06 1.9800289363835416e-06 2.1361030832011166e-06 
2.135633270967425e-06 2.0936852006335985e-06 2.1238789776708196e-06 1.9889179676384623e-06 2.1447778762052043e-06 
2.1291386384843015e-06 2.087452208432176e-06 2.1175107823991024e-06 1.9825036519982502e-06 2.138305011387206e-06 
2.141523447228046e-06 2.098704440237421e-06 2.131117251645678e-06 1.9948880869737774e-06 2.152065480574294e-06 
2.1405080849802752e-06 2.0979493577035507e-06 2.130372138842216e-06 1.9939973977520595e-06 2.1511925646132277e-06 
2.1388128276834834e-06 2.0959036163463815e-06 2.1280663932838432e-06 1.992072599833787e-06 2.149100080762933e-06 
2.1355003932186626e-06 2.0930594674402428e-06 2.124555881069557e-06 1.988830687907726e-06 2.145474539297958e-06 
2.1343396059528723e-06 2.092259027713293e-06 2.123411878989978e-06 1.987765043301699e-06 2.1442136590865264e-06 
2.1370702403202817e-06 2.0943069586566183e-06 2.126116835032513e-06 1.9903183516661884e-06 2.1471390443361026e-06 
2.1381805287068547e-06 2.0948746947953376e-06 2.1267981008343224e-06 1.9911965556798727e-06 2.1480640571210514e-06 
2.145138976116851e-06 2.100246549961719e-06 2.1326337532473705e-06 1.9975174070734328e-06 2.154590623302081e-06 
2.143182054123262e-06 2.09833283952228e-06 2.130689254934418e-06 1.9955695505071706e-06 2.1526301828828916e-06 
2.1398881599471137e-06 2.094788825918395e-06 2.1277141998807346e-06 1.9922730689415213e-06 2.1496799896323504e-06 
2.1398207046474703e-06 2.095060604217662e-06 2.12668772411711e-06 1.992084378297684e-06 2.148708022902391e-06 
2.1419658199534717e-06 2.0973838168148704e-06 2.1286021633158744e-06 1.994231200747922e-06 2.1506052742759448e-06 
2.1409997382543483e-06 2.0961928977283788e-06 2.127559444981967e-06 1.9931880871797187e-06 2.1496464000872947e-06 
2.141109269845363e-06 2.096314323374999e-06 2.1279580007879112e-06 1.993363133506524e-06 2.1499925195033775e-06 
2.1406822625973453e-06 2.095560963982699e-06 2.1269403251251614e-06 1.9927238258576208e-06 2.1491774017378883e-06 
2.1399252644414386e-06 2.094627079461695e-06 2.126455178345496e-06 1.991977781626757e-06 2.148702224077784e-06 
2.1416692569145652e-06 2.0964474915953036e-06 2.1275103513087515e-06 1.9935980909470484e-06 2.14984952505275e-06 
2.1466519624008725e-06 2.1015477474601335e-06 2.1321399867509734e-06 1.998548239032348e-06 2.1545019977426495e-06 
2.153622360427277e-06 2.109895400655544e-06 2.1392977366444314e-06 2.00593510246484e-06 2.161193335256976e-06 
2.1382925752978424e-06 2.0950113503135773e-06 2.124154945241785e-06 1.990725058232962e-06 2.1458766061945005e-06 
2.129977593767951e-06 2.087903547914692e-06 2.1180428846627533e-06 1.9831763575203163e-06 2.1390114146326805e-06 
2.1366301843431667e-06 2.0945915393117566e-06 2.1246700657667862e-06 1.9898492083337066e-06 2.1456323066126953e-06 
2.1278086459145416e-06 2.0861269870494146e-06 2.1175719725362416e-06 1.981473440658645e-06 2.138130793306498e-06 
2.1268657793777428e-06 2.0847163690430857e-06 2.1172879030965777e-06 1.9805512697322217e-06 2.13788370758604e-06 
2.1300149509470465e-06 2.08988093670679e-06 2.1228970180774383e-06 1.9847838000863327e-06 2.142442839443393e-06 
2.128107951693728e-06 2.0880278780993975e-06 2.1212327928980413e-06 1.9829410067559735e-06 2.1407205964336693e-06 
2.121937071022687e-06 2.080539201296257e-06 2.1143367811443604e-06 1.9762480633365277e-06 2.1343620967680657e-06 
2.11618270036599e-06 2.0762258332249132e-06 2.1095699573517964e-06 1.971077528645361e-06 2.1289734813437257e-06 
2.116025227786856e-06 2.0759911707580094e-06 2.109307480378456e-06 1.9708757007552336e-06 2.12875301625313e-06 
2.1218449366881466e-06 2.0833153142466444e-06 2.1166777085120306e-06 1.97745709047429e-06 2.1353880557440874e-06 
2.120671871571165e-06 2.0823993765592285e-06 2.1148065229443386e-06 1.976190088615321e-06 2.1335524862962604e-06 
2.1217375324864922e-06 2.0837735370471047e-06 2.1157940312246786e-06 1.9773225697800133e-06 2.13445557296361e-06 
2.1208258650446583e-06 2.083587643299593e-06 2.1149924786053513e-06 1.9766268528381474e-06 2.133405685744119e-06 
2.1264049645608043e-06 2.0869768634553142e-06 2.1188063944455788e-06 1.9812425891920516e-06 2.1382092659127074e-06 
2.121729360190585e-06 2.0842999887798637e-06 2.1135881330605663e-06 1.976970192120084e-06 2.132448388756297e-06 
2.1183835846827218e-06 2.0806726478731574e-06 2.109884979324874e-06 1.9734619505809236e-06 2.1288940355121395e-06 
2.1183438419466582e-06 2.080633976333966e-06 2.1098547730231753e-06 1.973424472872149e-06 2.1288618891857156e-06 
2.1184180399466875e-06 2.0807880688886866e-06 2.1102074877098207e-06 1.9735811656710905e-06 2.1291426472741455e-06 
2.1180542624385077e-06 2.0815597570862908e-06 2.110977666068521e-06 1.9737724620359437e-06 2.1293629586621616e-06 
2.129269843657829e-06 2.0941677763127324e-06 2.122903734236925e-06 1.985552350520325e-06 2.1407294026654628e-06 
2.1293323741409073e-06 2.0946996416826026e-06 2.122615511522848e-06 1.9856674993989282e-06 2.1403506763980624e-06 
2.1274671124787016e-06 2.0933384400010186e-06 2.1209236241882425e-06 1.983974799018028e-06 2.138469520948824e-06 
2.127732221140685e-06 2.0936391109717064e-06 2.121149546550239e-06 1.9842419157264876e-06 2.1386906990530084e-06 
2.105921425265865e-06 2.072713135671741e-06 2.100560967463137e-06 1.9628884510484384e-06 2.1176151892655895e-06 
2.0855600789555872e-06 2.05386090440797e-06 2.08245323592624e-06 1.943393193811751e-06 2.098650406229755e-06 
2.0821437787450715e-06 2.0510019124518075e-06 2.079654419256057e-06 1.9402615101963323e-06 2.095571298108077e-06 
2.0847752248120817e-06 2.0528147552753335e-06 2.081271999552025e-06 1.9424450964250267e-06 2.097618193616679e-06 
2.0801318681799913e-06 2.0484884571186087e-06 2.0769971649528825e-06 1.9379600177042897e-06 2.093180777658533e-06 
2.071808813798375e-06 2.0402795977903654e-06 2.0681646682839594e-06 1.929533456288649e-06 2.0843961406417734e-06 
2.0633826262390834e-06 2.0330605057291237e-06 2.0604310749335303e-06 1.9215772453050973e-06 2.076162629564755e-06 
2.0582590428602413e-06 2.0258615711976564e-06 2.0542007048625355e-06 1.915613571270157e-06 2.0707759252793645e-06 
2.0601346068575814e-06 2.0280339472419947e-06 2.0565504102693313e-06 1.9176820690562895e-06 2.072952440421677e-06 
2.0538178192001103e-06 2.0212086036737925e-06 2.0518109746623025e-06 1.9115635912752787e-06 2.0681106462478173e-06 
2.0446774642305705e-06 2.0113968718988096e-06 2.0422238682273177e-06 1.9021129982211477e-06 2.0588101349199115e-06 
2.037190385332776e-06 2.002655635957149e-06 2.0335127819002107e-06 1.8939862112217819e-06 2.0507003845812004e-06 
2.0412683282668604e-06 2.0064592950319094e-06 2.0374017942915273e-06 1.8979581919120465e-06 2.0547083178376427e-06 
2.035300453274624e-06 2.0009865452390816e-06 2.031274060631831e-06 1.8920724031566676e-06 2.0484498307495148e-06 
2.0360061052579106e-06 2.0015473671208744e-06 2.0322625851164888e-06 1.8928044015216985e-06 2.049437010580019e-06 
2.031734531633359e-06 1.9956032377245077e-06 2.0272750814693865e-06 1.8879077174557595e-06 2.0450985338075563e-06 
2.0184463836900386e-06 1.9811026089829962e-06 2.0123618976019187e-06 1.8738921707185676e-06 2.030840009131483e-06 
2.017866579603452e-06 1.980503582856278e-06 2.0117172824285817e-06 1.8732911116529199e-06 2.0302122857831066e-06 
2.019289806109241e-06 1.9810256426535886e-06 2.012313786522502e-06 1.8742933343536036e-06 2.0312327203991412e-06 
2.0183105673305933e-06 1.980242642781147e-06 2.0117850562270747e-06 1.8734641801505686e-06 2.030566185425866e-06 
2.0202895692757987e-06 1.9816920580119345e-06 2.013527286054588e-06 1.8752550941380946e-06 2.0325158112557306e-06 
2.018525536791322e-06 1.9792555802924687e-06 2.010386414706258e-06 1.8730016346376685e-06 2.0298186485132684e-06 
2.0183402771994416e-06 1.9796675634704815e-06 2.009975180636643e-06 1.8729251347254126e-06 2.029256502492832e-06 
2.0115823399732903e-06 1.97324976675328e-06 2.002855851282448e-06 1.8661606123287664e-06 2.0220895191211137e-06 
2.009999094913546e-06 1.971648135122671e-06 2.0012522402602252e-06 1.8645635725379274e-06 2.0204949800286415e-06 
2.0233316510378525e-06 1.98533962873013e-06 2.0140924462491753e-06 1.8779232454533534e-06 2.0333055472536364e-06 
2.0146409095473046e-06 1.9751471876144247e-06 2.0057698896659863e-06 1.8688857417004908e-06 2.025395459252872e-06 
2.016053753238155e-06 1.976662920150759e-06 2.0070784242009834e-06 1.8703070377181672e-06 2.0266891486186924e-06 
2.009642642890777e-06 1.9687630493613767e-06 1.9994937494762796e-06 1.8632273495643582e-06 2.0197717306836673e-06 
2.0020640115955983e-06 1.9615695489502673e-06 1.9922865266083945e-06 1.8558102233662795e-06 2.012379465264376e-06 
1.9943506522605715e-06 1.9541506953153455e-06 1.985361355371961e-06 1.8483255711438875e-06 2.0052277275602837e-06 
1.994346739175964e-06 1.9541709856083725e-06 1.9853167013406074e-06 1.8483190791570929e-06 2.0051822848816296e-06 
1.9950048769655217e-06 1.9546564990461467e-06 1.985762569449192e-06 1.8488868862592593e-06 2.0057184828711662e-06 
1.9907975280785267e-06 1.950633692169979e-06 1.9806539618359856e-06 1.8445200639920798e-06 2.000702770226222e-06 
1.987607400799746e-06 1.9478743889321524e-06 1.9774771548843185e-06 1.841438559150429e-06 1.997387170666054e-06 
1.9877353611895167e-06 1.9481294284351637e-06 1.9775888694334887e-06 1.8415973460139921e-06 1.9974614456375974e-06 
1.976002815369239e-06 1.93515872908996e-06 1.964571986450259e-06 1.8292252246206632e-06 1.9850508570630152e-06 
1.956930289339959e-06 1.9158116725215228e-06 1.945306563315616e-06 1.8099831390784329e-06 1.96590254496748e-06 
1.9498431572675084e-06 1.9111299012247434e-06 1.938032604355757e-06 1.8034827901163328e-06 1.95789844220829e-06 
1.9399785495000337e-06 1.9016940239131057e-06 1.927756497824707e-06 1.7936204260081763e-06 1.947554669420901e-06 
1.935858896207134e-06 1.8987336176964773e-06 1.9237796306952338e-06 1.7898377291526374e-06 1.943185895720145e-06 
1.9353407591243555e-06 1.8982464782237297e-06 1.923437571877737e-06 1.7893628910077905e-06 1.94280440925352e-06 
1.924344887717992e-06 1.8868534652405412e-06 1.9117766814866603e-06 1.7780870139484863e-06 1.9313800335873963e-06 
1.923975440662681e-06 1.8864611332541486e-06 1.9113670512982962e-06 1.7777018718264668e-06 1.930984371878844e-06 
1.9189918086953837e-06 1.8813557261026678e-06 1.9064944912076623e-06 1.7726920944375197e-06 1.9261312875627926e-06 
1.9375751632296036e-06 1.8998048854068317e-06 1.9271800030109046e-06 1.7917331848024437e-06 1.9465081206058748e-06 
1.937141029057833e-06 1.899423845272404e-06 1.926769876943104e-06 1.7913173186331902e-06 1.9460771026418977e-06 
1.9513969097977286e-06 1.913541198789116e-06 1.9391716572297806e-06 1.805190010538003e-06 1.9588355685131296e-06 
1.9246676201905107e-06 1.8860076663988889e-06 1.9121435757431817e-06 1.7780979356818776e-06 1.932109894331179e-06 
1.9265691506416817e-06 1.888466023887667e-06 1.914795879143573e-06 1.7803135818274135e-06 1.934459815640854e-06 
1.9266075001916408e-06 1.888490624686957e-06 1.9148415000128174e-06 1.7803497928992732e-06 1.934508573921756e-06 
1.9275407061667696e-06 1.8901015666689336e-06 1.915817062991597e-06 1.7814810076042168e-06 1.935262349629906e-06 
1.9469280203934366e-06 1.9080757979412545e-06 1.93503540795224e-06 1.8005039950261108e-06 1.954958746993175e-06 
1.9451839127049374e-06 1.907470698791043e-06 1.933951169201236e-06 1.7992040507366624e-06 1.953402662428922e-06 
1.9523815408207433e-06 1.9163164332853933e-06 1.942144360342136e-06 1.8070861976491076e-06 1.960906985189841e-06 
1.953333503584427e-06 1.9169142140851496e-06 1.9427879433413973e-06 1.807878268401496e-06 1.9617147096334524e-06 
1.9553260876032666e-06 1.9189580801858743e-06 1.9453088866700785e-06 1.810001809123701e-06 1.964131001646063e-06 
1.9557328093785285e-06 1.9189281193825353e-06 1.945541752279103e-06 1.8102526815302192e-06 1.9645315229061196e-06 
1.9507022587176395e-06 1.913695001210457e-06 1.94108420792147e-06 1.8052729825603637e-06 1.96004153257061e-06 
1.9484696011507687e-06 1.9114908631899825e-06 1.9387396065759875e-06 1.8030177015213967e-06 1.957706451327323e-06 
1.948307875053117e-06 1.9109713836198838e-06 1.938562757955162e-06 1.802754416113968e-06 1.95764545519917e-06 
1.933431058342116e-06 1.8950434811489469e-06 1.9234358630277313e-06 1.7874940141680748e-06 1.9428917035572906e-06 
1.940494537407044e-06 1.902474486952359e-06 1.931223351573399e-06 1.7948335336603403e-06 1.9504419857915745e-06 
1.9394627379392635e-06 1.902533188895467e-06 1.9305012698210145e-06 1.794161427087753e-06 1.949322604472522e-06 
1.9389435470030886e-06 1.9018308391894164e-06 1.9296722522875737e-06 1.7935243099049127e-06 1.9486035448602594e-06 
1.9416625561102097e-06 1.9040688337646082e-06 1.931872194247606e-06 1.796009469953709e-06 1.951043249373601e-06 
1.946601233659466e-06 1.9097360640547307e-06 1.936565214432663e-06 1.8011101013767138e-06 1.9555472305144562e-06 
1.957423670123235e-06 1.9217756928782917e-06 1.9481419931756054e-06 1.8124600434956212e-06 1.9666126683422887e-06 
1.9583629032590536e-06 1.921981631078891e-06 1.947338294959609e-06 1.812833229325207e-06 1.9663337817677127e-06 
1.9714636264528125e-06 1.936826345802851e-06 1.9622606654349143e-06 1.8268391923888835e-06 1.98039868953813e-06 
1.9644417363326705e-06 1.928095795310321e-06 1.9534070916474913e-06 1.8189376347884905e-06 1.9723936187298293e-06 
1.9572922317313403e-06 1.9233887611718565e-06 1.9486004857232376e-06 1.812939460413024e-06 1.966418619111809e-06 
1.976660088498974e-06 1.9423018872962796e-06 1.968106307542288e-06 1.8322657546140352e-06 1.986047595772729e-06 
1.9643262200740436e-06 1.9296550557666525e-06 1.956567283581269e-06 1.81997810177943e-06 1.9744737535022955e-06 
1.961123600741889e-06 1.926773284683621e-06 1.953350076551031e-06 1.816852056477558e-06 1.9711568656647506e-06 
1.9553894316955947e-06 1.9195806298777334e-06 1.946857687688471e-06 1.8105349660452236e-06 1.965253497153133e-06 
1.9553445024098517e-06 1.9195791013931843e-06 1.946863855709921e-06 1.8105127957008846e-06 1.965237338023002e-06 
1.9540360279362198e-06 1.9182534504535318e-06 1.9456648528470036e-06 1.8092191748609453e-06 1.9640252998220715e-06 
1.9535383650617417e-06 1.9180496423897554e-06 1.945326235609562e-06 1.8088350944634056e-06 1.963566822055655e-06 
1.954104039058114e-06 1.9183543171928507e-06 1.9455655361158995e-06 1.8092605932397492e-06 1.9639436188200325e-06 
1.95387658659511e-06 1.9181392902565374e-06 1.9453380709775887e-06 1.8090358877239845e-06 1.963712193560508e-06 
1.953398986426245e-06 1.91764002482455e-06 1.9448296486633695e-06 1.808544307999328e-06 1.963215757224246e-06 
1.959346906666272e-06 1.92289795329952e-06 1.9510155544411275e-06 1.8143715778472871e-06 1.969581035615509e-06 
1.959447415423185e-06 1.922916485055215e-06 1.951098583072198e-06 1.8144462177348218e-06 1.9696929747802826e-06 
1.95530448530062e-06 1.917880669753076e-06 1.9458998290529595e-06 1.8098206548550471e-06 1.964953755237118e-06 
1.9551822640917874e-06 1.9176765585267102e-06 1.945365783176696e-06 1.8095878043363028e-06 1.964514770716094e-06 
1.9575622399305403e-06 1.920228672781672e-06 1.9478924002844387e-06 1.8120530187571208e-06 1.966962495501127e-06 
1.9555535506233606e-06 1.919064284680612e-06 1.947555014013739e-06 1.8106279725030852e-06 1.9660770386530226e-06 
1.9594331615720735e-06 1.9218761626847337e-06 1.951371389463891e-06 1.8142157452098583e-06 1.9702424172645625e-06 
1.9583916547110263e-06 1.9206681570119805e-06 1.9503575868965e-06 1.8131323561091744e-06 1.969276516312727e-06 
1.945758173312819e-06 1.9085347999960084e-06 1.938256730749441e-06 1.8007127938145966e-06 1.9569265898612327e-06 
1.9455562950958164e-06 1.9081522357611996e-06 1.9377898778697465e-06 1.8004035244205716e-06 1.9565613740700834e-06 
1.948933870084549e-06 1.911614178574397e-06 1.9412052194837157e-06 1.8038221965573863e-06 1.9599440624090763e-06 
1.9484834709590366e-06 1.9110969656601793e-06 1.940686223551163e-06 1.8033374209607987e-06 1.959457673213263e-06 
1.95515798222078e-06 1.9175792100947794e-06 1.9477552926021018e-06 1.8100666082903005e-06 1.966522020604921e-06 
1.9540023964197748e-06 1.9156287092998346e-06 1.9475960177829986e-06 1.808917204918721e-06 1.9664463126343466e-06 
1.9412105264172417e-06 1.9028337878973317e-06 1.9349626189614394e-06 1.7961220032650698e-06 1.9537856630590183e-06 
1.9305489892903846e-06 1.891535103910913e-06 1.924879647076174e-06 1.7853916697650622e-06 1.9438049501533294e-06 
1.9304403603685483e-06 1.8913800584822208e-06 1.9247956316771055e-06 1.785276178680736e-06 1.9437314085726783e-06 
1.934823604981229e-06 1.8941468606508402e-06 1.92774713790702e-06 1.7889267565802193e-06 1.9474342767011815e-06 
1.9352745829352623e-06 1.8951593720771963e-06 1.9296474077329218e-06 1.7898548214381826e-06 1.9489132695136177e-06 
1.9337250058614738e-06 1.8936458523252465e-06 1.9282155399191033e-06 1.7883369348264696e-06 1.947449986091761e-06 
1.938938739057985e-06 1.898582574343309e-06 1.9328462397106387e-06 1.7933610802744183e-06 1.9522669609262635e-06 
1.938963826346027e-06 1.8985973004157664e-06 1.9333037461181658e-06 1.7934827303401872e-06 1.952654797073081e-06 
1.939237117612054e-06 1.898988978956987e-06 1.933443915617451e-06 1.793756820730182e-06 1.9527801741692694e-06 
1.943299048317041e-06 1.9032403420437264e-06 1.9377275580998727e-06 1.7979307744807903e-06 1.9569673064520956e-06 
1.9442275611117638e-06 1.9043530925878144e-06 1.9384181284774628e-06 1.798855236884219e-06 1.95764006926416e-06 
1.9454055236285305e-06 1.9053779447225568e-06 1.9395847141792595e-06 1.7999944174957475e-06 1.9588569696632667e-06 
1.9412672390673258e-06 1.900711662247764e-06 1.9347709844524243e-06 1.7955528388292715e-06 1.9543229284709967e-06 
1.9592599320644935e-06 1.9174098915211277e-06 1.9528618499378827e-06 1.8132889232158757e-06 1.972807177581908e-06 
1.9609719752638474e-06 1.917944619881375e-06 1.9548753515918594e-06 1.8147779635581498e-06 1.9751401660617396e-06 
1.965544050248339e-06 1.9226629991967657e-06 1.959474934000847e-06 1.8194065474493686e-06 1.979689774732658e-06 
1.9673949484892e-06 1.9246471837960152e-06 1.9616774573375084e-06 1.821378390682106e-06 1.9817912301195223e-06 
1.987025542339889e-06 1.9441558263190714e-06 1.9831130094215685e-06 1.8414620635662822e-06 2.0029627972510993e-06 
1.988958585218503e-06 1.946155193026285e-06 1.9859714142908334e-06 1.8436397702714904e-06 2.005644212078704e-06 
1.9881195543087393e-06 1.9448558923111727e-06 1.9851032698203075e-06 1.8426780474751286e-06 2.0049252764485716e-06 
1.9788535526818068e-06 1.935802164526266e-06 1.9760327202154906e-06 1.8334851255448781e-06 1.995753661160772e-06 
1.9815641541278393e-06 1.9383718302643984e-06 1.9786245728482266e-06 1.8361400559211231e-06 1.998410225218814e-06 
1.9784402487405493e-06 1.935073293591127e-06 1.9754411053925524e-06 1.8329498892303352e-06 1.9952911246186942e-06 
1.9854270577340306e-06 1.943546762766991e-06 1.983564426908684e-06 1.8405994264727033e-06 2.002756899791955e-06 
2.0031436055189818e-06 1.9620132167530094e-06 2.0018726615894465e-06 1.8586966833518365e-06 2.020732356237217e-06 
2.0032586730134757e-06 1.962122236465462e-06 2.0019892133342047e-06 1.8588109338547973e-06 2.0208505737441347e-06 
2.0018866900661055e-06 1.9605403073067995e-06 1.9996002096794506e-06 1.8571355701613386e-06 2.0186989880137604e-06 
2.0024973027164684e-06 1.9606579114222925e-06 1.999647194895774e-06 1.857488909802265e-06 2.0189961164402894e-06 
2.005243360519348e-06 1.9635471586647715e-06 2.002179944712939e-06 1.860227135045669e-06 2.0215202760475e-06 
2.0026038004006905e-06 1.9618226421658336e-06 1.999896784160119e-06 1.857895288040495e-06 2.0188889350881427e-06 
2.0026374089719003e-06 1.9618527327244815e-06 1.999920550756271e-06 1.8579257473039499e-06 2.0189154726183e-06 
2.002270454538369e-06 1.960533231882435e-06 1.9982158456168225e-06 1.8569991447391112e-06 2.0177359676629874e-06 
1.998350084963616e-06 1.9565233226982016e-06 1.9939472109184624e-06 1.852962778343021e-06 2.0135537318188438e-06 
1.985686131281075e-06 1.9415573635197324e-06 1.9794569917951088e-06 1.8392574076508215e-06 2.0000937662501087e-06 
1.9878252291145267e-06 1.943592357677802e-06 1.9821017162239664e-06 1.8414958279987078e-06 2.002685915674725e-06 
1.98628233634318e-06 1.9418444392142063e-06 1.9803220156541477e-06 1.8398419935386913e-06 2.001010427303968e-06 
1.980787924063799e-06 1.938292121920168e-06 1.9754668645218994e-06 1.8349661901479453e-06 1.9954363459583394e-06 
1.9708739412708547e-06 1.929254069566848e-06 1.9656860869963308e-06 1.8252759563777807e-06 1.985356256181082e-06 
1.9644864558005627e-06 1.9236960643010914e-06 1.959711545783888e-06 1.8191772999476753e-06 1.9790501712060446e-06 
1.965240107128472e-06 1.9242640682078407e-06 1.9605036361288623e-06 1.8198948002337766e-06 1.9798942967239412e-06 
1.9697804490490376e-06 1.9311667404636903e-06 1.967302133196828e-06 1.825584549146254e-06 1.985569125989759e-06 
1.97011724955668e-06 1.931642117601851e-06 1.967638647793373e-06 1.825957991516722e-06 1.9858620818169064e-06 
1.973443834669066e-06 1.9340968826085912e-06 1.971196264900925e-06 1.8291254180901187e-06 1.989655747346805e-06 
1.9765349182312695e-06 1.937324913024079e-06 1.974832387574951e-06 1.8323907528755224e-06 1.993157367003293e-06 
1.9819284020720545e-06 1.942597555575174e-06 1.98012005613584e-06 1.8377436782459214e-06 1.9985016298906525e-06 
1.9826813241336187e-06 1.942969022433696e-06 1.98079710324332e-06 1.8383836516209054e-06 1.999311581291729e-06 
1.989028590747198e-06 1.9498493896332307e-06 1.9876765199837937e-06 1.8450124940998895e-06 2.0059344826965076e-06 
1.990136669842451e-06 1.9524216768140546e-06 1.989444819658905e-06 1.8466571004256843e-06 2.007130812691832e-06 
2.0119210036875542e-06 1.971770626104141e-06 2.010301383338254e-06 1.8676592452522657e-06 2.0289130978303093e-06 
2.0108118089156853e-06 1.9708832502366314e-06 2.0097963352805116e-06 1.86674928710711e-06 2.0282363109493394e-06 
2.0103375417972225e-06 1.970414430146433e-06 2.009353164254922e-06 1.8662826264938449e-06 2.0277861204158452e-06 
1.992050107652369e-06 1.9492733911854115e-06 1.9884183678571466e-06 1.846591289166878e-06 2.0081922244663618e-06 
1.9965157670994213e-06 1.952958150197161e-06 1.9928839631477894e-06 1.8508768854985033e-06 2.0129035903158733e-06 
2.0025388910897444e-06 1.9598737507970313e-06 2.0001849475801757e-06 1.8574463334141416e-06 2.0197093333285664e-06 
2.0071213644411553e-06 1.9646231859984023e-06 2.0045226817183357e-06 1.862023281305467e-06 2.0240367023336475e-06 
2.0047038332454175e-06 1.963345383639894e-06 2.0019416768921703e-06 1.8598429632391056e-06 2.021124927910228e-06 
2.005059813939205e-06 1.9637980451244306e-06 2.002472761994226e-06 1.8602662722940086e-06 2.021596124629077e-06 
2.005463379137416e-06 1.964028195888768e-06 2.002555623045853e-06 1.8605504503227893e-06 2.021787672194278e-06 
2.014026073830896e-06 1.9724258244157666e-06 2.0095753047313058e-06 1.868728485943862e-06 2.029120798992592e-06 
2.0120726229813836e-06 1.9708775702348803e-06 2.0077136303365393e-06 1.8668937734120066e-06 2.0271158783439464e-06 
2.016843290801917e-06 1.9754421859716e-06 2.0130813660930934e-06 1.8717667371859711e-06 2.032448389259894e-06 
1.9855217537455723e-06 1.945438500874803e-06 1.981665139927437e-06 1.8406691904624506e-06 2.0006291739044497e-06 
2.000846894540683e-06 1.960693916416055e-06 1.99652157027602e-06 1.8559102226244915e-06 2.01558855790376e-06 
1.9955448914782095e-06 1.955786732812485e-06 1.991753157254299e-06 1.8508194437649682e-06 2.0106052036775016e-06 
1.990380711346806e-06 1.951257793931865e-06 1.9869528179602055e-06 1.8458893332306606e-06 2.0055427957342827e-06 
1.9904767718886904e-06 1.9511319170701706e-06 1.9869260318596754e-06 1.8458996705428493e-06 2.0056066320824657e-06 
1.9905757194519486e-06 1.951406491465266e-06 1.9871578355176484e-06 1.8460753106826025e-06 2.005760745585215e-06 
1.996337976496766e-06 1.957300334922708e-06 1.9929550474730356e-06 1.8518961055447779e-06 2.0115113524527355e-06 
2.0004536143273992e-06 1.959381753836875e-06 1.997125615697118e-06 1.855517436500807e-06 2.016313638677434e-06 
2.0023044414320073e-06 1.960798345385626e-06 1.9992359533293757e-06 1.857326324062975e-06 2.018516975587948e-06 
1.996265467235565e-06 1.9545546592337598e-06 1.9918684642331906e-06 1.8509028776441382e-06 2.0114372412887347e-06 
1.9794689304940976e-06 1.938321680813961e-06 1.9756223009750673e-06 1.8343307798739105e-06 1.9949186280421246e-06 
1.9914270001174032e-06 1.952181636789011e-06 1.9893018031178808e-06 1.8472155013464486e-06 2.0077111347343274e-06 
1.9870911201553865e-06 1.9481693999259725e-06 1.9856411101652772e-06 1.8431114842018026e-06 2.0038342709766673e-06 
1.9886408793734023e-06 1.9507557069709984e-06 1.9885742097126103e-06 1.8452643597551044e-06 2.006208430718943e-06 
1.988268548970611e-06 1.9503808093772542e-06 1.9881938857600817e-06 1.8448883653142612e-06 2.0058302097103825e-06 
1.9924719015534844e-06 1.9542492003228297e-06 1.9920500337020873e-06 1.8489340114052623e-06 2.009850800467631e-06 
1.9928437687312606e-06 1.9546915836138145e-06 1.99250756982037e-06 1.8493456973423424e-06 2.010271770687789e-06 
1.9916433607446265e-06 1.952765688295634e-06 1.990368394269974e-06 1.8477300685454138e-06 2.0085188315870634e-06 
1.9914377823449327e-06 1.952878321099998e-06 1.990237263703166e-06 1.8476230583821833e-06 2.008274964940509e-06 
1.9933033776846456e-06 1.954669469285759e-06 1.9921540616878715e-06 1.8494872644231844e-06 2.0102068330614365e-06 
1.984288843592405e-06 1.9450008399392378e-06 1.98321936103426e-06 1.8402997535921944e-06 2.0014632921553493e-06 
1.981259577728879e-06 1.9425898520394136e-06 1.979485773364896e-06 1.8372500578828082e-06 1.9976533344235235e-06 
1.9810170962315677e-06 1.9423250568161182e-06 1.9792117966987874e-06 1.8369936370900219e-06 1.997391653690393e-06 
1.980836175115641e-06 1.9431378101937777e-06 1.9792921576872267e-06 1.8371303309514656e-06 1.9971150104074927e-06 
1.982052182378748e-06 1.944420166415338e-06 1.9802963219926223e-06 1.8383167216947117e-06 1.9981340446989456e-06 
1.9789407238397678e-06 1.943510442709896e-06 1.9775834183218244e-06 1.8358671131418796e-06 1.994659131975874e-06 
1.9602999494388514e-06 1.9269777756138713e-06 1.958916658435665e-06 1.8177299203207636e-06 1.9753281276278204e-06 
1.9620332867323505e-06 1.9290247063064706e-06 1.961708002705884e-06 1.819799020025661e-06 1.9778433761631175e-06 
1.9618643250026045e-06 1.9283856465335938e-06 1.9619518542340005e-06 1.8196000856040733e-06 1.978166745311238e-06 
1.9528831660781266e-06 1.9202521938699233e-06 1.951806837114492e-06 1.8105495022681955e-06 1.967947349737939e-06 
1.952520618603027e-06 1.92015129688958e-06 1.9513850097024247e-06 1.8102434996018565e-06 1.9674525577043333e-06 
1.9525053057320703e-06 1.9180315959085996e-06 1.949273743203778e-06 1.8091767328252856e-06 1.966358212857899e-06 
1.9528232459834947e-06 1.91878098857397e-06 1.949740088471612e-06 1.8096462576971286e-06 1.966663204676725e-06 
1.9473400837823253e-06 1.9115360176935823e-06 1.943388218681364e-06 1.8034741012136422e-06 1.9610135706132585e-06 
1.9389451150506306e-06 1.9029250895560567e-06 1.9338487433514453e-06 1.7947372274719492e-06 1.951733461778573e-06 
1.9417300358804685e-06 1.9043600693255144e-06 1.934565703435895e-06 1.7967072848670096e-06 1.9532248346434006e-06 
1.938116255446751e-06 1.8999186135352578e-06 1.9310852088227288e-06 1.7928907976558792e-06 1.9499830707958465e-06 
1.9390404909030296e-06 1.900804767835806e-06 1.931997959077328e-06 1.7938051253805693e-06 1.9509098914592657e-06 
1.9388735558284373e-06 1.9005937447984114e-06 1.931803760945088e-06 1.7936198965386207e-06 1.9507341843694183e-06 
1.948660909173955e-06 1.9126459122843115e-06 1.9428865609209662e-06 1.80433202948498e-06 1.9608845675137926e-06 
1.9570650166668826e-06 1.9217538993031727e-06 1.9525459395397593e-06 1.8132322873455416e-06 1.9701116673322055e-06 
1.9485906950906652e-06 1.912299523847616e-06 1.9425646740036327e-06 1.8041310511014537e-06 1.960692270935515e-06 
1.9508302200248307e-06 1.9145678174845366e-06 1.9449029296263768e-06 1.8064069706917109e-06 1.96300511003579e-06 
1.957613459357324e-06 1.921991302452162e-06 1.9525936182000553e-06 1.8135858484938962e-06 1.9703417842107803e-06 
1.958886073857071e-06 1.9229827451297875e-06 1.954168041613852e-06 1.8148542842700944e-06 1.9719546683004365e-06 
1.95616596714233e-06 1.9198434753172664e-06 1.9527248656536602e-06 1.8123048369676072e-06 1.9704293337734086e-06 
1.9563067859692667e-06 1.9202184147595844e-06 1.95273062601504e-06 1.8124773617829773e-06 1.9703838273926723e-06 
1.955940982874252e-06 1.919808756121853e-06 1.95217981894366e-06 1.8120564350004534e-06 1.9698778870440164e-06 
1.9647575950484747e-06 1.9300567816759744e-06 1.9605232003610122e-06 1.821176961078548e-06 1.977848925642906e-06 
1.9681971231475132e-06 1.933246846713968e-06 1.9641109326686675e-06 1.824592386293548e-06 1.9814911651457155e-06 
1.9765897091284226e-06 1.940187537286749e-06 1.97154054192679e-06 1.832401226275569e-06 1.989542489341573e-06 
1.9753111667304897e-06 1.938430709201098e-06 1.971758117920678e-06 1.831332665311021e-06 1.989659904162042e-06 
1.9622394220122838e-06 1.9254053549953594e-06 1.9583213995487204e-06 1.8181510115578323e-06 1.9762682597880902e-06 
1.962355757985855e-06 1.926485914841925e-06 1.9591116545760008e-06 1.8186786686132232e-06 1.9766407995549304e-06 
1.9685248959598002e-06 1.932113193875514e-06 1.9641167176373185e-06 1.824455391009681e-06 1.9820131847081126e-06 
1.951644904331969e-06 1.9153051182096223e-06 1.947448268558049e-06 1.807592851111302e-06 1.965284512558846e-06 
1.9516144735181203e-06 1.9153819630600426e-06 1.947479492869913e-06 1.8076049996706933e-06 1.965271485715368e-06 
1.9469837398796744e-06 1.90974787272369e-06 1.942397621641438e-06 1.802590809077715e-06 1.9605817547404466e-06 
1.9538271579160327e-06 1.918300645636403e-06 1.9500556488387564e-06 1.8100960121714394e-06 1.9675637619373416e-06 
1.9569840231397975e-06 1.9216041264708418e-06 1.95183289717646e-06 1.8129907386695631e-06 1.9695263452693176e-06 
1.9519779706210586e-06 1.9179057489928408e-06 1.94472673576758e-06 1.8078686836107494e-06 1.962356991708153e-06 
1.958365242664935e-06 1.9257695969741134e-06 1.9538543587550565e-06 1.81528231030195e-06 1.9705585106812524e-06 
1.9601779982464467e-06 1.928561960587792e-06 1.957921284177662e-06 1.8178752169523305e-06 1.9739382907267518e-06 
1.961245098016326e-06 1.929881660702337e-06 1.9600430516049724e-06 1.8192547593567688e-06 1.9758039385247143e-06 
1.989211197772559e-06 1.955108636054289e-06 1.986037887628954e-06 1.8461039883790162e-06 2.002999179963867e-06 
1.986968533145948e-06 1.9542736031764464e-06 1.986035295040509e-06 1.8447507988515863e-06 2.0021758787091695e-06 
1.9903058269703025e-06 1.956496742092915e-06 1.989736034262771e-06 1.8478816424413074e-06 2.0061687532475314e-06 
1.9872582932709847e-06 1.9532535654776482e-06 1.9864870700687688e-06 1.8447257319266311e-06 2.0030150357010766e-06 
1.9936697019632003e-06 1.960488191325604e-06 1.992513243154041e-06 1.8512875942876442e-06 2.0088459434670934e-06 
1.993901813391039e-06 1.960749202560506e-06 1.992770289667842e-06 1.8515339723997144e-06 2.0090896956193763e-06 
1.993534948084057e-06 1.9600234402322918e-06 1.992343968984759e-06 1.8510552377011788e-06 2.008786881298525e-06 
2.0007062185967826e-06 1.9666938864601293e-06 1.9992876375667773e-06 1.8580592448503857e-06 2.0159279125050126e-06 
2.0002570400268786e-06 1.966523284333302e-06 1.9978203479867633e-06 1.8574494277650838e-06 2.0145427740013615e-06 
1.9983152860157817e-06 1.9640230411505938e-06 1.9956656760624147e-06 1.8553022054844966e-06 2.012600343872858e-06 
1.9997936996396022e-06 1.965648128582686e-06 1.9972678207804846e-06 1.856852809541473e-06 2.014135508996034e-06 
1.9997073675798858e-06 1.9655302749121948e-06 1.997227314521343e-06 1.8567682161594324e-06 2.014097301110494e-06 
1.9960244468507717e-06 1.9625323427888876e-06 1.9942952070939552e-06 1.8534326664780155e-06 2.0108223072623647e-06 
1.979701574670283e-06 1.9437075442327227e-06 1.9779122183627383e-06 1.8363798483469564e-06 1.995238536804837e-06 
1.9791273527573046e-06 1.9432618753438682e-06 1.9774750454857515e-06 1.8358700186606801e-06 1.9947377049608527e-06 
1.9739889438147604e-06 1.9371545649812167e-06 1.9732839046575198e-06 1.830687171428457e-06 1.990692507244777e-06 
1.977333792597323e-06 1.9435320310928847e-06 1.9830469887443947e-06 1.8364049601046184e-06 1.9984229086151864e-06 
1.9768336355182885e-06 1.9428471493726023e-06 1.982518000620646e-06 1.8358485065412994e-06 1.9979568633399525e-06 
1.983533560450861e-06 1.9486769306369832e-06 1.989129106110311e-06 1.8423226566420518e-06 2.0048576892259297e-06 
1.990438402328844e-06 1.956472989611142e-06 1.996360657597405e-06 1.849558490636698e-06 2.0117547973414845e-06 
1.994421949680161e-06 1.9604944599437277e-06 2.002152876089878e-06 1.8540273788991451e-06 2.0172321821314332e-06 
1.9791777031737232e-06 1.9455225044802335e-06 1.9885509769113913e-06 1.8392375279141497e-06 2.003266901565569e-06 
1.98138692385124e-06 1.947789388998697e-06 1.990868376929532e-06 1.841496256948551e-06 2.005548334391482e-06 
1.9819409367560344e-06 1.9489640028293223e-06 1.9913722529094396e-06 1.8421955202473088e-06 2.0058655848389576e-06 
1.9827470530061495e-06 1.9497421736381713e-06 1.992144878087984e-06 1.8429880889896305e-06 2.006652727827999e-06 
1.9970541262235313e-06 1.9661468166145513e-06 2.007243779228249e-06 1.8580810564036937e-06 2.02096058142761e-06 
1.9971534510615085e-06 1.9660892866252484e-06 2.0074572718311913e-06 1.8581701105230194e-06 2.0212044010210005e-06 
2.004433260992647e-06 1.9735012303382163e-06 2.0156613934942883e-06 1.8657483177880981e-06 2.029213167060826e-06 
1.9939255853934053e-06 1.964462045258586e-06 2.0051703063493693e-06 1.8555945336762966e-06 2.018255220130446e-06 
1.998362600024694e-06 1.9685285034123734e-06 2.0089834842757503e-06 1.8597844515696142e-06 2.022290043114486e-06 
1.9953143816396756e-06 1.965749866449854e-06 2.0061702109001657e-06 1.8568591505066115e-06 2.0193521164587264e-06 
1.9920127150350936e-06 1.9629472587448765e-06 2.003326412938201e-06 1.8537981508503086e-06 2.0162740201853667e-06 
1.994459163671747e-06 1.9648770003523806e-06 2.005167394195357e-06 1.8559583078252438e-06 2.0183794211390394e-06 
2.0087143209063818e-06 1.979079850471151e-06 2.0195181067562735e-06 1.8702655830585682e-06 2.0327324167795688e-06 
2.014853012033078e-06 1.9856703775849177e-06 2.025257696937027e-06 1.8764360796125573e-06 2.0383968165270685e-06 
2.012160075995824e-06 1.983132809200578e-06 2.022476329957485e-06 1.8737534879284086e-06 2.035580842806876e-06 
2.0267615116297e-06 1.9964006353492634e-06 2.036811834536833e-06 1.8879778206638868e-06 2.050383372347653e-06 
2.024226200850077e-06 1.993937132424892e-06 2.0342193273314663e-06 1.8854392393427152e-06 2.0477774652941512e-06 
2.027305657680101e-06 1.9973919266717876e-06 2.0383990190670484e-06 1.8889124626779191e-06 2.051655291152069e-06 
2.0418175923333722e-06 2.0120403983602103e-06 2.0526977484235475e-06 1.903444186673874e-06 2.0659483109791503e-06 
2.0425183664330073e-06 2.0130027673287733e-06 2.05402600878608e-06 1.9043797217821809e-06 2.067089323324452e-06 
2.0394998476482653e-06 2.010732274704055e-06 2.0488749512584775e-06 1.9009963594216915e-06 2.062057568274947e-06 
2.038566224025927e-06 2.0084350092477084e-06 2.0468366220603796e-06 1.899417223935361e-06 2.06063439894201e-06 
2.0327649640463304e-06 2.0041970710124004e-06 2.0410819334965775e-06 1.8940275168020441e-06 2.054377078933947e-06 
2.033297984454827e-06 2.0058243211306844e-06 2.041315444989044e-06 1.894782262914251e-06 2.0543141454869227e-06 
2.0312749006121384e-06 2.0036362483269657e-06 2.0389239469773294e-06 1.8926169818159394e-06 2.052036031358684e-06 
2.0263275534202925e-06 2.000335180940943e-06 2.0349106341920067e-06 1.8883380268228521e-06 2.0473450790726204e-06 
2.0113637487848054e-06 1.984524786869766e-06 2.019755167056678e-06 1.873052412791815e-06 2.032488289665912e-06 
2.0133026692775787e-06 1.9874989006782606e-06 2.022876573761982e-06 1.8755757510634183e-06 2.0350852144254233e-06 
2.0077617298119464e-06 1.981675206494674e-06 2.0166829257060023e-06 1.8697780804692812e-06 2.029089132642547e-06 
2.019459649529853e-06 1.9924604070921327e-06 2.026927170382488e-06 1.880898114223168e-06 2.0398656409480798e-06 
2.0139336838560126e-06 1.987024912598582e-06 2.021418240285863e-06 1.8753855165563063e-06 2.034324636575388e-06 
2.006607955991127e-06 1.9806142208585455e-06 2.0132511693441606e-06 1.868085550621318e-06 2.0260064910400567e-06 
2.005751832349944e-06 1.9798162906985973e-06 2.012463350825724e-06 1.8672597508096295e-06 2.0251887691330506e-06 
2.009234584478654e-06 1.982284612170953e-06 2.0153498532413628e-06 1.8703264442279488e-06 2.0284966139292913e-06 
2.015851290769382e-06 1.9887474631087413e-06 2.0221814830646466e-06 1.8769717830272563e-06 2.0353419543975356e-06 
2.015736640991619e-06 1.9888755853834687e-06 2.0220598905537983e-06 1.8769220818984795e-06 2.0351445033255986e-06 
2.0086041805130373e-06 1.9816031626967893e-06 2.015119029508264e-06 1.8697774566351632e-06 2.0282154506387554e-06 
2.012467549198769e-06 1.9863848660685183e-06 2.0197029913577353e-06 1.8740815491708921e-06 2.032388695031468e-06 
2.0015449161405356e-06 1.976137548885685e-06 2.010152560760235e-06 1.8636523673365331e-06 2.0223949322201686e-06 
2.0015730780341494e-06 1.9761740111337724e-06 2.010193825783212e-06 1.8636861504130677e-06 2.0224313903085958e-06 
2.006839180937339e-06 1.981049119431458e-06 2.016079841288692e-06 1.8690140375763627e-06 2.0283388790271485e-06 
2.01737868373773e-06 1.991740048832261e-06 2.0274551421018847e-06 1.8798350688814862e-06 2.039528324277809e-06 
2.0208026606445367e-06 1.9951584450069803e-06 2.031621297523735e-06 1.8834554058886138e-06 2.043573214877943e-06 
2.019532933762164e-06 1.9942547501857523e-06 2.030763314639702e-06 1.8823867578604742e-06 2.0425307106266372e-06 
2.04325706377803e-06 2.0167519339114857e-06 2.0525693773364138e-06 1.9053567226023922e-06 2.0650468082438507e-06 
2.0403961203878224e-06 2.012451228962885e-06 2.0494733982390766e-06 1.9020391574918911e-06 2.0624455543667964e-06 
2.0409088593980795e-06 2.0129010763897587e-06 2.049849995359085e-06 1.9025019454148028e-06 2.0628647876798494e-06 
2.0407753805670683e-06 2.012784242017198e-06 2.049726071427935e-06 1.90237498841663e-06 2.0627339905809884e-06 
2.0474451787743138e-06 2.0182131284129804e-06 2.0552659240159662e-06 1.9084454599400224e-06 2.06885549653472e-06 
2.0609401888388618e-06 2.0336994791815175e-06 2.069802826759207e-06 1.922775201650527e-06 2.082589904053707e-06 
2.0585629312235586e-06 2.0326612068612298e-06 2.068054051195755e-06 1.9209141501954054e-06 2.0803120162669896e-06 
2.05060677328798e-06 2.024247152755584e-06 2.0593978228889374e-06 1.9126356270584324e-06 2.0719165443737057e-06 
2.060440819617595e-06 2.032621020323627e-06 2.0681366674031672e-06 1.9218254315471837e-06 2.0813013387973776e-06 
2.074405997915737e-06 2.045849385475302e-06 2.08154158907141e-06 1.9354892253360088e-06 2.095034380023322e-06 
2.077949803121629e-06 2.0491610613784906e-06 2.0854460780425258e-06 1.9390698020618844e-06 2.0989526695566564e-06 
2.0790900817632864e-06 2.050228205549159e-06 2.0865207756738057e-06 1.940177044606518e-06 2.1000615672700507e-06 
2.0725353184637646e-06 2.0429306239995757e-06 2.078671872533881e-06 1.9330832598774534e-06 2.092662848792718e-06 
2.073319752794845e-06 2.0434275475244073e-06 2.0791788022131024e-06 1.933723912949187e-06 2.0933071522607854e-06 
2.077633909689235e-06 2.048533113958588e-06 2.083748049032155e-06 1.93832579758216e-06 2.097583693074057e-06 
2.0819876432995806e-06 2.052771567366309e-06 2.0876217979321516e-06 1.9425418780089926e-06 2.1015743636159545e-06 
2.079056605772859e-06 2.0487828572647657e-06 2.083521288927048e-06 1.939031314813643e-06 2.0980035451760055e-06 
2.091981166189163e-06 2.0617333540155682e-06 2.096761452941362e-06 1.952073902239458e-06 2.1111841919473404e-06 
2.0916635916885776e-06 2.0617411719324114e-06 2.0967478015152123e-06 1.9519175793810812e-06 2.1110167702425985e-06 
2.0914890931458455e-06 2.0613593742611895e-06 2.096342813457651e-06 1.951630323556947e-06 2.1107158526901407e-06 
2.083697144237854e-06 2.053950858081798e-06 2.0895062453903185e-06 1.944155748510337e-06 2.103597793586684e-06 
2.09969429518472e-06 2.068100293019004e-06 2.1041823085604854e-06 1.959374933676006e-06 2.119080799109346e-06 
2.101742823451499e-06 2.069723516969332e-06 2.1061330479085565e-06 1.9612917117848297e-06 2.1211826400295757e-06 
2.10479771684339e-06 2.072786097935245e-06 2.1110356330847496e-06 1.9648164558173875e-06 2.1257744757933144e-06 
2.1049496622813508e-06 2.072610665967741e-06 2.1106820963169096e-06 1.964756014588668e-06 2.1256088717016344e-06 
2.1006807245423675e-06 2.068375544113832e-06 2.1061509313707788e-06 1.960419281781077e-06 2.121110371411602e-06 
2.0998223156955245e-06 2.06730361881619e-06 2.1052715591363827e-06 1.9594973994001854e-06 2.1203018774344713e-06 
2.1004593217407246e-06 2.068086328881861e-06 2.1060952854873787e-06 1.960220980873336e-06 2.1210484273804225e-06 
2.0847859589698024e-06 2.0523578777723683e-06 2.089622412499069e-06 1.944292901013684e-06 2.104724849102618e-06 
2.0966362437124553e-06 2.065844690254597e-06 2.102747670357234e-06 1.956924182248822e-06 2.1171209978366024e-06 
2.1063867258828945e-06 2.0733475265816892e-06 2.1098993733132786e-06 1.9654621924972885e-06 2.1254186383707612e-06 
2.0962415592983615e-06 2.0647055648458147e-06 2.1000737967691053e-06 1.9557682056048833e-06 2.115063027823533e-06 
2.10149979373915e-06 2.070434528152792e-06 2.1056774951711365e-06 1.9612504127368283e-06 2.1204605885804162e-06 
2.0986841818059176e-06 2.0680561389305505e-06 2.1038920637689403e-06 1.9587971873102773e-06 2.118364596269229e-06 
2.0861183029693787e-06 2.0551308126052372e-06 2.0918138809464517e-06 1.9462231630517194e-06 2.106317469755242e-06 
2.096763484464901e-06 2.063486949949644e-06 2.1024440187160103e-06 1.9562910944560615e-06 2.1176746455223787e-06 
2.099575002718752e-06 2.0664872975871463e-06 2.1063053644347393e-06 1.9594249416463467e-06 2.1213010622884437e-06 
2.099712837464911e-06 2.0666212288874095e-06 2.1064415627094804e-06 1.9595617080630365e-06 2.1214387822172394e-06 
2.0971359914372494e-06 2.064399349379232e-06 2.104378680731311e-06 1.957201148887215e-06 2.119177601222766e-06 
2.104270952298484e-06 2.07105811166251e-06 2.1117161559291794e-06 1.9642838716506395e-06 2.126632253500896e-06 
2.1045842958010446e-06 2.072258523573856e-06 2.11237309010522e-06 1.964914959355948e-06 2.1269518793354515e-06 
2.1034592686341167e-06 2.0707839661060974e-06 2.1122018954744745e-06 1.96394365701824e-06 2.126731254378932e-06 
2.105277234382329e-06 2.0726261490498917e-06 2.114782217684396e-06 1.9659717610439786e-06 2.1291765785707366e-06 
2.1086983632652267e-06 2.07535338833498e-06 2.117097258476205e-06 1.96893569854565e-06 2.1318958935591244e-06 
2.105677776935935e-06 2.0727635639206934e-06 2.115718989480396e-06 1.9664477920885747e-06 2.1301065391136734e-06 
2.108516684122531e-06 2.0751009901118742e-06 2.118757484069361e-06 1.9692203816461826e-06 2.1332698752504876e-06 
2.0994496980144794e-06 2.0653604448903195e-06 2.10897568378499e-06 1.9597710923596964e-06 2.1238187332448577e-06 
2.1016292067216693e-06 2.067784644277433e-06 2.1110654773381614e-06 1.9619939600357792e-06 2.125846826292876e-06 
2.1024127472577226e-06 2.0681649350221257e-06 2.1115841848414612e-06 1.9626082111540087e-06 2.12653695666865e-06 
2.0935769502185847e-06 2.061883554779639e-06 2.1059464331554244e-06 1.9552461602848018e-06 2.1195582641238945e-06 
2.097451107992827e-06 2.0650217140568024e-06 2.109507790097394e-06 1.958860616957274e-06 2.1234041629300624e-06 
2.0907579640151906e-06 2.0586689056625446e-06 2.1032598514526646e-06 1.952355845824017e-06 2.1169737165964816e-06 
2.1015336726755785e-06 2.0711817913369695e-06 2.1151727643977065e-06 1.9639068651341384e-06 2.1281506803265185e-06 
2.1038781319901174e-06 2.074139436104251e-06 2.1175192533155985e-06 1.9664144569392865e-06 2.1303038427527517e-06 
2.1022681671217402e-06 2.0723544878313455e-06 2.1157163537883076e-06 1.9647034521648413e-06 2.128588148603196e-06 
2.1051887370593807e-06 2.0756469030957216e-06 2.119024521528355e-06 1.967831482077681e-06 2.1317146836376933e-06 
2.1052419576301123e-06 2.0756761048748584e-06 2.1190216981483393e-06 1.967863538964153e-06 2.1317287988184417e-06 
2.1057100859199456e-06 2.075568435986778e-06 2.1196299054566744e-06 1.9682237379238822e-06 2.1324951593512026e-06 
2.0971502697395783e-06 2.0670511410438164e-06 2.1118967321665835e-06 1.95987800719385e-06 2.1246094022950766e-06 
2.1002123662577208e-06 2.068402366360719e-06 2.1137151958334325e-06 1.9621769836598277e-06 2.1271748559033137e-06 
2.100563763747511e-06 2.0695524481169464e-06 2.11467746245326e-06 1.962896832799474e-06 2.127783574150009e-06 
2.1023550273268535e-06 2.0710307943538042e-06 2.1163236280417356e-06 1.9645743617723707e-06 2.1295527316423166e-06 
2.0924742294097876e-06 2.0624001827366095e-06 2.108131004926472e-06 1.9554467555437683e-06 2.120683015334478e-06 
2.0952671506019606e-06 2.063139090840449e-06 2.1096175107703416e-06 1.957372442019206e-06 2.1230346310306967e-06 
2.0894435636288504e-06 2.056342855370814e-06 2.1033203078280576e-06 1.9511624086153115e-06 2.117121697971327e-06 
2.1100966049706564e-06 2.0757578726795734e-06 2.1228649728953537e-06 1.971259316820069e-06 2.1372439580897864e-06 
2.1096767650717502e-06 2.074821310179169e-06 2.1215833231673656e-06 1.9704755836220467e-06 2.1362692014136165e-06 
2.1079884062789094e-06 2.073677228976842e-06 2.1205011280864915e-06 1.9690822186593406e-06 2.1349140798132347e-06 
2.099772247458208e-06 2.066673146304916e-06 2.1152342863243117e-06 1.961960424808067e-06 2.128770665026593e-06 
2.10264951811802e-06 2.0698449910376065e-06 2.1181364702007795e-06 1.964923967916145e-06 2.1315765851356186e-06 
2.0973733277430503e-06 2.0640914017995766e-06 2.112931495559909e-06 1.959537916237198e-06 2.1265087931113437e-06 
2.1053436160271807e-06 2.072646310227182e-06 2.121089828245967e-06 1.967724080785148e-06 2.1344531639911968e-06 
2.104674574295165e-06 2.0720261604632544e-06 2.1202554523841655e-06 1.967018780202078e-06 2.1336310698127486e-06 
2.114053167681701e-06 2.0799244803841752e-06 2.12750418888326e-06 1.9754657503869852e-06 2.1417031767852155e-06 
2.1190352935111327e-06 2.0847990554106763e-06 2.132166876991387e-06 1.980345950936933e-06 2.1464539198275143e-06 
2.115214452176519e-06 2.080898190061713e-06 2.128965146631163e-06 1.9766674766913384e-06 2.143172882735314e-06 
2.1137489523105717e-06 2.0805144204330532e-06 2.127632957018827e-06 1.975499637184121e-06 2.141478410343282e-06 
2.1151743422838085e-06 2.081629399390797e-06 2.1290471364986057e-06 1.976849374218749e-06 2.1429921773331334e-06 
2.115943373368689e-06 2.083108759163549e-06 2.1298564466382198e-06 1.9778062269250784e-06 2.143571633469269e-06 
2.1103822457946626e-06 2.076891344350119e-06 2.124953635063841e-06 1.9722526111471147e-06 2.1387638714168843e-06 
2.109724777840794e-06 2.076225184859151e-06 2.124401682295534e-06 1.9716208219575614e-06 2.1381968559553374e-06 
2.1142811146439624e-06 2.08077378914384e-06 2.127851940559826e-06 1.9758795431920677e-06 2.141835692409451e-06 
2.1177175267084168e-06 2.0845940486794245e-06 2.1308595085204953e-06 1.9793013053451086e-06 2.1447949724554515e-06 
2.115674373050112e-06 2.0811386047436468e-06 2.128453492314031e-06 1.9768061300136955e-06 2.142893304676535e-06 
2.1231734514944104e-06 2.0907058561682667e-06 2.1352133846060734e-06 1.9846348169537783e-06 2.149127798792055e-06 
2.1099429371301175e-06 2.076582947376258e-06 2.120535907409454e-06 1.9707581371006583e-06 2.1349719390096315e-06 
2.116333435003662e-06 2.0835262696775712e-06 2.1263025998714975e-06 1.9771388468895262e-06 2.1406697893755525e-06 
2.1098899473444014e-06 2.0775614713180735e-06 2.120645194154754e-06 1.97100857646521e-06 2.134729208348063e-06 
2.1110518819089894e-06 2.0787794693429673e-06 2.1217820457369006e-06 1.972181058975037e-06 2.135852734669194e-06 
2.111090232041095e-06 2.0788330716647948e-06 2.1218439850204126e-06 1.9722296445354874e-06 2.1359059254142185e-06 
2.121978051439207e-06 2.089167357730168e-06 2.1321755786892513e-06 1.982857324522776e-06 2.1465063371157315e-06 
2.13381621712851e-06 2.100435540993364e-06 2.143731076354717e-06 1.9945063781523386e-06 2.158290160823703e-06 
2.1286740549321794e-06 2.095254078689977e-06 2.138059526168594e-06 1.9892015121772653e-06 2.1527190174904414e-06 
2.128329653032624e-06 2.0949262524775292e-06 2.137840336716515e-06 1.9888934407843255e-06 2.15247359646871e-06 
2.1282471285609633e-06 2.0948391508175356e-06 2.137727832567716e-06 1.9888016444473697e-06 2.1523675446508312e-06 
2.1222782243774537e-06 2.0893646892315335e-06 2.1316903142441264e-06 1.982924996655051e-06 2.1461849867763335e-06 
2.109694260977324e-06 2.0769906027294497e-06 2.119401743425612e-06 1.970439986902858e-06 2.1337793143991164e-06 
2.1186832282193755e-06 2.085964972401398e-06 2.1282217982708734e-06 1.979403796152065e-06 2.142633321238079e-06 
2.123846598919798e-06 2.0911206565767995e-06 2.1331529454750293e-06 1.9845173886941712e-06 2.1476063667414617e-06 
2.1215791927225056e-06 2.0893047131114065e-06 2.1311767605940924e-06 1.982435886917092e-06 2.145438844521384e-06 
2.1219765073284923e-06 2.089577041184412e-06 2.1314665166806222e-06 1.982774054255663e-06 2.145786051663555e-06 
2.1207780076163563e-06 2.089408868589066e-06 2.130968542343334e-06 1.982020509265788e-06 2.1448458252923885e-06 
2.1309866301453487e-06 2.1010128218937694e-06 2.142387055512387e-06 1.9929337229881767e-06 2.155623015677358e-06 
2.133939639592832e-06 2.104239437018558e-06 2.145784130244864e-06 1.996082406994138e-06 2.1588599155767733e-06 
2.138421166867791e-06 2.107705705651205e-06 2.1476455914143498e-06 1.999626028282225e-06 2.1614798130716792e-06 
2.136911114037658e-06 2.107083230118679e-06 2.1469298236655803e-06 1.998549868957005e-06 2.1603508606892702e-06 
2.133812328974855e-06 2.103314701830391e-06 2.1420680974744193e-06 1.9948139701813764e-06 2.1559946189767695e-06 
2.136478619289255e-06 2.1046086656091735e-06 2.143052851168026e-06 1.996699822423819e-06 2.157694196268479e-06 
2.1344736283010297e-06 2.1023845186212783e-06 2.140953619571588e-06 1.994608624210395e-06 2.1556797578519814e-06 
2.1241306783924204e-06 2.0909437358615923e-06 2.1293628285413597e-06 1.9836390353080072e-06 2.1446432665570082e-06 
2.124383545195774e-06 2.0916636942272327e-06 2.128829794302144e-06 1.983819125936563e-06 2.1440940029210763e-06 
2.0995545250856506e-06 2.067547356107307e-06 2.1050531842572583e-06 1.9593756400810454e-06 2.119913554518638e-06 
2.08762258768851e-06 2.054527461538517e-06 2.0935098114732746e-06 1.947225580459369e-06 2.1086475314174934e-06 
2.0873326585842782e-06 2.054912912332457e-06 2.0931915880407284e-06 1.947103782029581e-06 2.1081207533116272e-06 
2.0862085353857835e-06 2.0537864699195153e-06 2.092004077324746e-06 1.9459601837532174e-06 2.1069444451674363e-06 
2.0818105894911134e-06 2.048623476047509e-06 2.087901077005138e-06 1.941425838195349e-06 2.103033133077261e-06 
2.0820427412239704e-06 2.04871091197784e-06 2.087849724174379e-06 1.9415494194069445e-06 2.1030749227640522e-06 
2.091457191231794e-06 2.058750613697067e-06 2.0970747563860447e-06 1.9511035322414814e-06 2.1121353423320845e-06 
2.1036005832760643e-06 2.072744765068442e-06 2.1094385778092656e-06 1.9638214564240104e-06 2.1238785985502103e-06 
2.1031485170031513e-06 2.0714948496011527e-06 2.1086054780309482e-06 1.963061848222713e-06 2.1233614347840246e-06 
2.102087180087754e-06 2.0703216680194184e-06 2.107387086692421e-06 1.9619291470395024e-06 2.1222045255315623e-06 
2.1022079835834518e-06 2.070414697835252e-06 2.107489127244939e-06 1.962038258834191e-06 2.1223184954371616e-06 
2.1141901466634827e-06 2.082128630195372e-06 2.120617635246936e-06 1.9742677199116474e-06 2.1353416077979736e-06 
2.1247028868502994e-06 2.093424378053874e-06 2.1317575743701167e-06 1.985171053119817e-06 2.146130462787231e-06 
2.119917602752496e-06 2.0885361637179006e-06 2.125685624339399e-06 1.9800234424793836e-06 2.1403053333228287e-06 
2.1201435080331885e-06 2.0908106802223463e-06 2.1270470218391957e-06 1.9810791844482438e-06 2.1408289444473074e-06 
2.127478894066762e-06 2.0979035947774013e-06 2.134738196560989e-06 1.9884571663257375e-06 2.1485383678702004e-06 
2.1279711632652584e-06 2.0961122493084123e-06 2.1335896847235517e-06 1.987933985049333e-06 2.1483862246986968e-06 
2.124430316400585e-06 2.0926095176442374e-06 2.1295433302620914e-06 1.9842684848044325e-06 2.144411841461802e-06 
2.124432433580047e-06 2.092658189257201e-06 2.1296192485225603e-06 1.9843012349163027e-06 2.1444607118710563e-06 
2.1207142646819318e-06 2.0891494604784723e-06 2.126080689368546e-06 1.9806736648403593e-06 2.1408255223592956e-06 
2.1204666119486684e-06 2.0888960616826476e-06 2.125833211103103e-06 1.9804239033880314e-06 2.1405798067267476e-06 
2.119181438002486e-06 2.0876846421432743e-06 2.124707704609806e-06 1.979194671955393e-06 2.1394041805885898e-06 
2.1165577865892543e-06 2.085129499021949e-06 2.1225759621054036e-06 1.9767051147188872e-06 2.1371683762864688e-06 
2.1106943393462386e-06 2.078824455279157e-06 2.1167038387203106e-06 1.970708090431268e-06 2.131436694031648e-06 
2.1097518733803702e-06 2.07781438831816e-06 2.115620356299519e-06 1.9697100892722394e-06 2.130398033030234e-06 
2.109619914866132e-06 2.07766573680495e-06 2.1154503387064174e-06 1.9695638715894003e-06 2.1302396353258983e-06 
2.0970593589171715e-06 2.0657861872925895e-06 2.102713662434642e-06 1.9571067352797947e-06 2.1173156782966216e-06 
2.0970532353782537e-06 2.0660583773273678e-06 2.103016933392157e-06 1.957251448623341e-06 2.1174792720032346e-06 
2.0983168435094227e-06 2.0665415395991433e-06 2.104357398070732e-06 1.9583312943578576e-06 2.1190538156888208e-06 
2.0955392506574563e-06 2.0652915398182248e-06 2.1029549133952496e-06 1.956295707471523e-06 2.116938488454014e-06 
2.0906260076281625e-06 2.0615282433715588e-06 2.1000346554661725e-06 1.952181092497894e-06 2.113321655969594e-06 
2.0953537358894658e-06 2.0648537490496795e-06 2.1032380630996595e-06 1.956161653112428e-06 2.117223180838995e-06 
2.0927693240576976e-06 2.0619567355397592e-06 2.1004468235982856e-06 1.9534356335544366e-06 2.114564987247275e-06 
2.092691582137292e-06 2.0618778224535374e-06 2.1003754992987028e-06 1.9533590100711313e-06 2.114492953040659e-06 
2.089512673803867e-06 2.0596253493741773e-06 2.099075557392032e-06 1.95089625018358e-06 2.1125862814783013e-06 
2.0938854535330874e-06 2.065351171637167e-06 2.103330337257976e-06 1.9556081005814014e-06 2.1164334031667117e-06 
2.101769989652779e-06 2.0722207894772427e-06 2.110136240330575e-06 1.962968538090272e-06 2.1237409980580005e-06 
2.1003660694676417e-06 2.0713244340483943e-06 2.1087027642190526e-06 1.961688607040347e-06 2.1221517024611918e-06 
2.1019423286503137e-06 2.0726388279964087e-06 2.109630611754321e-06 1.9630354685429325e-06 2.1232706496296705e-06 
2.091996568216933e-06 2.063431787270785e-06 2.0996130310324627e-06 1.953244008905499e-06 2.113030111037723e-06 
2.08670184807459e-06 2.0577681342522717e-06 2.0938495270608614e-06 1.947718975692526e-06 2.1074609960800587e-06 
2.0872851379565286e-06 2.0585926878891905e-06 2.094764093203594e-06 1.9484514319998264e-06 2.1082440323887323e-06 
2.076008444740523e-06 2.0473559763918638e-06 2.0835218867008834e-06 1.9371642505067874e-06 2.0969822673378253e-06 
2.0723534887001694e-06 2.044284124611886e-06 2.080741794047153e-06 1.933875956475479e-06 2.093871448083262e-06 
2.0725949636982502e-06 2.0441481830557564e-06 2.080347449099793e-06 1.9338568526957914e-06 2.0937025281296983e-06 
2.049812948557865e-06 2.0208726743685565e-06 2.0586575321199547e-06 1.911156574263321e-06 2.071984357124238e-06 
2.0420166365029376e-06 2.0130828670874943e-06 2.051629446255754e-06 1.9035368554739027e-06 2.0648252307254777e-06 
2.033165603844733e-06 2.0047658705640747e-06 2.042740350367264e-06 1.8947935068093925e-06 2.0557726854683654e-06 
2.038700609503604e-06 2.0100009479937327e-06 2.0500132333860263e-06 1.9007136221926677e-06 2.0628511242495252e-06 
