-63.86744240407463 89.953581270184 620.6684772565661 
-64.06354443749962 88.75423773225744 619.1382679356515 
-64.24076357216003 89.3233131512185 618.7523908110188 
-68.3115033285786 86.97207775600535 622.6525997898115 
-69.16645561614719 81.16151928250608 623.159510805413 
-67.57424848372584 79.59596234335875 623.7635400156163 
-71.06443019023207 77.00405655649641 618.9972292885623 
-69.25762494460835 81.35791072328882 623.9028607225143 
-68.74260762128192 81.65286312998899 626.6313659244353 
-68.15141033044205 80.95638249200846 624.8427655694725 
-74.50340825249789 80.63202024958036 627.8897823893004 
-74.45327658543975 79.90500066500054 627.7237976740812 
-73.80363963068345 81.16354540775083 627.046254136082 
-71.98795511937242 80.87963294552061 626.3225326056155 
-71.05650311740868 80.44507986009967 626.1711316234417 
-72.85629773992322 81.27798464799746 626.6138187721837 
-73.25119835487206 82.54516051579837 626.6555538386867 
-74.86878294163589 86.18934758633932 627.8572869543237 
-74.7141181433684 86.05163547274692 627.3023041525762 
-76.0174129725463 85.68088454115023 626.182334074965 
-72.79337373052013 86.83972291209024 626.3633751330271 
-71.84638274942047 87.10267596872856 627.096574943054 
-72.20597220588513 87.41552252914805 626.687454392523 
-72.88585386542024 86.95328770595219 626.7255245360059 
-72.27060463014976 88.19803028898522 626.4205804974904 
-73.36473871242788 87.92193154857617 626.0982856703337 
-71.5469074750091 88.99424056639674 626.6560496604204 
-70.55578299966828 89.62546360450557 628.1917269063327 
-67.67736658589357 88.1899312500733 631.0001938309773 
-66.46231843829358 86.8500914266315 626.6986143361756 
-68.43231163528428 81.8605594471857 624.8890857391791 
-68.50872606157397 82.10404289041644 626.8795294630937 
-71.47753323107511 78.72838487538083 624.4359562617818 
-74.25000764680917 78.13993799766604 623.8880841597553 
-75.17020588329808 72.34095619074569 625.8061551701658 
-75.55115696653347 71.84533993064986 625.2569969716272 
-76.93968411881883 74.1206958638272 622.752359233301 
-75.41943123960606 70.93813924000123 621.7725110673578 
-75.35663598951156 71.17500272748352 621.6902583233156 
-75.4821746192425 67.40555249167775 624.1253759428499 
-73.0795698127452 68.20216038006424 623.9530394853015 
-72.13549577780769 68.04298408109878 624.4333416477134 
-70.50411238421142 67.1074138329712 624.5290764144353 
-72.04554759961464 72.26278853009407 625.1306638366252 
-65.41898743769887 70.93466100308115 624.7726953864416 
-65.16430083963495 71.67372806034182 623.6449047275185 
-65.18335543477824 71.65652986924218 623.6334994701518 
-65.65603452680695 71.14363482056608 623.6908798597929 
-65.47831472777935 68.21261346312576 624.1187129680402 
-63.987619832079986 66.01076894459979 628.1114134228242 
-61.92108596098189 66.08349898117261 628.3593463141244 
-60.98335278865155 65.2441855584911 628.0376570825623 
-60.80418069332202 65.27676073522751 628.1335913825042 
-60.81793847180531 61.871760300562514 622.0285551400223 
-61.750697818323786 56.34811344166978 616.5861077962302 
-61.70725673835035 54.758311643651304 615.7954845612301 
-61.43924237067712 57.200299224344334 616.2482350240477 
-61.36998748476675 56.20253902316307 614.995213725327 
-59.60665997848187 56.66436567458435 612.5833378020722 
-57.95762240849035 54.204804143307584 610.582533838808 
-60.378090926724774 57.815762220384 608.1697009971683 
-60.81541397421703 56.84952015446209 608.847291034782 
-65.60093819332744 54.8014589499533 606.6614797638615 
-65.90513997537845 55.914331302303594 603.6512811590802 
-65.88444259681452 58.79412894801621 600.8943657310356 
-66.26290822343289 59.453889102164325 601.9858750469614 
-64.45911112471697 59.05295426159056 600.452095531043 
-65.50156940942622 58.78794231077342 600.5812200646753 
-67.8059332581327 61.375712149668836 598.5421185542718 
-66.5349923345997 64.59746459005918 594.0718499908033 
-66.41156455068393 64.69532838914972 593.8925405457265 
-66.75324166462813 66.83673548988915 593.9019300780485 
-67.28037197825631 65.94785245987988 593.6925496645608 
-68.09871975273857 66.87091307827647 594.0265732948905 
-66.49542803608269 69.51165720085177 593.2105824601573 
-64.5079231366012 69.26564481792516 593.4534346074031 
-62.61486868320999 69.25910951502416 591.6149262434368 
-62.5595097626533 69.25647821148816 591.1359470955707 
-60.989040021870196 70.06676537191318 595.2707462827694 
-65.21574905189482 70.68809184728984 591.9613837941434 
-64.77348485167504 70.7896667379707 592.4329204700068 
-65.47262279931266 73.74313534430834 589.807771450446 
-65.12422625287768 72.57001570924355 587.7467939328075 
-65.9412032230705 70.87414277353984 585.5923495772147 
-65.78973794964847 70.91074972930826 585.6039015468731 
-65.74516972770513 71.40821578251924 585.7172862052612 
-63.099633954626874 72.41237609108106 584.5679462844942 
-61.98503536230141 71.87649335160296 583.82916085462 
-61.64692569470783 71.78394206670026 583.9281332220378 
-61.31065712289591 74.42247860443007 579.8440661340647 
-60.8872445401694 74.2870533519412 574.0504429338321 
-54.5627124924254 72.06604924491647 573.0609967650724 
-52.34380780256181 71.91611344422182 570.305959898856 
-49.8225122260571 70.4990064037343 569.589978384747 
-50.124313736322385 70.20284056314823 569.4566130074903 
-49.27524134093424 71.13761134843446 565.98596710874 
-49.22986233449621 71.20269270845739 565.864393991306 
-49.61544136643068 70.98709460540319 564.3351186566252 
-55.110540327867355 68.75894789530291 569.8708446256898 
-55.025778752791354 68.66140472974801 569.7659209137612 
-51.66184257884902 71.9135577573996 573.8893430609668 
-52.10152961332326 72.16090034115673 565.5773706746643 
-52.511869671766746 70.65353682193923 566.4147733475937 
-52.56104936128866 70.65721424425793 566.4203782386808 
-51.101816162365566 70.0047562765498 566.9948623700802 
-54.61839028049927 72.21251226914387 572.1296400176958 
-53.350784254464905 70.1518498262698 572.1387185380752 
-51.89228139613203 67.42594933681515 575.027920659961 
-52.069380333311514 68.22970634617974 575.1492982872991 
-53.18685828331576 67.48713900945653 575.7783281150859 
-53.844372984907615 68.15839117100506 575.7038517997001 
-55.44922962509235 67.36421450327185 574.1279862701906 
-55.06342164008072 67.42682715929307 573.4749496405198 
-55.86842701364093 67.7765270206301 573.2669289351616 
-57.309583412298075 68.62501728465918 568.3659887175791 
-58.280938116408365 67.48351789243476 570.6380726545767 
-56.374797272629735 65.99818053531297 570.8265092465895 
-56.101200810197795 66.5932975529906 570.587611226185 
-56.164821043910145 67.86643432746789 571.1747599902661 
-54.057252021844825 67.69918494161932 572.963974297248 
-53.18825118973684 65.82150818263192 576.7314418076038 
-51.0541207448137 69.04512860229471 576.6469434500641 
-51.36794426954602 65.18755014670153 581.3475846308528 
-51.12134261314748 69.22445604249287 578.470798080439 
-50.36694984735531 63.33330331380864 577.4480210500758 
-52.31522859133445 64.13776830443558 583.0279495680908 
-54.490064958408844 62.916753230543414 579.2298364306163 
-53.597795666050374 62.54247880132174 578.4147386151255 
-55.18603369805757 64.83099374355338 576.0659517545622 
-55.19616047740329 64.71554111924347 576.0721295743822 
-55.441308417670335 64.5345053290078 575.675981236902 
-55.086022016660394 64.01617959401533 575.6582527210197 
-54.99155535929964 64.74630951039941 575.7093539968981 
-54.95514288858475 64.72778727064993 575.6471227826956 
-54.92288819786289 64.7777802685927 575.4951742163648 
-57.27609366109209 65.26281617474663 576.9594078962898 
-57.43461468374962 65.36791019957417 576.9523594825515 
-57.054828139189425 67.59348885991352 575.3117820632871 
-56.3240921589208 68.25789710923577 575.2341056953975 
-56.31907552586258 67.96259452420746 576.0212297730053 
-57.99579655734072 64.70557541072645 575.8126595200852 
-60.51186956381205 65.9147878332821 576.4773302517256 
-60.933779164704134 65.99841065148028 576.0899741490942 
-60.5166797653458 64.37886214241522 572.5602716324863 
-60.34527238461813 64.92009264876341 572.420025257524 
-60.34397621529816 64.89096013473855 573.4626862005337 
-60.33346141849667 65.03774082397389 573.2986719034915 
-61.895387303255916 64.85441283883893 575.1875574377874 
-65.96495052368914 64.12735391120198 574.4392487086036 
-65.85944823033948 63.51800836093987 570.6329165770665 
-68.23736487110371 62.96165636670319 567.1326180615818 
-68.39604920334438 62.96611970675571 567.0763611572148 
-69.17022452482124 66.62907687219857 567.637162976083 
-71.08739224130782 64.05895471279837 567.983399231848 
-71.20293596883879 63.810799335284926 567.5354213060511 
-70.76255705357505 65.05804245165399 568.973265840776 
-71.74863283125798 64.45038848321961 568.9518897953319 
-71.18612647758306 64.5396466002797 569.1005179890265 
-71.39485143793999 64.17089555587378 570.388944367657 
-70.46820036907427 64.369353370313 570.7704066111049 
-70.8487586908673 64.56349479102238 571.043199952889 
-70.42364074142804 65.89194993566343 569.5831661516481 
-74.40950505857461 67.52090858354282 574.2437251513561 
-77.9447955519243 68.23825157828357 574.1028863358605 
-77.85361246580476 68.2087357627262 575.5333176339088 
-78.4080908711494 67.63332177068818 576.127482465693 
-83.64914766881996 65.7256690441875 581.7095786922908 
-85.68875681665195 64.36245822172188 582.2199548712161 
-86.6892544205015 64.81538937616902 581.7129118717012 
-86.19706031254302 64.05180636636808 579.072405947663 
-86.38957623152325 64.43913644810782 579.8070821461403 
-86.52692848295277 64.59697383956704 578.7908453543256 
-85.87666533854787 61.735309946569004 581.5669773135949 
-86.2356253038425 60.64835583903151 587.158972586133 
-86.25894669984717 60.6551110183048 587.1894293661411 
-84.36561082018699 62.32253297468487 586.7858264319013 
-84.2904291534325 63.644046727656516 586.7530677032589 
-83.5750959026864 63.90352047039257 587.6685396495868 
-82.06192417964371 62.42617862962742 587.3562547933698 
-82.04927930125123 62.445057804084385 587.3652889782223 
-81.26503640424845 65.3211654784924 586.863779611247 
-80.51350385944598 65.802309131586 585.685459990007 
-81.33326570141506 70.26761925784787 580.818230128935 
-82.82845575988023 69.69500901549506 581.3497391220415 
-82.71240835204239 70.18530913747334 580.7984616145992 
-79.275215238111 67.24210955976211 580.1979986798605 
-77.0672935121291 65.9160088227413 577.724736180555 
-75.76137310346131 64.34471153125598 576.241135049983 
-76.32006301126746 64.48546502973095 576.3637976275631 
-75.98458456606312 59.12045833959252 578.762053731759 
-75.66740480631096 58.99983619950763 578.9336297911284 
-78.4091818222974 59.57432353421914 579.4436040182354 
-79.44987586199879 58.73419219162348 580.3786377725813 
-79.72959648303107 59.14937715723625 581.9236969702334 
-80.5040497816553 59.641606009965955 581.9503397713771 
-80.71127472306685 58.527758090260775 584.0614349143304 
-78.74147302323233 56.195508081484206 585.0964719244971 
-83.44546455068833 60.47066151251522 590.344924711408 
-84.25280045580402 59.32925449427836 590.0686110005273 
-84.29029951682439 59.26503743376087 589.9274533295205 
-84.29218175521669 65.37766913477466 583.2191656940839 
-86.37617107762304 66.25422791954729 584.0957290541209 
-87.43166866878288 63.6978999695475 586.2402617428096 
-86.67482465729354 64.0354700253041 587.719910683018 
-83.42596167894921 63.11912190205259 587.6649760870614 
-83.61044853696657 62.777666693578965 587.8052848671626 
-83.3103751393018 63.43008556815539 587.8625834785072 
-80.52418593741754 66.13182274144609 590.4551585709298 
-79.66708535290445 65.54802546118067 590.0900542401733 
-81.75246833511683 65.00019578912892 591.3359671415466 
-77.02192668827175 62.96341186299906 582.7772604535814 
-76.74924112408867 64.16783842068625 587.3203119018259 
-76.80064928233931 62.85004093620303 585.9148745439163 
-75.88977281164672 61.563247178908725 584.6872761994154 
-76.14761745691311 61.957221134481685 584.6097620445674 
-76.03212653545359 61.59803067358688 584.7201380062419 
-76.02927050211008 61.5843376867636 586.4949517186622 
-81.24538856271876 63.5594034978264 586.6222188124966 
-82.97307605434337 63.64371331190917 586.9049477976326 
-80.1576964640931 65.62019300337016 585.1311856429742 
-79.34058781364018 63.776264029607276 580.4147042045025 
-79.20566907044146 59.792918863467065 584.8164553782092 
-79.78488231887708 58.37574368292788 583.6351411981751 
-80.51744491347227 55.3990358196026 584.4943308701974 
-80.48932506073545 55.403846973433794 584.3834774686528 
-80.68303815885588 56.340149770629885 585.4911673927048 
-80.72516075573553 56.15632283165216 585.6292998022532 
-80.27378654356365 58.197850735987736 584.9896427432033 
-79.6682876801695 57.78046760566216 585.0902883281007 
-80.04462083712617 57.82500083782771 585.598393247772 
-81.41224249781637 58.089082088007885 582.567422332604 
-78.19449719479269 58.45591214321511 582.0721712239762 
-78.16613353108089 58.51660264366687 581.9916034526753 
-76.37030064017974 57.1899022813834 582.4307014588915 
-75.77874557011268 57.46932886248617 582.8452221895551 
-71.2793863479961 54.722583083228514 582.9934231291143 
-65.49208524466906 52.317352554027714 578.4562753399703 
-67.1930384270123 50.529826971518446 579.0452218837773 
-69.23664970628319 50.36864242123415 578.7412507204967 
-64.27685532638452 51.05013825065865 576.5466994749131 
-63.51113284786306 50.88238726606755 576.5610222039656 
-63.795520173890466 55.87190006371583 575.7068768919256 
-63.11779220970153 55.262936124417486 575.9927776685557 
-65.14382465191088 58.012409245697846 573.5847234135058 
-62.804109589809606 59.62182653589906 571.0341504355209 
-61.47492957158119 63.91062180345982 571.28951963453 
-63.58802560157682 64.37732046439412 569.8236954166879 
-63.684595985303936 64.45717378178335 570.0804738582015 
-63.72156341398345 64.53180228109046 570.0106138929648 
-61.61777243068465 60.863059311961564 573.9465693362229 
-63.05200639319046 58.63300526351803 576.7311812695864 
-61.70525411896069 61.47968020879649 573.804769096321 
-61.93460868868952 61.37553962908471 574.4815262751034 
-62.6849207715561 59.66200043675775 576.7681433637832 
-64.07398071533716 59.524876733422474 577.0046129564888 
-67.8363805571411 57.998846357311514 575.9346024559586 
-66.98368047198791 57.978715378949225 576.096445540675 
-66.65898383340593 58.2768898056342 575.9766860724253 
-62.507401298409405 57.85629460927397 579.2905552773931 
-63.555174674963595 57.96810875028684 580.1929135886543 
-65.14220412462159 60.969091074967274 582.0459142176666 
-69.63059179242757 59.20463675624412 581.3585188061911 
-68.20466257583922 59.33280161334538 577.5191387417868 
-67.43439738659563 57.45566855837651 577.9804839139107 
-66.32551678500789 59.82038562212665 579.6160339142347 
-66.01737258691185 58.98115361393572 574.6227366348435 
-65.9007004953499 58.79148614920929 574.6617123054209 
-67.09059785747023 60.2457931018422 572.8272125007637 
-65.12462929729867 57.66870069105201 575.6356280662336 
-61.79422349135481 59.60711373806574 576.6968314515158 
-53.83396685662187 61.265396515202866 575.8139836866391 
-56.66743917486059 56.10976041411791 578.3333394488205 
-59.46332491006214 51.97607336870108 579.232376437461 
-61.272194895465255 50.236116193631375 579.6127898109833 
-64.32509512789629 56.38300001044838 586.7979390521547 
-65.96447537296831 51.6981723886687 586.6551536738755 
-69.60542006770001 52.30353308475514 587.0962911333619 
-69.50293305672379 52.713732951077745 586.1118591464646 
-66.86936175859952 52.64817235548491 588.4377295422563 
-66.86490851530293 52.58932593911123 588.5186637652855 
-67.58368803237263 53.010986714431276 588.2446976761314 
-68.53696156582386 53.9988249001109 590.1560013774397 
-65.50586717379944 55.22533687682514 590.2184287757938 
-66.30284580785414 56.025593512508735 589.3903388783906 
-66.28381867596133 55.739932433381064 589.892285056437 
-66.46240188977119 55.700275824520304 589.8490738974064 
-66.39312389712305 53.84579201993585 589.0301445559305 
-71.67878951249972 55.907280644292385 582.9759869686839 
-71.65977793798857 55.57054894006596 582.8581018225666 
-75.9263062570829 54.97165490304896 580.7619796289872 
-83.40538893822662 42.7851081437245 582.5012996880415 
-83.76034304124946 42.99259837112399 582.2608881978142 
-85.9512099692407 44.07612991374296 583.8022823862933 
-84.86580210942826 42.879951878217106 586.2703209359929 
-89.11671187066324 40.23812822041701 587.1551741638013 
-91.49931953255498 37.295271543670964 582.4641567313804 
-91.71596659886437 37.11674084361923 583.1281233924109 
-90.13521388788047 36.61143879751328 583.6399386158486 
-90.16435677180638 36.700086737977834 583.8705125587402 
-87.58964936953664 33.743566027023505 589.0733320417368 
-88.23853700606907 33.72525376817538 588.9976418941224 
-90.39828595590284 32.32153082014843 591.0368906435489 
-86.37834921939692 30.75236174932718 588.6850179423428 
-86.03959896521252 32.09249277704799 589.9350319165371 
-85.78927170469923 31.44469904420011 589.1225346388449 
-85.48555126784666 30.245354207157717 588.3071496906214 
-85.45284961833798 31.66968346888531 588.8882987263493 
-86.44691795841213 31.764810283163733 593.0758570094922 
-84.68842046073827 32.00749245410329 595.2082503346367 
-83.98298727760707 31.954436308145947 594.5037538902006 
-87.29049771023276 33.84475203469358 598.2048125882088 
-86.86483265485147 33.82567497351194 597.5007683151136 
-88.65793766793395 31.84297211047859 598.3912342138332 
-88.4837340370276 32.222807329744704 602.8146122797729 
-89.34815693937965 31.02090998202837 603.0299695476822 
-82.32493081228345 33.48926296130206 602.9316720452073 
-83.06508597030664 36.48551928550498 602.1571085391595 
-79.05925310457013 34.80141895733382 601.2063409239037 
-75.67031475609411 34.19278992380643 601.939431808144 
-75.13445900900156 34.881412657146626 601.3128529178197 
-73.06342867531895 31.798831257961528 600.4734910069823 
-74.11828534205233 32.71002210312645 595.6519514314394 
-74.40604027698515 29.963492450907964 596.5326808252992 
-73.36613526523716 31.143868379870458 594.8500497799282 
-72.67540063204973 34.36186421645503 598.119299779129 
-72.28161931561388 34.16969240492384 596.512679449309 
-67.8181109050929 34.43584322508686 594.8489812801135 
-67.80310628042069 34.265600420419666 594.6114753706228 
-69.0287652521051 36.18552587104351 595.2666696840959 
-70.14863975362368 36.11423768398732 597.1431175731356 
-69.53250938354695 35.88752712463521 597.2199480402295 
-70.05619003116703 35.62940032505634 595.0077247082173 
-69.62274412116159 33.72149934163171 596.48421263129 
-70.74414198083068 30.87691908423981 593.3511941516341 
-70.75525097700829 30.84978339729368 593.3615132632617 
-73.34626808606589 30.369080202730732 594.664235212531 
-75.3317403052484 29.098474977344196 597.7443007150326 
-77.2148725144709 28.02767364243048 598.638620652227 
-77.22437783352295 27.03867119287464 598.3622567996854 
-76.70944521460213 31.414857944290226 605.1649594574726 
-79.61835490602061 33.14741748656161 603.657331002105 
-79.4748034022853 33.4227014406852 603.8016873019604 
-79.45048147819378 33.39004974105092 603.7685470448748 
-80.14547180690201 36.42170903485407 605.3242828257635 
-78.18902342707308 33.05771474453425 610.1484442771649 
-76.2305991521315 30.737802554255364 609.9796143514772 
-75.40384453003826 32.159534081228536 607.5036572221338 
-76.84586052661953 35.41168588604442 609.9018611665376 
-77.91754854732419 37.212791592796194 613.7842867263223 
-79.5106176105176 36.94201361988932 614.6690789573034 
-79.58450531073849 37.13365670804535 614.982293993614 
-78.09737496153855 39.76519724637867 612.8589206886321 
-78.19026852312425 40.49153985131693 612.9896840278025 
-76.97377860211887 39.38138211825023 614.6268983229728 
-76.28465504332341 40.309557004909195 615.9325193843913 
-76.042802287528 43.12035883295827 614.6963661598695 
-77.24003460073502 42.838954226410415 618.513420050617 
-77.1324655682047 42.03485028631897 618.5393510639001 
-77.09735791705782 42.59762642620881 618.4157564445674 
-78.11554388244579 40.5982983907876 616.1562039981173 
-80.27201558928701 44.788735591540444 620.1689227030558 
-81.20466333890855 45.408362121241765 620.5729138749308 
-85.7935825861743 42.57241091186821 621.1986069846417 
-85.41051706337235 43.6955179144535 621.153309258776 
-84.50598339203424 43.992696688246006 619.9456049388623 
-84.96353198074382 44.22450759786592 619.5809961430795 
-85.07110481764894 43.79845460515438 619.8174286547289 
-82.6181206586392 44.803933029490636 615.2573482469201 
-82.02655374487078 41.39822279464892 619.4314659896771 
-81.87557655994087 47.89753688238836 621.5454264282926 
-78.40048410973304 45.68505302073428 619.2605000425399 
-78.2429955013775 44.773085814167914 621.0162389108971 
-79.50760541215142 42.676174874342 620.2580795567688 
-81.08762981604227 42.05784172988392 616.2681986667848 
-87.32235714010295 44.56926542808329 618.228951428918 
-89.5068624332346 42.79483639390989 618.9821610067581 
-89.51905040962735 42.803772199837226 619.0212154193982 
-89.74259800750765 41.60030370197522 618.3563827147134 
-91.77374514435056 41.886809381551735 620.1721927488004 
-90.35435077638908 40.4603375765897 620.688050727825 
-93.5137521773461 39.30175991536614 619.971667305862 
-95.39096626578868 38.11239103390191 620.3627547137947 
-94.63741868084107 40.60173905265841 621.2197326259709 
-97.38823830526647 37.54338835003921 620.2130519917 
-99.29727177132271 37.77960847635429 620.7190668885524 
-98.83254680868718 39.4341977287026 617.8081160716301 
-98.09775890079491 39.363898216979706 618.615551226706 
-98.52246562556078 40.196636891027694 618.6733613894966 
-99.33203430551262 32.502370536299765 616.7752842392208 
-100.64199974524311 33.781084489150096 617.5764139960875 
-100.51789455409383 32.65559290751301 615.680187967623 
-99.38751065900868 29.264220890458816 619.5768499296142 
-97.93884739425116 28.669009312546553 620.6164377943991 
-97.83831967305464 29.13024584348274 620.0896072956731 
-97.97296205505053 28.178931087091684 621.065980433354 
-97.90046254191068 28.29180345750349 621.0824722923273 
-99.74029945335917 28.658313943673008 620.8612254594555 
-101.2155972662019 27.226810042647717 618.1322642379034 
-102.7151292706845 30.93016659412403 618.3823302563522 
-102.17906812688824 29.17309118061452 618.7879590131262 
-102.71697471890354 29.736284449000156 619.1754909036806 
-103.12332194138102 25.730156894821977 616.5128181281929 
-105.32913533080783 29.863486692840457 616.5020685966988 
-106.34674907155137 31.506682337876875 614.3317135431307 
-107.91094914258672 34.76021806184943 619.99218119169 
-107.10816386462874 36.63153295632711 619.7864247881708 
-107.10394658691257 35.10503533731919 619.4560889410644 
-110.74927388171781 29.148222878068044 616.9244279458521 
-110.21551796422654 28.845452439801505 617.9474207423584 
-111.31700243763393 29.15369924658565 616.0742988312265 
-110.7212401763185 28.359680391552025 618.7304844645907 
-110.1560445255996 28.563184321515564 618.6128309011112 
-109.2539061813491 33.526240259092276 621.098642100806 
-109.01585428741355 34.20685137278705 622.594672340292 
-110.53261916664187 33.25828261427231 621.2394830006255 
-108.00106666891452 31.93508223633625 621.4327216526448 
-108.84750718123635 32.28481410978308 621.6678205338354 
-107.16097388027279 31.511880508950128 622.3153446107765 
-110.15937088520569 31.06832730428359 620.0824911253485 
-110.40377954604371 30.90280997926356 619.8517946342197 
-107.96345956726371 32.71194414934978 621.5125335460557 
-106.10737530928748 33.045241493599086 622.8795679319002 
-108.74167720083562 35.02038062285413 621.5161191298467 
-101.99240410406037 34.19504772581414 625.1732420270769 
-100.08396699937974 37.19185931322182 621.0906794164524 
-97.4539582377586 37.71129426158995 623.447508996498 
-97.83235807780484 35.893948983351436 621.6318332309725 
-97.68379029239873 35.89351184593687 622.0139101157387 
-97.70409204530259 35.8415489333708 622.0285012650892 
-98.29595181104116 37.44035718798789 625.0656215316363 
-99.65221261459507 38.65083920790201 628.3072026097074 
-98.1998160416175 39.44950796067635 626.8824459374297 
-98.44819674839125 39.22874855529529 626.7617787031626 
-98.3823031990422 39.279590197612826 626.7414646690363 
-96.64939818990305 38.790347963010795 625.2725680218824 
-96.22968659402052 37.91622559186267 621.5977351483433 
-96.28431022978779 38.33611712524667 624.290589341637 
-95.98070887274463 38.79135512795351 625.8673221154652 
-95.42276412340684 37.83697186980381 625.3873269279801 
-95.50020338116931 38.13999696612929 625.4579653163764 
-94.50379839186691 35.968340797845336 625.5277715263389 
-94.34523074408814 32.76914909046371 629.0597408274056 
-94.86794537431244 31.820829745817388 629.9852335408431 
-91.24220574076 37.0898290676969 631.3263438477293 
-90.82773937758981 34.89415927074889 631.196798694486 
-88.08278945658158 38.33571734792284 630.2642587880503 
-87.6184384545403 42.45326577753719 630.6245500630041 
-87.86833722057594 42.79222107838454 629.927499159918 
-87.19643635066748 45.69675991473405 626.4749921358376 
-84.07738655272448 46.4647984565949 626.9246634746859 
-83.76656241332694 43.62768038685186 619.7634375452338 
-86.95800342878849 43.89658047273802 615.5790736749859 
-85.16446009673537 43.25962920615321 615.8583709247313 
-84.96936276080318 43.33973419297131 615.533651556665 
-87.42300972225367 43.566800547417394 613.7700297855304 
-87.11847642944696 44.153697509067946 613.8090673702336 
-85.48907497492328 43.99674803992299 616.9700810778988 
-81.81596506070504 42.00966513729659 621.5107762802601 
-82.91343428023674 43.40168438463387 621.0223870130676 
-82.77432332793501 43.74029478184492 620.6728714730779 
-82.8048531623637 43.79977323433657 620.6971690273194 
-86.78850314944698 42.49125484443505 623.9289542205498 
-86.75881933965663 40.88791754661185 627.3600967509446 
-83.67162542220153 42.93836610811953 626.0986943171307 
-81.17443022190058 39.06952618088465 627.0404230552566 
-82.97277375326098 38.871437093226156 629.0406639758521 
-84.87625980049677 43.804546083161604 628.2640404200487 
-83.39047995694008 44.49883739861579 627.3114020358503 
-83.45106774497013 44.335087762208396 627.3251247342155 
-83.19570308224304 43.77119142207851 626.3022607123112 
-83.20066522059336 43.772281265557694 626.2256419898315 
-83.34740074530228 43.42290722042559 625.8575582420218 
-84.26253205459248 42.533365118303266 625.0359148165053 
-85.12776465184096 42.89113683523312 623.0628594091708 
-84.91785842519809 43.16367851398249 622.7701938954141 
-84.86246015261212 43.23781314243651 622.7283514224073 
-82.16661128335336 42.60173796699332 619.3797975033963 
-82.2049451495701 41.83996280722357 619.4738002888911 
-84.43421199436078 42.52769191945877 619.4310950591998 
-83.74835619094422 38.80238428863673 619.1740184988199 
-85.42720968994722 34.47196621071409 617.953686939352 
-85.51696263527025 38.323259683598344 618.9067236403242 
-85.70153910976366 38.918263057209046 618.0117403715989 
-85.71666108639737 38.908211809337246 617.9869009270909 
-87.75897523899484 35.008685381474166 617.1816281067648 
-84.21931019437152 33.89409494000737 619.2050605539006 
-84.53180076015526 36.71183300977951 621.2220308319735 
-83.10320408736492 36.22510699179084 621.0701862961464 
-82.26554323308322 37.52564245542513 621.515482358136 
-79.79981668129862 36.74301306484581 618.94007893745 
-79.394006107545 37.76045670991628 617.2549972994035 
-79.6026078869432 37.01383045281896 617.4967340563998 
-79.1287888404997 36.750184289176886 614.156256127149 
-79.60339456156179 34.766933234848416 613.21712425342 
-79.04397666938414 36.125726510711985 613.2047212779966 
-81.93938035406593 34.61004648493069 606.003674778947 
-83.40609081062635 33.32565428673431 603.5534580818601 
-81.61371781391274 32.74100197158074 601.1970472593451 
-86.68869825541674 30.47106773202459 602.3619565221751 
