-34.76543077906341 -34.74868659455758 -35.28979918852045 -34.35012654205363 -35.234197698601264 
-34.802793121248314 -34.787784369533114 -35.32931502676024 -34.390880834992714 -35.27276111209494 
-34.80103312682965 -34.786302037927555 -35.327374751047216 -34.38896129436836 -35.27077147855556 
-34.77524609350428 -34.759866551479845 -35.30007141177039 -34.36089000674063 -35.243966191615286 
-34.81985328406647 -34.80522880689536 -35.341090917829646 -34.40559147775929 -35.28528077890819 
-34.808118610897566 -34.79400280768432 -35.33010733885939 -34.39381232448241 -35.27404027165346 
-34.81604717932929 -34.80385546922557 -35.33871121291911 -34.402808252143515 -35.28193929789177 
-34.782176101271716 -34.77008919982697 -35.303558956200405 -34.3665180210816 -35.24703466273729 
-34.783701552142716 -34.77161043398428 -35.304958841317486 -34.3680411821792 -35.24845409291288 
-34.818487338254144 -34.80847539039384 -35.343141100416176 -34.406887220367096 -35.28537659344319 
-34.83100343012008 -34.82270069045583 -35.35617697027625 -34.42057234921958 -35.29778938138466 
-34.79152410270753 -34.784500730834736 -35.31881547401409 -34.38063819061563 -35.25976203522025 
-34.81829670270726 -34.81468489908352 -35.34835249539182 -34.41089613158164 -35.28776134079888 
-34.78368335816984 -34.77733844172438 -35.31730490201339 -34.37639625750822 -35.25699794709567 
-34.77080380426082 -34.760795015300246 -35.30499975911526 -34.3627365282305 -35.245716872192574 
-34.76212666665528 -34.752658814223125 -35.298911315205984 -34.35531236193705 -35.23904681246994 
-34.768663506245076 -34.76087057633907 -35.30952713225929 -34.36494317943237 -35.24846206550362 
-34.677281691227435 -34.670698876718916 -35.21937477215802 -34.26995919296736 -35.15791421066396 
-34.67467690103528 -34.6682655087243 -35.21693971919615 -34.26735393631219 -35.15540427184281 
-34.649500682802326 -34.63949760212523 -35.19195681152297 -34.2405632998735 -35.13151022960618 
-34.66286394221987 -34.65294085657992 -35.20522504031122 -34.25454386613545 -35.14474511269819 
-34.67707767039916 -34.6701017995788 -35.22221249744854 -34.27159514650373 -35.16035749883886 
-34.72362656364638 -34.7201474778134 -35.27003359371014 -34.32172628867531 -35.206830499924635 
-34.72340055705392 -34.71769428532791 -35.26827587782182 -34.32022932979794 -35.20599699516325 
-34.78822987926688 -34.77503210333283 -35.32165827821612 -34.38011704539167 -35.263425448960035 
-34.81038227646401 -34.79831629806641 -35.341130200767296 -34.401848643898646 -35.2829692465497 
-34.809626750093 -34.79808628960767 -35.340761856318025 -34.401366634764315 -35.28237985702211 
-34.76569461841754 -34.75256164164402 -35.29805089748449 -34.355813958011524 -35.240022026307685 
-34.755169455313904 -34.743992497311325 -35.284815984101186 -34.343363547962895 -35.226678494886 
-34.74814812707922 -34.74198776707267 -35.28125288799984 -34.33881990659988 -35.22104452766119 
-34.73239973669112 -34.72104231685759 -35.263823873538584 -34.320542026742345 -35.205483870058345 
-34.729916261631786 -34.71809846793252 -35.262696598780096 -34.31871029508099 -35.2042705041725 
-34.73412371773816 -34.72237130475828 -35.26620439652193 -34.32270210157462 -35.20786869622087 
-34.74536646250125 -34.7327554233994 -35.277697842650085 -34.33453803620459 -35.21955546842949 
-34.76516604467916 -34.74965601253547 -35.294590978262875 -34.35312669005248 -35.23776812703427 
-34.711661781939696 -34.69564539934339 -35.24175104048747 -34.29732517968462 -35.18506845883856 
-34.70862093039814 -34.69290045178394 -35.23651316268848 -34.29282191892041 -35.18011830866665 
-34.70858830243698 -34.69291256070356 -35.23652201880451 -34.292819249635784 -35.18010685403735 
-34.67190005541657 -34.65141928067176 -35.20124066978735 -34.2545381498894 -35.14609344063801 
-34.69437681277117 -34.673182674829604 -35.22588931563 -34.279380996104706 -35.170545610342316 
-34.71282089152962 -34.689328716136814 -35.24471075221122 -34.29867945948163 -35.189953800465005 
-34.68740091854846 -34.662254201542055 -35.22114154901281 -34.27294298767367 -35.1666129894291 
-34.66486334788421 -34.64017036107899 -35.20024220679424 -34.25036515947248 -35.14534415239736 
-34.670112255668045 -34.64587909243352 -35.20570052889801 -34.25606486344638 -35.15062002965878 
-34.7454561421911 -34.72472397949049 -35.28569155892836 -34.3385277060725 -35.228638043952685 
-34.7240748901565 -34.70657453547841 -35.26805145472383 -34.318851876139576 -35.20944287081609 
-34.75952226635319 -34.737272212233975 -35.2996927942758 -34.35306686176111 -35.24307558924532 
-34.758808737294615 -34.73670767356428 -35.299137221853925 -34.35243620332642 -35.242450260242606 
-34.82899417649887 -34.80383732349843 -35.362912098331265 -34.421675261559514 -35.30808777610754 
-34.83497466497866 -34.80723727074064 -35.36391568964717 -34.42450181381783 -35.310692103215146 
-34.84993087086612 -34.82157354754051 -35.37661995762544 -34.438707663843275 -35.32393448293088 
-34.85584885438627 -34.824118366239176 -35.378799639600075 -34.44216451242379 -35.327741765484504 
-34.860295839700626 -34.825812245446045 -35.38119428248149 -34.4452122640602 -35.33129622571674 
-34.76581893268441 -34.73518463743085 -35.296973376490996 -34.35296020158539 -35.244368105156184 
-34.749873069157516 -34.71822558091118 -35.28206140047817 -34.33675118281707 -35.22961253915844 
-34.66607747677739 -34.63580463872499 -35.20516864325975 -34.25330126852967 -35.15129992419881 
-34.62036007135764 -34.59418504489227 -35.16336032425285 -34.20825851144305 -35.107698119074215 
-34.60333712342508 -34.57785598819139 -35.147665649401105 -34.19130584510944 -35.09160475819476 
-34.58954297963102 -34.565132065197275 -35.13888002652406 -34.18013798660384 -35.08167891992679 
-34.64396392691785 -34.621230789124084 -35.19021906770769 -34.23553532928122 -35.132936321261354 
-34.63146285346053 -34.60604100091942 -35.17720579057885 -34.221756436039584 -35.120833499443904 
-34.67432073669124 -34.642476780554844 -35.211139863516024 -34.26033083663505 -35.15810786969213 
-34.6370735533408 -34.60225898080101 -35.17778779963504 -34.22334349700154 -35.125048370440666 
-34.71136672632957 -34.670471986605605 -35.24496633511359 -34.296142673571424 -35.19509839732571 
-34.76913976159162 -34.72845986704729 -35.30583585870623 -34.358814697720035 -35.25526650195691 
-34.77051834886943 -34.72927254087138 -35.306040038923314 -34.35944624992305 -35.25583585203033 
-34.77889552057195 -34.73992824782522 -35.31872658757793 -34.3712652613074 -35.267096896785375 
-34.78166576691247 -34.74315551523294 -35.32181039262922 -34.374426447662856 -35.269986511974054 
-34.772905294115546 -34.73392301291251 -35.31263368346279 -34.3649066696111 -35.26103741061421 
-34.76058227639369 -34.72299762233557 -35.30370290909329 -34.3543097806748 -35.25113831496745 
-34.701875568784544 -34.66444291372092 -35.24255346816207 -34.29109012119166 -35.19047241882835 
-34.6860043037061 -34.647146314720004 -35.22422124259653 -34.27268351635945 -35.17301211068323 
-34.68626165380162 -34.64533127880425 -35.222649202201836 -34.27155268933204 -35.172365495228846 
-34.74103648158706 -34.69710347446711 -35.27336128479335 -34.32614735922462 -35.22455474244619 
-34.77660162654389 -34.73078740969635 -35.308391383306656 -34.362944663471794 -35.26016565352148 
-34.740610425138215 -34.6945592913074 -35.27447243969439 -34.3264536239445 -35.22603245713522 
-34.71274587728611 -34.670511257806524 -35.24477191938868 -34.29643892750697 -35.19556664113476 
-34.66927052652012 -34.625261941361714 -35.20171665560646 -34.25085196934221 -35.15304927214133 
-34.60370262381717 -34.55990653982289 -35.138092345603624 -34.18324358622391 -35.08915705460929 
-34.62913756646945 -34.58633059592405 -35.16352118545345 -34.21006743039271 -35.11424472621363 
-34.621121661724246 -34.579096061036125 -35.159477401498464 -34.20426796975414 -35.10930867527527 
-34.61949430539184 -34.57883198082044 -35.15771667164093 -34.202624763283 -35.10716962563933 
-34.61190197408263 -34.57096701846382 -35.15034196229959 -34.19475767075036 -35.09985335353309 
-34.6175215246886 -34.575793540467686 -35.154324043830115 -34.19952715535092 -35.104338362106176 
-34.61436539453267 -34.57213573277251 -35.1512108773762 -34.19618312463484 -35.1013727051856 
-34.614605369557424 -34.57110531956475 -35.151399969019295 -34.19626165870568 -35.10194656684433 
-34.61183647473865 -34.56890734007264 -35.14934541561972 -34.193872402813795 -35.09960653131981 
-34.65631455618512 -34.61365360567558 -35.192737856827364 -34.2399298346521 -35.14301868272992 
-34.67609388997933 -34.63927596986933 -35.21687114583618 -34.26414299507948 -35.164640422316324 
-34.6373807376804 -34.59893513572341 -35.179278735945374 -34.22401539099333 -35.12741462038417 
-34.661057478021306 -34.62490031466625 -35.20393415305081 -34.249770678939086 -35.151179346402756 
-34.67689598081783 -34.642496631462336 -35.21910845589318 -34.26617801362288 -35.16591460386884 
-34.62365491984069 -34.59488936328603 -35.171051137790386 -34.21422132740179 -35.115407041946085 
-34.616342952357044 -34.58772990475781 -35.16331639243961 -34.20628622176474 -35.10771285342399 
-34.619701007679396 -34.59053129663218 -35.167399589314684 -34.21021524115429 -35.1118318146937 
-34.602297645918554 -34.57485002248194 -35.15195053789812 -34.193385856605616 -35.09557340747811 
-34.65931681539148 -34.638911259316586 -35.20788784064793 -34.25341966398237 -35.149490930420626 
-34.67798058227295 -34.65855823869617 -35.228248140498835 -34.27422709918221 -35.16923556830376 
-34.67192305904733 -34.65278200595709 -35.22309468074074 -34.26847866844521 -35.163856994477044 
-34.65800453350633 -34.63740845787616 -35.20817414686138 -34.253042292363105 -35.149565739998806 
-34.673219720242855 -34.65592881408898 -35.228502398882824 -34.27270880612096 -35.1680157797301 
-34.68548818446567 -34.67218639336697 -35.2428447205922 -34.28741138848038 -35.18079668331734 
-34.715470457437604 -34.70052467400794 -35.271340658224204 -34.3177470411748 -35.209975582363484 
-34.71126617746536 -34.68968625315081 -35.261251858500955 -34.30874982493778 -35.20286475803414 
-34.73733171837921 -34.712721577542865 -35.28644849398219 -34.335213442945914 -35.229059283790534 
-34.789100720929156 -34.766581586258454 -35.335077749864865 -34.38779680188409 -35.27750031808766 
-34.79225933644946 -34.77140523120404 -35.341665607183145 -34.39351775895507 -35.28300554590378 
-34.7885949146125 -34.7652142595243 -35.33929307066428 -34.39021565219868 -35.281171789144636 
-34.78088386583258 -34.75668428470915 -35.331850596915274 -34.382199104313145 -35.27394177635577 
-34.77631490661891 -34.75634620145249 -35.33035942202831 -34.37988223622645 -35.270680196414645 
-34.768964865441944 -34.74808008868345 -35.32270432596245 -34.371859577216384 -35.26336317924799 
-34.79943072426241 -34.7760587347247 -35.34924675863371 -34.40102365248923 -35.29125183727153 
-34.767336658308864 -34.74610830215546 -35.323019515053886 -34.37137696498968 -35.2634538061173 
-34.724170173782795 -34.7031381492439 -35.28068157634837 -34.326595979425775 -35.22100020655128 
-34.71498133652281 -34.69252098634141 -35.27033187138903 -34.3160250372941 -35.21128936702431 
-34.700114983670616 -34.67617479038958 -35.25336241339579 -34.29887299973407 -35.195144923771764 
-34.708437730634046 -34.6801741701981 -35.25988312089383 -34.30596004597329 -35.203238842963984 
-34.71053670933193 -34.68261282692416 -35.262695419759865 -34.30866667304912 -35.20582510871826 
-34.70530414119369 -34.677813025719786 -35.258169766583606 -34.30367780402901 -35.20106105362183 
-34.68629034805116 -34.660980163917685 -35.241557621148246 -34.28550913399694 -35.183430620980815 
-34.65651668023072 -34.628413043186896 -35.21086679123103 -34.25331896056724 -35.153781915965794 
-34.65242698924335 -34.62131822522866 -35.204634174393576 -34.24729612851914 -35.148812523945324 
-34.65623877723678 -34.61843863479504 -35.20406478118858 -34.247728204193734 -35.15096396809743 
-34.65585747125208 -34.618206270993355 -35.203903190457495 -34.247486288518076 -35.15072158962188 
-34.66862647082516 -34.62940698297318 -35.215009277160206 -34.25965464857674 -35.1625506303493 
-34.70649080343148 -34.67055371887251 -35.249565056114946 -34.29764580037575 -35.19662391433404 
-34.68949185738927 -34.649620433710396 -35.233332321638144 -34.27985695813932 -35.181459530832925 
-34.66430628585994 -34.62389349050241 -35.208368175421825 -34.253483407514565 -35.15666662812261 
-34.61044146067992 -34.56961739434723 -35.157298828289996 -34.198654636696716 -35.10534709184459 
-34.602655947436375 -34.56158643254436 -35.15007531810909 -34.19081196649054 -35.09811558908183 
-34.57605466188035 -34.54129318809146 -35.13026110578174 -34.16794428525043 -35.075329996888 
-34.578565376581835 -34.54401393911286 -35.132728586420654 -34.17057747327439 -35.07773774762977 
-34.57964937569987 -34.5433430661311 -35.133409653152825 -34.17126665752461 -35.07900485076317 
-34.57211060542373 -34.536755545829706 -35.128209422247195 -34.16497263646775 -35.07313963346121 
-34.60224717397098 -34.56555612440995 -35.15633624603905 -34.19519256058737 -35.10194531055397 
-34.62637855305452 -34.58770204235823 -35.17558157623638 -34.217154252512955 -35.12256360950364 
-34.63246449361782 -34.59284914755433 -35.18067994009466 -34.22280744462431 -35.12809632147035 
-34.610080943816826 -34.570437726368695 -35.15924716004649 -34.199901318095044 -35.106553255340614 
-34.596243659406895 -34.55633346556809 -35.145388796822886 -34.185317546215444 -35.09280438284233 
-34.5428237608736 -34.499082506608914 -35.088740538769954 -34.12667444566489 -35.03794375193635 
-34.51911539739781 -34.471828395531105 -35.06655288083326 -34.10237012124816 -35.01659151153092 
-34.5229576490117 -34.47505022478012 -35.07012798202163 -34.10617175013111 -35.02038804071151 
-34.55063215758386 -34.49820858791503 -35.09460134877139 -34.132722606387844 -35.0466880722697 
-34.54668299240652 -34.49793031070453 -35.090606492180115 -34.12891533560732 -35.04162418429469 
-34.57704625437232 -34.5297991001797 -35.12168972325611 -34.16144995362784 -35.07208044005387 
-34.57856901084733 -34.53135460138316 -35.12311378542255 -34.162989653110714 -35.073508700732134 
-34.57529937891107 -34.528444775456876 -35.120384770289775 -34.15994146344036 -35.07058742546636 
-34.56919612968514 -34.52185505941469 -35.1153537170765 -34.15417370595527 -35.065529095490845 
-34.58891427939619 -34.53898013831835 -35.133332071603675 -34.173502167190776 -35.08453234297545 
-34.5940491042697 -34.54391780515451 -35.13874346343576 -34.17905925620421 -35.08994474939604 
-34.616220907958834 -34.57082400275469 -35.16354309065507 -34.20455469288356 -35.11285357744205 
-34.61290386861367 -34.56884297382335 -35.16133117250911 -34.20192668290643 -35.1100645781287 
-34.648237082379325 -34.60296061892572 -35.19440641090216 -34.237460315228674 -35.143815857096385 
-34.62702244100349 -34.58335180524965 -35.17588222943901 -34.217087316122985 -35.12439901689666 
-34.592600188848124 -34.55049547724617 -35.14731820065329 -34.18490963636589 -35.09443971770183 
-34.5928780730044 -34.55077855080188 -35.14759778951006 -34.185203398687634 -35.094716939384284 
-34.59293813791696 -34.55458552175767 -35.149599480364046 -34.186924534984854 -35.09527990658438 
-34.614735253175894 -34.576986353773506 -35.17037287439382 -34.209224788131735 -35.11600672647451 
-34.67322806460723 -34.634848259016564 -35.22641145916464 -34.26902211757731 -35.17253641338286 
-34.69872084313583 -34.66026395185865 -35.250544963095535 -34.29490977972044 -35.19687498392865 
-34.696133090663395 -34.658153483987036 -35.24855267644186 -34.29263085478293 -35.19464499019546 
-34.71705164070566 -34.67968776512356 -35.269496898526214 -34.31469176844476 -35.215362092661806 
-34.74449979106363 -34.71149082703454 -35.29860091951025 -34.34507183756028 -35.24284172854337 
-34.7940942566898 -34.759602781597195 -35.34694949311694 -34.39620132389605 -35.29174561413976 
-34.78866484873372 -34.755090835393034 -35.3432054256934 -34.39170415244581 -35.287453201910196 
-34.8080307876418 -34.777831016236846 -35.36444577695802 -34.41363662332799 -35.30733769227972 
-34.82859224198218 -34.8001545664397 -35.383798041274204 -34.434621156426005 -35.326334121800656 
-34.814987378727764 -34.78389974526776 -35.368676912451306 -34.41905223561548 -35.31228256994238 
-34.8105335389008 -34.780553609629635 -35.36485137258619 -34.41490388363614 -35.30803045670142 
-34.820855986433145 -34.79343219332765 -35.376263556016355 -34.42673519073175 -35.31847970368868 
-34.86826332065438 -34.83737613372534 -35.422454745386815 -34.475365590953274 -35.36581283904931 
-34.8741843412877 -34.84145147508289 -35.42779291265067 -34.48100994744583 -35.37178548118777 
-34.865333897758205 -34.83169292712114 -35.41908197913351 -34.47171398266316 -35.363336630949746 
-34.81556082101966 -34.779351738052455 -35.365191729100275 -34.41645127853474 -35.3110045657246 
-34.84013152178083 -34.80376521683371 -35.38918087020414 -34.44186093627103 -35.335092094056776 
-34.84887215670648 -34.81384974881553 -35.40113718343967 -34.453300352360245 -35.34608537226447 
-34.87630798240207 -34.83985465809357 -35.42755919857633 -34.481303462429366 -35.37305091850614 
-34.89987957498586 -34.86691439067046 -35.45213298857803 -34.50707670687456 -35.39637594126617 
-34.88882099640914 -34.853793687873704 -35.43851342940209 -34.49355944459221 -35.383824920356815 
-34.887878673886306 -34.85292011856099 -35.43762050394277 -34.492609402841566 -35.382905024860875 
-34.902419029428586 -34.86609087300229 -35.452119755828264 -34.507714197378874 -35.39778878041426 
-34.88767856498907 -34.85265198647258 -35.43919774816517 -34.49356717072358 -35.384199639660565 
-34.89051511881517 -34.856697292813564 -35.44276424019938 -34.49715198078597 -35.38727837372714 
-34.867518154342235 -34.8339816900088 -35.42151082592869 -34.474181134992264 -35.36568862155333 
-34.85835815001238 -34.824779749404286 -35.41198452419188 -34.46431220269834 -35.35625486190541 
-34.82521976117762 -34.79859654228022 -35.386392369884945 -34.435222534653036 -35.32738156288036 
-34.820395565349 -34.79169639449675 -35.38377925055349 -34.43142068034932 -35.32501558640682 
-34.82965241805195 -34.79979237607374 -35.39204730778209 -34.44036959031739 -35.333777682717056 
-34.83496646620736 -34.80361000498611 -35.39620997322206 -34.44503408666965 -35.33856902167605 
-34.822255273851894 -34.78611101569028 -35.38041900066584 -34.42914882872306 -35.324743846416254 
-34.81688170649228 -34.77657503643887 -35.37394776740672 -34.42236957552663 -35.31970021490457 
-34.81698916924822 -34.77607045476647 -35.37369028681802 -34.42218036146069 -35.31968563197245 
-34.817097814001016 -34.77616496289451 -35.37379918129176 -34.42229336589082 -35.31979844647614 
-34.78753193818443 -34.74670737889706 -35.34874554989426 -34.39426408453217 -35.29399872439849 
-34.877430668640685 -34.84351521835187 -35.43665716968354 -34.48804871555444 -35.3800347938069 
-34.89177413456285 -34.858532486794886 -35.45085038744375 -34.50308246050119 -35.394026690236345 
-34.85456218963897 -34.82090515083435 -35.415643690635875 -34.46529152659858 -35.35867253658239 
-34.90146372021904 -34.86770070495706 -35.462951346715755 -34.51483507849285 -35.405851164381204 
-34.955540048243975 -34.923587289935526 -35.515290985714756 -34.57064729889409 -35.45784773126648 
-34.95218290279148 -34.920220522057576 -35.51173522501823 -34.566986115863315 -35.45433521563629 
-34.967307992332024 -34.93962643366082 -35.5267472324844 -34.583215676017616 -35.468070787683615 
-34.97026650389918 -34.940174541585904 -35.528091897207304 -34.585002383331826 -35.470398495061005 
-35.02740540395324 -34.9970837891849 -35.58447133077357 -34.64447859359852 -35.526865614354904 
-35.030140460032285 -35.00059705502646 -35.58693624327256 -34.64724533500352 -35.52914107374829 
-35.04686787707011 -35.019867430808205 -35.60540633474271 -34.66623171335014 -35.54652890836434 
-35.045488038378934 -35.01579204735384 -35.603031002319526 -34.66384943592689 -35.54512398832796 
-35.05521413116831 -35.02714935317728 -35.613401726977585 -34.67465553051818 -35.55488323542265 
-35.08504007881342 -35.0585629614862 -35.64275356809193 -34.70581042331004 -35.583788726690955 
-35.08415614370561 -35.059765508667184 -35.64546030190388 -34.70750839812976 -35.585266771977686 
-35.086140549740676 -35.06169068458681 -35.64741251956946 -34.70956461726435 -35.5872382096092 
-35.12893879376038 -35.108050776481576 -35.68603412159746 -34.7520447562474 -35.62543431753825 
-35.090942188475694 -35.07108788364749 -35.6511104704243 -34.71432265190519 -35.58975332907501 
-35.089714422363926 -35.069048642044734 -35.64897493548125 -34.7123413343586 -35.58801536320303 
-35.08555477488328 -35.06520160635384 -35.64499950651988 -34.70812980629128 -35.58392381619797 
-35.07495004088699 -35.052351489653546 -35.637079042967756 -34.69857498131525 -35.576231786667236 
-35.05369242546887 -35.031738525821225 -35.6175252536344 -34.67746687039782 -35.556237434559776 
-35.051574271879815 -35.03013857293506 -35.61536894610694 -34.675268064252634 -35.55393821075923 
-35.051656549268955 -35.02962332657782 -35.61427982298258 -34.67450413859159 -35.553225582076294 
-35.03457532724505 -35.013776490709716 -35.59841506169046 -34.657510245630306 -35.53682065922955 
-35.05892645822328 -35.035121979325865 -35.61842295150201 -34.67985578281878 -35.55841244625428 
-35.058555195986344 -35.03371430435536 -35.6172002479515 -34.678790135983675 -35.55764264700498 
-35.08127752421433 -35.05703882702983 -35.6404691249335 -34.703076083431554 -35.58059640097443 
-35.065031911994595 -35.03863460285024 -35.6243820616523 -34.68591119460599 -35.56515272675283 
-35.069180256595075 -35.04235541876031 -35.62836805677574 -34.6901160040251 -35.56928503220314 
-35.06658248277708 -35.03716665015905 -35.62675351395252 -34.68780306988137 -35.56827428643457 
-35.06314339437128 -35.03379529398228 -35.62305186636371 -34.68402006607573 -35.5646040671715 
-35.05355326485838 -35.0259632450002 -35.61445814684208 -34.674790835419216 -35.55533854421718 
-35.087068394303444 -35.059263921372846 -35.64663367208311 -34.70905991571054 -35.58774183233281 
-35.07931430916068 -35.051325585463616 -35.63879423634822 -34.70084201540426 -35.57998637720145 
-35.06218132367897 -35.03339387932732 -35.62114137663768 -34.68242242410351 -35.56269152363518 
-35.070468702614136 -35.04558820927039 -35.632424748456856 -34.69352811715348 -35.5722913251432 
-35.113597950907874 -35.088469706356065 -35.67118346093061 -34.73584119037811 -35.61178628154012 
-35.13336962172262 -35.1162942334972 -35.69673089209334 -34.7613002807266 -35.633924777346735 
-35.262334711236875 -35.2438876329734 -35.81790484960763 -34.89127377303184 -35.75658712345911 
-35.25956002120513 -35.2411624262587 -35.815426633831635 -34.88856647673849 -35.75404897629416 
-35.252571554756344 -35.23412229804387 -35.80866364171685 -34.88137932556366 -35.7472761517314 
-35.2495784628785 -35.23486044421024 -35.80612808260699 -34.87893302244757 -35.74356057188683 
-35.2547652890418 -35.240769177619555 -35.81144483548684 -34.88453871405038 -35.748630949237 
-35.259901302236045 -35.2458339320671 -35.81684497955409 -34.890097300254695 -35.753997611191124 
-35.238173077718955 -35.223362912176626 -35.79366708232787 -34.86624952533441 -35.73132809981635 
-35.25617386245679 -35.24085495010526 -35.80950682090143 -34.88364016083193 -35.747652533916536 
-35.19240050261263 -35.170701152054306 -35.74510097183051 -34.815630120492 -35.68536974469279 
-35.195128425944475 -35.17327177584441 -35.746932963459074 -34.817879028569735 -35.68739584387416 
-35.17823345715834 -35.154356304182784 -35.72960704077218 -34.79965297729463 -35.670774881238586 
-35.17059082181004 -35.14522740777173 -35.72276545897289 -34.79201495899794 -35.66425204895401 
-35.16277443732535 -35.13938359271255 -35.71399672831403 -34.78337901782383 -35.65507539267793 
-35.167130546571315 -35.144674741554255 -35.719552301329244 -34.78884634777994 -35.66014095217629 
-35.141530883226395 -35.11910679950583 -35.69424667915867 -34.76217845837442 -35.634824455250524 
-35.148267236706104 -35.1259751142843 -35.70003456727791 -34.76863123884054 -35.64072189381544 
-35.14855664296299 -35.12625570892328 -35.700232692843784 -34.76887337737385 -35.64093762713432 
-35.152414959716864 -35.136200609412185 -35.708679609412556 -34.77662010209889 -35.646789291386966 
-35.151895608160984 -35.13574553235925 -35.708165085489924 -34.77608511630088 -35.64625584197687 
-35.12921338912625 -35.11222442265358 -35.6863860285072 -34.75279161703584 -35.62461544650971 
-35.13092094764457 -35.11370467565378 -35.687846180087675 -34.75439475582847 -35.62618192203692 
-35.148955428011504 -35.13125254028856 -35.70453673006135 -34.7723755317228 -35.64321127786786 
-35.18524295889428 -35.16914918787164 -35.737974199246366 -34.808734039037034 -35.67658656368327 
-35.1914238011356 -35.17567474290945 -35.74443487778008 -34.815442528598794 -35.68288552692506 
-35.17777576891211 -35.162600271792755 -35.73220516596362 -34.802125155131634 -35.67027009975418 
-35.171619264244754 -35.1586671236781 -35.72717945163515 -34.796657944256395 -35.66440299530122 
-35.221817525500555 -35.20555287506241 -35.77459493154572 -34.84712250513212 -35.71318107104301 
-35.22947102873695 -35.21419729100842 -35.78313543350531 -34.855849266668486 -35.72126180004172 
-35.212260450101454 -35.198249858249795 -35.76548130028057 -34.8376337205772 -35.703340099424196 
-35.222337910607706 -35.20880474398358 -35.77698412051477 -34.8492061912046 -35.714439710224354 
-35.173310395918705 -35.16204798876589 -35.72801323819287 -34.79805095680575 -35.66487660713274 
-35.1626854183573 -35.15289506181192 -35.71877526376613 -34.78798484139456 -35.65498536355929 
-35.11929874583244 -35.107430394013534 -35.67525029064687 -34.742131601654265 -35.612184283743545 
-35.09223720726669 -35.083646713121794 -35.65046406199981 -34.71560400990751 -35.58608823125127 
-35.078991418248904 -35.06839168208187 -35.63753826222184 -34.70168725278633 -35.5737311038024 
-35.07771515080654 -35.06808045063008 -35.63656948707032 -34.70065943376997 -35.572425541968144 
-35.048137426351005 -35.03515258941019 -35.60604449359495 -34.668612010008246 -35.543113875554454 
-35.04762167117863 -35.032929764890326 -35.60543789302504 -34.66782219870434 -35.54303105372115 
-35.0269260975397 -35.013696405990274 -35.58875174141761 -34.64891912510278 -35.525269055908 
-35.07824247098952 -35.06207217032363 -35.637786257865244 -34.700956407104314 -35.575466537704074 
-35.09849770709495 -35.08336661918395 -35.6609845887658 -34.72430075822339 -35.59781718104645 
-35.098609263472525 -35.08347235023464 -35.66118234501056 -34.724475153047266 -35.59800179079258 
-35.0701898071861 -35.05245867040183 -35.63666932473636 -34.69700367270303 -35.57364771672724 
-35.04673208803462 -35.02973560088198 -35.61674025522227 -34.67483624372332 -35.552945077113904 
-35.12163907774877 -35.10307280535068 -35.68408064245496 -34.74821254057588 -35.62189568202406 
-35.129592201944604 -35.112194149065175 -35.69305043882548 -34.757367242247966 -35.63033071823344 
-35.14022800375727 -35.12352590416499 -35.70680025638691 -34.77071481496699 -35.64332337263188 
-35.14287952487993 -35.12468813796582 -35.708807813130946 -34.77291387757981 -35.645876911501475 
-35.13208912610335 -35.11419576294065 -35.69910540619085 -34.7623533374251 -35.63592145834414 
-35.125092573491884 -35.10943900532918 -35.693164509857866 -34.75594631718725 -35.629150412713955 
-35.0901949575745 -35.077748440569536 -35.662573976487394 -34.72255322469091 -35.59694295652375 
-35.05364150662125 -35.0426685566722 -35.62989899163571 -34.68695787823846 -35.563241583856964 
-35.03073514681556 -35.01873187751255 -35.60554219402745 -34.6618012469727 -35.539481301884834 
-34.970138760403884 -34.958693543530615 -35.548694070531965 -34.600757434630154 -35.48194742398812 
-34.96424007365431 -34.954302699688114 -35.54441684273746 -34.595820415709085 -35.47695905287074 
-35.00406721403367 -34.990512007378 -35.57904533362158 -34.633748348373416 -35.51346680614439 
-34.9848325126367 -34.9718241668661 -35.56057618902929 -34.614117894084075 -35.494742612139746 
-35.03461130405938 -35.016137308195496 -35.602987233501665 -34.660849597115316 -35.53993118616904 
-35.0149908358639 -34.9995194410094 -35.58679428000492 -34.6428688063191 -35.52230282411786 
-35.05005185884845 -35.03577605778145 -35.62224279213734 -34.68007997053337 -35.55726337464873 
-35.07864162702565 -35.06361494576535 -35.650791756893184 -34.71000682409202 -35.585986579797506 
-35.07693360138755 -35.05928644528525 -35.647425767263414 -34.7068239406194 -35.58368255140688 
-35.11761660493154 -35.09980535449425 -35.68901592011494 -34.75015886744741 -35.62508811943606 
-35.04895439898213 -35.03392237372168 -35.62344536235014 -34.68042461082075 -35.558300311765564 
-35.04538783646922 -35.02938913128433 -35.62057388012792 -34.67706119487734 -35.55560347247736 
-35.08460913752843 -35.072223978734286 -35.65889268163001 -34.7179943721607 -35.59292998339805 
-35.05674310851842 -35.042351030353316 -35.63056439064144 -34.68821030707801 -35.565328836191455 
-35.03973359169201 -35.02541897247639 -35.61412330420208 -34.67073916432777 -35.54880087920884 
-35.057181725772594 -35.04444042272735 -35.63315555396086 -34.69030769973597 -35.56706352851775 
-35.068259787671224 -35.058932355409894 -35.64820780136584 -34.7050125653728 -35.580406254663885 
-35.03852677480205 -35.02980338840008 -35.6207150638093 -34.67537925000988 -35.55241087995515 
-35.036569899049766 -35.02863137571751 -35.619140456841876 -34.67366384498105 -35.55054251261609 
-35.05030997385498 -35.042369597496815 -35.63232904248473 -34.687719132981954 -35.56379882454259 
-35.12024990577136 -35.11111138525206 -35.69645744527297 -34.75706892413881 -35.62913615491199 
-35.09383455240069 -35.081737361988786 -35.6698174060367 -34.72887832962003 -35.60346215318607 
-35.11640064896302 -35.1042454737963 -35.692177383152185 -34.75243369056933 -35.62583082437956 
-35.12242050118047 -35.11044002684241 -35.69880470072778 -34.75919180863775 -35.63229126173313 
-35.09032311153952 -35.07502719817636 -35.66712947527941 -34.725450101294754 -35.60158772169186 
-35.07096450411609 -35.057425690159874 -35.64934945286794 -34.706369273688836 -35.58305603454146 
-35.041670660108565 -35.02510527806673 -35.620280222508384 -34.675461619891266 -35.55490086117452 
-35.041875667378676 -35.02541235693742 -35.62055115923724 -34.67573214073778 -35.55512996333859 
-35.04506898008188 -35.030838825780535 -35.6247956728392 -34.680023851890695 -35.55852837647966 
-35.044692369130374 -35.03045348937661 -35.62443238088599 -34.67963652997392 -35.55816612730821 
-35.01181412904111 -34.99302903460283 -35.58861408486359 -34.64263328279925 -35.524257966615465 
-35.00738286247477 -34.98804265963501 -35.58471354902625 -34.63829148365724 -35.52043961040583 
-35.041319205508245 -35.02334514810683 -35.615715790590684 -34.67205583661236 -35.551472473448214 
-35.03102472702918 -35.013890390295344 -35.60669811379691 -34.662197749611934 -35.542008553022725 
-35.03091801451187 -35.01360588450122 -35.606577124102344 -34.66205891623028 -35.5419428113115 
-35.05712393504895 -35.03961085060273 -35.63155910113393 -34.688729898703386 -35.56714217699293 
-35.029716431094045 -35.012981558172754 -35.60596622822425 -34.661257638719775 -35.54106271835148 
-35.02116599199081 -35.00591161833543 -35.59720471262055 -34.65227126971348 -35.531915600368194 
-35.03315847590562 -35.01714050189885 -35.609005257002224 -34.664665319352665 -35.54395162660988 
-35.05759838144212 -35.04186844989208 -35.63454775977192 -34.69112833679509 -35.56917348984307 
-35.063657969099395 -35.048813048774804 -35.64041384731996 -34.69744520061634 -35.57479890406107 
-35.067059038354344 -35.05205679386002 -35.643759669989095 -34.70096515319733 -35.57819411816142 
-35.08129914736574 -35.06753119294656 -35.657691601802426 -34.71583052305469 -35.591785616201534 
-35.13529861179492 -35.12672080641745 -35.70908673691821 -34.771271879285294 -35.64198190559377 
-35.14112355332138 -35.12845908501595 -35.71158315723751 -34.77470475650853 -35.64624555546882 
-35.12601518893736 -35.10806377574056 -35.69511396571147 -34.7573902081601 -35.631603838749214 
-35.09958486753854 -35.07516471106079 -35.66056648822128 -34.723488439599166 -35.60040711899897 
-35.08365765831455 -35.0603732571944 -35.645900433878836 -34.70772797956353 -35.58522018920016 
-35.076444900282155 -35.05301103347706 -35.637546506966274 -34.69936850628763 -35.577118974161806 
-35.079540096428474 -35.056200392888044 -35.64068944005564 -34.70266015153511 -35.5802199383468 
-35.067070959618945 -35.04378713250233 -35.62865337108397 -34.68986443670083 -35.56811740911195 
-35.04396544553731 -35.02046000282863 -35.60602230657659 -34.66589886496372 -35.54551547694615 
-35.04514224309183 -35.02228750281088 -35.60763313405802 -34.66749205572833 -35.54685732618019 
-35.030311462624354 -35.00629429521523 -35.59365842926893 -34.652379969489644 -35.533109416154204 
-34.989181108048555 -34.966749509384314 -35.555142227321525 -34.61110317182735 -35.49375738761039 
-35.005270690562355 -34.97760150847192 -35.565490677798564 -34.623613104481905 -35.50660429731366 
-34.979923853869366 -34.95105510834327 -35.54306219287494 -34.59884391612388 -35.484081489497115 
-34.98207004179905 -34.95441212376349 -35.54530804072766 -34.601281939647976 -35.485948065898654 
-34.982894475792975 -34.95513137385446 -35.54597825311869 -34.60203353050696 -35.48667412109371 
-34.99648748319677 -34.97399827451659 -35.563153512147764 -34.61924956053684 -35.50165144780142 
-34.889783451796845 -34.866963469168 -35.46242318320809 -34.511165831778484 -35.40020742150034 
-34.93085305852401 -34.911865825860545 -35.50217026407702 -34.55379707463716 -35.438965884626455 
-34.95742223115904 -34.94071493710804 -35.52879291803342 -34.581975263062574 -35.46485267425133 
-34.95718314245377 -34.94042194680583 -35.528283036939115 -34.581535078535694 -35.464405321597084 
-34.96585430607358 -34.94931558274405 -35.53621695528834 -34.5901673804876 -35.47238203228977 
-34.97384057693034 -34.96044720629911 -35.545213260472764 -34.59956147738053 -35.48025871390526 
-34.95931389305069 -34.948135261064394 -35.530145552293334 -34.58416834235926 -35.46465406142906 
-34.94933326249344 -34.93623310960362 -35.519793133689944 -34.57323208179278 -35.454954178182305 
-34.97161722124903 -34.960266948567735 -35.54252270082051 -34.597123162357946 -35.47704585059677 
-34.958886753154104 -34.94629723253857 -35.52965867664591 -34.58353113292529 -35.464596758322855 
-35.008976343056176 -34.996665004216325 -35.57421565489223 -34.63245027642593 -35.509914805277035 
-35.0294724837552 -35.017432571292574 -35.594428822358466 -34.65381190972333 -35.53005612127599 
-35.07705071749275 -35.06308713498261 -35.640669771733556 -34.70266649317213 -35.57700432795208 
-35.09244402828958 -35.076532076396774 -35.654239523207735 -34.71739954345587 -35.59143304007296 
-35.08313814287936 -35.06857596179401 -35.64602930214318 -34.7085062101016 -35.582653659900515 
-35.09178074063449 -35.076901963630434 -35.654688485433525 -34.71755784554338 -35.591387457661696 
-35.05329759336442 -35.03807568351628 -35.61735836949465 -34.67789100512398 -35.55403676886162 
-35.053282961292766 -35.03855725892737 -35.61750185463889 -34.67803380255182 -35.554006145641594 
-35.04259713646016 -35.02862194507145 -35.607443792047775 -34.667313830639046 -35.54363910387748 
-35.025589616916164 -35.01175290556827 -35.59210081565129 -34.65058753096267 -35.52800469350446 
-35.0220159737906 -35.01461948497297 -35.58654582848516 -34.64620675074377 -35.52087989644987 
-35.02760143601934 -35.02003248595416 -35.5903418849247 -34.650862456571204 -35.52501996726235 
-35.043389933877975 -35.036346944595266 -35.60490811308185 -34.66668608751495 -35.539606772979624 
-35.09239614799293 -35.084884660786315 -35.651722187905264 -34.71662018342674 -35.58683857391732 
-35.117980017668614 -35.11084874776567 -35.67835747845194 -34.74421112075841 -35.61313381859436 
-35.20727682001608 -35.192971301889074 -35.762993511097065 -34.83403244364261 -35.700525199251544 
-35.190218304051655 -35.17451255871789 -35.74585182253989 -34.815926531012906 -35.683846009483176 
-35.16588366409809 -35.14721833481801 -35.719591618117676 -34.78879190449652 -35.658838528173135 
-35.19065566722605 -35.1719971653028 -35.744471847786 -34.814860830287216 -35.683651341125085 
-35.15633439233268 -35.13454784155904 -35.70837907080896 -34.77733487341426 -35.64885381510847 
-35.14691618117938 -35.124986810300484 -35.69864493636966 -34.76722579247277 -35.639233728747215 
-35.14544365863384 -35.123563918081956 -35.69712791504189 -34.7656560881431 -35.63771234560987 
-35.14411951050377 -35.12161472430134 -35.696231512544585 -34.76448511958462 -35.63693113704663 
-35.14760700015883 -35.126283057870225 -35.70062394316194 -34.76887088221588 -35.640812424369926 
-35.147225241087 -35.1258881948045 -35.70033110163979 -34.768528032526206 -35.64050905913251 
-35.20318852457686 -35.17754875606734 -35.75406327097649 -34.82532892234332 -35.695791568668696 
-35.217216265606524 -35.19695284012376 -35.76969762431452 -34.84167412975705 -35.70953051380397 
-35.17551992622195 -35.15525598714261 -35.727945449629246 -34.7978821740613 -35.66786698996006 
-35.173209302554994 -35.15668236285413 -35.7275213241234 -34.79710952214944 -35.66601644015735 
-35.171219314686056 -35.15446129980805 -35.72572472369231 -34.79512508075301 -35.66425937469654 
-35.21429019387922 -35.19161903602544 -35.76359658467415 -34.836238553441135 -35.70469043058655 
-35.193822887718866 -35.169851499757826 -35.74429200310064 -34.815400377625295 -35.68561236381842 
-35.192235561193655 -35.16642781047943 -35.74267161513873 -34.81352463192073 -35.68454529825942 
-35.10864051909988 -35.08173348854797 -35.66282247757698 -34.72817546216557 -35.60454225068267 
-35.04926990891197 -35.020955170986255 -35.60530238782202 -34.66694165875383 -35.547237018320615 
-35.03713557660652 -35.008262113200004 -35.593695890617056 -34.65449874787899 -35.53572916234562 
-35.02490260358458 -34.996413798008064 -35.58335084751336 -34.64295840953132 -35.52497159986359 
-35.025199572472445 -34.9963175618108 -35.58354332714177 -34.643161550728735 -35.525297716406 
-35.03283482495594 -35.003567002437606 -35.59019582969174 -34.65048133468477 -35.53221745725821 
-35.03104340976307 -35.00189101091179 -35.58839556151334 -34.648605474790045 -35.53038797668776 
-35.03013873048282 -35.00103929256987 -35.58747086152201 -34.64764719080193 -35.52945275456361 
-35.04193710782516 -35.009297234053435 -35.59791960653759 -34.65878675006108 -35.541156830039256 
-35.05719201292162 -35.018895885554784 -35.60796848687767 -34.67077126535921 -35.553738798171224 
-35.05271599046159 -35.01668666830315 -35.60370739612152 -34.66643091049065 -35.54877928083005 
-35.10250693122144 -35.06412827925109 -35.65089628063194 -34.71674135013956 -35.597012598033544 
-35.06217464387045 -35.020065700581895 -35.60752271443803 -34.672013095764655 -35.555339184540045 
-35.068628866551734 -35.02434907589681 -35.61356500403953 -34.67831113390986 -35.56208116008284 
-35.049937149170844 -35.006504820776826 -35.59612272416172 -34.65959923943372 -35.54421034241723 
-35.051859998954 -35.00790169981222 -35.597683828248705 -34.661327568645504 -35.545985086903826 
-35.06434745570853 -35.021285198129206 -35.61039646620364 -34.67467272939196 -35.55837055224319 
-35.06550879243564 -35.02957373753256 -35.61253256368532 -34.6772250579711 -35.5582299764026 
-35.08712489557436 -35.05480619744726 -35.631785704860135 -34.69871424544394 -35.576774040567955 
-35.086649310829685 -35.05439653486502 -35.631254442698065 -34.69818513707702 -35.57623363545092 
-35.08438070132664 -35.05240253868598 -35.62881501513192 -34.69571978649968 -35.57374623424589 
-35.08946597559472 -35.05875532800707 -35.63410315165852 -34.70132206934731 -35.57861429623193 
-35.09264859738818 -35.06208254812523 -35.635614060531935 -34.70357766854609 -35.58036118266884 
-35.076649538991674 -35.04596243480401 -35.62025867999566 -34.68719735522208 -35.56496235887306 
-35.100344507357946 -35.07137727767744 -35.64603439208979 -34.71361486847174 -35.58982839779179 
-35.09100147243289 -35.06137349716374 -35.63717654859066 -34.70406043823121 -35.58110157588345 
-35.049338773508595 -35.01679904831555 -35.597137453383596 -34.661103774471925 -35.54172796940037 
-35.05158767499688 -35.017805495656674 -35.599108465613625 -34.66315505152245 -35.54411013821516 
-35.03951221710999 -35.00836574131071 -35.59159800579913 -34.6537765610051 -35.53506320287437 
-35.002076225076436 -34.975000974986344 -35.56129123814266 -34.61964095929662 -35.50240661524455 
-35.000688074590514 -34.970892427413105 -35.55996508601659 -34.617958058271014 -35.50187768756928 
-35.01920928322339 -34.9898056933454 -35.57821828247705 -34.637267576258196 -35.52002498930429 
-35.05526758034789 -35.02853103387538 -35.61245503415087 -34.674170540944985 -35.55371378950747 
-35.051460428687946 -35.02533909623382 -35.60939959472746 -34.67073866422977 -35.550355238217776 
-35.07470783136013 -35.05049469168887 -35.6328318134027 -34.69546324683452 -35.573146107834816 
-35.0770925826711 -35.053704756578156 -35.6352798334303 -34.69809275661416 -35.57533420295354 
-35.0795867730306 -35.056702987801174 -35.63802192981332 -34.700928777451125 -35.577879890169214 
-35.079983383122354 -35.057578156731395 -35.63869962043955 -34.70158228929236 -35.578367078774775 
-35.05258276378278 -35.02738806449979 -35.61180112376093 -34.6728687779047 -35.55226203027911 
-35.02879019069516 -35.007312264728526 -35.589104376003434 -34.648996069686035 -35.528322844246404 
-35.06578473554596 -35.04745782181088 -35.629974855071296 -34.69077016397148 -35.56752819800012 
-35.05223604379195 -35.03332287779365 -35.617778365831725 -34.67739637460015 -35.55530120861681 
-35.051475946745015 -35.02955102167468 -35.61761114175452 -34.676702064777146 -35.55592645041767 
-35.156879326422896 -35.13398682694864 -35.72272949475767 -34.78710936995998 -35.6611769620459 
-35.15420391825944 -35.130607107605044 -35.71957573345976 -34.783906612172984 -35.65831841816755 
-35.14458127077852 -35.121134365685904 -35.71005438029752 -34.773885042958 -35.64875391053569 
-35.1382706127752 -35.112896609750706 -35.70384309609284 -34.76714621959509 -35.64310780224842 
-35.178817324445205 -35.153128670384206 -35.742279902041176 -34.80825163905729 -35.68192028964724 
-35.23234689667521 -35.20491337413114 -35.79500816846726 -34.86374849596967 -35.73519884886642 
-35.17756127358636 -35.1525001537871 -35.74349406240067 -34.80868367162836 -35.682529082259165 
-35.17681478372435 -35.15257236002731 -35.743411600175605 -34.808430848570566 -35.68209247797523 
-35.17847174312796 -35.1535567456183 -35.74412366389896 -34.80946027608148 -35.683161736012224 
-35.144702468707834 -35.11872760171235 -35.712309367974186 -34.77524320062419 -35.65139155300855 
-35.13918876596799 -35.11373404763957 -35.707563423630134 -34.77002768447309 -35.64637125149194 
-35.12386896047536 -35.097937196350955 -35.69289944494538 -34.75434533305909 -35.631765680263044 
-35.13025448476374 -35.10429904704756 -35.69862486254806 -34.7605955754929 -35.63759863605934 
-35.17017486619055 -35.1449215694761 -35.73367159589863 -34.79924054119516 -35.67319396004049 
-35.166634142685595 -35.14102039467029 -35.72953131543676 -34.795079531446476 -35.669269539279 
-35.15489853484557 -35.13007324911649 -35.72114288012111 -34.785119767665535 -35.660098514576546 
-35.15477539075236 -35.13430480244017 -35.72416611157355 -34.78755454088464 -35.66129648060618 
-35.154190953741676 -35.13309523821114 -35.724023109339925 -34.787186182213006 -35.66126415674265 
-35.10882935735398 -35.08368295686607 -35.67307737314212 -34.735343792805224 -35.61255766429069 
-35.109080378081515 -35.084546024045366 -35.6736388953138 -34.73587688151295 -35.61288460929126 
-35.11020002213094 -35.085487016031436 -35.67473462986675 -34.73701951107904 -35.614035128320864 
-35.13715739987326 -35.116928387348295 -35.70546594783403 -34.76833267926537 -35.64274347024336 
-35.106049721221666 -35.08683369722445 -35.674351883673154 -34.73575621584034 -35.611390500037615 
-35.13809883871281 -35.11427896884274 -35.70282752482274 -34.766534104293484 -35.641776986452854 
-35.16425776966123 -35.14074130415297 -35.727270920709074 -34.792861208754886 -35.666373292994564 
-35.10498922757495 -35.08398402918769 -35.67163362015776 -34.73333912811793 -35.60948674824259 
-35.06484536929882 -35.05182953562765 -35.636621884851365 -34.69546173876782 -35.5713110469122 
-35.012885827547464 -34.998866151708256 -35.58279431965224 -34.63951879357775 -35.51819915014681 
-35.05360608120334 -35.04308982083411 -35.62693220256827 -34.68496531452192 -35.56063824347494 
-35.06470028792384 -35.05505073795284 -35.638375108624174 -34.696943313933986 -35.57174339447158 
-35.08317855618894 -35.07045724611082 -35.65732101840746 -34.7163619779393 -35.591484713575355 
-35.095524607505766 -35.08157451847843 -35.668753899734554 -34.72858326842673 -35.60341336435758 
-35.03524824966691 -35.016666854918356 -35.607368376970626 -34.66405953278188 -35.54370474772557 
-35.02768742462682 -35.010043754392825 -35.60088752752536 -34.65694615211807 -35.536776857911875 
-34.98817186502917 -34.968310132584676 -35.56492266653754 -34.61765575249851 -35.50093927617333 
-34.976799454611395 -34.956924511803535 -35.55780064622701 -34.6086427484547 -35.493117760890314 
-34.988681986285016 -34.97131022333204 -35.56922059924686 -34.621039280752015 -35.50385376452503 
-34.992758337059044 -34.97576390762765 -35.570762759925316 -34.623608101591714 -35.50570867306709 
-35.06577537861489 -35.048683318478 -35.643353690423524 -34.70002600510364 -35.57825921355614 
-35.04989179005078 -35.03489459289044 -35.63062699759578 -34.68571828532916 -35.56440521232635 
-35.04164756567714 -35.026376554258505 -35.62268442280107 -34.67723927268857 -35.5565082005176 
-35.01960698216442 -35.00907782094342 -35.60304863910325 -34.65619177720899 -35.535102491102094 
-35.019895647093634 -35.00759593987701 -35.603011046358276 -34.65610104607737 -35.53564387703463 
-34.98788134380571 -34.973841988990074 -35.57100483192147 -34.62229893670576 -35.50421333858641 
-34.87930478742386 -34.867546571706555 -35.4693146368066 -34.51316076364432 -35.400887725858325 
-34.89312868917534 -34.87567273100366 -35.47845658483131 -34.523912707752814 -35.412484597578384 
-34.88669436811695 -34.86950345036013 -35.4723680456474 -34.51741239633975 -35.40627141376257 
-34.90051722757228 -34.88481608801543 -35.486275038832915 -34.532140459430224 -35.41969670404566 
-34.876513836853576 -34.858621006288146 -35.46636583409412 -34.50955852470061 -35.39978333221228 
-34.882339968207745 -34.86425795529041 -35.471929016934595 -34.515484410106865 -35.405435747019965 
-34.887608883574686 -34.87008190265048 -35.47757137555001 -34.5213356314424 -35.410840126306766 
-34.872973921922 -34.861203218142236 -35.46554462854844 -34.508289420937686 -35.39669740414038 
-34.87633420453933 -34.864546880734906 -35.46620421970131 -34.509937363605815 -35.397815590645195 
-34.87617486917803 -34.86439834264638 -35.46605160539991 -34.50977552032886 -35.397658952793435 
-34.86804638349065 -34.85618170517678 -35.45926727148026 -34.502156668895196 -35.39068762663895 
-34.84762979488623 -34.83515437159802 -35.43847645934942 -34.48037050938319 -35.37018136245639 
-34.910228848112865 -34.8996648427555 -35.49804604599882 -34.544261355580105 -35.42957874293985 
-34.910335015596274 -34.8977489882532 -35.49647727805291 -34.54301975957563 -35.42889318535025 
-34.99000116214742 -34.97830290864847 -35.57383445463677 -34.62523942275402 -35.50622529683072 
-34.98686005398149 -34.973861518425295 -35.56850149026022 -34.620298410362665 -35.50165670307476 
-34.983120235387204 -34.97043709394276 -35.56575790587448 -34.61708680732845 -35.498657328326146 
-34.99671272017895 -34.987363347894586 -35.58112445551639 -34.63291807019927 -35.51270847082412 
-35.049048653622236 -35.04154993223014 -35.63364055871119 -34.68821708143163 -35.564543964748765 
-35.000981959349545 -34.99585864687664 -35.589986691493195 -34.640999674401556 -35.51952919799767 
-35.01334027599363 -35.00781089983366 -35.60158092564197 -34.65341713088799 -35.53134958268309 
-35.01295789360603 -35.00823006132241 -35.602976711807116 -34.654330572378626 -35.5322061013249 
-34.979083220907214 -34.97540441665143 -35.56988803763829 -34.619375947782245 -35.49873930179112 
