8.559226989746094e-05
5.078315734863281e-05
4.9591064453125e-05
4.9114227294921875e-05
4.9114227294921875e-05
4.887580871582031e-05
4.935264587402344e-05
4.887580871582031e-05
0.000133514404296875
5.054473876953125e-05
4.863739013671875e-05
4.887580871582031e-05
4.887580871582031e-05
4.887580871582031e-05
4.863739013671875e-05
4.863739013671875e-05
4.839897155761719e-05
4.887580871582031e-05
4.863739013671875e-05
4.887580871582031e-05
4.839897155761719e-05
4.863739013671875e-05
4.839897155761719e-05
4.887580871582031e-05
6.246566772460938e-05
5.221366882324219e-05
4.8160552978515625e-05
4.839897155761719e-05
4.8160552978515625e-05
4.863739013671875e-05
4.839897155761719e-05
4.863739013671875e-05
4.839897155761719e-05
4.8160552978515625e-05
4.863739013671875e-05
5.0067901611328125e-05
4.839897155761719e-05
4.839897155761719e-05
4.8160552978515625e-05
4.839897155761719e-05
4.863739013671875e-05
6.198883056640625e-05
4.935264587402344e-05
4.839897155761719e-05
4.839897155761719e-05
4.8160552978515625e-05
4.887580871582031e-05
4.839897155761719e-05
4.8160552978515625e-05
4.792213439941406e-05
4.839897155761719e-05
4.8160552978515625e-05
4.8160552978515625e-05
4.792213439941406e-05
4.839897155761719e-05
6.103515625e-05
4.601478576660156e-05
4.553794860839844e-05
9.584426879882812e-05
4.839897155761719e-05
4.601478576660156e-05
4.601478576660156e-05
4.553794860839844e-05
4.6253204345703125e-05
4.601478576660156e-05
4.553794860839844e-05
4.673004150390625e-05
4.553794860839844e-05
4.57763671875e-05
4.57763671875e-05
4.553794860839844e-05
4.57763671875e-05
6.628036499023438e-05
4.9114227294921875e-05
4.76837158203125e-05
9.393692016601562e-05
6.127357482910156e-05
4.57763671875e-05
4.601478576660156e-05
4.696846008300781e-05
4.57763671875e-05
4.57763671875e-05
4.601478576660156e-05
4.744529724121094e-05
0.0001239776611328125
4.744529724121094e-05
4.553794860839844e-05
4.553794860839844e-05
4.57763671875e-05
4.601478576660156e-05
4.601478576660156e-05
0.00012946128845214844
9.608268737792969e-05
5.1021575927734375e-05
6.389617919921875e-05
8.130073547363281e-05
4.887580871582031e-05
4.9591064453125e-05
4.9591064453125e-05
6.29425048828125e-05
4.553794860839844e-05
4.744529724121094e-05
4.6253204345703125e-05
4.57763671875e-05
4.553794860839844e-05
0.00010228157043457031
6.079673767089844e-05
4.792213439941406e-05
4.696846008300781e-05
4.649162292480469e-05
9.202957153320312e-05
4.744529724121094e-05
4.6253204345703125e-05
4.57763671875e-05
5.459785461425781e-05
5.030632019042969e-05
4.744529724121094e-05
4.744529724121094e-05
4.649162292480469e-05
4.76837158203125e-05
0.000133514404296875
6.103515625e-05
4.601478576660156e-05
4.6253204345703125e-05
4.6253204345703125e-05
4.601478576660156e-05
5.054473876953125e-05
4.673004150390625e-05
4.744529724121094e-05
4.6253204345703125e-05
4.7206878662109375e-05
4.6253204345703125e-05
4.673004150390625e-05
4.6253204345703125e-05
4.673004150390625e-05
4.7206878662109375e-05
0.0001327991485595703
4.744529724121094e-05
4.649162292480469e-05
4.6253204345703125e-05
4.696846008300781e-05
4.673004150390625e-05
4.57763671875e-05
4.601478576660156e-05
4.601478576660156e-05
4.6253204345703125e-05
4.601478576660156e-05
4.649162292480469e-05
4.7206878662109375e-05
4.6253204345703125e-05
4.57763671875e-05
4.57763671875e-05
4.673004150390625e-05
0.00014138221740722656
6.604194641113281e-05
6.413459777832031e-05
0.00011968612670898438
6.389617919921875e-05
4.839897155761719e-05
4.673004150390625e-05
4.673004150390625e-05
4.6253204345703125e-05
4.601478576660156e-05
4.649162292480469e-05
6.699562072753906e-05
4.792213439941406e-05
9.489059448242188e-05
4.744529724121094e-05
4.696846008300781e-05
4.649162292480469e-05
4.6253204345703125e-05
4.649162292480469e-05
4.649162292480469e-05
4.744529724121094e-05
4.6253204345703125e-05
7.534027099609375e-05
4.9114227294921875e-05
4.696846008300781e-05
4.57763671875e-05
4.76837158203125e-05
4.673004150390625e-05
4.7206878662109375e-05
4.7206878662109375e-05
9.465217590332031e-05
4.696846008300781e-05
4.6253204345703125e-05
4.6253204345703125e-05
4.57763671875e-05
4.57763671875e-05
4.649162292480469e-05
4.649162292480469e-05
4.57763671875e-05
4.601478576660156e-05
4.601478576660156e-05
4.649162292480469e-05
4.649162292480469e-05
4.57763671875e-05
4.696846008300781e-05
4.649162292480469e-05
4.57763671875e-05
4.649162292480469e-05
9.751319885253906e-05
4.935264587402344e-05
4.744529724121094e-05
4.673004150390625e-05
4.649162292480469e-05
4.76837158203125e-05
4.7206878662109375e-05
4.696846008300781e-05
4.673004150390625e-05
4.601478576660156e-05
4.76837158203125e-05
4.696846008300781e-05
4.696846008300781e-05
4.839897155761719e-05
4.696846008300781e-05
4.673004150390625e-05
4.6253204345703125e-05
9.465217590332031e-05
4.9591064453125e-05
4.744529724121094e-05
4.649162292480469e-05
4.649162292480469e-05
4.673004150390625e-05
4.6253204345703125e-05
4.673004150390625e-05
4.744529724121094e-05
4.7206878662109375e-05
4.649162292480469e-05
4.649162292480469e-05
6.4849853515625e-05
4.863739013671875e-05
4.673004150390625e-05
5.054473876953125e-05
4.649162292480469e-05
9.679794311523438e-05
4.76837158203125e-05
4.6253204345703125e-05
4.696846008300781e-05
4.601478576660156e-05
4.649162292480469e-05
4.649162292480469e-05
4.6253204345703125e-05
4.7206878662109375e-05
9.036064147949219e-05
4.863739013671875e-05
4.673004150390625e-05
4.7206878662109375e-05
4.601478576660156e-05
4.673004150390625e-05
4.696846008300781e-05
4.649162292480469e-05
4.863739013671875e-05
4.696846008300781e-05
4.696846008300781e-05
4.6253204345703125e-05
4.601478576660156e-05
4.553794860839844e-05
4.553794860839844e-05
4.744529724121094e-05
4.601478576660156e-05
4.673004150390625e-05
4.601478576660156e-05
4.6253204345703125e-05
4.7206878662109375e-05
4.744529724121094e-05
4.601478576660156e-05
4.6253204345703125e-05
4.673004150390625e-05
0.00010776519775390625
4.76837158203125e-05
4.673004150390625e-05
4.601478576660156e-05
4.601478576660156e-05
4.6253204345703125e-05
4.76837158203125e-05
4.696846008300781e-05
4.57763671875e-05
4.601478576660156e-05
4.601478576660156e-05
4.601478576660156e-05
4.601478576660156e-05
4.57763671875e-05
4.601478576660156e-05
4.6253204345703125e-05
4.601478576660156e-05
4.6253204345703125e-05
9.655952453613281e-05
4.7206878662109375e-05
4.601478576660156e-05
4.601478576660156e-05
4.5299530029296875e-05
4.553794860839844e-05
4.673004150390625e-05
4.601478576660156e-05
4.553794860839844e-05
4.76837158203125e-05
4.649162292480469e-05
4.6253204345703125e-05
4.649162292480469e-05
4.649162292480469e-05
4.792213439941406e-05
4.673004150390625e-05
6.413459777832031e-05
9.560585021972656e-05
6.198883056640625e-05
4.601478576660156e-05
4.57763671875e-05
4.601478576660156e-05
4.649162292480469e-05
4.6253204345703125e-05
4.57763671875e-05
4.5299530029296875e-05
0.0001163482666015625
6.4849853515625e-05
4.863739013671875e-05
4.9114227294921875e-05
4.863739013671875e-05
7.748603820800781e-05
0.0001285076141357422
9.489059448242188e-05
4.9114227294921875e-05
5.888938903808594e-05
4.6253204345703125e-05
4.5299530029296875e-05
4.601478576660156e-05
4.601478576660156e-05
4.57763671875e-05
4.553794860839844e-05
4.553794860839844e-05
4.601478576660156e-05
4.5299530029296875e-05
4.57763671875e-05
4.57763671875e-05
4.553794860839844e-05
0.00011205673217773438
4.7206878662109375e-05
4.601478576660156e-05
4.57763671875e-05
4.57763671875e-05
4.649162292480469e-05
8.749961853027344e-05
8.416175842285156e-05
7.891654968261719e-05
5.054473876953125e-05
6.222724914550781e-05
4.673004150390625e-05
4.601478576660156e-05
4.553794860839844e-05
0.0054705142974853516
8.20159912109375e-05
4.887580871582031e-05
4.6253204345703125e-05
4.601478576660156e-05
4.6253204345703125e-05
4.649162292480469e-05
9.918212890625e-05
6.437301635742188e-05
4.57763671875e-05
4.6253204345703125e-05
4.673004150390625e-05
4.57763671875e-05
4.601478576660156e-05
4.601478576660156e-05
4.553794860839844e-05
4.57763671875e-05
4.553794860839844e-05
4.649162292480469e-05
4.673004150390625e-05
4.673004150390625e-05
4.57763671875e-05
4.57763671875e-05
4.57763671875e-05
9.226799011230469e-05
6.127357482910156e-05
4.6253204345703125e-05
4.6253204345703125e-05
4.673004150390625e-05
4.6253204345703125e-05
4.601478576660156e-05
4.57763671875e-05
4.553794860839844e-05
4.57763671875e-05
4.57763671875e-05
4.5299530029296875e-05
4.6253204345703125e-05
4.5299530029296875e-05
4.57763671875e-05
4.5299530029296875e-05
4.5299530029296875e-05
4.5299530029296875e-05
0.0001468658447265625
6.008148193359375e-05
4.5299530029296875e-05
4.57763671875e-05
4.601478576660156e-05
4.553794860839844e-05
4.553794860839844e-05
4.5299530029296875e-05
4.57763671875e-05
4.553794860839844e-05
4.57763671875e-05
4.696846008300781e-05
4.601478576660156e-05
4.57763671875e-05
4.57763671875e-05
4.553794860839844e-05
6.4849853515625e-05
4.76837158203125e-05
4.6253204345703125e-05
4.57763671875e-05
4.601478576660156e-05
4.553794860839844e-05
4.57763671875e-05
4.553794860839844e-05
4.5299530029296875e-05
4.649162292480469e-05
0.00018334388732910156
4.792213439941406e-05
4.6253204345703125e-05
4.57763671875e-05
4.553794860839844e-05
4.6253204345703125e-05
0.0001418590545654297
4.76837158203125e-05
4.553794860839844e-05
4.5299530029296875e-05
4.6253204345703125e-05
4.649162292480469e-05
4.57763671875e-05
4.57763671875e-05
4.553794860839844e-05
4.57763671875e-05
4.57763671875e-05
4.673004150390625e-05
4.601478576660156e-05
4.57763671875e-05
4.6253204345703125e-05
4.673004150390625e-05
4.553794860839844e-05
0.00010204315185546875
6.031990051269531e-05
4.601478576660156e-05
4.601478576660156e-05
4.7206878662109375e-05
4.601478576660156e-05
4.553794860839844e-05
4.601478576660156e-05
4.57763671875e-05
4.57763671875e-05
4.57763671875e-05
4.5299530029296875e-05
4.6253204345703125e-05
4.57763671875e-05
4.57763671875e-05
4.6253204345703125e-05
9.489059448242188e-05
4.7206878662109375e-05
4.601478576660156e-05
4.6253204345703125e-05
4.553794860839844e-05
4.553794860839844e-05
4.601478576660156e-05
4.553794860839844e-05
4.553794860839844e-05
4.553794860839844e-05
4.57763671875e-05
4.5299530029296875e-05
4.601478576660156e-05
4.57763671875e-05
4.5299530029296875e-05
4.5299530029296875e-05
4.5299530029296875e-05
4.553794860839844e-05
9.679794311523438e-05
0.00010967254638671875
8.487701416015625e-05
6.151199340820312e-05
4.553794860839844e-05
4.5299530029296875e-05
4.5299530029296875e-05
4.506111145019531e-05
4.553794860839844e-05
4.553794860839844e-05
4.553794860839844e-05
6.556510925292969e-05
4.649162292480469e-05
4.5299530029296875e-05
4.696846008300781e-05
0.0001366138458251953
4.982948303222656e-05
4.8160552978515625e-05
6.127357482910156e-05
4.6253204345703125e-05
4.5299530029296875e-05
4.553794860839844e-05
4.57763671875e-05
4.57763671875e-05
4.553794860839844e-05
