1.5500198244953513e-06 1.6190016189207325e-06 1.4697177042441686e-06 1.4548705396657228e-06 1.4630001433628516e-06 
1.5516886190640698e-06 1.6210538146024786e-06 1.4712454725337891e-06 1.4568688196672636e-06 1.4644030339032262e-06 
1.5517323652973292e-06 1.6212201604055955e-06 1.4713513362660756e-06 1.4569921223964154e-06 1.4644538394423903e-06 
1.5499378889490123e-06 1.6199250489502079e-06 1.4698163604517815e-06 1.4555165656910539e-06 1.4626919410724049e-06 
1.5496042253305757e-06 1.618327056229586e-06 1.4697101489052902e-06 1.4541628044303454e-06 1.4630345665219201e-06 
1.5494510575371243e-06 1.6182684220203358e-06 1.4697776099948485e-06 1.4540309234836897e-06 1.4630357407189085e-06 
1.542209417951072e-06 1.6107292340440996e-06 1.4625246912535052e-06 1.4465502773254692e-06 1.455891072589509e-06 
1.552017286425044e-06 1.6188960960132073e-06 1.4718485807578671e-06 1.4552468698167311e-06 1.4659117121293086e-06 
1.5517476272469205e-06 1.6208872097603759e-06 1.4745139635372073e-06 1.4560330104840042e-06 1.4673168074901695e-06 
1.5571935813941155e-06 1.6265746845196165e-06 1.4798983665630292e-06 1.4616864064466197e-06 1.472622840704445e-06 
1.5569965396974403e-06 1.6264644548476621e-06 1.4797932215572628e-06 1.4615344786911126e-06 1.4724720265677457e-06 
1.5615174347118367e-06 1.630328784408964e-06 1.4840506908654489e-06 1.4656268705623094e-06 1.4770180649269938e-06 
1.5667473869167303e-06 1.6382159050902757e-06 1.491438396340365e-06 1.4724096869321058e-06 1.4831080386074069e-06 
1.5915007849698396e-06 1.6613266777407369e-06 1.5134308965605506e-06 1.496572402428323e-06 1.5061221179956385e-06 
1.5890487574358185e-06 1.658697366932923e-06 1.5107345187450128e-06 1.4940353428651623e-06 1.5035243535366924e-06 
1.5871588556010694e-06 1.6557900834664395e-06 1.5094375520634986e-06 1.4912417426459164e-06 1.502529024695246e-06 
1.5992483461278835e-06 1.6670348390953363e-06 1.5202872923863732e-06 1.5029918407418682e-06 1.513878150968813e-06 
1.5999270061580592e-06 1.6680676506800437e-06 1.521201093821541e-06 1.503886628192666e-06 1.5146263539628298e-06 
1.59751938828475e-06 1.6649945340566115e-06 1.5184707859160885e-06 1.5010446109684815e-06 1.5121899079724786e-06 
1.5864266648002027e-06 1.655257571322339e-06 1.5074259221744252e-06 1.4909412822808556e-06 1.5006173602879725e-06 
1.6004317389741403e-06 1.6680083873830937e-06 1.520902115838556e-06 1.5041454601395394e-06 1.5146515253758553e-06 
1.5986961847489836e-06 1.6659053154674867e-06 1.5192741482967405e-06 1.5021062403782334e-06 1.5131461098111503e-06 
1.6004991417228968e-06 1.6678057266667464e-06 1.5208125216771382e-06 1.5040446333672931e-06 1.5146855977965655e-06 
1.6056414319538777e-06 1.6720383180753204e-06 1.525834214985275e-06 1.5085417434815702e-06 1.5200709709187887e-06 
1.6118178175965949e-06 1.6784386154095969e-06 1.5323960516522278e-06 1.5148138200326618e-06 1.5264996749640783e-06 
1.6110092934173764e-06 1.6777929189215051e-06 1.5310662258768136e-06 1.5142401472611908e-06 1.5251799437339481e-06 
1.6036125539187848e-06 1.6725645466432915e-06 1.526490444400072e-06 1.5078406785020764e-06 1.5193913627184519e-06 
1.6027162853336687e-06 1.6718398116721525e-06 1.5257301690743038e-06 1.507042265487315e-06 1.5185469141182751e-06 
1.6023886678454727e-06 1.6722465763502272e-06 1.5251413801207513e-06 1.507324685536184e-06 1.517716433762461e-06 
1.60348182290302e-06 1.6732874359189325e-06 1.5261773070955136e-06 1.508393004744548e-06 1.5187808714561433e-06 
1.618222750762688e-06 1.687418652069331e-06 1.5399587112287166e-06 1.5229132959444643e-06 1.5329362361619632e-06 
1.622583309408932e-06 1.6907033474635605e-06 1.5431301246436092e-06 1.5267338775644014e-06 1.536680838294631e-06 
1.6223349822602009e-06 1.6902923342180052e-06 1.5425126333166157e-06 1.5264448049786335e-06 1.5361754275224583e-06 
1.630510420377689e-06 1.6992279714296912e-06 1.5507823250522598e-06 1.5351900666588378e-06 1.5441514021932568e-06 
1.630192754523668e-06 1.6989214137533753e-06 1.5498015820315249e-06 1.5350311015436143e-06 1.543257422728343e-06 
1.6105419052645368e-06 1.6838545210118224e-06 1.5332901599762548e-06 1.5181369123994724e-06 1.524564307938018e-06 
1.6126375342695913e-06 1.6857843865509597e-06 1.535260507632101e-06 1.520137167832597e-06 1.526616467315982e-06 
1.6155200852157712e-06 1.6872942749374231e-06 1.5373562039776792e-06 1.522148077949563e-06 1.5293425261678203e-06 
1.5981567433233395e-06 1.670009480242937e-06 1.5199496613932345e-06 1.5048218474232072e-06 1.5118972729146951e-06 
1.5976634078664163e-06 1.668629461757103e-06 1.51869513836654e-06 1.5038213247815427e-06 1.5110826739745194e-06 
1.5986057566289467e-06 1.6693357036875503e-06 1.519594426721368e-06 1.5045942978475396e-06 1.5120781715709781e-06 
1.5928296687321364e-06 1.6623292828729203e-06 1.5130059764606454e-06 1.4980524034894967e-06 1.50606247393354e-06 
1.5930947451849701e-06 1.6642167704917659e-06 1.515177136848973e-06 1.4991232749153778e-06 1.5073579387340937e-06 
1.5963091825816655e-06 1.667677332520394e-06 1.5183826437516132e-06 1.5025344938780872e-06 1.5104741146832103e-06 
1.5991611435811983e-06 1.6709028463400216e-06 1.5211571433411641e-06 1.505696256009189e-06 1.5131200054169198e-06 
1.5998684949330637e-06 1.6716024509637524e-06 1.5217913402098381e-06 1.5064157564462081e-06 1.5137677417876212e-06 
1.605758277263304e-06 1.677692563252468e-06 1.5273168515059885e-06 1.5125547619638867e-06 1.5192720693425787e-06 
1.606200107561196e-06 1.6783283193206562e-06 1.5278107185395614e-06 1.5131348787251797e-06 1.5196856392365781e-06 
1.5988550627606467e-06 1.6720230192931035e-06 1.5210632890764238e-06 1.5064409544792423e-06 1.5124555370146574e-06 
1.596023603748935e-06 1.669356663437575e-06 1.5183966826074145e-06 1.503693768061844e-06 1.5097012208067935e-06 
1.6034545177920483e-06 1.676235301139523e-06 1.5264403731968375e-06 1.5105713952819801e-06 1.5178777278640754e-06 
1.6105427768039974e-06 1.6826427552519074e-06 1.533938402150859e-06 1.5170584394524509e-06 1.5255839489763743e-06 
1.6052031051969932e-06 1.6768266670967795e-06 1.5283355173074707e-06 1.511402925681736e-06 1.520192937384245e-06 
1.616889854494591e-06 1.692134320337789e-06 1.5416477474020106e-06 1.5255336851277692e-06 1.5319208936564334e-06 
1.6293942131941136e-06 1.7054334006760378e-06 1.5558484694863908e-06 1.5382962872556559e-06 1.5456010084069971e-06 
1.6287351987358357e-06 1.7042204349248403e-06 1.554383570817114e-06 1.5373867566041589e-06 1.5444550631534279e-06 
1.6315840590033314e-06 1.7068565617207357e-06 1.5569995610497046e-06 1.540128341141565e-06 1.5471859070700865e-06 
1.628668403233293e-06 1.7032014944007798e-06 1.5529355453858066e-06 1.536894069270183e-06 1.543555857768441e-06 
1.6157243430021597e-06 1.6915161701204136e-06 1.5405414040825982e-06 1.5247779868258471e-06 1.5305975369465934e-06 
1.6185430606053242e-06 1.6949936081618303e-06 1.5435032209272814e-06 1.5280827498051288e-06 1.5332921806209503e-06 
1.613998913098063e-06 1.6904575765105796e-06 1.5390971524716668e-06 1.5235049716739473e-06 1.5288600878009552e-06 
1.6115449522405224e-06 1.6874982282672593e-06 1.5359184016844061e-06 1.5208188850085626e-06 1.5259694000234586e-06 
1.612369139260347e-06 1.6884896357673814e-06 1.5370190212032535e-06 1.5217113133180374e-06 1.5269697489428992e-06 
1.6135033611366496e-06 1.6914224700448002e-06 1.541178774295036e-06 1.5235655348574547e-06 1.5300372979029194e-06 
1.613337414493632e-06 1.6913949949275109e-06 1.540956744853004e-06 1.523519829511794e-06 1.529770041847636e-06 
1.610613879444002e-06 1.6872885487225508e-06 1.5384811543875783e-06 1.5196622918818006e-06 1.5277836310853378e-06 
1.6154474550540256e-06 1.691676774893312e-06 1.5425931522294494e-06 1.5243183411220957e-06 1.532167001114807e-06 
1.6169735200544132e-06 1.693271589176517e-06 1.5442109238445315e-06 1.525880284685643e-06 1.533747644419113e-06 
1.6241705990289895e-06 1.6993635045274599e-06 1.549646516135411e-06 1.5326261959446584e-06 1.5398482330808893e-06 
1.6280979632470692e-06 1.7034155716105686e-06 1.553591687463234e-06 1.5366532433853902e-06 1.543747197233527e-06 
1.6254096433328112e-06 1.7013508941268052e-06 1.5515408188415056e-06 1.5343003962306956e-06 1.541370771077661e-06 
1.6231664808596098e-06 1.6996473693418892e-06 1.5509000462438947e-06 1.5321176895897876e-06 1.540305746032555e-06 
1.6259476514049916e-06 1.702647838333272e-06 1.5541066610887002e-06 1.5349810728094082e-06 1.5433740026855462e-06 
1.6282722351392756e-06 1.7056512879493245e-06 1.5577791233619231e-06 1.5375448104481639e-06 1.5466083778778221e-06 
1.6297714022359487e-06 1.7068697747107826e-06 1.5594410686597994e-06 1.5387963439612123e-06 1.548355899433105e-06 
1.6344441711974485e-06 1.7108525627943876e-06 1.5642799010635927e-06 1.5429142074803321e-06 1.553437413111375e-06 
1.6367155554851736e-06 1.7132142276389934e-06 1.56660983892242e-06 1.5452467430589417e-06 1.5557272585238894e-06 
1.6379717920219883e-06 1.7141851590825286e-06 1.5680251461098195e-06 1.5462545546302618e-06 1.557229848786675e-06 
1.6415961286856889e-06 1.7174347990351508e-06 1.571787652514807e-06 1.5495720363877007e-06 1.5611181966234964e-06 
1.6485681615020358e-06 1.7240036351251977e-06 1.5786922780548951e-06 1.5562647305012705e-06 1.5681901460741955e-06 
1.6471966296236126e-06 1.7207925048206945e-06 1.5743999446398099e-06 1.5540976745369165e-06 1.564989949480616e-06 
1.6438850977428094e-06 1.7172942694373412e-06 1.5727168221324046e-06 1.5503030254788712e-06 1.563151460932741e-06 
1.656304834110927e-06 1.7301508126619555e-06 1.586313241565969e-06 1.5628395871101255e-06 1.576432165560168e-06 
1.656925586972294e-06 1.730334803241304e-06 1.5867457175762856e-06 1.563171082475431e-06 1.577055275946185e-06 
1.658185086679557e-06 1.7312257723686022e-06 1.58823610883309e-06 1.5641118320366188e-06 1.5786535022239192e-06 
1.6502323022729593e-06 1.7222655269450187e-06 1.5794374927714794e-06 1.5555574433547326e-06 1.570343565145241e-06 
1.6437823453580144e-06 1.7161270610773078e-06 1.5732465572457764e-06 1.5492761753979655e-06 1.5639948496294165e-06 
1.6407321776356304e-06 1.7131809194258101e-06 1.5702662976620292e-06 1.5462838704701997e-06 1.5609634407636552e-06 
1.6401307991964915e-06 1.7125978245356334e-06 1.5697377053132583e-06 1.5456806642816857e-06 1.5604174859219421e-06 
1.6365505925748606e-06 1.7073565637616555e-06 1.5671045087853832e-06 1.5406807672508648e-06 1.558274687265203e-06 
1.6560260603050966e-06 1.7273357858101322e-06 1.5865754512598394e-06 1.5605679055526122e-06 1.5775721692707588e-06 
1.6595163633915777e-06 1.7312437629437804e-06 1.5901682057911737e-06 1.5643542830390705e-06 1.5809968514205418e-06 
1.6768937894678534e-06 1.7458322346688508e-06 1.6060572260647993e-06 1.5799967313907016e-06 1.5981483345033821e-06 
1.6799824872385259e-06 1.7479800749382793e-06 1.609221068342623e-06 1.5823927148754495e-06 1.601655171235688e-06 
1.6767137612465772e-06 1.7451198834835078e-06 1.6067077760488444e-06 1.5792759112384633e-06 1.5988821524009264e-06 
1.67574685223115e-06 1.7458484332734005e-06 1.6071460883578974e-06 1.5792856562608304e-06 1.598491673660381e-06 
1.6777545296035912e-06 1.747554053217588e-06 1.6091118889461651e-06 1.5810849051091433e-06 1.6005775006660083e-06 
1.6894558722215964e-06 1.7585147482934017e-06 1.6217485546330396e-06 1.5921079332263984e-06 1.6133684302251148e-06 
1.7018709889921707e-06 1.7731687463492829e-06 1.6367642876123695e-06 1.6057200793156208e-06 1.627197305310378e-06 
1.7023407203978782e-06 1.7736656311907815e-06 1.6372265537423099e-06 1.6062116620421015e-06 1.6276508182383206e-06 
1.7031820848813955e-06 1.7744385191486881e-06 1.638036528037225e-06 1.6070104632050355e-06 1.6284912367035707e-06 
1.701164976705674e-06 1.772698753525883e-06 1.6367012539066634e-06 1.6050752467952734e-06 1.6269566531255435e-06 
1.7034408911508787e-06 1.7742577107264091e-06 1.6380488513157583e-06 1.6069936486464258e-06 1.6287016682669508e-06 
1.7021060987579527e-06 1.771750170544092e-06 1.6349639923721275e-06 1.6051081870616444e-06 1.6262957981555496e-06 
1.7008062048578592e-06 1.7705726032648302e-06 1.6326972147059995e-06 1.6040633989837786e-06 1.6241169692248736e-06 
1.700672200942597e-06 1.770394805152936e-06 1.6325604452133916e-06 1.6038978516350875e-06 1.6239968168166312e-06 
1.6908829274027642e-06 1.7607887076335783e-06 1.623394776045795e-06 1.5941119815945458e-06 1.6146695632727137e-06 
1.674224915678722e-06 1.7454060849536012e-06 1.6091369738559816e-06 1.5779303757078037e-06 1.5995913888936587e-06 
1.6739614054013185e-06 1.7452701474518125e-06 1.6091045081292253e-06 1.5777196227810779e-06 1.5994791158544538e-06 
1.675451454210618e-06 1.7476782703318268e-06 1.611145867850904e-06 1.579785237386276e-06 1.6011026736639403e-06 
1.675409976933835e-06 1.7476559700989982e-06 1.6111077446960354e-06 1.5797570358215546e-06 1.6010568994086322e-06 
1.6752384366274104e-06 1.7473934707442879e-06 1.610885547758169e-06 1.579527655491003e-06 1.6008755337940903e-06 
1.6857475679153064e-06 1.756376432613221e-06 1.6185829890979364e-06 1.5894342851731625e-06 1.6095396140339215e-06 
1.6861543431918243e-06 1.7568196539880765e-06 1.6190192616735432e-06 1.5898631843306241e-06 1.6099584824201286e-06 
1.6960946054944326e-06 1.7654700966501321e-06 1.6281983425917803e-06 1.5990217590350006e-06 1.6197310221978542e-06 
1.692336866928261e-06 1.7619772776249003e-06 1.6253029902844427e-06 1.5952979484050175e-06 1.6166145214292079e-06 
1.714845117552449e-06 1.7852526785904185e-06 1.6470829105940673e-06 1.6185340462914188e-06 1.638225039693299e-06 
1.7128264117658308e-06 1.7840683126635275e-06 1.6459944709952703e-06 1.616954124063992e-06 1.636695170357664e-06 
1.7112305944942692e-06 1.7847107103336183e-06 1.6460221450922222e-06 1.61670542134595e-06 1.6356619730706844e-06 
1.7112877231927445e-06 1.7845834817791673e-06 1.6459259094653227e-06 1.616654427743024e-06 1.6356557968045907e-06 
1.7173585773930507e-06 1.7894348062648723e-06 1.6526555967808358e-06 1.6217339737646748e-06 1.6427533799766198e-06 
1.7155995457632138e-06 1.78883450709554e-06 1.6521311886494065e-06 1.6206050894503512e-06 1.6416250499300562e-06 
1.7156713330972936e-06 1.7889459827147767e-06 1.652215594325598e-06 1.6207037637523471e-06 1.6416929704483968e-06 
1.7156211956703904e-06 1.7887991622540278e-06 1.6520598855344652e-06 1.6206009305456872e-06 1.6415878649007938e-06 
1.7165256582085513e-06 1.7895719406409245e-06 1.6529179671626946e-06 1.6214192080210027e-06 1.642502073063774e-06 
1.7163465781862026e-06 1.789636074434051e-06 1.6526205740358866e-06 1.6214366084020824e-06 1.6421302900499151e-06 
1.7181153977619088e-06 1.791180703367106e-06 1.65419840946502e-06 1.6230779312590528e-06 1.6438193609792169e-06 
1.7194424458324817e-06 1.7938300518767208e-06 1.6565982381496653e-06 1.6251906152120666e-06 1.6455788749973415e-06 
1.713720136289867e-06 1.7888532112395173e-06 1.6532446392260993e-06 1.6196106082949842e-06 1.6416160904820545e-06 
1.7138200822262387e-06 1.7890873728115015e-06 1.6536645803921593e-06 1.6197569866576427e-06 1.6419419036013076e-06 
1.7137529249411804e-06 1.7890245046019733e-06 1.6536068253319133e-06 1.6196913113966205e-06 1.6418812029058536e-06 
1.7211605286535944e-06 1.796028431831505e-06 1.6615279079973972e-06 1.626739472995057e-06 1.6498869888183982e-06 
1.7231307631815502e-06 1.7988993658592452e-06 1.6638762206832627e-06 1.6293069988647677e-06 1.6518492012232977e-06 
1.7207005434311282e-06 1.7980320831551131e-06 1.6634057948472507e-06 1.6277028611404427e-06 1.6505245335040668e-06 
1.723490114152007e-06 1.800524758112574e-06 1.6656942628807134e-06 1.630359289626538e-06 1.6529947418758837e-06 
1.7232662123419003e-06 1.80173825236046e-06 1.6681866896715195e-06 1.6307676935616025e-06 1.6545774859384864e-06 
1.7230612828372474e-06 1.8015786688545313e-06 1.6680047872407402e-06 1.6305918927423703e-06 1.6543753741881978e-06 
1.7163077554733352e-06 1.7933398684978902e-06 1.660632125263614e-06 1.6228407581263074e-06 1.6476357647617785e-06 
1.7171872272637398e-06 1.7942219865709915e-06 1.6616019707876657e-06 1.6237106313011267e-06 1.6485928002450597e-06 
1.7041628459587315e-06 1.781433264712027e-06 1.649684436608853e-06 1.6106697241305578e-06 1.6364251600951884e-06 
1.6867069910457528e-06 1.7658681431957858e-06 1.6329863382349797e-06 1.5944368305950675e-06 1.618905119906428e-06 
1.6879986779872598e-06 1.7671021594598731e-06 1.6346194457381711e-06 1.5956398104187335e-06 1.6205138308579082e-06 
1.700416295939236e-06 1.7822636208410828e-06 1.6489868067594364e-06 1.6098010345414914e-06 1.63360037236004e-06 
1.7078721685252214e-06 1.790876173316966e-06 1.6575355983503885e-06 1.617962617829269e-06 1.641574099135918e-06 
1.688028368959344e-06 1.7725300871885791e-06 1.6378679808777643e-06 1.5991589924744344e-06 1.6213057649976684e-06 
1.6851201746467396e-06 1.7707088376925363e-06 1.6344724842886725e-06 1.5971263110577382e-06 1.6175666150011055e-06 
1.6933979901177588e-06 1.7780262481333728e-06 1.6430538881065428e-06 1.6046597148628289e-06 1.6264739833421378e-06 
1.6957330886524715e-06 1.778528155023042e-06 1.643170802818241e-06 1.6059729102482219e-06 1.6275811130452067e-06 
1.6957153832523323e-06 1.7784475658637634e-06 1.6431089637349243e-06 1.6059153423654823e-06 1.6275488050809524e-06 
1.6966495869152763e-06 1.778822361797789e-06 1.6437077832091835e-06 1.6064888387886207e-06 1.62840341690884e-06 
1.6991137650562536e-06 1.7830056285869538e-06 1.646846688423495e-06 1.6101284105559736e-06 1.63080912619407e-06 
1.6990751796651773e-06 1.7828623585960297e-06 1.6472007274069941e-06 1.6099523162368356e-06 1.6311488736180362e-06 
1.6980870425740862e-06 1.7817992036555487e-06 1.6464391536220562e-06 1.608872576189687e-06 1.6303836704587784e-06 
1.7078297049369742e-06 1.7897749355011185e-06 1.6553434231676847e-06 1.6174548819705516e-06 1.640071090646092e-06 
1.7055545749124239e-06 1.787141744244175e-06 1.653131219165329e-06 1.6149031841567188e-06 1.637982112657278e-06 
1.702180176522871e-06 1.783813140959014e-06 1.6492517350155864e-06 1.6116306116646489e-06 1.6341518772186565e-06 
1.704815279940126e-06 1.7880349329669882e-06 1.6541576538166247e-06 1.615104326747202e-06 1.6381569484089144e-06 
1.704074794623188e-06 1.7871490668791458e-06 1.6529891148537783e-06 1.6143175338332641e-06 1.6371005465847725e-06 
1.7044822568892713e-06 1.7875577614582019e-06 1.6534711993283087e-06 1.6147158219348759e-06 1.637572322127419e-06 
1.704484444992864e-06 1.7875455788398406e-06 1.6534687594525193e-06 1.6147081102050565e-06 1.6375758847318763e-06 
1.6947044965575167e-06 1.7794748521344086e-06 1.647083684685468e-06 1.605686378008073e-06 1.6300809386612864e-06 
1.693815990644299e-06 1.7784432793719067e-06 1.6462221951728298e-06 1.6046874107888034e-06 1.6292684398990704e-06 
1.6926083211645994e-06 1.7774731991523717e-06 1.645576758833795e-06 1.6035753143000377e-06 1.6284566016804942e-06 
1.6912820736769313e-06 1.7767824845837652e-06 1.6448187025001607e-06 1.602636298940525e-06 1.6273826367818012e-06 
1.6883168063165428e-06 1.7738837502995068e-06 1.642136378096242e-06 1.5996760878918315e-06 1.624634367574528e-06 
1.6901579559487366e-06 1.775683374518978e-06 1.6440460172680828e-06 1.6014812667531284e-06 1.626551783018784e-06 
1.6876008204863286e-06 1.7729452936962252e-06 1.641269446428985e-06 1.5988155936581293e-06 1.623870471061316e-06 
1.6882447319684097e-06 1.7735903057374567e-06 1.6420164233516539e-06 1.5994478377627128e-06 1.6246035540966522e-06 
1.6883919254412496e-06 1.7737243710391863e-06 1.6421208228285255e-06 1.5995914011350079e-06 1.6247188128377469e-06 
1.6901592845364097e-06 1.775431541544285e-06 1.643707178575391e-06 1.6013423071427188e-06 1.6263538271886964e-06 
1.6950293042384058e-06 1.7798283279167137e-06 1.6480209646176513e-06 1.6059496756177568e-06 1.6309242924622766e-06 
1.692490929780925e-06 1.777411664220136e-06 1.6456290511205637e-06 1.6034757826845134e-06 1.6284648064398998e-06 
1.69245402669404e-06 1.7778746124184169e-06 1.6461178986187397e-06 1.6037348877564843e-06 1.6286953289492562e-06 
1.6903723737280009e-06 1.7756837111783643e-06 1.6438958033549695e-06 1.6015877668873055e-06 1.6265313727390971e-06 
1.6918597719227542e-06 1.7767168816081493e-06 1.644758149384059e-06 1.6028290538413832e-06 1.6276498032102277e-06 
1.695561254857292e-06 1.7820492881128954e-06 1.6499643602793144e-06 1.607533986259366e-06 1.632045119991116e-06 
1.6893041361311498e-06 1.7764659759197797e-06 1.6449554879653958e-06 1.6015955150565058e-06 1.6266093133974205e-06 
1.6922141027034534e-06 1.780297070231539e-06 1.648333734017768e-06 1.6051290394814958e-06 1.629582230804882e-06 
1.6987474358934103e-06 1.7865892821811806e-06 1.6545971042638528e-06 1.6115324801363488e-06 1.6359781828885163e-06 
1.6925822904772205e-06 1.7848679197644056e-06 1.6514523444196253e-06 1.6082635489828583e-06 1.6307555699113662e-06 
1.6973442749291214e-06 1.7898889678005663e-06 1.6566751805594785e-06 1.6131678460023074e-06 1.6358237557499807e-06 
1.6933332769112513e-06 1.786176564333297e-06 1.6522867291549468e-06 1.6094238076526379e-06 1.6313702062962547e-06 
1.701568334689402e-06 1.7948388558283616e-06 1.6604025525515353e-06 1.6180118960621292e-06 1.6393495908402e-06 
1.702660556664222e-06 1.7960183528800582e-06 1.661612705786169e-06 1.6191559964739894e-06 1.6405121896636557e-06 
1.7035734768053195e-06 1.7968843093503615e-06 1.662385236330077e-06 1.620054128144826e-06 1.6413220839167906e-06 
1.6973623181063187e-06 1.7915132052626061e-06 1.6561631213494137e-06 1.6144690614702378e-06 1.6347797937279444e-06 
1.6927215583586464e-06 1.7859492708755747e-06 1.6515262166182078e-06 1.6091207178122513e-06 1.6304847464620781e-06 
1.6925690655052226e-06 1.786133801899893e-06 1.6516263867701357e-06 1.6091881983635727e-06 1.6304242578433707e-06 
1.6858391880201978e-06 1.7801338583095345e-06 1.6454515613520768e-06 1.6029230579830544e-06 1.6238940532848516e-06 
1.688707473762314e-06 1.7833367922481476e-06 1.6497558061762733e-06 1.6058584317936763e-06 1.6278829952576837e-06 
1.6967661303115181e-06 1.7919010754615562e-06 1.6571640562773902e-06 1.614400721514127e-06 1.635196306241894e-06 
1.6974049978628035e-06 1.7927241900772774e-06 1.6581370789422031e-06 1.6151356807307546e-06 1.6360559792589667e-06 
1.694650997118381e-06 1.7903581799089418e-06 1.6562994624150566e-06 1.6125494511481549e-06 1.633947179047821e-06 
1.6905289151027088e-06 1.7872582087628572e-06 1.654063701329734e-06 1.608950770570948e-06 1.631070956606664e-06 
1.6906705069483583e-06 1.7874705585768677e-06 1.6543138791567545e-06 1.609132445331339e-06 1.6312801757810414e-06 
1.6755018991880522e-06 1.772692063575652e-06 1.6397852523011825e-06 1.594150959489204e-06 1.6165040438961823e-06 
1.6822422094410849e-06 1.7789925272243629e-06 1.6464610384178764e-06 1.6005788288167967e-06 1.6233606594049151e-06 
1.6850965079027386e-06 1.781210063591567e-06 1.6491785750309772e-06 1.602974865932712e-06 1.6263385211873492e-06 
1.710032778159933e-06 1.8048572398682135e-06 1.6695517151770512e-06 1.6275745859466552e-06 1.6478314129153889e-06 
1.7096130761917667e-06 1.8058494911065258e-06 1.670076925070886e-06 1.62809970986041e-06 1.6476988918883195e-06 
1.7052237216314493e-06 1.7992970038834872e-06 1.662635036353886e-06 1.6224809399263888e-06 1.641474757555701e-06 
1.7057231136471509e-06 1.7999645982664086e-06 1.6627284468967502e-06 1.623168232937849e-06 1.641559708511896e-06 
1.7096192047212948e-06 1.8053119867188912e-06 1.6682317833072715e-06 1.627949716205678e-06 1.6463056529083054e-06 
1.7133641867986634e-06 1.8086135666693352e-06 1.6697030049671206e-06 1.6316948030513229e-06 1.6482512751576914e-06 
1.7113412140384382e-06 1.8066423253679555e-06 1.667933605990215e-06 1.6296700983496804e-06 1.6464264925228768e-06 
1.7030239688149899e-06 1.8005236461871887e-06 1.6587762902658104e-06 1.6231783953669117e-06 1.636541730798479e-06 
1.7183700839184386e-06 1.8160312772395163e-06 1.6743367533537873e-06 1.6386411598872382e-06 1.6520289342827694e-06 
1.7130445249381014e-06 1.811305738421112e-06 1.6695790627470912e-06 1.6336870885300536e-06 1.6469633018219445e-06 
1.7148553586110067e-06 1.813225981145197e-06 1.671848054340266e-06 1.6355139025548134e-06 1.6491321150032902e-06 
1.7223031529514802e-06 1.8226644051818259e-06 1.6826422878039564e-06 1.6440182721903074e-06 1.6587382848103226e-06 
1.7216919733126915e-06 1.8229907817230513e-06 1.6825746016287696e-06 1.6440602006063404e-06 1.6582434976894657e-06 
1.7234249311434791e-06 1.8246401605789837e-06 1.683707084958357e-06 1.6458211684222662e-06 1.6594887761164917e-06 
1.7214575642527828e-06 1.82267454636753e-06 1.6814787631552532e-06 1.6438921857306233e-06 1.6572921107696692e-06 
1.7213888406464027e-06 1.822614042720736e-06 1.681410292184157e-06 1.6438297993950518e-06 1.657220419607474e-06 
1.7276945144629077e-06 1.8271913200642103e-06 1.6858936054530366e-06 1.649067495001079e-06 1.6626054675088832e-06 
1.7410495337974177e-06 1.8393502021579417e-06 1.6991918995030585e-06 1.6615162753843384e-06 1.6763770579828378e-06 
1.7463323515878602e-06 1.844766094255786e-06 1.7041229414032883e-06 1.666965024149603e-06 1.6813099918626497e-06 
1.7194596411559077e-06 1.8200421595402506e-06 1.6796155680139952e-06 1.6413714195907007e-06 1.655649079421963e-06 
1.722942987954794e-06 1.8246084309292897e-06 1.6845299591809206e-06 1.6454958948391965e-06 1.6599684819314039e-06 
1.720646381513554e-06 1.8241394263081378e-06 1.6826841740793077e-06 1.6445711387602127e-06 1.657368662290836e-06 
1.7206044308875574e-06 1.8240861835480646e-06 1.6826445971154767e-06 1.6445198013418483e-06 1.6573330075100286e-06 
1.7315926022441822e-06 1.8344781429802919e-06 1.6926981905673754e-06 1.6551948598190668e-06 1.6677476646079342e-06 
1.7233356093104464e-06 1.8263985337044086e-06 1.683260503827759e-06 1.6472524973481208e-06 1.65838883111929e-06 
1.7262331547907295e-06 1.8311267339491985e-06 1.686827239211207e-06 1.6515135313014453e-06 1.6611756818783273e-06 
1.72747211056628e-06 1.8323262567026644e-06 1.687977653702656e-06 1.6527369367643613e-06 1.6623540986726959e-06 
1.7271105967078841e-06 1.8333080922389777e-06 1.6880758403593082e-06 1.6533846690976293e-06 1.6618806975904447e-06 
1.72761736487408e-06 1.8334370175325258e-06 1.6885711439193264e-06 1.653588070513753e-06 1.6625219110986403e-06 
1.7262219611010256e-06 1.8320345963143512e-06 1.6873287736764863e-06 1.6521599228192449e-06 1.661260600720057e-06 
1.7275924722923528e-06 1.8334615917995781e-06 1.6886084408989198e-06 1.6535929219709744e-06 1.6625322334109729e-06 
1.728434596218588e-06 1.8346222163579738e-06 1.6896330771798563e-06 1.6546639506140048e-06 1.6634128079069436e-06 
1.7288134572381796e-06 1.8349809056381585e-06 1.6899886445985188e-06 1.655030833636998e-06 1.6637795355676832e-06 
1.731816928511591e-06 1.8378128006656934e-06 1.6935119534296033e-06 1.6578148588209275e-06 1.6673037170977899e-06 
1.7275573485435828e-06 1.8337446664843681e-06 1.6885594492569616e-06 1.6538176785773774e-06 1.662363895909132e-06 
1.7283135752283254e-06 1.83417430780761e-06 1.6888196227277418e-06 1.6543926350562382e-06 1.6628140239173635e-06 
1.726144965605073e-06 1.8320213163902203e-06 1.6863919694786787e-06 1.6522770303786014e-06 1.660411691072361e-06 
1.7303766707910556e-06 1.8354087939591446e-06 1.689337429139026e-06 1.6560472212900478e-06 1.6638514960267682e-06 
1.7280056233395054e-06 1.8328460698260399e-06 1.6881450283150565e-06 1.6533202433074473e-06 1.6625752052075236e-06 
1.7304781651042995e-06 1.835333284873542e-06 1.6903506545445946e-06 1.6558522337519132e-06 1.6648130124244388e-06 
1.7284615321796869e-06 1.833956184411968e-06 1.6900570497245726e-06 1.654066807915308e-06 1.6640485262982282e-06 
1.7269369474447478e-06 1.832111913881806e-06 1.6881802241185995e-06 1.6523395102915282e-06 1.662337552329078e-06 
1.7296769803130933e-06 1.8346691268214293e-06 1.6905087981318946e-06 1.6550028765721658e-06 1.6647926065736946e-06 
1.7468815374519994e-06 1.854014031069071e-06 1.7088938673947287e-06 1.6737681890719674e-06 1.6822292487799036e-06 
1.7458703498270197e-06 1.8525671716083427e-06 1.7075059064541683e-06 1.672464115961088e-06 1.6810550336380019e-06 
1.7421914640109119e-06 1.8490508857193114e-06 1.7032678223052283e-06 1.6690049331416813e-06 1.6768237794412611e-06 
1.7381943748846775e-06 1.8449214974282976e-06 1.6994436826847728e-06 1.664866155902279e-06 1.6730227994757396e-06 
1.733607278042769e-06 1.8388241582370556e-06 1.693732837923755e-06 1.659235854546348e-06 1.6680280942067267e-06 
1.7288919676056532e-06 1.8340035433512146e-06 1.6887604683722837e-06 1.6544716830592526e-06 1.6631239543267263e-06 
1.7251174583203284e-06 1.8291656073006802e-06 1.6841041575004978e-06 1.6499806950078457e-06 1.6589832122404112e-06 
1.7250597703247306e-06 1.8291799108074273e-06 1.6840834366622901e-06 1.6499747798834708e-06 1.6589302027083743e-06 
1.7203295446221191e-06 1.824323456802426e-06 1.678317909026034e-06 1.6453113756449544e-06 1.6533427021724464e-06 
1.7199118846265329e-06 1.8239254263651385e-06 1.6779099913874886e-06 1.64490734651411e-06 1.652925550207904e-06 
1.7152706432890672e-06 1.8173659050917015e-06 1.671724215501317e-06 1.6389769275809267e-06 1.6476668032912962e-06 
1.7157687698832966e-06 1.8173052210935257e-06 1.6720591079427255e-06 1.639054823760389e-06 1.6482362032001326e-06 
1.71944513720496e-06 1.820654131914361e-06 1.676816453727491e-06 1.6422931365799927e-06 1.6529799159530073e-06 
1.7279770581422209e-06 1.828962326981032e-06 1.6852527521039897e-06 1.6506752960387946e-06 1.6615231114903175e-06 
1.7277343782235148e-06 1.829002051233271e-06 1.6848317570311692e-06 1.6506867886561095e-06 1.6610181921486733e-06 
1.7275488748568812e-06 1.828849567484407e-06 1.6846746056007787e-06 1.6505226424008116e-06 1.6608445719094602e-06 
1.7247000676516844e-06 1.8261618332234904e-06 1.6822991678444165e-06 1.6477197307067166e-06 1.6583425412248975e-06 
1.7140602220319786e-06 1.8159742293892937e-06 1.6729002846621376e-06 1.6372219865113556e-06 1.6485968848320505e-06 
1.7122943923007775e-06 1.813766050753421e-06 1.6710497572191553e-06 1.6351154286489686e-06 1.646923379707629e-06 
1.7126469264648698e-06 1.8143466882206761e-06 1.6714496754301842e-06 1.6356421359833014e-06 1.6472309085343863e-06 
1.7106770693322249e-06 1.8118335674543024e-06 1.6692079808334575e-06 1.633281484712171e-06 1.6452289163968394e-06 
1.7252987018505675e-06 1.8281664911814474e-06 1.6867031514159063e-06 1.6488315055455824e-06 1.6617130931772807e-06 
1.7257854348099312e-06 1.8284538891877993e-06 1.6871051612500093e-06 1.6491740813277428e-06 1.6622023163737479e-06 
1.7218826724359744e-06 1.8236485929236387e-06 1.6827238835734855e-06 1.6446252973937423e-06 1.6582216552223868e-06 
1.7298731303309475e-06 1.8306738754587603e-06 1.6903384193784364e-06 1.6519256594550306e-06 1.666259610552876e-06 
1.730960464293118e-06 1.8311571319160362e-06 1.6916345675844347e-06 1.652510552482656e-06 1.6677575396685053e-06 
1.7311360616666936e-06 1.831332019851767e-06 1.6918138836914056e-06 1.6526853213726438e-06 1.6679368147485752e-06 
1.7293421474683808e-06 1.8299976647852451e-06 1.6929812580711926e-06 1.650823906080407e-06 1.6685362815525545e-06 
1.7329744663420436e-06 1.8341027587971236e-06 1.6967705057714406e-06 1.65480702244255e-06 1.6721302161947957e-06 
1.723103391238543e-06 1.8244030219994507e-06 1.688266473744701e-06 1.6448674641754394e-06 1.6633701044049862e-06 
1.7089779291789077e-06 1.8110509772471514e-06 1.6762953883866557e-06 1.631035539198117e-06 1.6508072397144935e-06 
1.7051839559658297e-06 1.807188646047056e-06 1.6726765034023666e-06 1.627160315580859e-06 1.6471869293666892e-06 
1.7097649334752931e-06 1.8116495743546635e-06 1.676891628409222e-06 1.631702882088147e-06 1.6515005820176365e-06 
1.7187479166703545e-06 1.8183202449065622e-06 1.6829673680258955e-06 1.6392987903670162e-06 1.6588424935037946e-06 
1.7114479279809587e-06 1.811917772192831e-06 1.6758696916379098e-06 1.6326506535853011e-06 1.651372301721091e-06 
1.705543608613316e-06 1.8056990184704535e-06 1.6697613512301562e-06 1.6265211621718949e-06 1.6454034017504169e-06 
1.7070657142868454e-06 1.803422774138387e-06 1.6700457455735683e-06 1.6253061393281137e-06 1.6472834256101756e-06 
1.7052144259576964e-06 1.8014846826968436e-06 1.6673789093193786e-06 1.6234911679271047e-06 1.6447564721826936e-06 
1.6977964681025968e-06 1.793997873930416e-06 1.6598500575997361e-06 1.616022266096757e-06 1.6372609600278877e-06 
1.6949271831018e-06 1.7916472505421866e-06 1.6579082876906333e-06 1.6134208364592173e-06 1.6349973972005685e-06 
1.6949776910787376e-06 1.7920406342185408e-06 1.6578298311314059e-06 1.613748703888541e-06 1.6348072819830898e-06 
1.7116606166419994e-06 1.8084479900287518e-06 1.673641930373945e-06 1.630365915094903e-06 1.650855999581309e-06 
1.7116395442410371e-06 1.8084286820000838e-06 1.6736365374287933e-06 1.6303440672880308e-06 1.6508478276087862e-06 
1.7302051677784048e-06 1.827682600723502e-06 1.694842365464912e-06 1.6491255747579245e-06 1.671460281691125e-06 
1.7348045398340587e-06 1.8326665028424072e-06 1.6985964914599563e-06 1.6541311204378866e-06 1.6751875938415597e-06 
1.7344338388223127e-06 1.8324170101829222e-06 1.6985915645688402e-06 1.6538052221474213e-06 1.675087916409753e-06 
1.7342535626947817e-06 1.8322880035152914e-06 1.698340614896797e-06 1.6536726224840797e-06 1.6748269888120957e-06 
1.7331081495401578e-06 1.8298278350130444e-06 1.6957481043835153e-06 1.651712712258619e-06 1.672920444280793e-06 
1.7264477612669264e-06 1.824965140174439e-06 1.6915788583874562e-06 1.6460887169493411e-06 1.6677368257048619e-06 
1.7307419354238896e-06 1.8282373697521274e-06 1.694869501474986e-06 1.6497405831505648e-06 1.671549371560306e-06 
1.7308985304623392e-06 1.8283369859433736e-06 1.694882168057283e-06 1.649872414913353e-06 1.671602824533996e-06 
1.7328232012662705e-06 1.8303650816874318e-06 1.697078443043778e-06 1.6518445880344986e-06 1.673725810865554e-06 
1.733758563236507e-06 1.830766985302352e-06 1.6976957571872271e-06 1.6524176369429085e-06 1.6745866927684717e-06 
1.7435419933618187e-06 1.84116147854845e-06 1.7073339597317903e-06 1.6626991789309798e-06 1.6840244740823082e-06 
1.7371388452507218e-06 1.8373011986395534e-06 1.7000690816943845e-06 1.6583490730605784e-06 1.6759120758509591e-06 
1.7369325740906455e-06 1.8370325898195413e-06 1.6998553781822581e-06 1.6580952616826509e-06 1.6757226385941215e-06 
1.7270721842991302e-06 1.8239280991503896e-06 1.686538029107413e-06 1.646202838981477e-06 1.664077474071611e-06 
1.7367506069242449e-06 1.832601649968779e-06 1.697797396578255e-06 1.6549117125524298e-06 1.6755126138084809e-06 
1.737351238872487e-06 1.8335710142586148e-06 1.6990447780944753e-06 1.6557074776081114e-06 1.676535529778958e-06 
1.731317821856411e-06 1.8284935380734513e-06 1.693418841439832e-06 1.6503369017698583e-06 1.6704902964137452e-06 
1.7313745158653128e-06 1.828548209896889e-06 1.6934835018116822e-06 1.6503910903954964e-06 1.6705547071020328e-06 
1.7304140183504006e-06 1.828248328013909e-06 1.6924333202901635e-06 1.6499457327585844e-06 1.6692672295499909e-06 
1.7375718297447112e-06 1.8340642353703354e-06 1.6971420103541614e-06 1.6564260959164685e-06 1.6748146592848432e-06 
1.7375693080569856e-06 1.834427855855031e-06 1.697415784469303e-06 1.6566653451943857e-06 1.6749138013161616e-06 
1.7334011689928412e-06 1.831351571321219e-06 1.6941532274193237e-06 1.6532019253003462e-06 1.6711153996774549e-06 
1.7324330515245976e-06 1.8294396639168052e-06 1.6921907984141501e-06 1.6516468461842296e-06 1.6696398874028491e-06 
1.7324203367958436e-06 1.8294279024909477e-06 1.6921748159673926e-06 1.6516353069984043e-06 1.6696239696306214e-06 
1.7350224869957655e-06 1.8315591016802023e-06 1.6928442303053152e-06 1.6541596974924597e-06 1.6707311709227644e-06 
1.740722883572374e-06 1.8376351521808532e-06 1.6985020650013285e-06 1.660165934116865e-06 1.676258808301789e-06 
1.7416515526714693e-06 1.8384600109164319e-06 1.6993894961434368e-06 1.661021971282787e-06 1.6771917747642912e-06 
1.7328677781058577e-06 1.8292461090825955e-06 1.6894274251359506e-06 1.6520694221977414e-06 1.667540157689346e-06 
1.7209814382534737e-06 1.8159217249069795e-06 1.6769944140631273e-06 1.6391358928764206e-06 1.6557103112574359e-06 
1.7308432734177429e-06 1.8276726387615802e-06 1.6890356132516232e-06 1.6501447977633565e-06 1.666758662772347e-06 
1.7321364688739506e-06 1.8287391086550186e-06 1.689813151064118e-06 1.6513415707343265e-06 1.6676916835927578e-06 
1.7303066497736954e-06 1.8273849801878518e-06 1.6881139233851293e-06 1.6498572723329474e-06 1.6657938882078236e-06 
1.7277266065825566e-06 1.8248477823385817e-06 1.6855880345024754e-06 1.6472981142595743e-06 1.6632420200000351e-06 
1.7267898115073727e-06 1.8227516821448797e-06 1.6837016389415225e-06 1.6456059239530067e-06 1.6619183348930935e-06 
1.727186142142704e-06 1.8232805074551005e-06 1.6836149284951003e-06 1.6461786663698444e-06 1.6618464868787528e-06 
1.7301738237604696e-06 1.8260158987942863e-06 1.686692711914059e-06 1.6489623567954864e-06 1.665010361660439e-06 
1.7304624003199133e-06 1.826146864362296e-06 1.6867461929592728e-06 1.6491653778596617e-06 1.6651549061323452e-06 
1.7305692050812933e-06 1.8264179426515685e-06 1.6862240492652612e-06 1.6494962386623492e-06 1.6646548249398158e-06 
1.7293221175411155e-06 1.825385710761409e-06 1.6845742456547393e-06 1.648477016148336e-06 1.6629763604032574e-06 
1.7280279349572992e-06 1.8230002563956269e-06 1.6837592116881199e-06 1.6462615295366874e-06 1.6625076541531141e-06 
1.727967470714818e-06 1.822621552251841e-06 1.6836136494097741e-06 1.6459687891166277e-06 1.6624932918257378e-06 
1.7323243671658676e-06 1.8260035338454407e-06 1.687264056457376e-06 1.6496911543014607e-06 1.6666095299902457e-06 
1.7429311667435379e-06 1.8374845939916654e-06 1.7001471777368384e-06 1.6606473069392563e-06 1.6788690050733275e-06 
1.7463808167692673e-06 1.8419011084467088e-06 1.7024812463346008e-06 1.6650107101145807e-06 1.6809919608885278e-06 
1.7434869092812249e-06 1.8393154304262655e-06 1.6995866488549936e-06 1.662350404674902e-06 1.677978520186794e-06 
1.7390843834812278e-06 1.8343329564233941e-06 1.6950829977220847e-06 1.6575083573529425e-06 1.6737025240249002e-06 
1.7381754292356258e-06 1.8332163104887363e-06 1.6941297724513335e-06 1.656444587164617e-06 1.6728325405512026e-06 
1.7334487961280665e-06 1.827695033846009e-06 1.689241523817439e-06 1.6511237408639716e-06 1.6682604433025644e-06 
1.7361214362927916e-06 1.8298352234797764e-06 1.691523877354202e-06 1.6534513010547577e-06 1.6707979611701281e-06 
1.7321886310015467e-06 1.8258658285496897e-06 1.6871292300709672e-06 1.6495535438192352e-06 1.6664751919106061e-06 
1.7325238627313707e-06 1.826154542084476e-06 1.6874919098765454e-06 1.6498495048116575e-06 1.666852021864252e-06 
1.724609959259371e-06 1.8157592331861737e-06 1.6764910208761145e-06 1.6404987772400154e-06 1.6571914283172117e-06 
1.724922398588058e-06 1.8166546793254173e-06 1.6770789190930524e-06 1.6412146109829342e-06 1.6575232347225051e-06 
1.7241462812944278e-06 1.815750612317849e-06 1.6762175919858668e-06 1.640352583211775e-06 1.6567207650543602e-06 
1.7329448289577312e-06 1.8237095533076214e-06 1.6850152084774118e-06 1.6485249023550066e-06 1.6658425639570406e-06 
1.73294327567374e-06 1.823722655411749e-06 1.6850127819837109e-06 1.6485346445081531e-06 1.665834745893442e-06 
1.737302684387316e-06 1.8293461676675978e-06 1.6907029692271836e-06 1.6536606478944778e-06 1.6708749171986853e-06 
1.7371175784236758e-06 1.8290612342941883e-06 1.6906212417094867e-06 1.6533832561329034e-06 1.670816647147939e-06 
1.7259060519050351e-06 1.8177537442228306e-06 1.6807765424922264e-06 1.6418752211014022e-06 1.6608137269237012e-06 
1.7276564295877081e-06 1.8183099224982657e-06 1.6804901108228315e-06 1.6430260064176125e-06 1.661251586817168e-06 
1.7154682924039063e-06 1.804013398359823e-06 1.6678414428530413e-06 1.6292933655926683e-06 1.649445146708341e-06 
1.718834751053561e-06 1.8071136359301566e-06 1.6715837359365838e-06 1.6324113917449438e-06 1.6532393893416217e-06 
1.7234913729588076e-06 1.8117392215893086e-06 1.6750669808513898e-06 1.637225922081972e-06 1.656897218359488e-06 
1.7206553402803627e-06 1.8103896572239315e-06 1.6735622590989162e-06 1.6353059878848424e-06 1.6546524997654573e-06 
1.7208452087190666e-06 1.8106476580890653e-06 1.6738070213552589e-06 1.6355394648730759e-06 1.6548644614777085e-06 
1.7217328689988983e-06 1.810845132154775e-06 1.6738115688346932e-06 1.6360397641142225e-06 1.655248011849679e-06 
1.7171595408373654e-06 1.805370358113749e-06 1.6687485702238875e-06 1.6308529081522774e-06 1.6505851953878853e-06 
1.71750287871292e-06 1.808163410153425e-06 1.6696402712322418e-06 1.632966753290415e-06 1.6504833276393022e-06 
1.7174072639478608e-06 1.807754288475702e-06 1.6681830391548291e-06 1.6328453962762032e-06 1.6493270637957485e-06 
1.7167242692489803e-06 1.8071329302713797e-06 1.6673088498460304e-06 1.6322388818184356e-06 1.648454731119567e-06 
1.7111938649297584e-06 1.8014703467673687e-06 1.6613995277116798e-06 1.6266587876942855e-06 1.6426408246582143e-06 
1.7140805542904823e-06 1.805625082239605e-06 1.6649738612078745e-06 1.6304123648841383e-06 1.6456478847413214e-06 
1.711730736309747e-06 1.8031496181914391e-06 1.662302085251214e-06 1.6280143159303692e-06 1.6430643420708567e-06 
1.7153610778845932e-06 1.8059394770956807e-06 1.6657045848814306e-06 1.6310421380009492e-06 1.6468176459991992e-06 
1.7169382711772836e-06 1.8075036765930896e-06 1.6674438353198748e-06 1.6325859130016696e-06 1.6485415269938113e-06 
1.7170873141803164e-06 1.8078124708797168e-06 1.66693389486911e-06 1.6329649225361059e-06 1.6480600466838013e-06 
1.7126059613184211e-06 1.8032870437210652e-06 1.6625963531595867e-06 1.6284185635964646e-06 1.6437154937386703e-06 
1.7119861634352404e-06 1.802153381786762e-06 1.6619960544317084e-06 1.6274004402769793e-06 1.6433055657980242e-06 
1.7200212158924759e-06 1.8087368201051734e-06 1.6691122661371574e-06 1.6344894825114393e-06 1.6510992670580486e-06 
1.7119386103804135e-06 1.8013070810904417e-06 1.6611321871264724e-06 1.6268743361447e-06 1.6428521826876084e-06 
1.6965623483267518e-06 1.7835874358921095e-06 1.6454606668879546e-06 1.6097383865792404e-06 1.6280874696022537e-06 
1.6977012680782752e-06 1.7861502047574801e-06 1.64727356890196e-06 1.61185058821501e-06 1.6292751633978734e-06 
1.694351458860748e-06 1.7823488650657969e-06 1.6436807376833347e-06 1.6081907928657153e-06 1.6258817917710307e-06 
1.6935564860468097e-06 1.781295484154099e-06 1.6428041794758538e-06 1.6072115548193145e-06 1.6251126726448031e-06 
1.6899352151226828e-06 1.778359657071788e-06 1.6397657214885125e-06 1.604011111601692e-06 1.6217343873290013e-06 
1.6911563542479082e-06 1.7788947077567282e-06 1.6408000891881318e-06 1.604744252023768e-06 1.62305312022306e-06 
1.7044947884992957e-06 1.7913712819818253e-06 1.653829665733773e-06 1.6175050749297639e-06 1.6364604493060833e-06 
1.7092088816782737e-06 1.7970815483500346e-06 1.6579697360462052e-06 1.6230707340921702e-06 1.6403082197864066e-06 
1.711944384712861e-06 1.7990397485675225e-06 1.6600514994797242e-06 1.6253269521609e-06 1.6427729176455552e-06 
1.7159021334040484e-06 1.8038211393324042e-06 1.6636968802827779e-06 1.6299676758440372e-06 1.6461544798861468e-06 
1.717658854707825e-06 1.807863423236118e-06 1.667673820929848e-06 1.6331105965996487e-06 1.6489739897501493e-06 
1.7187523352100904e-06 1.808971608135067e-06 1.6684297646244127e-06 1.6342720880879596e-06 1.6497708005379998e-06 
1.7198483362405716e-06 1.810022009101329e-06 1.669064215304327e-06 1.6354107430327172e-06 1.6504854857106133e-06 
1.7104747297344552e-06 1.7991328481913092e-06 1.6548924044875543e-06 1.6256818977678377e-06 1.6375206637512387e-06 
1.7336480745971543e-06 1.8197425545495945e-06 1.6752512401986642e-06 1.6474247473308544e-06 1.659247217867744e-06 
1.7252980978592146e-06 1.8123816329849353e-06 1.667451976168982e-06 1.639723752602545e-06 1.6509930368833015e-06 
1.7205481497020098e-06 1.8080353562785155e-06 1.6618560963942582e-06 1.6354388128455481e-06 1.6453539048664014e-06 
1.7256650012940846e-06 1.813184156691523e-06 1.6666822037184008e-06 1.6406443630286893e-06 1.6502118287179714e-06 
1.7268028954482957e-06 1.8138362694818811e-06 1.6672621680778113e-06 1.6415123698629162e-06 1.6510514144162941e-06 
1.7404921376336627e-06 1.8256189749798587e-06 1.6800584774255287e-06 1.65391453852985e-06 1.6647001874085319e-06 
1.736811489920897e-06 1.8216566940851282e-06 1.6760112926617271e-06 1.6500801535098958e-06 1.6608053767668016e-06 
1.7580482542389394e-06 1.8410363182177993e-06 1.6958926220797984e-06 1.6701799615625344e-06 1.6815879495254215e-06 
1.7506210676561186e-06 1.8352667954929708e-06 1.6908198957793417e-06 1.663570313180004e-06 1.675566298324623e-06 
1.7480448808501324e-06 1.8329316799282252e-06 1.6889431646370437e-06 1.6610458400083108e-06 1.6735019904138977e-06 
1.7485665814561748e-06 1.8337857755514132e-06 1.6894440429330152e-06 1.6618275224593744e-06 1.6738810323985688e-06 
1.7481601920976183e-06 1.8333311816876408e-06 1.689008322906266e-06 1.6613888272862422e-06 1.6734670669067823e-06 
1.7539763718149575e-06 1.8400318355790806e-06 1.6942826569673773e-06 1.6679982758228224e-06 1.6784864991753677e-06 
1.75327330978983e-06 1.8394068770668753e-06 1.6939863102084121e-06 1.6672777253969966e-06 1.6781052451831522e-06 
1.7514367596862129e-06 1.837509679365362e-06 1.6920172561136936e-06 1.665416287461634e-06 1.6761752784176368e-06 
1.749596300197906e-06 1.8375601380525495e-06 1.6912832813533707e-06 1.6648324624803233e-06 1.6745773786120426e-06 
1.7458042210220724e-06 1.833905028388193e-06 1.6879837400637372e-06 1.661048109270991e-06 1.6711564460313681e-06 
1.7514807968236888e-06 1.8380381444205812e-06 1.6935327960087328e-06 1.6655608054679277e-06 1.6773098799375939e-06 
1.7478310676780723e-06 1.8342782080695682e-06 1.6900585111107198e-06 1.6617880726516685e-06 1.6738501777034253e-06 
1.736846283866784e-06 1.8215887135377396e-06 1.6780144189287111e-06 1.6496687347819492e-06 1.6625812638345795e-06 
1.7415879283855576e-06 1.8258700544412827e-06 1.6819803832589573e-06 1.6542076240735389e-06 1.6668295645835036e-06 
1.7600692718755762e-06 1.8440681525846485e-06 1.7012345782140763e-06 1.6723627225982631e-06 1.6861013250303707e-06 
1.7571076928066856e-06 1.8419501317047172e-06 1.6989633448116036e-06 1.6699159594871967e-06 1.6834170996907862e-06 
1.7567655536666121e-06 1.8420928512068883e-06 1.6990547628911794e-06 1.6698662365030372e-06 1.683267291770227e-06 
1.753184470698369e-06 1.8379706025974146e-06 1.6949993217846846e-06 1.6659505856932092e-06 1.679476398823779e-06 
1.7370641008322364e-06 1.8216982816181978e-06 1.6797374051858234e-06 1.6495352210946987e-06 1.6641413680224377e-06 
1.7395641179715894e-06 1.822837961892161e-06 1.6811832545539732e-06 1.6511917569881954e-06 1.6662433370998677e-06 
1.7371142297703471e-06 1.821292281252276e-06 1.6791159235479335e-06 1.6493566898498656e-06 1.663782367817594e-06 
1.7320799093365598e-06 1.8166214160324577e-06 1.6738349979790866e-06 1.644634702332939e-06 1.6583938200551758e-06 
1.7284805341068222e-06 1.8138872025692246e-06 1.6699809510613232e-06 1.6417380235316178e-06 1.6542453241924449e-06 
1.7218227068294851e-06 1.8084692373980134e-06 1.6645129845226661e-06 1.635806415635297e-06 1.6481434625679257e-06 
1.723032623251723e-06 1.8092961450425364e-06 1.6654766493830563e-06 1.636768040538185e-06 1.6492858369379345e-06 
1.7285526225173425e-06 1.8142114969203645e-06 1.670942332761333e-06 1.6418424997700177e-06 1.6549916705358005e-06 
1.7244868779202548e-06 1.808079652341112e-06 1.6646457287782303e-06 1.636593364343929e-06 1.6497710264977483e-06 
1.7218631291429438e-06 1.8056574914480963e-06 1.663527964165295e-06 1.6338472986665086e-06 1.6483710506884457e-06 
1.7165654512280098e-06 1.8001256847839586e-06 1.6578583431446466e-06 1.6284285405958412e-06 1.6428352577053047e-06 
1.7112796200094465e-06 1.7954127718278517e-06 1.6529079766243673e-06 1.623509912394624e-06 1.6376191988779092e-06 
1.7119603444782367e-06 1.7962181755026186e-06 1.653750801501906e-06 1.624257929304278e-06 1.6383937591048078e-06 
1.6893892250286294e-06 1.7726581968439558e-06 1.6295578033210132e-06 1.6011856755481748e-06 1.614772402153062e-06 
1.6896120850736412e-06 1.7724762653756093e-06 1.6285282720927321e-06 1.6013309900601571e-06 1.6140651940283378e-06 
1.6911043908098292e-06 1.771402352353382e-06 1.6272789273167492e-06 1.601384289000287e-06 1.6141562241997557e-06 
1.6949320449280267e-06 1.7753743768704297e-06 1.6302400766255622e-06 1.605495971545402e-06 1.6171839876041736e-06 
1.6949029618186805e-06 1.7753483791045336e-06 1.6302155187294326e-06 1.6054683155124914e-06 1.6171576268164843e-06 
1.7212377337962642e-06 1.8027224688825265e-06 1.656725420575296e-06 1.6326108496747987e-06 1.643274874037639e-06 
1.7156084306576688e-06 1.7949650956267102e-06 1.6498392686686237e-06 1.6255896811563065e-06 1.6373562433309347e-06 
1.7135781410449057e-06 1.791420552556526e-06 1.6450574856257659e-06 1.6229490949611115e-06 1.6335175758232036e-06 
1.7062015281697167e-06 1.7835385341492997e-06 1.6361830236815058e-06 1.6154812367311878e-06 1.6250315039828944e-06 
1.70751259056851e-06 1.7848660119573938e-06 1.6381917832389548e-06 1.61666284242109e-06 1.6269401141296726e-06 
1.706647951295916e-06 1.784049612547123e-06 1.6374095691646783e-06 1.6158166601565405e-06 1.6261277808562872e-06 
1.705842972544996e-06 1.7830924094570198e-06 1.6371653697130593e-06 1.614779967410263e-06 1.6258638114722273e-06 
1.6899343254513767e-06 1.7679492803714905e-06 1.6224600511117922e-06 1.5991848349324788e-06 1.6106929029735369e-06 
1.6881610343371186e-06 1.7667893212553047e-06 1.6206042006890168e-06 1.5978933965222485e-06 1.6086155377345583e-06 
1.6886359915675072e-06 1.767423605549639e-06 1.6213039220011374e-06 1.5984458209966658e-06 1.6092250114906396e-06 
1.6787571383472516e-06 1.7570495621488208e-06 1.6107916915079222e-06 1.5882984521203424e-06 1.5989771959461816e-06 
1.6719530352477462e-06 1.7516962468561312e-06 1.6040983253693201e-06 1.5825750006337935e-06 1.5917146862177972e-06 
1.6777233027837806e-06 1.7586865689619823e-06 1.6103150465239295e-06 1.589207303871572e-06 1.5974146008988737e-06 
1.6750443811243355e-06 1.7568669970906244e-06 1.608350887428075e-06 1.5870429028084883e-06 1.5950260245768658e-06 
1.6734513089300592e-06 1.7558416423121118e-06 1.6083048588882438e-06 1.5855697754362769e-06 1.5945548127439737e-06 
1.6802729343522807e-06 1.7610847281986477e-06 1.613415374672945e-06 1.5915296303648311e-06 1.600500134040849e-06 
1.6770354441546704e-06 1.757246890983156e-06 1.609825501116991e-06 1.5878948529273408e-06 1.5971820574842542e-06 
1.6753340561702002e-06 1.7557733583986934e-06 1.6083276791252851e-06 1.5863246999311076e-06 1.5955689690944063e-06 
1.6760730995034299e-06 1.7568098817976488e-06 1.60895906323697e-06 1.587317405151919e-06 1.5961030544944573e-06 
1.6762036536076627e-06 1.7583683129760028e-06 1.6094415209066095e-06 1.5884851881976068e-06 1.5959973973384248e-06 
1.6836296011008615e-06 1.7677194134678193e-06 1.6179377540217827e-06 1.5972064772873765e-06 1.6036266650192014e-06 
1.6865480228284569e-06 1.7705734045105075e-06 1.6201526475539672e-06 1.6002286547728141e-06 1.6059632890188106e-06 
1.6814224887891376e-06 1.7651107651433942e-06 1.6153038253162034e-06 1.5947703900701412e-06 1.6012002966208362e-06 
1.6946530658630465e-06 1.7774557072396765e-06 1.6281642874565098e-06 1.6074064384326798e-06 1.614458896128608e-06 
1.6981124566688388e-06 1.7809767558567125e-06 1.6297531707004543e-06 1.6113217119703233e-06 1.6162793393397775e-06 
1.6929906529149033e-06 1.7747424203312247e-06 1.6244763657295484e-06 1.6053505865174774e-06 1.6114405552191899e-06 
1.6893202267340773e-06 1.771091147067874e-06 1.6219173876364243e-06 1.601451449055111e-06 1.6087210673643398e-06 
1.6845478903967587e-06 1.76596066738508e-06 1.6165834483302694e-06 1.596510727535813e-06 1.6035941511982458e-06 
1.6863739325098388e-06 1.7680592807318752e-06 1.6192532594134673e-06 1.5983740815363564e-06 1.6060485557883103e-06 
1.6903528677480376e-06 1.7721300081414705e-06 1.6226422779157227e-06 1.6025559186368607e-06 1.6094860638039875e-06 
1.692890128405738e-06 1.7749006007408379e-06 1.6253119353766337e-06 1.6052515940841695e-06 1.6120518178947779e-06 
1.676506203159914e-06 1.7585040495165988e-06 1.6089290117175503e-06 1.5888303203387334e-06 1.5956582375206183e-06 
1.6673840459558751e-06 1.7492641251044312e-06 1.6012693049009236e-06 1.5792940596677699e-06 1.5878373979471528e-06 
1.6761184419737648e-06 1.758657864981722e-06 1.6139086286060528e-06 1.5877773510153486e-06 1.5997080723780606e-06 
1.6721043684320169e-06 1.756095545568153e-06 1.6100724540019118e-06 1.584841414948757e-06 1.5952953524468057e-06 
1.6717307961055116e-06 1.7555140514774267e-06 1.6096598101506348e-06 1.5843138619063407e-06 1.5949662809035659e-06 
1.6699897465770306e-06 1.7555590907317382e-06 1.6079961600231364e-06 1.5839439836197814e-06 1.5926140254138952e-06 
1.6697812165001557e-06 1.7553318714716718e-06 1.6073293577049632e-06 1.5838125443620553e-06 1.5920155761750835e-06 
1.6645636779601506e-06 1.7489139965319098e-06 1.6005456522543949e-06 1.5779646885504706e-06 1.5858922872389992e-06 
1.669786907356255e-06 1.7542216033919234e-06 1.6054357214436767e-06 1.583331445773597e-06 1.5908002274387853e-06 
1.6691077950589082e-06 1.753294868299885e-06 1.6039476791507914e-06 1.5826252081478052e-06 1.5895140934953925e-06 
1.6711199600648806e-06 1.7534656281184913e-06 1.605080229598119e-06 1.5833832549049831e-06 1.5914653397874544e-06 
1.6713301488979414e-06 1.7549651588686348e-06 1.6044549301538746e-06 1.5847812272054367e-06 1.5904633869210622e-06 
1.675545060313661e-06 1.759059316715696e-06 1.6084239061582525e-06 1.5889609164517602e-06 1.5945153688662184e-06 
1.6755480864430745e-06 1.7590617100230448e-06 1.6084257053293407e-06 1.5889637136640545e-06 1.5945175760703026e-06 
1.6790733132099255e-06 1.7624696611767536e-06 1.6115146495216379e-06 1.592496801366816e-06 1.5977130649635679e-06 
1.6800549720189985e-06 1.7635969329108453e-06 1.613096213447106e-06 1.5934650123630921e-06 1.599159736511269e-06 
1.6800934317611186e-06 1.7637027206148731e-06 1.6131439618669371e-06 1.5935546050137586e-06 1.5991807089960571e-06 
1.67382349335944e-06 1.7581432621905015e-06 1.6063189867562709e-06 1.5879577537260472e-06 1.5921539284986482e-06 
1.6705886641674683e-06 1.7541595639827541e-06 1.603208619134229e-06 1.584097250309489e-06 1.5893084450943324e-06 
1.669490551238237e-06 1.753649883321958e-06 1.602035861541922e-06 1.583479499358123e-06 1.5879208449556074e-06 
1.6675823420031713e-06 1.7517797333440232e-06 1.600437765833402e-06 1.5815303416316897e-06 1.5862648289491517e-06 
1.6651558119486206e-06 1.7487168442372116e-06 1.5979107887466478e-06 1.578618312678271e-06 1.58399088980202e-06 
1.666456541561394e-06 1.7498344810425414e-06 1.5985264584305867e-06 1.5799260555141516e-06 1.5847693467209792e-06 
1.66409229934824e-06 1.7484772145881947e-06 1.5970794848945348e-06 1.5781544534539601e-06 1.5828140538935824e-06 
1.6397124330724142e-06 1.723922736342634e-06 1.5722109771156167e-06 1.5537032046524426e-06 1.5580524584189815e-06 
1.6406524618541957e-06 1.724954979143692e-06 1.5731612787728119e-06 1.5547158301633068e-06 1.558967214840655e-06 
1.6368543717819373e-06 1.7206147017061809e-06 1.5698153140058266e-06 1.550382224899333e-06 1.555763396545447e-06 
1.6364983568898427e-06 1.7213287923240456e-06 1.5707095586895043e-06 1.5506021760169767e-06 1.5560823921599587e-06 
1.6346936264790587e-06 1.7193196415350345e-06 1.5678691860242178e-06 1.548857303379503e-06 1.5534564533025374e-06 
1.6311061964715961e-06 1.7157529443658356e-06 1.5629669909108827e-06 1.5455729927953755e-06 1.5487180861496856e-06 
1.6269992704887174e-06 1.7114761891533057e-06 1.5582516508991523e-06 1.5414613958397387e-06 1.544144371869835e-06 
1.6303445463602712e-06 1.7153285219191164e-06 1.561858757564935e-06 1.5451588957043654e-06 1.5475264214939926e-06 
1.6299040362118693e-06 1.7159012900133727e-06 1.5625250834626641e-06 1.545279600303545e-06 1.5476576209585626e-06 
1.6404272778351562e-06 1.7284626353291866e-06 1.5726121724180386e-06 1.557571112729828e-06 1.5570340253453884e-06 
1.6416174214346447e-06 1.7318485182792813e-06 1.5763478711964028e-06 1.5599629242331254e-06 1.5595930289442232e-06 
1.6473522300792728e-06 1.7382103245743075e-06 1.5828764878976403e-06 1.5660366043294934e-06 1.5657832459697301e-06 
1.6314953204405265e-06 1.721904823495025e-06 1.5668694240290696e-06 1.5498231826291513e-06 1.5499494648553625e-06 
1.6137086651423622e-06 1.704931556629759e-06 1.5484264179026723e-06 1.5328305148194558e-06 1.5312588047624083e-06 
1.6139447364714382e-06 1.7049571314024298e-06 1.5487309323514302e-06 1.5328772664955112e-06 1.5316356100837018e-06 
1.6125308572913307e-06 1.7035244588515924e-06 1.5473221205449204e-06 1.5314445757834433e-06 1.5302316282778062e-06 
1.6323197880230226e-06 1.7236850056215155e-06 1.5673955945360307e-06 1.5515025928984048e-06 1.5501488894951486e-06 
1.6262635917114915e-06 1.717708979549251e-06 1.5613559123814204e-06 1.5454996441915326e-06 1.5440689050321918e-06 
1.6265775353119942e-06 1.7181112358678821e-06 1.561756068365753e-06 1.5458666711658465e-06 1.5444241695122428e-06 
1.6257215692268148e-06 1.7177224198325082e-06 1.560916473338734e-06 1.5453915075608032e-06 1.5434017041808593e-06 
1.6213357583502949e-06 1.7139334954731362e-06 1.5560548594369534e-06 1.5416081881870573e-06 1.5383670947930918e-06 
1.6119842346273359e-06 1.7039509230889108e-06 1.546356199229806e-06 1.5318017209824557e-06 1.5289453135146238e-06 
1.6094007950719491e-06 1.7006199121118012e-06 1.5435435649881204e-06 1.5286494989639964e-06 1.5264474898983673e-06 
