-7.081569236606725 -9.985491093053156 -6.210495764229549 -4.8222534053141 -5.118229773324856 
-7.099188411187129 -10.016708905964435 -6.211387635864625 -4.870406486925958 -5.110082152961326 
-7.0954648307769475 -10.009298075799094 -6.207561908406163 -4.860086985575222 -5.108733090263584 
-7.30717535002195 -9.97240604161216 -6.227860673116979 -4.875317218617141 -5.289451035712119 
-7.101433471077968 -9.787477578771615 -5.988815385346129 -4.621401157651434 -5.041251600353945 
-7.12422166492523 -9.653762220189009 -5.96610176649358 -4.461146716489509 -5.118323340331486 
-6.896324215923158 -9.458530060445085 -5.765678309190875 -4.173069863045143 -4.8999617126546156 
-6.962092133337109 -9.560998881559925 -5.9624415266221575 -4.281231230019841 -5.068168290068584 
-6.783688144189512 -9.450101415630456 -5.846252426175823 -4.099991642184477 -4.910862686764602 
-6.9126299214969436 -9.727068104133522 -6.157246025926355 -4.433477171962295 -5.123244494453573 
-6.827526309592557 -9.691859496649599 -6.088136052177788 -4.375213130309064 -5.023760772606366 
-6.653503362113852 -9.497807638975686 -5.83723917174747 -4.119406970784638 -4.78936686537152 
-6.856973630391337 -9.59618963850609 -5.987081957252144 -4.282882107434872 -5.0034138753795645 
-6.9179591472349955 -9.631901390252551 -6.05594968480662 -4.334480295812497 -5.086916973039507 
-6.83995158161494 -9.545930062105484 -5.946898510027168 -4.220806715689278 -4.984812102565272 
-6.983412236720113 -9.70028237752733 -6.23521258275413 -4.404685844284913 -5.260428130529448 
-6.9939259051603955 -9.670810294927492 -6.183213404636021 -4.382179215164356 -5.234473636247586 
-7.366320773758119 -10.090083682410295 -6.582347191176524 -4.960777012223545 -5.598622902494768 
-7.889695007848061 -10.418398855039953 -6.896497913128954 -5.490460950834219 -6.0314561460903064 
-8.254292775533514 -10.57163870656018 -6.994578078848974 -5.797234942864591 -6.264903615625059 
-8.393698741550153 -10.643675181372927 -7.143804965094688 -5.903790980598345 -6.451898403964776 
-8.750667597509235 -10.941137875044191 -7.588377758052843 -6.298642932339064 -6.921106593280925 
-8.508716918424028 -10.61106561795934 -7.218459924509531 -5.894963140420629 -6.613970209911173 
-8.514002210114086 -10.61176206539443 -7.229579260870366 -5.895410631808517 -6.627246260444011 
-8.510283270201413 -10.607201490432956 -7.224777251500484 -5.889592613228487 -6.623055817689931 
-8.511353927618387 -10.607527129349634 -7.225000362672603 -5.890387887731677 -6.623754127766091 
-8.514694526081755 -10.615542632249387 -7.225137862129898 -5.901215271545809 -6.621383399147874 
-8.533043184148767 -10.664309025313983 -7.225577363708268 -5.966615831138412 -6.605214607671414 
-8.069667819016288 -10.240219015508856 -6.706850065830636 -5.389534149054029 -6.073605497514947 
-8.095195033240643 -10.27079832739264 -6.595106584637492 -5.466995138214713 -5.967694346510427 
-8.213251024674037 -10.354666176408415 -6.729742833800202 -5.584312864399536 -6.1199907840506285 
-8.008890919935268 -10.209126951873884 -6.739589955931521 -5.317899487731182 -6.0835521461360145 
-8.172456434509854 -10.338711267845696 -6.831001814240267 -5.5210976330834285 -6.197422260194443 
-8.044952015919577 -10.24842230206626 -6.716674955711184 -5.386292576361228 -6.062051862058695 
-7.966143435540118 -10.214864268058136 -6.5818882356221025 -5.3465971809006305 -5.904898897355167 
-8.123745676772359 -10.376081008402181 -6.776680024876953 -5.559663659187038 -6.093001995879661 
-8.32296453551453 -10.577128877563908 -6.912436807260434 -5.8540383782511185 -6.2286186108961346 
-7.9792465939425625 -10.254010313095762 -6.4690369002348405 -5.431676264138062 -5.783569996314569 
-8.000336068303426 -10.287616845966454 -6.4718697641286695 -5.4820006675005 -5.779419392677013 
-8.173505251644286 -10.464020975190579 -6.684319250970503 -5.7150977945795205 -5.985026076016325 
-8.063968064747058 -10.523143533092252 -6.58409354990664 -5.777769892065933 -5.779768633913434 
-8.104794474506932 -10.694948087309498 -6.677718778110545 -5.99341354821081 -5.785615160047186 
-7.813610662594726 -10.581843313393364 -6.543051575176932 -5.78223507045702 -5.533603677143063 
-7.779932106886179 -10.569043391567746 -6.538181985993262 -5.755051597326656 -5.5148284383815 
-7.618535547278171 -10.358949332056937 -6.346321226175405 -5.4704922282327715 -5.358727783253499 
-7.53903855991048 -10.267397321752242 -6.258313997465422 -5.344754034365209 -5.280214510389328 
-7.513542112142943 -10.317832471834834 -6.3074894769890335 -5.390959462594111 -5.27785651603854 
-7.510931548778871 -10.35554778024786 -6.322635436030296 -5.438224130342263 -5.265720361916223 
-7.578653969613171 -10.446037710286362 -6.467000567145533 -5.541610082355902 -5.392915289933526 
-7.539706771689012 -10.436315244932288 -6.4391306982480785 -5.52463233548653 -5.345934099609536 
-7.630670173543194 -10.452491934722204 -6.453972427002441 -5.570960102190085 -5.410270328589036 
-7.799130097800983 -10.517983805959162 -6.612409666542192 -5.667630274713275 -5.634398734787908 
-7.481582841591987 -10.225575656447106 -6.21060837123072 -5.282422308276196 -5.222857736168621 
-7.607084931713686 -10.301037968129805 -6.333366202724534 -5.391051839877278 -5.376758460014827 
-7.612466753993033 -10.31263103889458 -6.340609330986155 -5.406522967306529 -5.379778332587435 
-7.6311470310723735 -10.359379050934237 -6.46301254022633 -5.4398175862510385 -5.4811466279185765 
-7.554074424278369 -10.238849587132577 -6.264441030320185 -5.308920508747562 -5.315119183745907 
-7.315990107325703 -10.101769454173436 -6.134322779431045 -5.079379114017968 -5.119894603029493 
-7.4908836057541635 -10.30097017146835 -6.300397790810649 -5.362325246252169 -5.267042291353306 
-7.754466203477932 -10.466105458237337 -6.522541390233798 -5.60903151435059 -5.550958800037321 
-7.206610529821376 -9.999480238953083 -5.950840826640658 -4.956992461918645 -4.934708629285467 
-7.0788611968126105 -9.882245733046375 -5.759786024971007 -4.810036126981771 -4.739703620577316 
-7.27604172904006 -10.078497413484712 -5.929274703487835 -5.097563786938565 -4.906873549368754 
-7.188993675906488 -9.968703310635505 -5.7790144115938205 -4.962520028361325 -4.774604513362334 
-7.453099762721294 -10.18616534745037 -6.019509988737582 -5.278971956465142 -5.04278852255058 
-7.445758843103064 -10.172724161259097 -5.964051948704949 -5.2760100967731915 -4.992571432357707 
-7.415036086178972 -10.153483169764584 -5.941370044451389 -5.24600973214271 -4.962413176205629 
-7.560774775259645 -10.29393677832401 -6.179001611699704 -5.4140793410517745 -5.199370116943669 
-7.6265044295771816 -10.313993878374419 -6.1315705913468435 -5.480247100851557 -5.184157817080774 
-7.694213251180898 -10.349250515433852 -6.177147528785127 -5.537744938699134 -5.251101634862707 
-7.660664932371361 -10.32093044492747 -6.147280573114529 -5.496570750816417 -5.218174734373477 
-7.536739507146493 -10.220895978290557 -6.045674909808213 -5.3477340063218435 -5.101956576839882 
-7.4858332948305275 -10.16155111046804 -5.9785694073695055 -5.269479952946654 -5.041822775583299 
-7.674907559967281 -10.233824307133375 -6.126650547253163 -5.388803398888257 -5.26617742713519 
-7.661166118749236 -10.202942227876363 -6.143622186410909 -5.336491615519364 -5.293578869351052 
-7.528533923819566 -10.198624789053028 -6.003163038443915 -5.3279735785788205 -5.0699529968143935 
-7.878788214142801 -10.493651104242474 -6.155533598222519 -5.8130491847631305 -5.2592619796816535 
-7.874778216267089 -10.489259421077122 -6.152207793977425 -5.806617561696612 -5.256251107152863 
-7.919070601925853 -10.573435906691756 -6.23885980969537 -5.91015092245155 -5.313446918988689 
-8.137670045484455 -10.811569815363754 -6.557534277327804 -6.208270303472773 -5.612525169025119 
-7.961267654298595 -10.590998260119605 -6.2906063436499835 -5.930995849669898 -5.381224903734562 
-7.959841621380221 -10.589671716798918 -6.288369738484349 -5.929426610127365 -5.378965992261854 
-8.071234604960893 -10.696917109758147 -6.418861148857275 -6.072907735565977 -5.509866311498996 
-8.135941207024473 -10.668074060504196 -6.456621234768377 -6.04226035946283 -5.61092528884123 
-8.103240828760164 -10.641820494367167 -6.431802071960689 -6.002713844380665 -5.582044899034784 
-8.747556211325161 -11.155994664097463 -7.051067893177887 -6.7280833571870176 -6.278230379628951 
-8.575073507907831 -10.967133961032815 -6.814652727082617 -6.49006474150849 -6.058292027003603 
-8.451157156277318 -10.979334395392144 -6.862551512479172 -6.4438857427058736 -6.01110100495994 
-8.484564729625262 -11.071901521311446 -7.055084045346575 -6.517268313282258 -6.158770990615707 
-8.481214131825197 -11.063281536446127 -7.046757386176893 -6.507063703250623 -6.15412685998119 
-8.509500398042945 -11.074562625691286 -7.058185971921716 -6.528506302537238 -6.176835096033827 
-8.506860839164517 -11.059753522275884 -7.044143655575837 -6.512030917925884 -6.171216012784626 
-8.255567514075352 -10.853050141580852 -6.61685317070193 -6.285931348744583 -5.723586619927957 
-8.320983535729184 -10.884262852374107 -6.643508954832683 -6.343138384979909 -5.773542583161088 
-8.386920020595298 -10.930434791002398 -6.657536189844691 -6.4262695026228585 -5.801535348560336 
-8.442187486182064 -10.95479053380916 -6.717081998945275 -6.458408777550289 -5.880977754575639 
-8.334966898607377 -10.886891394711867 -6.756745273134911 -6.3116916649070305 -5.891030959894721 
-8.170391713322715 -10.723864772551636 -6.554395722904829 -6.097750854896546 -5.691628244292957 
-8.600800668477206 -11.037457931862761 -7.043691818557548 -6.516075723855494 -6.24875389783557 
-8.705872893359597 -11.04022249968537 -6.9937996060270535 -6.576781913393617 -6.2706979647101235 
-8.702323111092255 -10.99202954305558 -6.934995513678501 -6.531754549069163 -6.243697740159874 
-8.672941920515356 -10.94294703292509 -6.883257414541049 -6.472973219872642 -6.206357649385652 
-8.685783406540267 -10.946108245819659 -6.887692483332202 -6.4808637561107645 -6.217293772118012 
-8.669195481509917 -11.098335335560648 -7.161528953419648 -6.584084613104054 -6.368258603070913 
-8.489321639212363 -10.87191813798168 -6.898698148519927 -6.301447106153233 -6.141918806887915 
-8.284724277936775 -10.722189308273471 -6.733878350857083 -6.078006998489386 -5.94314081653782 
-8.311218947479404 -10.745817598150822 -6.760346798673098 -6.110943340055599 -5.971044563967851 
-8.27561182927056 -10.8067053895888 -6.817241176562533 -6.160836591122234 -5.962162701147577 
-8.254523856373837 -10.789461260455681 -6.8525662518021875 -6.118792849991152 -5.993319698166189 
-8.216673053973409 -10.746880871504061 -6.860146062905287 -6.04592517311373 -6.002916352270532 
-7.9961787810891565 -10.672448483490044 -6.635073453168417 -5.9388227928996145 -5.6859091270465 
-7.702072744841686 -10.329316265776924 -6.474097727953577 -5.420490824763817 -5.558191867772621 
-7.691870736875401 -10.288147022608939 -6.459604361588035 -5.366287010051991 -5.563865019464572 
-7.711715285588795 -10.318004889538713 -6.507902945543023 -5.399172395385136 -5.604540069530856 
-7.057323900700425 -9.825058204213775 -5.8946414203409745 -4.682931520508603 -4.895984211193763 
-6.991654112926042 -9.740689061027723 -5.748470349266768 -4.587576507766684 -4.764847237860565 
-7.0003957135861015 -9.75128129831569 -5.762561331440196 -4.600963101573456 -4.777458871456659 
-6.803596069892961 -9.735032322733787 -5.653638823729025 -4.545533151841624 -4.549494106790689 
-6.777505584268454 -9.691346736937746 -5.60183886786551 -4.491166453007324 -4.5102743228474935 
-6.770671559643134 -9.688651766030802 -5.595347931441594 -4.4871430464110205 -4.501078202474133 
-6.671488431731035 -9.571731634892714 -5.4516263967258 -4.33361990802851 -4.371467903275061 
-6.685714645735956 -9.596727147236749 -5.512978578904338 -4.354850655551687 -4.424882722365666 
-6.406522182935674 -9.390564334092417 -5.327506456964755 -4.0289056671064145 -4.194056407994239 
-6.219745436421164 -9.254403599437694 -5.32405667700921 -3.7786213510478035 -4.159463573032696 
-6.1809608081421175 -9.22386680263466 -5.2839889012510355 -3.7345358311277295 -4.114505128512903 
-5.818875362284018 -8.946556469969167 -5.396025052379514 -3.2104289996770774 -4.1783720459191755 
-5.764539404037507 -8.869076829924836 -5.176730561950677 -3.136979042389825 -3.974155022581627 
-5.874187812660281 -8.69530485172048 -4.979098901606918 -2.9841233053961105 -3.959511812136199 
-6.318000524230342 -8.972842656894471 -5.485586920338619 -3.394700824055036 -4.560894155880007 
-7.350190946985123 -9.732774816572672 -6.213533599608766 -4.589246775481428 -5.450976317911568 
-7.516158790771399 -9.902246639510281 -6.3470847576643195 -4.834213448293525 -5.581723441758086 
-7.260052833286096 -9.72867703886969 -6.181113531547595 -4.555824532026165 -5.365252334383939 
-7.738130860860238 -10.2715022814523 -7.147915933162821 -5.198918815927797 -6.2664177878332765 
-7.939334994977102 -10.48951154037681 -7.4001065994465165 -5.4878708627489345 -6.504296913168687 
-7.745080779982402 -10.270503589338787 -7.119314411817754 -5.20559532056123 -6.243730357068273 
-7.742917479220097 -10.260390329858382 -7.115623594634258 -5.193238431234775 -6.2447239754850585 
-7.7007909756857345 -10.121805111406104 -7.045054023142185 -5.024407426419586 -6.231157593611101 
-7.54170599591113 -10.021801147393859 -6.899903175923555 -4.871363230788646 -6.053792228272627 
-7.595039779174016 -10.056685708121933 -7.013586111850998 -4.912707724925326 -6.174569955821383 
-7.602202781230275 -10.268122961496942 -7.1174041406020905 -5.1532144587886535 -6.157078511590299 
-7.7747457287287745 -10.200898626616478 -7.042615042577225 -5.147312827324413 -6.228486641429356 
-7.483323619613017 -9.952802582957887 -6.769200001878815 -4.790812477621884 -5.933201659301233 
-8.051706733489425 -10.35171723749005 -7.14462067555705 -5.414708284045801 -6.40820616232385 
-8.10826508239677 -10.3664295853047 -7.125463504109291 -5.45897492991854 -6.4166503837642495 
-8.09437156779569 -10.350560689309475 -7.109964893334251 -5.437840915169971 -6.402561751643347 
-7.837770083678635 -10.097127691540877 -6.72704238902071 -5.114346436924848 -6.0288836805934665 
-7.850740849152757 -10.067570164154603 -6.730137910418932 -5.083938549565119 -6.057034396647666 
-8.046825154482008 -10.170653584208054 -6.891224632810037 -5.2540417874905785 -6.27104581993305 
-8.048553454315169 -10.172797597846113 -6.894450810593014 -5.256585686142515 -6.273907563517213 
-7.916598021967587 -9.975517661815843 -6.7431501813212265 -5.002921363248603 -6.162588542138735 
-7.845157511861132 -9.958089072429189 -6.716174072659854 -4.956551044387766 -6.102925656608704 
-8.311040338100625 -10.31661995029421 -7.152050299297514 -5.483314958215473 -6.594973488701996 
-8.335856743659107 -10.33184393373412 -7.1657148002493045 -5.508881164337879 -6.6145111708491555 
-8.200876480830871 -10.318683303166125 -7.105655550710239 -5.446487860177228 -6.482601392958657 
-8.022380523794908 -10.315244835406219 -6.811255026326862 -5.4344469838707 -6.096779179653879 
-8.294420229475278 -10.409459466469642 -6.98678263745677 -5.6199724498907955 -6.379079196327197 
-8.360162522232827 -10.64706813273446 -7.135363352664015 -5.896441010405013 -6.420497727298937 
-8.421307897507845 -10.68620961479337 -7.175537886292062 -5.9588458965281745 -6.474137194560157 
-8.493931807890178 -10.646981890124309 -7.224794398119855 -5.92949673622897 -6.589675887308246 
-8.530508482641679 -10.67543439867049 -7.171659893772571 -5.992392551453207 -6.546856412114323 
-8.533035000240332 -10.60982918463317 -7.127718312061361 -5.926633202312971 -6.546019470502415 
-8.498869882137669 -10.570958313633895 -7.056760837535762 -5.883639756751393 -6.4809797206324475 
-8.614011584951399 -10.62593216850722 -7.096605594737738 -5.989978019765445 -6.5600773985063086 
-8.669805281904985 -10.667932676182133 -7.260975886967657 -6.0225332873098125 -6.723120612759743 
-8.772033917513099 -10.741924266489463 -7.319653542810741 -6.14015195902364 -6.800085817523765 
-8.659484337992637 -10.628430307701777 -7.23493363051665 -5.978604852648502 -6.715140576254754 
-8.355675340108974 -10.333943205506614 -6.8936084968262605 -5.582148366635209 -6.37559688298245 
-8.109450705605255 -10.100703364427403 -6.470833125226164 -5.3025748809959765 -5.9630868074406465 
-7.984907240725093 -9.95025194189823 -6.310459595651679 -5.108675077336073 -5.822635016237854 
-8.180407764331193 -10.08046470272076 -6.445850254994667 -5.319659308942008 -5.998618501719619 
-8.161889753657391 -9.934232677136137 -6.303595363495148 -5.180157272950311 -5.942132332401968 
-8.36076701657339 -10.03292774037304 -6.456175737254625 -5.354796019831113 -6.153845830348303 
-8.151691886269433 -9.875169931163938 -6.216410732385057 -5.131318046450488 -5.890933165288033 
-7.898847400037923 -9.701374521737392 -6.075087437348941 -4.839564252961722 -5.696541758687317 
-8.020162543934546 -9.892671958661154 -6.234567921781107 -5.078976044085309 -5.810227637485681 
-7.985035352587431 -9.845870022203513 -6.192593058007446 -5.018410166914634 -5.77616535928361 
-8.117627435206074 -9.910783541464667 -6.381847616895044 -5.1102990030613284 -5.9970878380671735 
-7.927963176288742 -9.677593563688717 -6.151603735580267 -4.807984746058139 -5.798103767369412 
-8.271370537823003 -9.937281213513913 -6.422096273536027 -5.209840882718254 -6.1186149721515335 
-8.351721929452964 -10.01901354158727 -6.5382955893487775 -5.313176380085693 -6.229156513349423 
-8.34744648371371 -9.953318600570213 -6.54354999893134 -5.237702713345058 -6.267477134726462 
-8.335242998905514 -9.947286041224501 -6.53586740053629 -5.22645123887952 -6.2560617160384595 
-8.262043073976415 -9.93205874868535 -6.553805064197164 -5.166406518128937 -6.23322580324799 
-8.0939292461304 -9.890772546189453 -6.399222235304663 -5.071227408856316 -6.008716841044048 
-8.057339698710294 -9.860891204721213 -6.385351757396805 -5.022388188479425 -5.9893608046925095 
-8.07234759789577 -9.895216572623312 -6.366281099707393 -5.0736217076197505 -5.962384843681974 
-8.007178841296238 -9.854404476662324 -6.2980915706891665 -5.011673538526139 -5.881459490414599 
-8.130854656341995 -10.084897599846713 -6.540327015038997 -5.276051972247245 -6.049973887521162 
-8.05268208581279 -9.945599254221392 -6.31410498470629 -5.135277355974154 -5.873173958282706 
-7.8515850277765225 -9.656519190886883 -5.798031653358393 -4.840103966069222 -5.441264892594248 
-8.173763167787286 -9.85480444468287 -6.16600754912956 -5.133866474696006 -5.8721714227933575 
-8.350050970678637 -10.130990942841535 -6.381682033877283 -5.481220309446002 -6.023463972101226 
-8.691782472860538 -10.370658900620853 -6.678395952856135 -5.848191474356199 -6.379187741611716 
-8.893740568506018 -10.462963363897344 -6.79134468395101 -6.027519088175964 -6.561816465839087 
-9.014237709469242 -10.553037512518713 -6.904181173543606 -6.160643630781763 -6.691137565146448 
-8.769987535521494 -10.363749376318708 -6.63679530504794 -5.894338595074842 -6.39842886367795 
-8.144478094695927 -9.796590073953524 -5.949394344784167 -5.113961295814519 -5.692996971134733 
-8.062144956666245 -9.766141985406563 -5.986919113590787 -5.023694679805416 -5.68856309586819 
-8.136983124148543 -9.790796641323823 -6.040935051317007 -5.076752659151708 -5.772803533954402 
-7.994441719012144 -9.64363016244495 -5.98412480764344 -4.849277654352434 -5.711267617729888 
-8.062534521548642 -9.693087258770504 -5.987137457666833 -4.94113636392774 -5.731132941689708 
-8.179609120912431 -9.763341726069584 -6.029219847097821 -5.072711698639239 -5.806791196780736 
-8.313905741427774 -10.207528371955192 -6.29976852110569 -5.5774443452007745 -5.879426478299891 
-8.419413856391259 -10.323833390773231 -6.455644779965553 -5.721088476598538 -6.022744564118739 
-8.496835619764553 -10.372766089862282 -6.402355963541908 -5.834550590941845 -5.997281767187374 
-8.827030733651384 -10.750418410089196 -6.772108505420391 -6.334564360866125 -6.3295813702331 
-8.795674858699854 -10.736032107074095 -6.759265307505771 -6.306190126127802 -6.305209667389178 
-8.8563350873644 -10.739751939048475 -6.7636960828500605 -6.3384570474005955 -6.348509425565737 
-8.850061555514188 -10.707495033566758 -6.765129081706775 -6.295891966715047 -6.36516349297365 
-8.648710074738759 -10.484112042330253 -6.569768598803108 -5.99065361893814 -6.18553936438262 
-8.573452824992245 -10.486354577382457 -6.423731193727875 -6.0034649873174 -5.999745840989291 
-8.46202042551478 -10.496803420639708 -6.402718481594036 -5.970425542177907 -5.896916066432212 
-8.488486464661634 -10.492121563547343 -6.422427624749318 -5.9703565942661925 -5.936281069130004 
-8.547392022044221 -10.504644711923845 -6.463538572345499 -6.000221577321554 -6.006820899229297 
-8.50124714540317 -10.51315177326721 -6.440696109422433 -5.996515702797055 -5.948738489993616 
-8.654435399184592 -10.620711639080753 -6.627044925030901 -6.140643682631762 -6.1584033167963526 
-8.617766243097975 -10.563733285511915 -6.543160148884297 -6.080506093183942 -6.091571384329768 
-8.776942349493481 -10.648253362757472 -6.632668534639123 -6.231590237715352 -6.230721925702028 
-8.758130999447687 -10.59830951788264 -6.556580377916831 -6.186914591392565 -6.179271244282134 
-8.756704221669224 -10.564866780723676 -6.496280138168345 -6.165922752182709 -6.144198667660206 
-8.835089584715305 -10.592905948956982 -6.430961641950191 -6.262510945421852 -6.122775556124196 
-8.841041125691007 -10.576332860241322 -6.39572774077746 -6.25792923941691 -6.10554010494576 
-8.731709518293485 -10.527209157396058 -6.343747220652347 -6.159933456141644 -6.0122153287608455 
-8.703719887544892 -10.508276169079409 -6.343268794139945 -6.122667272751173 -6.003874228285355 
-8.661456652531015 -10.605635793765032 -6.271223957761109 -6.249185492161757 -5.846901667556594 
-8.60908429140909 -10.56372629306378 -6.166591158166369 -6.209400874910344 -5.740798716935146 
-8.612616623503314 -10.564062325444922 -6.1727380495392765 -6.209214801413438 -5.748743376512422 
-8.622355591926606 -10.629082367389316 -6.308344876439278 -6.246862053522591 -5.837963319867782 
-8.40548072815102 -10.39051595564274 -5.994686969018787 -5.9528138525942325 -5.549869735134465 
-8.205523129739618 -10.29690608233527 -5.843309871940974 -5.7932869180297075 -5.3281659311580825 
-8.150977129503005 -10.206400701640788 -5.6520139928291115 -5.721343558764488 -5.172149484970333 
-8.179125940895545 -10.224916824507403 -5.648579669460361 -5.760481902147248 -5.177137225035494 
-8.131377579108019 -10.201572240883138 -5.603356092868367 -5.724638602419532 -5.116148152495171 
-8.128576692398923 -10.19794596595078 -5.60247575091033 -5.718840951249092 -5.115727611255892 
-7.962610758758345 -10.023080936404867 -5.608568127348306 -5.408573599337515 -5.117338962351539 
-8.145526424149324 -10.113468139941702 -5.792873302059121 -5.546331152842427 -5.358542440796342 
-8.341413598684682 -10.301728860469112 -6.081104609805735 -5.777897691978907 -5.640606354175347 
-8.379383421851017 -10.327296742350995 -6.150294106834124 -5.80445443363088 -5.714364005661366 
-8.35933145886787 -10.317030824347086 -6.123624079494803 -5.791057804252901 -5.682404501113638 
-7.823884102600232 -9.748914028006439 -5.535365233345331 -5.0190733508947005 -5.127885063588934 
-7.819497394928433 -9.746501343197778 -5.53500146768009 -5.014003319181285 -5.125989062336856 
-7.522792666045163 -9.449809009751121 -5.172072321691658 -4.617041426485187 -4.773817662026772 
-7.520309934933721 -9.432094750068046 -5.1703618876832 -4.594396268508248 -4.781693585047776 
-7.700273649679318 -9.652723031683308 -5.378281445867714 -4.890149087644147 -4.958451977879747 
-7.770592138374383 -9.735953321573461 -5.457863063651899 -5.002375911888876 -5.027872320766505 
-7.742002923579122 -9.642363259995761 -5.422303228021136 -4.883657812649588 -5.034461048744973 
-7.935379143664477 -9.746016619111586 -5.633783217129249 -5.0404671348842385 -5.296804880618751 
-7.9689147563041445 -9.711871379091761 -5.6369697337895275 -5.016450829620155 -5.343818439784897 
-8.096343680410115 -9.791414480391381 -5.758414380772393 -5.140257333554018 -5.4928444753663825 
-7.884386481773731 -9.667632879897695 -5.593323203890435 -4.9327602744769194 -5.2728035820033625 
-8.099902123996458 -9.715097012864177 -5.544638144676441 -5.122264097232559 -5.351382298146561 
-8.065607693489127 -9.720037605828509 -5.493875679405434 -5.125960511323328 -5.279125433455505 
-8.218421925052183 -9.99775798430386 -5.719547678810372 -5.465238508996123 -5.417253338610294 
-8.424289655754237 -10.247674081414544 -5.954056442013098 -5.796656205213125 -5.617930389150985 
-8.428981427326875 -10.255720895949352 -5.964531741461471 -5.805279014792305 -5.625653714472094 
-8.588057444152298 -10.29877573470469 -6.122471079048154 -5.8853889623270845 -5.853470188974427 
-8.711531827562567 -10.512652528161652 -6.116226152660133 -6.214652588007212 -5.801717932400749 
-9.526938659550709 -11.3278999966778 -7.1890172856943195 -7.240377720283533 -6.83691688147114 
-9.59342153387172 -11.390843457925783 -7.266340614826632 -7.322565533306118 -6.914397699955217 
-9.830300385044552 -11.588696508799913 -7.3806286833103485 -7.643080669499881 -7.060995054976871 
-9.822861098736581 -11.602097616578732 -7.407347050548481 -7.6457393383136605 -7.071501544107036 
-9.990727993090715 -11.762812489677543 -7.6839454033226815 -7.822748671840273 -7.339708081704032 
-10.049219358072776 -11.883398635575006 -7.885394784038894 -7.925438842944899 -7.4889032016237 
-10.074698985756157 -11.91642828263275 -7.883171924417539 -7.9795149329873425 -7.484076009550137 
-9.780826839733066 -11.767152544884738 -7.705724563393446 -7.721639446200285 -7.211196827162837 
-9.733895674597875 -11.71505364197796 -7.680985873410151 -7.643236841373593 -7.188720233913315 
-9.960613212421237 -11.86343531455438 -7.770448204356896 -7.901919852428961 -7.334868642723265 
-9.938620241249808 -11.846762628186255 -7.722867714074155 -7.8887393566006665 -7.286399094022443 
-9.933718192679493 -11.871461120989352 -7.842345321277932 -7.872741964738424 -7.3772368237624875 
-9.952398585636928 -11.864744689340014 -7.850938219905885 -7.869598528861985 -7.402198862409918 
-9.721804098371265 -11.727509405712269 -7.735009286204772 -7.634138975968952 -7.222512243761727 
-9.571185372596148 -11.531991867546395 -7.457500351120174 -7.418604321395463 -6.985284314952494 
-9.522181901618708 -11.475671915689688 -7.37301840159266 -7.355609671211411 -6.909008886912957 
-9.78136603849859 -11.743911811479407 -7.682564806163896 -7.700782196492995 -7.2048356983890045 
-9.606937813207495 -11.599270032718024 -7.39878072337315 -7.543341892004847 -6.913370721697518 
-9.514896001303683 -11.505459679787165 -7.262583371557511 -7.432455899882029 -6.783196009757987 
-9.49056023950358 -11.49270647668024 -7.18942758115854 -7.43358232989867 -6.706677250324304 
-9.516412009926583 -11.510269681938084 -7.213342274522816 -7.458872777342833 -6.7357063036102005 
-9.613847799391436 -11.589887971271693 -7.344782756153975 -7.555343778361731 -6.874454964756168 
-9.573075385607737 -11.543129184800264 -7.241133235881122 -7.51675999403615 -6.780272864088701 
-9.584580206197955 -11.62384503737681 -7.362744468487136 -7.57974396762593 -6.848384513232119 
-9.564819269991872 -11.640388752428052 -7.375686930116856 -7.587920687734638 -6.835655837081646 
-9.529301189151909 -11.5894866256792 -7.369854676177837 -7.5072683573604735 -6.838335173621047 
-9.615307708187359 -11.656340839619276 -7.46348223433796 -7.596565448679371 -6.942406167154246 
-9.617620854016337 -11.657455296123786 -7.465100619675638 -7.5984175612731235 -6.944810479285991 
-9.439750588919921 -11.557631567074765 -7.311283909119126 -7.449175773498467 -6.741535005925613 
-9.478210290284537 -11.58706295567741 -7.353637499835145 -7.488278045936738 -6.788896858475624 
-9.460254457180142 -11.583033710763871 -7.3613704731179865 -7.4722469225097115 -6.786133239954793 
-9.508677311928437 -11.61335978681204 -7.402308490091642 -7.517321286679476 -6.838567142101198 
-9.45175840741156 -11.530557030098379 -7.3080793858099895 -7.4196553177481235 -6.764638274818921 
-9.400695078621894 -11.47413910521162 -7.308081831293194 -7.323306541702976 -6.765344089444767 
-9.356191230824294 -11.450510496528622 -7.321765700329905 -7.268044887141727 -6.76226923907889 
-9.357244973190518 -11.435877746774267 -7.306395932404257 -7.2551286335518625 -6.75807745032067 
-9.329726476882868 -11.407279311075285 -7.26412329531378 -7.221547197528153 -6.717972789757965 
-9.288764377139856 -11.341564922722227 -7.198150475681672 -7.142631744672244 -6.670290077950725 
-9.528597832536065 -11.533211517980632 -7.403692222162547 -7.420743396808689 -6.905321144325896 
-9.487337225751872 -11.515519609922464 -7.357528555503848 -7.396752249437981 -6.845142541522705 
-9.490759035450822 -11.516075204902478 -7.362977889882259 -7.396944699208618 -6.852220245726912 
-9.685923276614346 -11.78058428301307 -7.692442487308469 -7.702646940368254 -7.124725837453866 
-9.553289162626598 -11.815254262294772 -7.74213178318341 -7.676111106572719 -7.057654374433781 
-9.547101666140577 -11.802541494505064 -7.740525302076563 -7.657231962913954 -7.060132408254205 
-9.479891850861051 -11.764500780284564 -7.703238300190364 -7.593808831897007 -7.003407779755605 
-9.516411558475212 -11.873588680381772 -7.9288591195306 -7.672952947050547 -7.17229640159718 
-9.853486407221709 -12.194200388881256 -8.322204274546863 -8.087393582005717 -7.568434951213845 
-9.785317229059615 -12.11317391571069 -8.229814007475 -7.986683361008687 -7.4864188137423895 
-9.713931333976461 -12.051621304499491 -8.204467781939897 -7.887405695734913 -7.453718288997976 
-9.821806444388855 -11.944702350136211 -8.152711018437955 -7.808135992160601 -7.543682910691373 
-9.812992468568083 -11.943915293669235 -8.154014726665537 -7.803091293343769 -7.539510795865056 
-9.756516115669385 -11.952773004266206 -8.147274806694725 -7.793891940786494 -7.490064583953767 
-10.017801488911047 -12.193063976996342 -8.488920048665477 -8.091694296415326 -7.836096227424278 
-9.778109480983744 -11.95988123616496 -8.163935117007867 -7.806050858989224 -7.515699044698252 
-9.821034406310062 -12.046802235158196 -8.262559579786142 -7.901899896419906 -7.583108702631492 
-9.6177251705017 -11.949947160725998 -8.160836612315563 -7.732631233573258 -7.412472624275637 
-9.52613692200896 -11.88736273735293 -8.095982482293465 -7.638140812764405 -7.329458984133268 
-9.608435225354157 -11.989158769129801 -8.206504065310071 -7.765834788745224 -7.425183703230886 
-9.372335020786835 -11.856342199193719 -8.107402909547517 -7.5391570538152735 -7.258746247191283 
-9.526157365986904 -11.92832573018623 -8.19439080865088 -7.660266512405812 -7.397733534685955 
-9.736490472578538 -12.121552470576646 -8.435827830953144 -7.911518208209614 -7.6454575464618415 
-9.617085052767678 -12.103067028215335 -8.412663012796187 -7.853456104869068 -7.556960885541585 
-9.778064612329175 -12.218828632356278 -8.445791339916582 -8.051548772232266 -7.621040274669824 
-9.824134678693937 -12.222197569544122 -8.506408812214474 -8.05194092271337 -7.707360791296907 
-9.845955041432191 -12.238928902405178 -8.526030476009396 -8.075267875650567 -7.729949357708364 
-9.50825940862994 -12.033864841157666 -8.172276602843013 -7.80298879123329 -7.297310624766126 
-9.5544104366533 -12.096666385006586 -8.321027318367982 -7.853784788384317 -7.431443372138986 
-9.61512659346657 -12.165589066403726 -8.397964150346752 -7.941691197870952 -7.501711398979268 
-9.83394749373646 -12.37025154846387 -8.656228099063384 -8.204520244419456 -7.764566179989913 
-9.881572220092579 -12.372159197543212 -8.60872880959775 -8.238222160069327 -7.7485480698007905 
-9.805370846725765 -12.231150921573288 -8.520027385937908 -8.052895577257615 -7.702511961089797 
-9.731308437283033 -12.213540103188933 -8.4947528368632 -8.012644179085271 -7.640874046077641 
-9.753043912836688 -12.262795457817873 -8.56776086462385 -8.062271878221324 -7.694393785311618 
-9.8228617460543 -12.316805315163592 -8.686363513311235 -8.119570859898147 -7.820285858002109 
-9.83009392939887 -12.318381832178389 -8.71982574858042 -8.113677865250182 -7.856265738171146 
-9.832325694068558 -12.305457012884702 -8.717932102354027 -8.09795331581202 -7.863916173974673 
-9.810200025675655 -12.276366584237138 -8.725445403517753 -8.050267303475707 -7.874963956341716 
-9.86523591556616 -12.347425714914039 -8.810753759036416 -8.135931901017031 -7.948500471616313 
-9.717364220823654 -12.220233528247746 -8.717850004218121 -7.9488429058264245 -7.842991555245732 
-9.751427263956813 -12.243210845857519 -8.776476038990097 -7.973117011538676 -7.90707187702958 
-9.62589053539314 -12.092397332467499 -8.601172433545969 -7.786220727787139 -7.7507964265293054 
-9.422402978672338 -11.909551065576835 -8.286642314053864 -7.571305935942107 -7.430564641528704 
-9.19028249460284 -11.936882650989759 -8.315194834380364 -7.5269868512077664 -7.292087361795325 
-9.133336242172561 -11.938291750692485 -8.309397408162354 -7.514645616842316 -7.249087434752724 
-9.283605892068067 -12.070542086913761 -8.541642678123807 -7.669835342712773 -7.489664088933566 
-9.349494864758569 -12.132019357791378 -8.619549668624074 -7.7494603582279495 -7.569251400890067 
-9.38841426056274 -12.126101465865247 -8.678441643029117 -7.735974819915029 -7.655419461589275 
-9.2886480054281 -12.018131079612985 -8.50170154823175 -7.611587336364408 -7.486552295778367 
-9.204147939815869 -11.926750503868206 -8.384387433611522 -7.497277221633354 -7.375369636418554 
-9.284685213418129 -12.02979428588894 -8.486874943743274 -7.630380213297613 -7.462118885559278 
-9.159545894007863 -11.907599898848858 -8.240146559821142 -7.500506721638999 -7.217242095522309 
-9.210459772655696 -11.964726055040146 -8.337016211970763 -7.5643513821057695 -7.3086831419319935 
-9.028977647119618 -11.836009516110565 -8.215085864779283 -7.37269516211758 -7.1549013572768985 
-8.984163779569911 -11.830210141680283 -8.280048892756895 -7.333921254474305 -7.194533585173048 
-8.854641500260357 -11.725862124069337 -8.201530425699843 -7.178070317864069 -7.10151824468025 
-8.992564980365657 -11.850731220645216 -8.404064153147061 -7.330538101507045 -7.309807403976791 
-8.791026797510781 -11.738573354661298 -8.371439444164793 -7.13500062002872 -7.223172901244993 
-8.93585287042184 -11.93597294062728 -8.592855475775536 -7.384343737969047 -7.409588709010961 
-8.719521318264498 -11.902474803424028 -8.547023889582007 -7.301835760942964 -7.252794358310879 
-8.855618208691027 -11.983657170887241 -8.630106061034155 -7.423158448469479 -7.368091026263528 
-9.182779252562781 -12.231636197910007 -8.922672893025904 -7.764994918597353 -7.705659707708165 
-9.238738036953109 -12.228825336885137 -8.886502596946428 -7.782592177851939 -7.705174746871677 
-9.207284277302449 -12.223478522773945 -8.907226954138778 -7.76296633121882 -7.710146689117067 
-9.262420002233597 -12.250197080060374 -8.923550599112502 -7.808008329694516 -7.7433715047334175 
-9.2561843099908 -12.204698751096103 -8.859015457124173 -7.760570920166742 -7.7034710371858495 
-9.253370088931774 -12.201331333633675 -8.85437325965016 -7.7564826728971354 -7.699216391627473 
-9.217119521290655 -12.166530508963902 -8.762687460458935 -7.723809389625856 -7.607154736322784 
-9.452960817564175 -12.256637264440513 -8.900117416480597 -7.869519875871148 -7.8329566115389895 
-9.503457085977772 -12.276664600427267 -9.047177001772837 -7.873100391486176 -7.996694953270733 
-9.379191718183819 -12.202064166224673 -8.923423161005303 -7.771702039764207 -7.844350816252444 
-9.053131462522785 -12.06759988587855 -8.655161543966187 -7.576947115217735 -7.46092725255663 
-9.056058841941706 -12.065644482595715 -8.651224503038776 -7.575935155201094 -7.460018456245223 
-8.540757823688082 -11.752475814540688 -8.157728026329664 -7.153849075489575 -6.84334965491864 
-8.222418624454917 -11.60861498761652 -8.011980285439535 -6.923217551767053 -6.591022072455289 
-8.211390117299104 -11.61501858296674 -8.021522736814191 -6.928191549822714 -6.589746900879135 
-8.099454056420882 -11.53436407234291 -7.995628851761225 -6.796395627882646 -6.547917808170965 
-8.144959281279611 -11.719107131233386 -8.35061913378037 -6.987666417602597 -6.8229472216570315 
-8.082345159339795 -11.648699840434261 -8.304697727007763 -6.885740190299259 -6.783959348317737 
-7.9623443127483 -11.569642812025407 -8.217158032616794 -6.772819826940093 -6.67283460636429 
-8.031376526333545 -11.587518729905966 -8.240469070150638 -6.803368356357225 -6.72663475173816 
-7.750004847728164 -11.30126212299649 -8.001393808543227 -6.397217525956236 -6.497027312341729 
-7.741137239197329 -11.356138725922847 -8.08561344063773 -6.457725485789709 -6.544130060188735 
-7.33344591301605 -11.131438425824598 -7.7326040312152315 -6.149136462583954 -6.079177399729076 
-6.787721427019548 -10.754950775812205 -7.3838499434801435 -5.594062111571532 -5.638727244018256 
-6.780774311674207 -10.749617829584736 -7.378139140372852 -5.586423522404985 -5.632129349239179 
-6.866248275791804 -10.788346851662837 -7.458167757857694 -5.637366934254388 -5.741988356544766 
-6.8085113604120835 -10.754504799575102 -7.39500735218445 -5.593114485604758 -5.663228343566473 
-6.81058823064123 -10.751670414689883 -7.3993367620469 -5.5880999970735985 -5.671019602227503 
-6.871251963953796 -10.757182378762096 -7.526556684598177 -5.577637142306585 -5.838895835487591 
-6.845765573898618 -10.83621259246165 -7.721737593476519 -5.657810025109427 -5.981399599770015 
-6.928314131228063 -10.884806010651943 -7.745368773264531 -5.733704790412759 -6.021677251446846 
-6.9307334618687975 -10.885661609697792 -7.748423827652616 -5.734677134737893 -6.025766338654961 
-7.098407246231929 -10.962987414748895 -7.795519339643064 -5.857952603525504 -6.1211120944696376 
-7.172840903232952 -11.058832524446956 -7.836975768669333 -6.000389138083889 -6.145078805503488 
-7.419892216375615 -11.244629359554452 -8.070609422863143 -6.257537705063527 -6.414253855670552 
-7.427479563749429 -11.249989645017735 -8.077384053085808 -6.2649832934531275 -6.422316119778827 
-7.164856980129883 -11.103138852581353 -7.816618875729105 -6.070497146894468 -6.089085593963688 
-7.163303733497401 -11.095309368708556 -7.820454268379308 -6.057674568752375 -6.097559155420967 
-7.166065392732136 -11.10119817731018 -7.829197132729462 -6.065079955438151 -6.104603022074883 
-7.293970788761953 -11.200788290188186 -7.944751978924529 -6.204190282163751 -6.236132168372919 
-7.16705339240832 -10.993923445942883 -7.672178890500675 -5.935853768932006 -6.008993422090498 
-7.483667116372558 -11.318408942866554 -8.062445223780799 -6.375674149164368 -6.393806931683031 
-7.449345153472578 -11.306745938004596 -8.048427202210021 -6.357618449934165 -6.366637533993028 
-7.4543844964538835 -11.310673045491924 -8.056457527533013 -6.362366763406101 -6.375531242117816 
-7.428408603056241 -11.288576810888799 -7.965631095378896 -6.345676379364207 -6.278063115724294 
-7.319363254622658 -11.250218598811585 -7.911802497854396 -6.288789910548886 -6.182293113563048 
-7.318486521489078 -11.24224148766018 -7.9310037276719925 -6.27230788583222 -6.207819032725922 
-7.373201417120782 -11.331197196833102 -7.997608682100179 -6.399088848953397 -6.251236426832065 
-7.593274809046022 -11.532710368031488 -8.23579248196235 -6.674415261796042 -6.499776924638468 
-7.580710370367896 -11.52967489922358 -8.24805948220822 -6.666135775701122 -6.507719544017121 
-7.651286101767994 -11.575989200347834 -8.307567652806071 -6.729682505231409 -6.581584252554734 
-7.786256878978861 -11.694934692576155 -8.400171890174704 -6.902359592935312 -6.679616255966749 
-7.784533633465188 -11.694845716630084 -8.398875584555853 -6.9023886076044505 -6.677276178334296 
-7.508556547159628 -11.514958691460322 -8.186137031126137 -6.652176908902277 -6.408782395369045 
-7.544366426215134 -11.511868312149545 -8.182758638272333 -6.650462265636492 -6.428176839885666 
-7.255163544912037 -11.187949537880002 -7.8375806913803245 -6.2038171009321275 -6.107063109853726 
-7.144985504061339 -11.121011148801472 -7.720020224095705 -6.117255281566585 -5.961234763569763 
-6.974853818863082 -10.951572390635306 -7.549219433294468 -5.878308091516118 -5.792772360308064 
-6.975401029332403 -11.008254391452482 -7.81460349429851 -5.910760845862427 -6.041310417345969 
-6.973922039865002 -10.901031560603258 -7.639197087188208 -5.782120222467896 -5.923237588119747 
-7.396169135915471 -11.210297140099513 -7.976679858841209 -6.222333062931739 -6.3231880491980235 
-7.722848960968818 -11.41913546297367 -8.074885872204476 -6.550656445046741 -6.480501342325724 
-7.67850879284552 -11.386492595940581 -7.977477390329867 -6.518790405769963 -6.3728937250646425 
-7.723655046031155 -11.379716676695054 -8.008626122504268 -6.507092883707884 -6.437280020624485 
-7.672696209673134 -11.337334069044132 -7.929083662012857 -6.455626278794313 -6.351262386803427 
-7.796980514437166 -11.502512308200224 -8.051628081931298 -6.690875498808467 -6.444128704607323 
-8.017316936941924 -11.72596112686685 -8.271321716737305 -7.002112536941311 -6.658050740747527 
-8.499832044007036 -12.105732526584276 -8.641211447667999 -7.541267686711578 -7.083262199053593 
-8.483299066750092 -12.094861259974394 -8.628135350544753 -7.5262474111247 -7.066807219758687 
-8.45896409058426 -12.142189576357254 -8.71387835751851 -7.573681858801294 -7.11068723944328 
-8.47105355296489 -12.100755492317603 -8.704684971512492 -7.513696754112672 -7.136215100651924 
-8.589223692454325 -12.152781460988933 -8.726657893013893 -7.600645301736819 -7.195614848819133 
-8.597160064271137 -12.161639822225538 -8.753119566332487 -7.608070525942978 -7.222267096525883 
-8.642927716543369 -12.186777559678148 -8.751116280366602 -7.652252472492876 -7.230981397072654 
-8.68489985948979 -12.215261411850804 -8.768906465528403 -7.69587970575806 -7.255974637986512 
-8.729704432381894 -12.249061770843923 -8.803863559009315 -7.743288832543556 -7.297129630673851 
-8.76717454535661 -12.309877453447811 -8.973156552753721 -7.795312374226782 -7.456574953875091 
-8.701567706091694 -12.200460375641612 -8.852042985941537 -7.65410066272571 -7.362866985573618 
-8.936296961753271 -12.399523149768726 -9.153153222353552 -7.90533570518744 -7.68650793945541 
-8.900136777478238 -12.336971136089389 -9.071010453602511 -7.828470511467316 -7.620210478217842 
-9.052630264356225 -12.429501023502155 -9.169145476836562 -7.961310243996351 -7.7528707818178475 
-9.144553813952584 -12.487360671739623 -9.26340734457851 -8.036075410776434 -7.867718529525135 
-8.689493268797634 -12.173025389827458 -8.978244716423816 -7.5826055854533365 -7.505076903416423 
-8.81067641029641 -12.279384483648926 -9.102932821737681 -7.725366790163989 -7.637620829605865 
-8.906976757824708 -12.386170774839798 -9.237090507914544 -7.863113926106109 -7.765145369975457 
-9.069432530630607 -12.534768269454375 -9.39882257451184 -8.063425148226187 -7.933317077581393 
-9.125969761495028 -12.582375796215302 -9.471239108744257 -8.123566278719636 -8.011210685941037 
-8.962281431655157 -12.390439123108521 -9.29573823105963 -7.8641622178057276 -7.85552922879171 
-8.815329494517968 -12.355075456652159 -9.303169529253239 -7.793511872984581 -7.800591707462942 
-9.046998858517995 -12.537885498787134 -9.482945236518901 -8.04753286793904 -8.005759920110435 
-9.033026966160165 -12.523249204562674 -9.471935812542057 -8.02709092387154 -7.995489087639015 
-9.244025007542064 -12.74180714181054 -9.621658995992632 -8.336110629994693 -8.134829037997505 
-9.421235191749105 -12.924969752394716 -9.809711331910606 -8.581541526763289 -8.316930588187304 
-9.444024704540396 -12.953092425289043 -9.827861522088298 -8.62118697697747 -8.331119681318441 
-9.193055235650306 -12.786783479581047 -9.640368587801689 -8.393323626648836 -8.095733027709372 
-8.88928356023807 -12.655814373592733 -9.54689664654083 -8.194222214056893 -7.906325382745223 
-8.839330788530802 -12.604273829983356 -9.4894963507314 -8.125299625369422 -7.850262110954489 
-8.78384665256138 -12.540278752959438 -9.495166066820332 -8.024172240191845 -7.866095455975355 
-9.173344853403634 -12.858808443284815 -9.831234157820887 -8.457982431290134 -8.23892410942669 
-9.232057293632309 -12.877191143955315 -9.870506484132335 -8.48145891225522 -8.302088178722329 
-9.251089936079737 -12.88479986319713 -9.88330580407559 -8.491557554953118 -8.321565170844906 
-9.252959733606772 -12.885374355633616 -9.884925942290693 -8.492223441050896 -8.323969804497224 
-8.961748709835135 -12.711122658096983 -9.553696676825737 -8.281434212236576 -7.919113106860209 
-8.706825132067664 -12.491826858012914 -9.354894027712703 -7.975257917216908 -7.704425174141093 
-8.713530425268488 -12.49958577579612 -9.360702665038602 -7.98622612327118 -7.709379349839068 
-8.682624779416855 -12.50166601050799 -9.345924588726774 -7.9908324589125215 -7.674412529340458 
-8.799774548490277 -12.715063822441309 -9.53115462722576 -8.285915399068216 -7.798574659387683 
-8.727231857127961 -12.615741760816661 -9.496419654579697 -8.135901818074998 -7.785710003034666 
-8.736242882037814 -12.635777464978986 -9.532196285493882 -8.159557943798617 -7.816015569281504 
-8.6976627747013 -12.60607188988233 -9.498567863085256 -8.119413441130916 -7.777491195300726 
-8.764452184458577 -12.665493905578188 -9.57643012716997 -8.197089048707127 -7.859991511604349 
-8.795467007384644 -12.681424164258033 -9.609813366220408 -8.215686897841834 -7.90299993345451 
-8.756987105452666 -12.691849345440659 -9.599694711538234 -8.232923045627246 -7.863313490304591 
-8.745070489830013 -12.698133893887729 -9.619897025145832 -8.238185004028864 -7.874126355638765 
-8.424721872588108 -12.50221903778315 -9.5084259246715 -7.950900749884312 -7.702521608593074 
-8.461347818176037 -12.507273565442773 -9.554312676580011 -7.950629700642168 -7.769322109179797 
-8.307296544950475 -12.362660626455423 -9.380686542537816 -7.756807517306967 -7.590324650359975 
-8.07744017725156 -12.239498495313839 -9.23226879160653 -7.590511217819852 -7.382241225068896 
-8.013033064303912 -12.199572915774922 -9.173197919438621 -7.538720329663747 -7.30841519348364 
-8.235988891165675 -12.298191161909656 -9.235497013232418 -7.682921790092465 -7.435581657420698 
-8.115677724584742 -12.26727723803377 -9.18025056094288 -7.644237258267339 -7.328310774782764 
-7.952044262554608 -12.023983862861314 -8.92594267081769 -7.310093182797644 -7.121941372022491 
-7.928388573640518 -11.985741100609317 -8.882217130996125 -7.258541991175591 -7.086619919885621 
-7.69322221954819 -11.765717550897307 -8.654423567505276 -6.953733946751257 -6.853147981288927 
-7.660335215603411 -11.666304624107099 -8.496021835263008 -6.829893939450116 -6.729329169243272 
-7.851819268954372 -11.785724828027256 -8.677950319620834 -6.9879932319352775 -6.9552329128495956 
-7.78677549487098 -11.85022781478041 -8.733817446426102 -7.072630085101139 -6.935867008296313 
-8.051995418050282 -11.958178860304685 -8.78964420092106 -7.240521529695187 -7.075612334072787 
-8.079858152574431 -11.983102265997061 -8.832126095252633 -7.2715514851362 -7.120663324144019 
-7.66154748128136 -11.598552842990912 -8.451049653406955 -6.735519266097029 -6.726598107566829 
-7.610655245345271 -11.537800466341253 -8.39774116307997 -6.650304456591229 -6.680422912169831 
-7.640643695987876 -11.546467392970897 -8.396086228870772 -6.665977341719426 -6.690075931701827 
-7.685963178285363 -11.608098635644268 -8.584267562950501 -6.727565869907551 -6.876967970828474 
-7.89514956379746 -11.844810619888591 -8.92029433474329 -7.037335611572473 -7.201040575692829 
-7.8306539137221876 -11.810047925927933 -8.85610466276944 -6.992224119811752 -7.11875330558189 
-8.044959023405212 -11.898775257140713 -8.982815509342132 -7.116662446221895 -7.316521567163505 
-8.276937194931477 -12.039329732227927 -9.163735751345897 -7.310533980948222 -7.548607822331505 
-8.16822988241104 -12.001690553628137 -9.140876694720916 -7.251234355955816 -7.4877974808391485 
-8.111258612012122 -11.973561810736157 -9.118167293636219 -7.20983708321296 -7.449920663380951 
-8.084527009281274 -11.940231573373069 -9.08505575795644 -7.1645063889505 -7.420947302013559 
-8.15394373035467 -11.999933858933488 -9.134547769137143 -7.24859487096964 -7.474289488543533 
-8.174410168289043 -12.052608207078137 -9.147697245059732 -7.324674738558215 -7.466298454283972 
