0.0001761913299560547
4.863739013671875e-05
6.079673767089844e-05
4.553794860839844e-05
4.5299530029296875e-05
4.553794860839844e-05
4.553794860839844e-05
4.601478576660156e-05
4.553794860839844e-05
4.57763671875e-05
4.5299530029296875e-05
4.6253204345703125e-05
4.601478576660156e-05
4.7206878662109375e-05
4.553794860839844e-05
5.936622619628906e-05
4.7206878662109375e-05
4.601478576660156e-05
4.57763671875e-05
4.553794860839844e-05
4.5299530029296875e-05
4.553794860839844e-05
4.553794860839844e-05
4.5299530029296875e-05
4.553794860839844e-05
4.792213439941406e-05
4.553794860839844e-05
4.57763671875e-05
4.5299530029296875e-05
4.553794860839844e-05
4.553794860839844e-05
4.649162292480469e-05
4.553794860839844e-05
4.57763671875e-05
6.532669067382812e-05
4.7206878662109375e-05
4.5299530029296875e-05
4.553794860839844e-05
4.553794860839844e-05
4.553794860839844e-05
4.57763671875e-05
4.553794860839844e-05
4.5299530029296875e-05
8.726119995117188e-05
4.744529724121094e-05
4.553794860839844e-05
4.673004150390625e-05
4.5299530029296875e-05
4.5299530029296875e-05
4.57763671875e-05
5.9604644775390625e-05
4.649162292480469e-05
4.601478576660156e-05
4.601478576660156e-05
4.57763671875e-05
4.5299530029296875e-05
4.553794860839844e-05
4.601478576660156e-05
4.673004150390625e-05
6.699562072753906e-05
4.744529724121094e-05
4.553794860839844e-05
4.553794860839844e-05
4.601478576660156e-05
4.5299530029296875e-05
4.649162292480469e-05
4.57763671875e-05
4.553794860839844e-05
0.00011110305786132812
4.76837158203125e-05
4.673004150390625e-05
4.553794860839844e-05
4.9114227294921875e-05
4.601478576660156e-05
4.553794860839844e-05
4.553794860839844e-05
4.553794860839844e-05
4.57763671875e-05
4.696846008300781e-05
4.553794860839844e-05
4.553794860839844e-05
4.553794860839844e-05
4.57763671875e-05
4.6253204345703125e-05
4.601478576660156e-05
5.888938903808594e-05
4.673004150390625e-05
4.553794860839844e-05
4.744529724121094e-05
4.57763671875e-05
4.57763671875e-05
4.7206878662109375e-05
4.601478576660156e-05
4.57763671875e-05
4.57763671875e-05
8.058547973632812e-05
6.270408630371094e-05
4.57763671875e-05
4.6253204345703125e-05
4.649162292480469e-05
6.461143493652344e-05
4.744529724121094e-05
0.0018718242645263672
5.14984130859375e-05
0.0002532005310058594
6.198883056640625e-05
4.744529724121094e-05
4.673004150390625e-05
4.7206878662109375e-05
4.649162292480469e-05
4.6253204345703125e-05
4.649162292480469e-05
4.601478576660156e-05
4.6253204345703125e-05
4.6253204345703125e-05
4.673004150390625e-05
4.6253204345703125e-05
4.6253204345703125e-05
6.008148193359375e-05
4.744529724121094e-05
4.601478576660156e-05
4.6253204345703125e-05
4.649162292480469e-05
4.673004150390625e-05
4.601478576660156e-05
4.601478576660156e-05
4.744529724121094e-05
4.673004150390625e-05
4.57763671875e-05
4.649162292480469e-05
4.601478576660156e-05
4.649162292480469e-05
4.6253204345703125e-05
4.6253204345703125e-05
4.57763671875e-05
4.6253204345703125e-05
7.987022399902344e-05
4.744529724121094e-05
4.6253204345703125e-05
4.744529724121094e-05
4.673004150390625e-05
4.6253204345703125e-05
4.601478576660156e-05
4.673004150390625e-05
4.57763671875e-05
4.6253204345703125e-05
4.57763671875e-05
4.673004150390625e-05
4.601478576660156e-05
4.649162292480469e-05
4.553794860839844e-05
4.7206878662109375e-05
4.57763671875e-05
4.6253204345703125e-05
6.151199340820312e-05
4.696846008300781e-05
4.601478576660156e-05
4.6253204345703125e-05
4.601478576660156e-05
4.649162292480469e-05
4.553794860839844e-05
4.649162292480469e-05
4.601478576660156e-05
7.987022399902344e-05
4.744529724121094e-05
4.649162292480469e-05
4.5299530029296875e-05
4.696846008300781e-05
4.553794860839844e-05
4.673004150390625e-05
4.601478576660156e-05
9.465217590332031e-05
9.989738464355469e-05
5.125999450683594e-05
8.630752563476562e-05
8.0108642578125e-05
4.8160552978515625e-05
4.76837158203125e-05
6.389617919921875e-05
4.649162292480469e-05
4.601478576660156e-05
4.57763671875e-05
4.649162292480469e-05
4.649162292480469e-05
4.57763671875e-05
4.57763671875e-05
9.775161743164062e-05
4.744529724121094e-05
4.57763671875e-05
4.673004150390625e-05
4.696846008300781e-05
4.673004150390625e-05
4.696846008300781e-05
4.601478576660156e-05
4.6253204345703125e-05
4.57763671875e-05
4.649162292480469e-05
4.649162292480469e-05
4.57763671875e-05
4.601478576660156e-05
4.57763671875e-05
4.649162292480469e-05
4.649162292480469e-05
5.888938903808594e-05
4.649162292480469e-05
4.5299530029296875e-05
4.649162292480469e-05
4.673004150390625e-05
4.649162292480469e-05
4.553794860839844e-05
4.601478576660156e-05
4.696846008300781e-05
4.5299530029296875e-05
4.601478576660156e-05
4.57763671875e-05
4.6253204345703125e-05
4.57763671875e-05
4.601478576660156e-05
4.649162292480469e-05
4.553794860839844e-05
4.6253204345703125e-05
4.601478576660156e-05
0.00011539459228515625
4.935264587402344e-05
4.839897155761719e-05
4.839897155761719e-05
4.935264587402344e-05
4.863739013671875e-05
4.9591064453125e-05
4.887580871582031e-05
4.9114227294921875e-05
5.221366882324219e-05
4.9591064453125e-05
4.9114227294921875e-05
4.887580871582031e-05
4.935264587402344e-05
4.9114227294921875e-05
4.9114227294921875e-05
0.00012135505676269531
4.8160552978515625e-05
4.673004150390625e-05
4.649162292480469e-05
4.673004150390625e-05
4.649162292480469e-05
4.649162292480469e-05
4.6253204345703125e-05
4.673004150390625e-05
4.6253204345703125e-05
4.6253204345703125e-05
4.6253204345703125e-05
4.696846008300781e-05
4.696846008300781e-05
4.6253204345703125e-05
4.649162292480469e-05
4.7206878662109375e-05
6.008148193359375e-05
4.7206878662109375e-05
4.673004150390625e-05
4.649162292480469e-05
4.601478576660156e-05
4.6253204345703125e-05
4.553794860839844e-05
4.6253204345703125e-05
4.601478576660156e-05
4.6253204345703125e-05
4.6253204345703125e-05
4.673004150390625e-05
4.7206878662109375e-05
4.601478576660156e-05
4.7206878662109375e-05
4.673004150390625e-05
4.696846008300781e-05
4.6253204345703125e-05
8.058547973632812e-05
4.649162292480469e-05
4.601478576660156e-05
4.57763671875e-05
4.57763671875e-05
4.6253204345703125e-05
4.601478576660156e-05
4.601478576660156e-05
4.57763671875e-05
4.5299530029296875e-05
4.57763671875e-05
4.57763671875e-05
4.553794860839844e-05
4.553794860839844e-05
4.5299530029296875e-05
4.553794860839844e-05
4.5299530029296875e-05
4.601478576660156e-05
5.817413330078125e-05
4.696846008300781e-05
4.601478576660156e-05
4.5299530029296875e-05
4.553794860839844e-05
4.553794860839844e-05
4.601478576660156e-05
4.553794860839844e-05
4.5299530029296875e-05
4.506111145019531e-05
4.5299530029296875e-05
4.553794860839844e-05
6.604194641113281e-05
4.649162292480469e-05
4.5299530029296875e-05
4.506111145019531e-05
4.5299530029296875e-05
4.5299530029296875e-05
7.104873657226562e-05
4.76837158203125e-05
4.601478576660156e-05
4.57763671875e-05
4.5299530029296875e-05
4.57763671875e-05
4.57763671875e-05
4.553794860839844e-05
4.553794860839844e-05
4.57763671875e-05
4.5299530029296875e-05
4.601478576660156e-05
4.601478576660156e-05
4.553794860839844e-05
4.5299530029296875e-05
4.5299530029296875e-05
4.506111145019531e-05
4.553794860839844e-05
4.57763671875e-05
5.91278076171875e-05
4.7206878662109375e-05
4.6253204345703125e-05
4.6253204345703125e-05
4.696846008300781e-05
4.601478576660156e-05
4.601478576660156e-05
4.7206878662109375e-05
4.601478576660156e-05
4.673004150390625e-05
4.673004150390625e-05
4.649162292480469e-05
4.57763671875e-05
4.649162292480469e-05
4.649162292480469e-05
4.673004150390625e-05
4.601478576660156e-05
4.57763671875e-05
6.151199340820312e-05
4.7206878662109375e-05
4.649162292480469e-05
4.57763671875e-05
4.6253204345703125e-05
4.6253204345703125e-05
4.649162292480469e-05
4.649162292480469e-05
4.673004150390625e-05
0.005433082580566406
5.3882598876953125e-05
4.76837158203125e-05
4.6253204345703125e-05
4.649162292480469e-05
4.649162292480469e-05
4.649162292480469e-05
4.696846008300781e-05
4.6253204345703125e-05
6.961822509765625e-05
4.839897155761719e-05
4.696846008300781e-05
4.649162292480469e-05
4.673004150390625e-05
4.649162292480469e-05
4.649162292480469e-05
4.6253204345703125e-05
9.989738464355469e-05
0.0001087188720703125
4.673004150390625e-05
4.8160552978515625e-05
8.368492126464844e-05
8.249282836914062e-05
7.915496826171875e-05
4.649162292480469e-05
4.601478576660156e-05
4.553794860839844e-05
4.553794860839844e-05
4.57763671875e-05
4.553794860839844e-05
4.57763671875e-05
8.463859558105469e-05
9.012222290039062e-05
9.059906005859375e-05
4.673004150390625e-05
4.601478576660156e-05
4.649162292480469e-05
4.553794860839844e-05
4.649162292480469e-05
4.601478576660156e-05
4.553794860839844e-05
4.5299530029296875e-05
4.553794860839844e-05
4.57763671875e-05
4.553794860839844e-05
4.553794860839844e-05
4.673004150390625e-05
5.936622619628906e-05
4.744529724121094e-05
4.6253204345703125e-05
4.57763671875e-05
4.553794860839844e-05
4.5299530029296875e-05
4.5299530029296875e-05
4.506111145019531e-05
4.601478576660156e-05
6.365776062011719e-05
4.673004150390625e-05
4.553794860839844e-05
4.5299530029296875e-05
4.506111145019531e-05
4.5299530029296875e-05
4.5299530029296875e-05
4.6253204345703125e-05
4.601478576660156e-05
0.00021767616271972656
4.887580871582031e-05
4.57763671875e-05
4.7206878662109375e-05
4.601478576660156e-05
4.744529724121094e-05
4.57763671875e-05
4.673004150390625e-05
4.649162292480469e-05
4.57763671875e-05
4.57763671875e-05
4.601478576660156e-05
4.601478576660156e-05
4.6253204345703125e-05
4.57763671875e-05
9.489059448242188e-05
4.887580871582031e-05
4.601478576660156e-05
4.649162292480469e-05
4.601478576660156e-05
4.6253204345703125e-05
4.6253204345703125e-05
4.553794860839844e-05
4.673004150390625e-05
4.649162292480469e-05
4.57763671875e-05
4.57763671875e-05
4.553794860839844e-05
4.553794860839844e-05
4.553794860839844e-05
4.57763671875e-05
4.5299530029296875e-05
4.601478576660156e-05
6.008148193359375e-05
4.744529724121094e-05
4.553794860839844e-05
4.601478576660156e-05
4.5299530029296875e-05
4.553794860839844e-05
4.5299530029296875e-05
4.5299530029296875e-05
4.553794860839844e-05
4.649162292480469e-05
4.649162292480469e-05
4.57763671875e-05
4.6253204345703125e-05
4.553794860839844e-05
4.601478576660156e-05
4.553794860839844e-05
4.553794860839844e-05
4.57763671875e-05
4.5299530029296875e-05
9.441375732421875e-05
6.127357482910156e-05
4.601478576660156e-05
4.601478576660156e-05
4.601478576660156e-05
4.601478576660156e-05
4.649162292480469e-05
4.649162292480469e-05
4.6253204345703125e-05
4.57763671875e-05
4.553794860839844e-05
4.601478576660156e-05
4.601478576660156e-05
4.649162292480469e-05
6.461143493652344e-05
4.673004150390625e-05
4.649162292480469e-05
5.91278076171875e-05
4.696846008300781e-05
4.6253204345703125e-05
4.553794860839844e-05
4.57763671875e-05
4.649162292480469e-05
4.57763671875e-05
4.57763671875e-05
4.649162292480469e-05
6.651878356933594e-05
