8.511543273925781e-05
4.8160552978515625e-05
4.7206878662109375e-05
4.673004150390625e-05
4.601478576660156e-05
4.744529724121094e-05
4.6253204345703125e-05
4.57763671875e-05
4.649162292480469e-05
7.867813110351562e-05
4.673004150390625e-05
4.553794860839844e-05
4.57763671875e-05
4.553794860839844e-05
4.57763671875e-05
4.601478576660156e-05
4.6253204345703125e-05
4.553794860839844e-05
6.628036499023438e-05
4.7206878662109375e-05
4.601478576660156e-05
4.601478576660156e-05
4.601478576660156e-05
4.57763671875e-05
4.57763671875e-05
4.863739013671875e-05
9.799003601074219e-05
4.6253204345703125e-05
4.601478576660156e-05
4.6253204345703125e-05
4.57763671875e-05
4.601478576660156e-05
4.601478576660156e-05
4.6253204345703125e-05
4.553794860839844e-05
4.7206878662109375e-05
4.601478576660156e-05
4.601478576660156e-05
4.57763671875e-05
4.57763671875e-05
4.649162292480469e-05
4.601478576660156e-05
4.649162292480469e-05
0.00016760826110839844
5.054473876953125e-05
6.103515625e-05
4.863739013671875e-05
4.601478576660156e-05
4.553794860839844e-05
4.57763671875e-05
4.553794860839844e-05
4.57763671875e-05
4.553794860839844e-05
4.601478576660156e-05
4.553794860839844e-05
4.553794860839844e-05
4.553794860839844e-05
4.553794860839844e-05
9.942054748535156e-05
6.413459777832031e-05
5.91278076171875e-05
4.57763671875e-05
4.601478576660156e-05
4.553794860839844e-05
4.553794860839844e-05
4.57763671875e-05
4.649162292480469e-05
4.696846008300781e-05
4.57763671875e-05
4.601478576660156e-05
4.601478576660156e-05
4.6253204345703125e-05
4.76837158203125e-05
4.57763671875e-05
4.601478576660156e-05
0.00012922286987304688
4.744529724121094e-05
4.57763671875e-05
4.553794860839844e-05
4.57763671875e-05
4.6253204345703125e-05
4.553794860839844e-05
4.57763671875e-05
4.7206878662109375e-05
4.553794860839844e-05
4.5299530029296875e-05
4.7206878662109375e-05
4.5299530029296875e-05
6.365776062011719e-05
4.696846008300781e-05
4.553794860839844e-05
4.792213439941406e-05
9.393692016601562e-05
4.696846008300781e-05
4.649162292480469e-05
4.76837158203125e-05
4.649162292480469e-05
4.7206878662109375e-05
4.553794860839844e-05
4.57763671875e-05
4.553794860839844e-05
0.00011992454528808594
4.839897155761719e-05
4.696846008300781e-05
4.6253204345703125e-05
4.673004150390625e-05
4.673004150390625e-05
4.601478576660156e-05
0.00011587142944335938
4.792213439941406e-05
8.130073547363281e-05
6.270408630371094e-05
4.673004150390625e-05
4.673004150390625e-05
4.696846008300781e-05
4.744529724121094e-05
4.673004150390625e-05
5.3882598876953125e-05
4.863739013671875e-05
4.8160552978515625e-05
4.673004150390625e-05
4.673004150390625e-05
4.7206878662109375e-05
4.7206878662109375e-05
0.00011587142944335938
4.9114227294921875e-05
4.792213439941406e-05
4.673004150390625e-05
4.744529724121094e-05
4.9114227294921875e-05
4.7206878662109375e-05
4.649162292480469e-05
4.673004150390625e-05
0.00011730194091796875
7.343292236328125e-05
0.0001270771026611328
5.078315734863281e-05
9.274482727050781e-05
6.29425048828125e-05
4.673004150390625e-05
4.673004150390625e-05
4.696846008300781e-05
4.649162292480469e-05
4.696846008300781e-05
4.649162292480469e-05
4.649162292480469e-05
4.601478576660156e-05
4.57763671875e-05
4.863739013671875e-05
4.649162292480469e-05
4.601478576660156e-05
4.6253204345703125e-05
4.601478576660156e-05
4.553794860839844e-05
4.6253204345703125e-05
0.00011157989501953125
6.413459777832031e-05
4.887580871582031e-05
4.57763671875e-05
4.57763671875e-05
4.649162292480469e-05
4.6253204345703125e-05
4.696846008300781e-05
4.601478576660156e-05
4.7206878662109375e-05
4.601478576660156e-05
4.553794860839844e-05
4.553794860839844e-05
4.7206878662109375e-05
4.76837158203125e-05
4.601478576660156e-05
4.649162292480469e-05
9.751319885253906e-05
4.9114227294921875e-05
4.553794860839844e-05
4.5299530029296875e-05
4.553794860839844e-05
4.696846008300781e-05
4.601478576660156e-05
4.601478576660156e-05
4.601478576660156e-05
4.673004150390625e-05
4.601478576660156e-05
4.553794860839844e-05
4.553794860839844e-05
4.6253204345703125e-05
4.76837158203125e-05
4.601478576660156e-05
4.601478576660156e-05
4.649162292480469e-05
0.00016999244689941406
6.031990051269531e-05
4.696846008300781e-05
4.673004150390625e-05
4.673004150390625e-05
4.673004150390625e-05
4.649162292480469e-05
4.6253204345703125e-05
4.696846008300781e-05
4.649162292480469e-05
4.649162292480469e-05
4.673004150390625e-05
4.673004150390625e-05
4.649162292480469e-05
4.6253204345703125e-05
4.57763671875e-05
0.00023365020751953125
6.461143493652344e-05
4.863739013671875e-05
5.936622619628906e-05
4.6253204345703125e-05
4.649162292480469e-05
4.601478576660156e-05
4.649162292480469e-05
4.601478576660156e-05
4.601478576660156e-05
4.601478576660156e-05
4.696846008300781e-05
4.744529724121094e-05
4.601478576660156e-05
0.0001266002655029297
4.673004150390625e-05
4.8160552978515625e-05
4.6253204345703125e-05
4.57763671875e-05
4.673004150390625e-05
4.57763671875e-05
4.6253204345703125e-05
4.696846008300781e-05
4.6253204345703125e-05
4.6253204345703125e-05
4.601478576660156e-05
4.6253204345703125e-05
4.744529724121094e-05
4.6253204345703125e-05
4.6253204345703125e-05
4.649162292480469e-05
0.00010514259338378906
4.744529724121094e-05
4.57763671875e-05
4.553794860839844e-05
4.601478576660156e-05
4.553794860839844e-05
4.6253204345703125e-05
4.601478576660156e-05
4.57763671875e-05
4.6253204345703125e-05
4.57763671875e-05
4.57763671875e-05
4.57763671875e-05
4.57763671875e-05
4.553794860839844e-05
4.6253204345703125e-05
4.553794860839844e-05
6.556510925292969e-05
4.7206878662109375e-05
4.6253204345703125e-05
4.601478576660156e-05
4.553794860839844e-05
4.6253204345703125e-05
4.601478576660156e-05
4.57763671875e-05
4.5299530029296875e-05
4.5299530029296875e-05
6.365776062011719e-05
4.696846008300781e-05
4.5299530029296875e-05
4.649162292480469e-05
4.673004150390625e-05
4.6253204345703125e-05
4.7206878662109375e-05
4.649162292480469e-05
0.0001697540283203125
5.1021575927734375e-05
6.031990051269531e-05
4.601478576660156e-05
4.553794860839844e-05
4.7206878662109375e-05
4.6253204345703125e-05
4.649162292480469e-05
4.57763671875e-05
4.601478576660156e-05
4.649162292480469e-05
4.57763671875e-05
4.57763671875e-05
4.601478576660156e-05
4.57763671875e-05
4.76837158203125e-05
0.00016570091247558594
8.463859558105469e-05
9.298324584960938e-05
4.863739013671875e-05
6.246566772460938e-05
4.57763671875e-05
4.649162292480469e-05
4.57763671875e-05
4.57763671875e-05
4.553794860839844e-05
4.57763671875e-05
4.649162292480469e-05
4.7206878662109375e-05
4.601478576660156e-05
0.00010561943054199219
4.649162292480469e-05
4.57763671875e-05
4.57763671875e-05
4.649162292480469e-05
4.601478576660156e-05
4.57763671875e-05
4.673004150390625e-05
4.601478576660156e-05
4.649162292480469e-05
4.601478576660156e-05
4.601478576660156e-05
4.76837158203125e-05
4.673004150390625e-05
4.553794860839844e-05
4.6253204345703125e-05
4.649162292480469e-05
0.00011014938354492188
5.125999450683594e-05
5.9604644775390625e-05
4.57763671875e-05
4.57763671875e-05
4.601478576660156e-05
4.6253204345703125e-05
4.601478576660156e-05
4.601478576660156e-05
4.673004150390625e-05
6.723403930664062e-05
4.649162292480469e-05
4.553794860839844e-05
4.649162292480469e-05
4.649162292480469e-05
4.6253204345703125e-05
4.601478576660156e-05
0.00010204315185546875
4.792213439941406e-05
4.6253204345703125e-05
4.6253204345703125e-05
4.601478576660156e-05
4.57763671875e-05
4.601478576660156e-05
4.673004150390625e-05
4.649162292480469e-05
4.649162292480469e-05
4.601478576660156e-05
4.57763671875e-05
4.553794860839844e-05
4.57763671875e-05
4.553794860839844e-05
4.673004150390625e-05
4.649162292480469e-05
0.005631208419799805
5.745887756347656e-05
4.8160552978515625e-05
4.7206878662109375e-05
4.649162292480469e-05
9.703636169433594e-05
4.863739013671875e-05
4.7206878662109375e-05
4.6253204345703125e-05
4.6253204345703125e-05
4.649162292480469e-05
4.57763671875e-05
4.649162292480469e-05
4.601478576660156e-05
4.553794860839844e-05
4.76837158203125e-05
0.00010991096496582031
6.508827209472656e-05
4.9591064453125e-05
5.0067901611328125e-05
4.9591064453125e-05
0.00010132789611816406
4.935264587402344e-05
4.935264587402344e-05
4.863739013671875e-05
6.246566772460938e-05
4.57763671875e-05
4.601478576660156e-05
4.601478576660156e-05
4.553794860839844e-05
4.6253204345703125e-05
4.6253204345703125e-05
4.553794860839844e-05
4.57763671875e-05
4.57763671875e-05
4.6253204345703125e-05
4.553794860839844e-05
9.5367431640625e-05
4.696846008300781e-05
4.601478576660156e-05
4.649162292480469e-05
4.553794860839844e-05
4.5299530029296875e-05
4.553794860839844e-05
4.553794860839844e-05
4.601478576660156e-05
4.57763671875e-05
4.57763671875e-05
4.57763671875e-05
4.6253204345703125e-05
4.649162292480469e-05
4.649162292480469e-05
4.6253204345703125e-05
4.6253204345703125e-05
4.6253204345703125e-05
9.679794311523438e-05
4.8160552978515625e-05
4.601478576660156e-05
4.6253204345703125e-05
4.57763671875e-05
4.601478576660156e-05
4.649162292480469e-05
4.696846008300781e-05
4.57763671875e-05
4.6253204345703125e-05
4.601478576660156e-05
4.57763671875e-05
4.601478576660156e-05
4.553794860839844e-05
4.57763671875e-05
4.601478576660156e-05
4.57763671875e-05
4.553794860839844e-05
7.534027099609375e-05
4.6253204345703125e-05
4.57763671875e-05
4.57763671875e-05
4.553794860839844e-05
4.601478576660156e-05
4.6253204345703125e-05
4.601478576660156e-05
4.57763671875e-05
4.553794860839844e-05
4.5299530029296875e-05
4.5299530029296875e-05
6.389617919921875e-05
4.744529724121094e-05
4.6253204345703125e-05
4.553794860839844e-05
4.649162292480469e-05
0.0002765655517578125
4.863739013671875e-05
4.649162292480469e-05
4.601478576660156e-05
4.601478576660156e-05
4.673004150390625e-05
4.696846008300781e-05
4.6253204345703125e-05
4.673004150390625e-05
4.601478576660156e-05
4.6253204345703125e-05
4.57763671875e-05
4.601478576660156e-05
4.57763671875e-05
0.00010156631469726562
8.654594421386719e-05
4.863739013671875e-05
4.553794860839844e-05
4.57763671875e-05
4.76837158203125e-05
4.601478576660156e-05
4.6253204345703125e-05
4.673004150390625e-05
4.649162292480469e-05
4.6253204345703125e-05
4.5299530029296875e-05
4.57763671875e-05
4.57763671875e-05
4.601478576660156e-05
4.553794860839844e-05
9.250640869140625e-05
4.744529724121094e-05
4.649162292480469e-05
4.506111145019531e-05
4.5299530029296875e-05
4.506111145019531e-05
4.57763671875e-05
4.553794860839844e-05
4.601478576660156e-05
4.601478576660156e-05
4.553794860839844e-05
4.553794860839844e-05
4.553794860839844e-05
4.601478576660156e-05
4.506111145019531e-05
4.553794860839844e-05
4.553794860839844e-05
4.601478576660156e-05
0.00012731552124023438
4.7206878662109375e-05
4.6253204345703125e-05
4.553794860839844e-05
4.601478576660156e-05
4.696846008300781e-05
4.649162292480469e-05
4.57763671875e-05
