-339.0340823843976 -308.0610458480463 827.9940617725107 
-342.413716463085 -309.7620973561011 827.4463325536268 
-347.75316524389086 -309.7288047971093 828.8842149149161 
-347.74315006809064 -309.7192231890933 828.8838319213176 
-347.1738744461583 -309.1560789465072 827.757729008827 
-347.6227963789297 -307.8069165959819 827.8745613574372 
-345.82606957305705 -311.0748213469836 838.3669802980957 
-350.91867399887104 -313.6996081210248 831.4035884224544 
-352.1902982007417 -311.1757002982029 832.2517116573872 
-352.14345260273393 -311.4327039342537 832.4966659871307 
-353.58610234795435 -311.27089979014653 833.2485559961688 
-352.37184206801527 -311.6368872771553 834.0542824542212 
-351.91295961309913 -311.0945713321502 833.7266031877066 
-350.87165874035173 -309.4147954705757 832.2428858519502 
-351.69056842876137 -306.71003625508206 832.9765951995539 
-352.7264663543955 -306.1663079164498 832.8471800096448 
-351.94506069264145 -306.720957261586 833.4384523617459 
-351.3431264235668 -306.01379730517516 833.0045128164314 
-352.13834926051 -306.627466498162 832.0644609659421 
-353.34956544740896 -307.30879883756626 831.4540938268389 
-354.24413097157293 -307.32721230205425 832.176606766085 
-354.1245209816929 -307.71163268868867 832.179273098371 
-355.0810730391076 -306.9991686079463 831.2458985026238 
-355.21361268253276 -306.80441199221605 830.9651174678608 
-354.7924254561453 -306.69868471006885 829.4750909002291 
-353.5493164200163 -306.07521626953985 827.9726704922068 
-353.4931850269369 -309.02903568495907 828.5596089081878 
-354.3506645326169 -304.7422909241097 829.352057752978 
-356.3520816604779 -304.7733939677508 830.0569520279117 
-356.8064208416318 -304.1329434053384 830.557206178156 
-356.78137478990016 -304.5511107738099 830.1722287765955 
-352.97532305927433 -303.98188335811153 831.0057921679537 
-352.6003253614667 -308.1498075589631 831.9576042921441 
-352.29949662661693 -310.2327344718391 832.7948473071621 
-352.18063655413596 -309.491750200012 833.0055779783515 
-351.18003068089325 -310.7615458252556 835.351178138491 
-349.69711584646626 -310.09854598452876 832.6014017455692 
-345.24043391689554 -312.52736078574577 833.2243050944902 
-345.4074783760026 -312.6847480639367 832.1475611715238 
-347.1281398159246 -313.03597622333837 832.8044674727543 
-346.5123850217437 -312.6261530689425 833.2026247643122 
-344.00884902305484 -306.392016598386 830.374419111056 
-350.7533105972404 -306.72965023195667 832.1800710761908 
-347.6726021617356 -305.30183133314284 830.5647289053891 
-347.31218925332087 -303.8011922192562 830.2499130806901 
-348.6904917024012 -307.66843073684237 830.4356265768647 
-345.57634338229536 -306.3591380665599 830.6347392138083 
-346.72939036670783 -305.0150524176404 829.7443583361171 
-347.87686204932083 -306.90377853251107 830.594489424217 
-351.6223507119032 -302.618742512871 831.2047507291535 
-353.5658730373977 -303.5584351101469 834.8571204077114 
-353.8127565921567 -303.30254431139457 834.9626936471977 
-353.14374889858027 -303.58947301509755 834.5130079109922 
-353.94045709099754 -302.33157148363404 835.8078821836586 
-353.74771309424284 -302.95067352730143 836.3703412743306 
-353.56585641532394 -304.0918070717002 835.9732121957431 
-354.0999745228528 -303.99263967273424 838.6923877065135 
-352.15256680482196 -303.9060683547478 840.7106190563313 
-348.76908307202075 -297.841026130704 837.1737528817026 
-348.712372224964 -297.80051348162453 837.1062412709323 
-347.47888751696075 -298.21261974176286 837.2826893967125 
-349.57663749998716 -299.1411068034233 840.0423159905375 
-352.6536844146024 -301.299827585215 839.4919452133646 
-352.44336930545285 -302.8504030133214 839.1893782583757 
-354.8070571521316 -303.5939315878382 835.6632207713997 
-354.5797491946349 -303.34349253963734 835.4128458895144 
-355.0630554614167 -303.6774987366959 835.7559891106204 
-354.60711425482305 -303.5433433561055 835.9200008912087 
-354.10674396450594 -304.1081101487864 835.2351785185833 
-352.4467302840632 -304.09375675466373 835.2845653072269 
-355.7641942937299 -303.31514348134596 834.5547777390365 
-354.49920154364634 -304.3772662737824 834.9626501384914 
-352.3947852717677 -307.06779875217615 838.7373284307082 
-352.3873651468465 -307.0670223457418 838.7457484896446 
-355.7786973457259 -305.2757813027905 835.8351326513952 
-357.5615377143744 -309.53797568619325 835.8918263892066 
-359.12188686982984 -315.1259098739169 839.0252734779231 
-359.6394256328257 -319.2049976497507 840.9661298903774 
-357.27628937509655 -318.36434975811136 841.107158264536 
-364.0403121722679 -320.786615075303 839.3037118321462 
-363.49329959419543 -320.23361822860943 838.5502990671127 
-363.78241517373317 -320.8728616978517 839.2301896222284 
-368.8524054592145 -318.20344997903317 837.8009637691118 
-369.1149386301347 -320.15809000537297 841.6416652652092 
-367.1035514104143 -320.0901406879827 839.3082971851047 
-363.99587554323125 -316.33627938180643 838.4051041701335 
-363.6607734504276 -316.05856159451525 840.0224078444289 
-363.96112089413253 -315.3452949601521 839.1768921138084 
-364.3832094751212 -314.25728088270904 840.2101379255905 
-365.89242564404765 -313.58752462346496 838.6691359236297 
-366.5693419650109 -319.1815366705696 837.7272936852404 
-364.54598631860176 -318.176791471245 837.5818879004607 
-370.8198968733683 -322.46875258471573 834.05529672602 
-375.9376602977848 -321.9615037504557 834.1965118344056 
-375.44500892278575 -321.57022566769444 833.5709542355833 
-376.6384910185027 -318.4768283924248 833.126158448264 
-376.6384146161376 -318.61319922053866 833.1319606016004 
-378.22164157696494 -315.60094539622963 833.1002729005196 
-376.46536058313427 -315.08541537765404 834.112801861585 
-376.4571252858198 -314.95211990826886 833.8557708120424 
-374.71839143829897 -318.65517022186054 834.1376818908203 
-374.46839327109234 -318.6134826601649 833.8226439815413 
-375.10617592368635 -316.3596780154739 832.5822273907881 
-375.9336141272265 -318.4331587923368 834.5440158666444 
-375.99413348635017 -325.6534334801492 832.0364334916034 
-376.50166763520696 -325.62661556980424 832.3265107188731 
-380.5925453378912 -320.09461970442817 834.1811179384803 
-380.1621080117979 -320.5141537842902 834.7191289549756 
-380.3299643045638 -319.9124326733943 835.781561572424 
-378.30050971562616 -320.36976068095663 837.1063116705986 
-378.467212944435 -320.62057723436715 837.0222715089998 
-375.65666375522613 -318.76616856656193 836.1816016601052 
-375.34333865160414 -318.0830165953144 837.3591180652412 
-374.53464357407887 -317.22848810466184 836.5276583356263 
-374.2949222811219 -313.67293191806357 836.5079788665521 
-378.1075050273344 -312.243014974393 836.8114928358029 
-381.22975270143047 -302.27314247336125 837.9879261447404 
-381.8828934296437 -301.4611185197854 837.6506156720753 
-381.2809738133443 -302.85893521602105 838.9953046512022 
-377.9604496017309 -304.16663569883474 841.1511590702022 
-381.1935016630132 -305.5572577176959 838.6205911118523 
-381.38785178140415 -305.0986247787683 839.052022122806 
-375.70799096666354 -303.5046672997788 838.0096591351629 
-380.23225905123326 -301.5687711952148 841.9987834791658 
-380.39600874288533 -299.77398427571944 840.3456726723116 
-379.6082898837421 -300.53119937239325 839.1442980473752 
-377.7356635357498 -298.2536901846746 840.3054187690719 
-377.04584571287694 -301.8590007626891 840.534417315413 
-377.07873141793317 -301.8800070034811 840.5397055515451 
-375.5337312206616 -301.8440174139712 838.5640428037397 
-374.93873346888034 -301.88554794564226 839.7402951012948 
-375.304128641708 -301.6705672238331 840.5591986371473 
-377.88489547756524 -297.72363622963576 839.1601077138188 
-377.2692093369061 -296.25762789884635 841.6040933495227 
-376.8722277628513 -297.0164434130197 839.8293753419647 
-378.1377897168418 -295.9413406314776 844.7179096825428 
-378.49070189205565 -295.12992807595685 843.5896364482817 
-376.3714858682283 -295.3806508538086 843.4366181678143 
-376.21226680484386 -297.325966611165 843.3407532827371 
-376.0316379953897 -298.13685350512816 843.2545182861846 
-377.6158838822926 -301.6774951543226 843.5095782640288 
-376.05256558250306 -300.5566836707084 844.1093417014451 
-373.45392404931215 -299.06625638880524 845.9533188294236 
-373.7502844110811 -298.7618512945857 845.6085135475699 
-374.1255266634755 -299.5649076211558 846.2131475132186 
-372.82007675263 -298.4872037237014 846.6601622750384 
-374.2581806925705 -298.6487370569782 845.1731764336573 
-373.9417200895252 -294.7490570600598 848.5441963364926 
-374.3676038051774 -294.86697143981394 848.770396167783 
-369.9352810406755 -294.81834918600896 848.1416945511978 
-370.5540122613543 -294.04563239798694 847.167093597565 
-364.284728921935 -288.1738180384864 845.171082458713 
-364.51283346758635 -288.1408565305488 846.5296075560299 
-362.86997532547804 -289.365876137679 846.1695475532644 
-363.93836983742545 -289.6799504592876 846.2430797334526 
-368.31964323868607 -293.7774088297954 844.2859705659409 
-368.3631318889136 -293.631157323003 844.3663553323397 
-369.5688896383869 -291.8676653641868 843.3658229374861 
-369.81938329408933 -292.36879842472564 843.0316980475454 
-369.0148190537872 -291.49228367833723 842.2727439476665 
-373.04247117376553 -293.73338936654864 842.4627020937041 
-373.2064503033454 -293.7328270951542 842.4098747929344 
-372.9775876767613 -292.03736946444775 842.6105206566713 
-374.22223116635195 -291.8679961184822 841.3448912899269 
-374.55909760219174 -292.63262833487124 841.9829751426828 
-374.5570455346549 -292.67162898900307 841.9896564614417 
-373.9542774484187 -296.328524255736 841.8631125523452 
-371.797784621777 -294.3046046842572 846.8738483363296 
-370.935949437288 -295.09103473079625 845.0514042797167 
-371.33837517240516 -294.35022955061083 845.5741531660125 
-372.5889319772798 -294.3132741648705 845.5399062838653 
-372.7740490624459 -292.4952121414254 843.7037077427882 
-372.00897538592824 -287.67643676114386 847.1376890231882 
-373.4694223371455 -287.8464458482356 848.8076761350887 
-375.6189667504596 -285.82416570911073 848.0174822693907 
-378.6043704016881 -289.2851828041727 846.9217764558923 
-374.5564107982455 -289.19804563182856 847.0266120711767 
-374.7560663633235 -288.6648427929642 846.7445634827092 
-376.186120997633 -290.89934321334533 847.3278034727321 
-376.0418942663018 -289.10872215094713 848.4528616956176 
-376.06029178593235 -289.2149020187534 847.431409186108 
-376.2593879234536 -290.09216187427404 847.3061878334028 
-376.35170078415854 -290.5729527846241 848.1663890641374 
-375.4421271108592 -288.6004940723617 853.4593234050102 
-374.270620211508 -288.7666474190911 854.5375752217858 
-374.3020418831408 -288.59275421466623 854.4620583905798 
-372.7655333916084 -287.01057153406003 859.5580666745423 
-372.7896722419442 -286.9593349061116 859.4919808525017 
-374.6122329690301 -286.1451538431089 858.9237916368575 
-376.56291527844365 -285.57931344492937 857.798918868997 
-378.78881390651844 -286.15764755677395 857.172610433169 
-379.27316759262953 -288.1219968584065 855.1288876401335 
-379.15652464731147 -288.1878520128313 854.9766928259149 
-381.30716750523453 -288.5585296731364 855.2584896926081 
-382.6356755047234 -287.45537940268434 855.8288212849355 
-383.1014240078794 -288.15957218020924 855.4805980304518 
-382.9650398736297 -286.5468623131984 858.456082408913 
-379.8674085789703 -285.77116815886296 857.9040909252298 
-379.14289742902787 -285.808341309349 857.4793879040236 
-382.5455415114534 -284.24695336960724 856.0906020243714 
-383.90697165146554 -284.22759047913905 855.8837151394662 
-382.21658371251345 -288.58258739291017 854.89560505529 
-380.87411168834745 -288.69127303303037 857.1849725881477 
-379.4327695570246 -289.17814808894195 858.4403312840848 
-379.93690859274705 -289.8311317627241 857.1212561018637 
-378.5348610623409 -295.58769198648446 855.8225625242452 
-378.54617384165283 -295.54405063579355 856.1985322566936 
-379.45810018695295 -294.42414861968405 858.6479495672098 
-379.8431151886179 -293.68311589692286 856.9013660067034 
-381.67561658246814 -293.3405922619582 856.8860940390174 
-380.87283376283654 -292.56220436617446 855.5176502965301 
-381.15256787301956 -292.2379964962107 856.5755602821401 
-383.0027393500614 -292.06810382870975 855.9595651544762 
-383.19196075225045 -290.9044104890995 856.5467197628773 
-383.0249841635791 -290.9059595795819 856.3294358799188 
-383.0213595779798 -290.90523059834675 856.3373907014193 
-383.10221077551586 -295.532722032374 857.5015477417084 
-383.6517190163372 -298.97856861867024 858.2475552615159 
-383.6276415091639 -299.01643296715497 859.9859553045985 
-381.763990588239 -295.34700539593234 858.578748009915 
-386.62141071993454 -297.7167325671252 851.4681860267837 
-386.58736102883336 -298.2777076035959 852.8103017067228 
-390.4088583508796 -293.1571526623967 848.218177569947 
-391.57536417348393 -291.08609083421146 847.890716652681 
-393.59662573553504 -291.26675771364125 849.4063182521434 
-393.43886089251674 -290.20220386648305 849.990641491755 
-393.6811742901034 -290.2901583704933 850.0972706378766 
-393.82165709841144 -289.5635526803703 848.7225110089042 
-394.63789755903395 -283.2341417679544 857.1414953428919 
-395.5947702093822 -283.005091780646 857.9847715334082 
-396.34520681038845 -282.0349294678014 857.7120111369647 
-395.8555928688198 -280.9896844599485 857.6374676841788 
-396.5476922555887 -281.89172657495635 858.6922110616563 
-397.9900611383294 -277.6071257132145 856.9027367782895 
-393.42465069211715 -277.38741932733166 856.7366175079806 
-395.33496167318094 -281.65826887155555 855.2078723646488 
-392.81116097986745 -278.0630065952053 852.8052200712641 
-391.97678028453146 -278.1328822155761 854.1289241503159 
-391.20080182849375 -275.84482591308534 854.2171137283682 
-390.2217498699385 -273.3799177644866 858.7491688404183 
-390.64225895490875 -277.11464158904056 859.8806515449179 
-391.34390457783627 -276.7853792051097 859.7992660248945 
-388.9022623812431 -277.53362145278186 857.4552556800256 
-388.4235808706241 -279.34815408028055 856.6844862994981 
-386.9802771589141 -282.06927134443634 859.3338274057405 
-383.9738412222044 -283.4940878422952 852.8887433073212 
-383.5456198067757 -284.58641174222316 852.0024035194137 
-384.1177230176529 -285.2646874956466 853.0751990663925 
-381.19847310323286 -281.63380899168175 851.629723635402 
-384.5534052620096 -282.304729577937 847.8970886830984 
-385.43999639345117 -282.3162184707839 846.3361354821284 
-385.3376375531777 -280.6191712225156 847.8712490878071 
-389.9548576989753 -279.59620302166616 845.2841028925193 
-389.9645494411392 -279.6202456562935 845.2753579601159 
-390.14171372099463 -279.75550543944814 845.1982504498775 
-390.1212699275505 -281.53888719933116 844.7396885749324 
-390.98036418403365 -281.440571273173 843.8314040019773 
-389.5542102016443 -280.4182567279015 842.541524760392 
-387.065358194613 -278.9102725080595 840.7299550294283 
-385.9394586368137 -277.8872556972077 842.143246915712 
-385.6971689445367 -277.65258439040804 841.8488446449575 
-384.9495179275088 -277.16610934197996 839.9739679608864 
-387.9217347836027 -275.3507644120973 839.6044555568367 
-384.3937864932425 -272.88845272206635 840.9354276720628 
-379.87089779772464 -269.8468528792239 843.2194479004396 
-381.3027248506791 -267.2276471782417 848.3124531727722 
-381.48841266522237 -265.2958220289187 851.8746293393648 
-375.35131270547237 -267.1993845600297 852.0259044776778 
-372.6524306412639 -262.5992381091171 856.5012939511688 
-372.6021020098481 -262.45006491320754 856.540118114814 
-372.519454479533 -263.2807561421114 855.2774552724454 
-371.70959624469856 -264.1829542639693 859.6815370014904 
-367.1350596195896 -261.7595149106233 856.3748186607337 
-366.9241888432906 -262.28257545329154 855.8745900577554 
-366.13219602242447 -262.848687019028 856.1395184394763 
-367.3947648545768 -262.7809194352313 854.8478997051054 
-366.5389336142463 -263.1540369818798 852.7465587817891 
-365.5790040975842 -268.3584119202306 851.8824551262916 
-367.66248042721264 -269.0380493714618 851.394025115664 
-368.8566008119174 -268.05097988726055 853.5253607082485 
-369.7269540171402 -266.8030918185537 853.3636880391438 
-368.78249656175285 -267.1692283999823 853.7640864776242 
-368.3823784874253 -268.5457272477188 851.5566641289804 
-367.7267666133565 -269.61845829948703 852.4960370694192 
-367.17806523560625 -268.13771486489844 851.8374046127718 
-366.5221877419591 -266.9743051044879 850.8735851948559 
-370.88556938393475 -264.5167424732579 841.5711406069745 
-370.1435033685312 -259.90265804100636 842.2372396940145 
-371.4474538740044 -257.1107071936761 839.2834747371742 
-371.606366761707 -256.87082148588723 839.4184539794921 
-371.56198364778277 -256.933564588698 839.4635505365013 
-369.11328592642764 -255.1625808923235 839.3741128709026 
-369.4702207470554 -255.36911534140842 839.5665152993937 
-370.1214017793847 -255.67491488245173 842.4561639632985 
-367.9434408818972 -258.0749848350294 844.5467183286901 
-368.4452969633878 -257.15979867956145 847.8029728450167 
-367.77611628081684 -261.89818437435355 846.1747072662522 
-366.5273187935324 -259.7077407746881 845.7806774124539 
-368.14037758007265 -261.1876587768129 844.4600060959893 
-368.4647451622243 -261.0317390118258 844.856023749652 
-371.4176127727591 -256.53045585567884 846.0974819155335 
-370.63956595619646 -255.00283844275296 848.8182333281522 
-372.9526489269283 -253.83508209046187 848.4539812593132 
-370.9929994895593 -254.94164035033654 847.4505791340731 
-372.3553233941556 -254.72979246562792 846.8888182550726 
-372.94239832777214 -255.58818855250144 847.1075630596974 
-373.2942558779101 -255.1419419568402 846.8966072701709 
-373.6085431346382 -252.62371065987762 844.738334054247 
-373.0473924590364 -252.9846377422218 844.1429609484048 
-369.3847691670963 -251.9066002804051 843.6551163889171 
-370.8411409175533 -248.1458689252143 847.9684307042477 
-371.3748197458633 -248.57355564958536 846.801812883377 
-371.3821239194353 -248.5538823465057 846.7722943317833 
-373.02728252847663 -248.81587537164373 840.8856556787835 
-373.02345363958256 -248.8213910194055 840.8924354966766 
-372.3695322354414 -248.76095693457384 841.0930066745854 
-372.8593964478886 -248.337213658797 841.121593684982 
-371.09838818326665 -249.87666113506626 842.2122944078634 
-375.9159499459072 -247.41216749693046 844.5874124334845 
-378.14177990629526 -247.54369741734195 845.140950341314 
-377.9450361563095 -247.90301232573012 844.0995751526058 
-378.0623942203057 -246.68432927340626 843.8205581452954 
-377.7340026052018 -246.55049318772961 843.5348922774245 
-377.06052975278146 -246.27934220032196 844.2300562368467 
-374.71060952803595 -246.83454786190387 841.347259989696 
-374.1452401486941 -245.22483851020687 836.2457958580443 
-375.0596075657313 -245.93342007496736 836.3886359225583 
-375.08843622723697 -246.05695137482783 836.3909686524626 
-380.1578683197235 -242.16410704344764 838.8630511494682 
-379.8569317290005 -240.21728719734998 839.7492530602871 
-380.07130537860047 -238.32659999427938 840.1650950662921 
-384.7641683921531 -233.6029960559778 841.431478067678 
-381.98076725252565 -234.88750004122596 841.9277213805875 
-382.1226145896507 -235.09201223785792 841.8619800662493 
-381.92596571538485 -234.2859952830655 841.025641207532 
-381.09990280193455 -232.05158292086864 843.3466903763474 
-380.81885719180525 -231.47848258538394 843.5178496376133 
-381.2816213323149 -232.505006810323 844.021601810455 
-380.37072019697723 -233.16992778912143 842.6338685872593 
-379.05023106227355 -234.4240112084522 841.4767130185442 
-379.47243453720307 -234.84829921132354 841.0687133031746 
-379.58856797936 -237.72181090017588 841.4956073536936 
-379.6327007196633 -237.67717590500658 841.347581225099 
-379.89713189578765 -236.29222693927133 845.8664791773438 
-380.29530361423764 -236.15878589783233 845.6811079423352 
-380.0608510385378 -235.90930375253177 845.1304280394273 
-379.47550924869773 -240.00501336566498 852.3375753356144 
-378.29972523402137 -241.60366089635215 853.647013846757 
-378.3122039579251 -241.5889850076569 853.6596997987275 
-378.21318330019676 -241.67240265531473 853.5180511599661 
-379.95879403892513 -241.31391968232185 852.0668622512032 
-379.9500973237892 -241.31544443679718 852.1070247384928 
-379.9304193444727 -237.41320050070604 854.2964318136897 
-376.77360267787776 -233.16184485930575 856.0339978243068 
-374.3804384637644 -232.79111402054411 860.9158266338283 
-375.28369907836145 -230.42479793678353 859.0020808615998 
-377.28744186264436 -226.15678790206914 860.1467317971217 
-372.62735242895815 -230.23508391507048 861.9430261640476 
-376.3254092430646 -227.25965389168755 859.7221530307994 
-376.7403010310152 -225.64834567400703 857.0449925495509 
-374.27932840065023 -224.67136258879756 855.7714598864624 
-374.3873919798549 -225.65768491219626 855.1877466773362 
-375.3849784025602 -226.15709341688336 855.040691130123 
-376.915663171079 -222.3864807139367 856.024325661623 
-380.94218433684887 -224.51578606074577 856.2861641757777 
-380.5018943284819 -223.99446200167466 854.9062010619648 
-380.1445099608698 -223.57794593959702 853.877329596391 
-379.5432692015244 -225.22123922335768 853.2145450755454 
-380.87449843993943 -225.4109412915649 852.6754682595804 
-380.82618040802294 -225.42869742494986 852.6363559175963 
-379.5348777761058 -225.7421167458765 852.513065131875 
-380.8055124283912 -224.10061483703134 848.6939036127552 
-384.97636264538426 -227.14124763248088 846.0611684853274 
-385.23323693809726 -227.37788013108076 845.5431510369194 
-384.16135921703915 -229.18464717753633 845.5448665835415 
-385.47316198345175 -229.87056685800854 846.5193204626261 
-387.8376577682718 -229.37818488581053 846.2085869250283 
-387.4945024095774 -227.61024699577828 847.5636750877849 
-391.3512350204003 -234.25349327725868 842.532286474698 
-391.5326153739147 -233.22551906288027 844.5185959136386 
-393.3591389008009 -226.63649206565668 850.4541431293931 
-393.6112870935158 -226.1379243581497 850.5244367269769 
-393.93778270939714 -226.19630984741255 850.8967802410666 
-394.0370559090652 -226.09291527976794 851.1273300663978 
-392.49769571843075 -229.46732732984594 849.2535280042688 
-390.7794776061927 -228.3244251324446 849.0617292418256 
-394.27304526592303 -227.94373936190178 849.9525573768988 
-400.63459939933966 -228.9720010160018 851.9895982214537 
-396.62663390082207 -227.713902119691 847.1644013662149 
-395.89324655242433 -227.108279057203 847.7054719152392 
-396.1065044886676 -226.49748916378175 847.957038945982 
-398.8874502849291 -226.88193921586748 846.40036273691 
-401.61594451765734 -230.85903677075692 841.9994031009951 
-404.9809277004312 -231.77357275186873 843.310525637992 
-403.8720843894564 -228.17728441970095 846.6583684110287 
-403.89137553095804 -228.57689438197858 847.2283537976865 
-404.25096075897176 -229.7205334899074 849.4639972353287 
-403.3817310465624 -230.363489235409 850.4091355440403 
-403.16430988015856 -229.863482327881 850.4394405974658 
-405.3616956348768 -231.70015810808286 852.7081875295436 
-404.228354285269 -229.94991053411948 858.689774568632 
-404.7419426148554 -225.89128536346809 859.231544424385 
-407.3702596822975 -224.2022863895775 857.3326301591738 
-408.88125891304804 -227.11289185962852 854.4737660341145 
-408.39224710835 -229.59273831922982 858.4992591636725 
-407.664591059667 -229.55551394008285 858.9580651244042 
-404.34386615204636 -230.8874028403478 863.0978450704273 
-403.94170498817675 -230.37356317792847 863.6488212940396 
-404.18142617371046 -231.2319494136302 863.0330103285119 
-403.22347225582956 -231.578939327924 863.3102781855486 
-407.076706769882 -232.97354519298324 866.6504173151195 
-407.5463399868356 -232.67553698635564 866.284931624739 
-410.3357063834065 -234.3758570845117 860.045051476647 
-410.8918152003628 -234.52791483518558 859.9003955180391 
-404.32101233349266 -233.95039427230785 860.2097748008937 
-403.3099508869127 -231.65388167699663 859.5623912619385 
-407.0164784199205 -235.90107877798394 857.2408676638328 
-406.7468094322497 -235.97867590230504 857.2856096479914 
-404.4129478096899 -240.1569502628218 859.8007825265878 
-404.9816139619961 -241.94988726874558 858.2043621815944 
-404.8049094850158 -239.32753263103018 857.3922889841492 
-402.3107389573069 -238.14527284399819 856.0802445010402 
-408.107508433243 -238.42609020488575 857.0544475615158 
-408.8472030136657 -234.84378211267656 857.9775829967123 
-407.3787749823857 -235.75242413154177 857.7337957775045 
-407.9456853782465 -236.21778035668237 858.0757904358815 
-409.1093988140514 -233.3184122975947 857.9903905551628 
-407.57036118768326 -233.7368907015973 859.1070106631134 
-407.46016931933775 -233.93619302851812 858.7960326648655 
-406.1930013130613 -233.70934584603555 859.3909171300212 
-412.01132002109244 -236.32276664523513 859.7213134790887 
-411.8291631954274 -235.71525864288134 859.9134384935529 
-412.45122339820665 -233.30989304654815 860.2672254988665 
-411.2071436039191 -232.68831642536384 861.8587540759183 
-407.5093352759427 -240.21570888103295 861.6510961002164 
-411.0192857294273 -241.1773495111299 863.8848325237816 
-413.841611364334 -241.1740717687244 864.9487901575746 
-413.989715896852 -238.34009482666002 863.3806253136233 
-413.9674834355102 -238.3017182338927 863.222411626967 
-410.7185418947681 -236.79438676681104 860.4470372536315 
-415.4950683446213 -235.27306197365553 859.7230493899059 
-415.60101677290555 -235.754124207224 859.5659979539831 
-413.18786244528025 -232.72500658965137 853.9767252910103 
-413.50318725501245 -233.1262795393428 855.493179103425 
-418.38168356834177 -231.37282416326187 852.8558223678302 
-417.2512309509181 -233.12234047710166 852.5353515320365 
-418.7686146587213 -233.05876204636039 854.4801281200866 
-418.6519114371901 -233.3358949351117 855.7500166558534 
-418.2938208008397 -233.234058798909 855.7192175722485 
-418.61365701795046 -233.6411185912294 856.6958963983583 
-422.44965665505384 -233.938226812575 855.8473288607945 
-420.8749410833162 -238.11411740404506 856.7227102393609 
-420.8419842835451 -238.1013176872495 856.7244896136372 
-423.0310340764614 -240.27143411175334 855.6034104377262 
-420.943984751537 -237.91593764872337 856.1955662214061 
-423.9387692013724 -235.751507791835 857.6963766508331 
-427.7808823680861 -234.7385754336002 855.0199250241145 
-423.88382404412937 -234.78463526018598 855.6013148712547 
-423.1036198693413 -233.7354290738181 856.1668616476189 
-424.2941805090368 -234.98612048132404 855.6624877627017 
-423.9943457700001 -235.01797724168898 854.5903696191148 
-424.9095636308906 -234.0794858218863 855.4347151999748 
-431.4135705659305 -232.11996874531417 853.4237369108015 
-432.20021339733626 -232.09369227487537 853.3326532432402 
-430.0054053864783 -233.77393768493934 854.3205397702579 
-427.7221832021444 -234.09946859667699 850.2410280539367 
-432.9836502012326 -234.47542296182246 855.4607495338742 
-433.7794432209965 -232.8819689820261 856.1906721306782 
-436.59969362544024 -233.68078578504796 860.1630046290962 
-436.62252934076156 -233.6956394460516 860.1529424935618 
-436.57316356323963 -233.26872971998037 860.6218526644125 
-438.3804916943713 -242.47107467451488 860.6423539294314 
-438.7444779836919 -242.12492287698 860.9226068621207 
-439.2535241669943 -242.28518556493577 861.0866953220458 
-444.6730579041875 -238.08476714623419 858.4297942938998 
-440.3279740851152 -240.72939465605248 860.7778264848571 
-440.32374976064193 -241.8095925248889 855.5457836070473 
-442.19923473198315 -242.18557836273033 852.6241309040528 
-442.7527178955815 -242.00075127059534 853.862615033771 
-443.9875321759052 -243.7349818137349 853.4584041894873 
-443.696120422948 -239.3808069861375 856.5853649448993 
-444.06146978387386 -240.1706222154388 856.2056646250879 
-443.2373631951386 -240.8616656597055 856.6273649050188 
-443.4126071615806 -240.91566149354793 856.397902637164 
-443.9579435149901 -240.13737514759782 856.6434977622763 
-444.09184561796604 -239.71839938181782 856.7576957220774 
-444.8274281290439 -241.5194932017063 856.924931335507 
-444.4708072334768 -243.7741781738574 856.698716057388 
-443.30026840349035 -246.70382886010293 854.6808336501308 
-442.79788112764857 -246.54720197526422 856.5623993235496 
-441.3649819498958 -244.71773640627916 854.8644346003583 
-440.8629799419394 -250.19093330896493 853.4683913288279 
-441.21149753383327 -249.50032475451405 853.5698001556456 
-441.1229008875287 -249.573992430747 853.6970472897254 
-443.28259336343547 -250.92584789236417 851.0622909428439 
-442.1039066594105 -255.23428528140997 848.6848871176697 
-442.4648504145548 -255.47113738100546 848.620940542043 
-442.52620028251243 -255.2421575940438 848.7318037152772 
-442.58196130006854 -253.7759576578164 850.9288867539741 
