-121.82503684858084 4.621545141161425 615.946401417578 
-117.0109578556998 -4.103404919107925 618.1007557567855 
-116.7569383948564 -4.72198854453893 616.6089505571427 
-116.75072122708471 -6.006025718871561 616.5739455915805 
-114.06823864545932 -6.604332600395825 617.2195051097639 
-106.38543692702528 -7.28770964804969 618.9918739461797 
-106.68320986596709 -10.567004648332347 621.5418379483225 
-106.68784357777103 -10.559653285281362 621.5288169282549 
-106.74586207683052 -10.915385800556864 620.4397575514766 
-106.44784262600311 -11.360024533260177 620.3056864181526 
-104.34282351554175 -10.134234473523634 621.905371756405 
-108.76094469318937 -5.558702795850393 621.4002988616191 
-109.01659305375925 -5.170830581919733 624.9283888197721 
-108.1404638250543 -5.542667511020646 626.3763765360264 
-107.96411854600143 -5.764083351171785 625.9981196302203 
-109.7015971811652 -4.392742441093496 627.1381882935859 
-111.14668090962697 -3.9084648748855337 625.4505716642878 
-112.16539879053543 -3.170684191858982 625.6369146943962 
-111.8078884132618 -4.1241529442364415 625.06096162741 
-111.34157148261737 -3.962550044923764 623.2428468478905 
-111.31316134877636 -3.968555186404754 623.2719527147073 
-111.7090838286173 -5.085266723364594 621.8636061506115 
-111.11766886331921 -5.5096729686011585 619.8312359898836 
-112.20915804596878 -0.9008790183760773 621.1759378871428 
-113.49271006574365 -1.8492224918901603 620.7227577648574 
-115.11647348255762 -0.7468778039403077 620.5558189053268 
-116.1542972066847 -0.8309032624691657 617.7631617794273 
-116.06676461201549 -0.9254969757277431 617.6536887109442 
-115.77229539620048 -0.8991491850414363 617.7476204324065 
-117.33152467366578 -3.357471692055351 619.5070273195016 
-115.40227450572473 -2.9233178033182368 620.5779635667161 
-115.38208984271475 -4.628595145684656 616.3516147512963 
-119.89594186816127 -4.213378118122372 617.1474983709825 
-120.43906545736064 -4.400667778178338 615.580369801689 
-121.14469327994533 -4.327534496038714 614.2886398751126 
-121.86512923271624 -6.199282141885898 615.4587668386449 
-119.35983884153387 -6.022952134876982 617.569506802211 
-119.91509947422118 -6.991351498966271 613.8316788194016 
-117.41068000948843 -5.7556076436053365 613.1720240677178 
-117.66502705909672 -6.4673642567129015 611.9357961954222 
-116.39386558136142 -6.919984615164032 610.310017961667 
-116.2137095336713 -6.911628816763673 610.2836268528554 
-117.17121125987353 -5.515207718449014 610.6190929734212 
-116.74725772437668 -5.353752498605904 609.0916319023914 
-116.84508910361484 -5.3004869118707765 608.8264786173354 
-117.78744418963338 -6.419165388724381 609.4326796904236 
-116.2202448748185 -5.676666259768323 607.0015718762494 
-116.28827732468633 -5.656368665562318 607.0968176978851 
-116.34190492497756 -5.351028800538973 607.3373727407396 
-119.97498198943168 -10.067401150455291 609.0130705676586 
-119.70880624971194 -9.05768404731434 609.8595249006537 
-121.16528416673238 -9.640401981271879 611.4106532235111 
-118.90852183188572 -11.897702130206165 613.1613347494856 
-115.89012219964428 -13.27402513826913 607.5102267128013 
-115.96160718648758 -13.150603255135456 606.9422145313034 
-113.73308356013183 -14.022577044332019 605.8762524916497 
-110.70235033770487 -11.727392591125424 605.8055863245495 
-111.18678341871525 -9.771176407172819 607.6216398932175 
-110.60364560824688 -9.140823132314043 609.407587632518 
-112.22927254526695 -5.8911326675329025 607.2218246279796 
-117.54816475790378 -2.7638616301829733 602.5850046765424 
-115.0603076313234 -1.7614220287938431 604.2267216973936 
-116.80491913771975 1.0038926869939775 604.3219173682331 
-117.14261708197529 1.7312717410057485 606.5091642961097 
-116.62033748675901 1.281000039580483 606.1636197601932 
-113.97331635239681 1.3266472336337338 605.9848969608777 
-109.16283350335691 4.225364697895573 608.5156826630347 
-107.08008006436783 8.956102982556843 613.5066228267949 
-108.70365727735718 10.2006739891962 614.7887515903191 
-108.57602078815593 10.231097974423196 614.3678677512952 
-110.0590509538637 7.1407351073500545 615.7259588335502 
-109.2397407134425 5.21115752544106 606.0874082965979 
-105.78115254698515 5.491528380985018 603.6335467539378 
-98.1040634944612 5.722194003602079 600.7960407101007 
-97.59792583458827 5.919889558825548 600.3240146888647 
-96.67523511856476 4.726423650156689 595.3740164816638 
-97.29167285240591 5.362571330652472 596.1810206606708 
-95.56897784453452 5.938974265157592 596.0913762532884 
-96.84962751638683 7.365373240150124 595.0049436960628 
-95.04974192936776 7.452005658043519 596.3046446415344 
-92.83828509180567 6.0740215146756045 599.4032339029748 
-93.87690016235446 4.135401130729111 601.9645177633878 
-91.94293647040142 6.211736233367718 602.1805333853301 
-91.27098762390628 6.086713527910641 600.2578518589627 
-88.83801554776247 9.167369107068467 599.9146533520482 
-89.49241554914104 7.973972991049533 599.9806496843954 
-94.92879260019718 14.6560344716071 597.7348715421148 
-93.28454218827937 16.716011416638754 599.4950519831742 
-92.53423940411075 16.852350772940657 599.9048065729452 
-93.84727808684605 12.523384145504128 600.7261757978481 
-96.101633172459 11.668583742868748 599.3221856952242 
-96.09472573514658 11.664272035901117 599.322853450564 
-96.2500013957356 11.596699508108227 604.52753780605 
-99.86629171646162 8.30291349788415 606.4932269399947 
-101.10700748470168 7.77666969931115 606.431367517972 
-102.19632880536642 7.570372843055315 607.2522878357713 
-100.89526021477384 6.838612412817141 606.6367603689539 
-97.03386976222708 6.37327635864668 604.8354185646364 
-98.17715874235591 4.832177316972699 606.9059515689113 
-95.11403615425161 3.432815718156449 605.9503240653461 
-95.5685382842187 2.3772728293032293 609.888991124708 
-95.72375101507559 2.7682549512898014 610.0190672249785 
-98.5432084974216 1.0906028180161522 610.4002910722347 
-93.49708111973375 0.22221204832639463 610.5022927756876 
-91.7317211297017 0.8078635551568338 611.1413417081808 
-91.5609667694687 0.7682390896456537 611.8347104793646 
-92.479435729826 0.9101872492167744 609.7542764948475 
-92.45771413723932 0.8604840863021315 609.7495022712038 
-92.02023979377813 0.7900530862294686 611.4673248068524 
-91.72751790657283 1.5874118042273715 612.861278973038 
-93.84953512125543 1.665208631323661 613.8932556369053 
-94.87152677358122 1.2749691396199452 614.2660233562666 
-94.69383751759705 0.3417124991157042 614.0434653995015 
-96.47467551241913 -1.3486643168634953 610.5118121540594 
-96.630531965597 -1.7342228311449217 610.5570320119682 
-96.59021284402435 -1.6737250410467108 610.5620319895969 
-98.24601765758996 -4.519847265728674 611.9296300773076 
-98.22048382352995 -4.564270618496446 611.6947916947234 
-97.85914936180205 -4.3106735464807135 612.2060713410475 
-97.76491038275074 -3.858792213724168 609.8917177226045 
-104.8088491529867 -7.127189573478309 613.7499596174282 
-105.39381703761629 -7.2090893355324654 614.5260375299047 
-108.28564240002667 -9.724612404888367 613.151006026372 
-111.05340942790015 -11.594362178832787 612.3691743472993 
-111.10999055452974 -11.478235019767368 612.3526322300128 
-113.7671068338935 -9.771992298227687 614.9851704316894 
-113.14970941472099 -12.603105023747815 613.2228392780632 
-112.65758126909861 -12.880912088648039 611.2605991705113 
-113.39989408895934 -12.881205062400177 609.5145560010454 
-115.00593926190686 -11.569346410423282 607.0369940814965 
-114.10236027374327 -9.488521939606436 606.3462590829027 
-114.37743912367992 -9.67947942375057 606.1692291871983 
-114.36780309018177 -9.66662456929136 605.9275040141958 
-109.25545905941617 -9.637188535298318 601.8622371034581 
-106.41720705597375 -9.185090632080373 600.3644506786923 
-108.72500268220425 -4.143706500870409 597.709698981728 
-109.08856742513461 -6.72283013823524 590.6558420492142 
-107.76879740497306 -5.986647577129337 590.3176095006082 
-108.79002267178188 -6.269862023203172 589.9514697361413 
-108.98156437298418 -4.387238362924931 589.1597541535976 
-107.05921130033231 -1.7829888844902784 590.5232356605339 
-107.73526820662494 -2.339769748906058 590.0953385098388 
-109.87354076027627 -3.711672509949185 590.4909305772666 
-110.08245659576497 -5.73237837031997 590.6458269323173 
-110.66853735553062 -10.149788675085519 591.8729085625514 
-112.56453437040727 -8.16958450160047 591.9453157367552 
-113.62781109999919 -9.446763179823291 594.7656653641905 
-112.79107649992139 -9.68518945338874 593.6874692540839 
-111.30754094324425 -5.406351512383801 594.9772228128561 
-114.70707067754077 -7.7194660113783655 592.9566011537333 
-116.36669749873053 -8.6046819911884 592.5165731276078 
-118.894313586197 -10.658924271578952 591.4778931251413 
-118.96933002664271 -10.744428719793335 591.2950078303056 
-115.4986779481553 -1.058617738663548 587.714649133405 
-116.44909068685666 1.1293489674303556 586.4306278195529 
-115.20380554460877 0.3414957589691747 586.0421774273773 
-114.90529295952665 0.2754177699863551 586.2787672890196 
-114.85818319184187 -7.513668117968801 580.0145723793657 
-114.56518574017012 -7.547451666662109 579.6801023393576 
-114.03464041813605 -9.765450962510045 575.0010488780346 
-114.59262475500853 -9.28142994530743 574.859175239931 
-108.39425065200001 -9.950426171127438 581.3395425817162 
-108.84415775184074 -9.974598276004233 581.3950427588413 
-114.07042850199473 -9.591425024795962 582.3696413386361 
-113.1814088039426 -7.6621758272441784 579.8605570197437 
-115.85309534762693 -10.130702559107002 581.8113686196915 
-116.26634663682269 -11.49733154241663 587.632341504037 
-116.15683765151573 -11.561484342886297 587.7734525577724 
-118.83434913204178 -8.612446566155063 592.2647091718384 
-117.37683439855998 -6.487169047557991 591.5244043072227 
-118.37551637308 -7.104919079568468 592.1306211697815 
-109.99078067203435 -5.808528526531022 591.7679538642548 
-112.4823044816425 -6.827301690735074 593.1681497505238 
-112.41413076211047 -10.013309931409832 593.1689893200456 
-108.3908177547725 -8.80705712783936 590.6349605812628 
-108.33532964808148 -8.176057685309894 587.7923272468561 
-112.01290703318833 -8.017323019663433 587.1952968553265 
-111.93357653687809 -7.960729309651647 586.8053001217318 
-111.74200555614948 -8.839968998272933 586.833478095719 
-111.20102871459541 -10.959457468443766 589.1068716476473 
-111.10542160957272 -11.355225815294359 589.3241295416562 
-110.66551724154897 -12.32948133640527 588.8605317043766 
-110.4251263716543 -12.378048046091523 588.730985683919 
-111.39105959836164 -12.615618059085268 588.7603567955306 
-110.15525930986638 -4.544996803007324 589.2922701689075 
-110.1457881217177 -5.149281384595257 589.6687479991193 
-106.53092977242294 -5.038896773177321 589.7499787877114 
-105.70507641320303 -1.3893988539843787 584.4805718772842 
-107.47755219755476 0.05961755181668549 583.5146359920469 
-107.92297224311662 2.24404570394772 583.6256806893668 
-104.86443385135483 1.2193288853056365 585.6660962126905 
-103.29322438546768 0.7376938940189066 585.5453317115766 
-102.94652975466131 0.8702089886501182 585.4966116312036 
-107.81810124737247 1.5214548823390501 582.3612127784925 
-110.17685918896841 2.819239639126079 586.0534512992407 
-110.21680443539171 2.3699992394351086 587.1475562871018 
-110.26401908832234 2.5180657939252353 587.8266331704572 
-110.15563708949469 2.5128078319339044 587.4891227699635 
-110.1468456228218 2.423594408873412 587.4849440619753 
-110.5983021798973 3.4393687751451933 589.3780642187461 
-111.09956289184919 6.38277048421601 590.1468974528071 
-108.02227287575964 3.498564461741263 587.8353555365819 
-105.86279682046913 2.313889914008109 587.5755562085724 
-105.9936212460766 2.7588079603447997 587.6969373000173 
-108.47873956536445 -1.1591988062079386 585.9725309203758 
-108.63851936537898 -1.5776304975116204 585.8284637595659 
-107.63015969761722 -1.1233013273293457 585.1649121460764 
-108.54299785998526 -2.4053729443805683 587.8068686527619 
-108.3447053612104 -3.399830952779277 587.8952331921104 
-108.31391530173546 -3.6782537102165356 587.7094562822148 
-111.4222196244397 -6.464705127052676 585.4760137350643 
-110.86436203707683 -9.664614549431459 580.8527672285096 
-111.18487733456527 -8.400492094955025 585.3296031166709 
-112.89914750587566 -10.549337387473253 588.2750655495487 
-112.8786117447121 -10.813491128175713 588.3026140353521 
-113.96339354187448 -8.960454706421134 586.481954918884 
-109.9915445841835 -9.999952809143416 584.1932099498727 
-107.94360722828533 -9.38667752418862 583.5355382626317 
-107.69214167344879 -9.210162640582853 583.7461377433798 
-108.69559108373139 -10.265260031742626 582.3650140649718 
-107.24251837760126 -10.848427967961246 581.2868274009054 
-107.14992161044307 -11.087203225376735 581.3325944291084 
-107.38336960983206 -11.233989825456344 580.1515560989733 
-107.80922391416493 -12.355139757744945 581.4498172208062 
-109.02703738056954 -12.301298505640517 579.9704536199231 
-108.89211503834186 -12.425568208661788 579.4264053273948 
-111.6194622569843 -15.759078420214328 579.6868571621816 
-111.53696541213745 -15.753554179227947 579.7315104619182 
-118.58822895339803 -10.840249225007522 579.5544533854267 
-117.50238282977604 -11.104634365192432 578.9963881002941 
-121.91270083178762 -18.711455048328787 579.1013070436182 
-124.99176217071734 -21.547229786191654 577.6436767875115 
-122.58312322745817 -22.2797249444215 578.9721547818446 
-117.23219525817099 -26.450505270106333 584.1760687682875 
-119.5640535194103 -23.51422471847651 585.3865714953955 
-119.57236852812008 -23.208655577856213 585.7778090527728 
-120.40468576730935 -24.085113108997604 584.0941237256017 
-120.40733496831463 -24.069687534973298 584.0790258251163 
-121.71267276847516 -24.79804039542529 583.493728313365 
-127.77643494401434 -27.290972763433004 587.5948251949271 
-127.47759343983257 -26.01333992538961 587.068857928935 
-129.69843991989765 -27.258767173061454 589.3460069750796 
-131.41878324804313 -32.67766706145704 583.652612590509 
-134.7044841124322 -34.30693513964706 577.3516961583185 
-134.91436318243558 -34.24764985366114 577.4713423839322 
-134.65760146398748 -34.56352750073033 576.8387217980573 
-134.87988506665073 -34.44663663579897 576.8088451442915 
-139.9077004983206 -32.132483178187314 580.3594250275587 
-139.47092334067875 -32.01655618073409 580.1327607440813 
-140.6382807512562 -31.650988189669366 578.0349193569656 
-140.66344490035723 -31.021742107113564 578.4432099984871 
-140.5924309639025 -31.17262496380648 578.5607138745368 
-140.1211474528961 -31.118907820438288 581.6452396196013 
-141.4104905040137 -26.947579764418577 588.2953897465895 
-142.0864184673864 -27.06661256524436 588.6132548659965 
-141.51493342071007 -27.198906450843875 589.6909497351593 
-145.1141326749982 -26.791139735242837 592.4482379217629 
-144.47464723903843 -27.63931957236678 592.2766932279205 
-145.43725763752641 -27.98880365538183 588.248903432548 
-145.45347161948658 -27.85564077999087 588.294757783726 
-146.7541693708909 -28.546739698433772 587.2047657654576 
-145.66160372331996 -28.400138751385782 582.1425588693202 
-144.91482876789223 -26.10647781119923 585.5989908151407 
-140.74808278280562 -27.080965473182804 582.6212764856197 
-139.8854699397514 -27.413367533030296 582.4467675715484 
-141.41130130359556 -25.606633604723864 580.7690879640325 
-141.55664918971578 -25.764172889218827 580.7127160051874 
-141.22334263137688 -25.99411856439538 581.2637951143934 
-141.50254604395155 -26.30251874880772 581.7363473982414 
-141.6684491792015 -26.428155153070712 581.448770725317 
-143.49136246215636 -27.215664452405694 580.2351951916387 
-145.53425563110446 -27.881309505104262 578.2404586100349 
-142.17013508218088 -26.65722210222753 582.6617301263991 
-142.70729975184287 -27.185043120827384 583.1391043976525 
-142.47949408290364 -27.171679863729295 583.3036299857787 
-144.966529722095 -28.49208308053232 580.8550047064095 
-146.70318971085598 -31.425185033151198 578.1776143916812 
-147.36616480189565 -31.97313456533338 577.6489788592094 
-147.4537650732213 -31.923691812920183 577.6659543927041 
-147.19842902489611 -33.83746750820071 576.6396206840894 
-151.2385574416085 -35.47286467526408 572.5388936693238 
-152.13359273006583 -36.12210911481929 573.1483698358192 
-152.6250352187934 -35.22165883237708 572.4256252830978 
-151.519431315363 -38.65187705860186 572.7989421134181 
-151.3994617270008 -38.08241530329177 576.2240931292122 
-151.0243957194514 -40.71744068176314 577.0133224796976 
-152.58805101839792 -39.67481197365851 577.4025654601121 
-152.2973827055359 -39.2017767505066 577.6282020567371 
-153.3498178926817 -38.13899644172603 577.2394760189156 
-154.63523241332115 -38.29912026752239 575.1321098746087 
-154.70971245492404 -38.965300421339464 574.42685791026 
-161.62197897040002 -41.475654387020114 574.0180897934825 
-161.81549962017414 -39.598332849337844 573.6624041485503 
-162.51872519359188 -41.4004649483953 574.1845519194216 
-161.68324161808678 -42.571128675589236 574.5697032296342 
-163.39915566504027 -42.0184475720594 573.3995281400971 
-161.1937213455855 -42.90753733354843 573.126958681243 
-161.94125367389148 -43.39730335939436 573.2131235865282 
-161.34535119285295 -42.24900723131327 574.2149010201986 
-161.35104157693382 -42.25467576110096 574.2107527012015 
-161.6411485788793 -42.41717819735695 574.5396543497553 
-158.717168731867 -42.76086083748472 573.5720312748108 
-156.95369847779074 -41.96968501703053 573.0382895027994 
-153.40359166303404 -42.94853843461826 569.3631330971758 
-150.92703603434478 -41.04779997769689 571.3282122044211 
-149.32115558976415 -39.33988002005238 570.7677136633955 
-148.73673721075787 -40.73306157899617 569.8246437419466 
-146.36874017166016 -41.66039446888858 568.2734536677744 
-146.3548568762766 -41.669446868421325 568.2639655894898 
-145.8011422582222 -42.828568634001485 568.8877672640302 
-147.02034855779112 -42.55855751288824 569.9926833821039 
-150.25925522608503 -39.81030459662339 569.550034214286 
-153.8356680711608 -37.34403669184302 569.2556919039224 
-154.1271238750431 -37.493070932070516 569.2329289291268 
-153.3591743453322 -37.85027167624066 570.144373146016 
-153.4175235317875 -40.80352870910211 568.8106730938013 
-153.22556373064003 -37.916106070990374 569.6835200006716 
-152.99807131469004 -37.280824297965395 569.1900389708109 
-152.81230188733107 -34.93043845304021 569.7549122300932 
-150.65894131794596 -36.89904840877946 571.1227845849552 
-150.97206389038612 -37.019432859900405 570.7697423583624 
-148.37085250661747 -36.72793161495331 561.8383517402898 
-148.73138648748935 -35.91694732633742 561.676088158634 
-150.61455636488154 -34.93776810893998 558.6406783998922 
-151.512340194372 -34.1147642970724 557.8219589346015 
-149.8609984997787 -34.755579983539754 557.7714252459167 
-149.77840351053578 -34.0991424824246 557.8930489540988 
-148.9088264398392 -39.1048790936365 557.6870657798354 
-150.87761584847047 -42.21424984915818 564.4250970821756 
-151.14291029337818 -42.34236628371367 564.6012167956972 
-151.2077079113841 -41.78911236364043 564.7111216407444 
-150.12575973309836 -42.891957928401794 564.7533062539891 
-152.6031896624986 -41.70767142574638 564.1877931025157 
-152.77869891860297 -43.40290059141185 564.0212005783138 
-151.84392800781228 -48.92107914182209 559.5272781352196 
-151.9426224060938 -48.90608445880707 559.4331256097166 
-150.79669830810346 -51.11016862406066 556.3796771690302 
-150.684633907995 -51.55524614265352 555.8437149557597 
-149.93556101000644 -51.1541854190373 555.6768450137138 
-149.87592835540173 -44.34823165624759 555.0016691113809 
-149.62587636319847 -43.572910239129186 559.1918096535406 
-146.02622240917745 -38.65005460603787 558.6301757592739 
-148.46752527265414 -38.8909087451802 559.7189853637899 
-148.12650986468506 -38.72915562207357 560.3523055824111 
-149.0216042647364 -38.41267881518873 564.0484112136544 
-149.0798037496603 -38.352668105683875 564.1869181697525 
-149.0363004026141 -37.957384004644126 563.8749656867234 
-148.91848655354033 -37.831181125072064 563.8303441171571 
-148.02410221083977 -37.86392031598222 563.8087292392785 
-147.25621739824965 -37.327469103058256 564.1165023867682 
-148.83672349913311 -37.58893984310338 559.6478114540772 
-149.05318140843676 -36.02411933645733 559.1217284986486 
-149.2980459821998 -35.90172293778897 559.8919817154458 
-153.19410586636462 -36.14153319637138 561.79270159734 
-153.2192466143543 -36.168148113121866 561.8241138506153 
-154.5954943887108 -36.94967092702729 562.590755760868 
-154.57866010375088 -37.011110791589346 562.7362049965677 
-154.30774971587815 -37.271537369475574 562.959690235183 
-154.33101871307508 -37.20787847198554 562.9856042263457 
-153.172380361088 -40.19892961318527 564.2804567056871 
-153.90371224226732 -39.89179054837211 564.3681485065918 
-155.6586063988707 -34.82345770413063 566.4124433666188 
-154.85551787094454 -36.78475913176434 567.8790033058425 
-152.02156894876342 -40.21046838783838 570.5607074024791 
-149.69875774593177 -42.9963009278295 569.4772762609794 
-149.08041707024387 -42.720846615399275 570.1176628713473 
-145.92212801972315 -46.187830534974125 570.1976870452137 
-145.17982623314217 -42.96791987444938 569.9742735474996 
-145.38899740000514 -44.606159140726206 571.3423764804336 
-146.66901123817883 -45.02335881593034 571.7615869129048 
-146.45542381130196 -45.40481123121728 571.337187982833 
-149.1906406831368 -46.91223318377435 573.4543340285776 
-148.60924897509364 -47.011999001943096 573.2811696823087 
-147.279846399307 -48.56587959037426 577.6304907482096 
-147.34698229917902 -48.37645689806137 577.5195330897759 
-147.62360804047344 -47.98018996832621 577.3630116450613 
-145.61234978978877 -46.28936452742791 575.9334536103697 
-145.61213862183078 -46.281926279890804 575.9443721574781 
-145.44601284542472 -46.994956836350504 577.9038482942099 
-142.63448233373308 -50.598501883169554 575.1014428607281 
-140.70314526346374 -50.76574950277263 574.1205710523585 
-141.04328482580797 -50.50381332949382 574.3259862704303 
-141.4375640759007 -51.71273538641913 574.0645930138061 
-142.52403134897529 -54.92830947896522 574.1438436010613 
-142.54921890599567 -55.35699123641644 573.926527706837 
-142.46124709370557 -56.98145489046457 572.5496324704333 
-140.90795983505132 -61.71931042188496 572.9311487412435 
-140.86010105778504 -61.89344897585464 572.7184754505698 
-140.8348876239886 -61.9252991189171 572.7811705186144 
-142.47532321687268 -63.45473186933641 574.0178258547508 
-143.36826540676202 -62.182208635631426 575.8948661015647 
-143.35219697400024 -62.167054646500716 575.8863867410953 
-144.3894518412871 -63.02167318495788 575.6699745823686 
-144.21765283181912 -63.153278244738345 575.5412449944714 
-144.36971623631604 -63.44011591264536 575.8853265369793 
-141.8965146483083 -67.63290533807312 576.5040455160611 
-141.40028597875323 -68.0645657773336 577.5690198251647 
-143.3868913563612 -67.39859898065288 574.724632253251 
-143.43538918630955 -67.97888115248394 574.6431828150407 
-149.36421322842958 -66.40418289630445 574.4680646490049 
-149.15814452766728 -66.99380003650236 574.4825894129951 
-149.783682496129 -68.01075644080784 572.9463867304772 
-153.98405839714042 -68.49301319971414 572.7632912537376 
-152.23056113453575 -67.45580268850584 571.787390757744 
-152.1517560666613 -74.73097469554455 570.5789867550822 
-149.3254170497964 -69.71555104376363 568.0338652630039 
-149.60080527293482 -69.86257625593935 567.9145311682292 
-149.5839154128803 -69.68099618197309 567.4950189254664 
-148.38384734834295 -70.37388508402134 567.5162275611528 
-148.6762999234123 -70.92785916950679 567.5745502549248 
-148.57526448231576 -71.00185524691283 567.6612564462397 
-149.42682518749194 -70.69572134029073 566.3063240872015 
-150.74127614908582 -72.88265520688714 568.9268103876367 
-151.60226156141545 -71.98892727774738 569.1595832098317 
-151.96085226133525 -72.59672965229835 568.6050104391259 
-155.36247963375806 -72.72957987119601 575.1861790007792 
-155.0130548256829 -74.59568834308108 577.9733420676741 
-154.91313140372392 -74.62797211800171 577.8622998221941 
-154.94538170077243 -75.49703844737947 577.7752134065557 
-154.84191353503266 -73.99760740825486 576.6930885750305 
-159.86814333681224 -73.27142875218179 576.1300908982114 
-160.2582016066386 -73.7465119944279 574.9099153263719 
-159.97568801937786 -74.31386143387994 574.450177533678 
-159.08321427361733 -74.55242407478208 574.7598439677889 
-158.24107599887708 -75.39296901229841 576.2513096846311 
-159.59413256239105 -74.70499600714847 575.2388429435797 
-160.12458086527334 -71.03009083057528 577.7786503555087 
-159.90979757536803 -66.23880257041235 583.3407929038716 
-160.53376481559124 -64.33518309816222 580.9740610197133 
-161.23296182627462 -65.7224710074515 581.1069104243062 
-160.26786400634182 -66.65524309554898 580.5350649661597 
-159.54142654003834 -65.07415507555586 577.9249308280741 
-159.74131086981535 -65.2536569731161 577.9274348982984 
-159.31483929839143 -65.24370357558526 577.9005108050465 
-158.92946415798647 -68.38310146466576 581.9727294113703 
-159.390570115186 -68.25780205826152 582.5046733796393 
-161.86751164250572 -73.5651304777872 587.4060755076345 
-166.28618926129772 -70.64960669270879 587.5129687770585 
-165.67593495244108 -69.84069671637143 588.1426295782477 
-165.71174556992088 -69.48457285479866 588.4669476074458 
-165.8630744796654 -69.75010649989075 590.6643729296346 
-166.6680191287327 -67.27313399301866 589.5132419355053 
-168.51752499316143 -65.86433917672008 589.4085903551716 
-168.69809804148184 -66.17699407883171 589.3797075785933 
-167.22980490235605 -66.88358191177774 589.8541113059545 
-167.51975365818822 -69.25748805843831 593.4402225157912 
-167.52979633661005 -69.2876789937734 593.3824894919399 
-167.13865679316544 -74.67693189089788 594.2683557396597 
-168.33964327299347 -73.96499049213787 594.0066522434074 
-163.6632905841409 -74.79725567210434 589.2041985383511 
-167.11122140365853 -73.94440702103417 590.128673259945 
-170.1758296137417 -66.5901074097976 587.832217786263 
-170.011083178079 -65.30324087387821 586.1498409392594 
-171.50952899398175 -68.67792798493873 584.4504286443296 
-173.08347028119735 -64.90869567576603 588.1737297157429 
-173.56051293966541 -68.59000366594357 590.4034897949215 
-174.09968072830154 -71.74027332764224 591.456037716812 
-177.95614248095728 -72.69178355299385 592.0127419030126 
-177.45072490555813 -72.9316688803065 598.0713662459009 
-179.68144216429107 -75.76709639335917 606.0355080402427 
-179.54509787351236 -76.53135796313828 607.1475396154702 
-181.79785228327754 -77.04488623942899 608.2957152334153 
-181.55323856217385 -74.30001519358663 609.6205830608391 
-181.55861201862436 -74.22327810935901 609.6375555063781 
-181.96309771123515 -74.74721768529744 606.3288261547018 
-186.96186860069466 -81.78109885762865 604.9915035481824 
-185.42929310784368 -82.419343148768 604.7304025433999 
-184.02923706032263 -80.91339983608088 607.1248419712233 
-184.50323822208122 -81.01380734248995 607.9510909540174 
-185.5489320082532 -79.02829883964729 607.7433801359629 
-185.93017577283823 -78.16071769158926 609.0488049609459 
-185.90981039403354 -78.1863875697238 609.0397516035212 
-184.13884776832276 -78.77863066224444 613.973724255528 
-182.91376272963268 -77.37193212698155 614.0300985152519 
-184.996754155821 -74.77000560241555 614.5333708835851 
-188.37133608179437 -74.86439628262627 614.5667260806778 
-187.44607725241568 -75.2417589971493 613.9945870948281 
-186.7156246387426 -72.37070615017043 608.5300333393756 
-186.5442800734633 -72.1193783201506 608.4703928857912 
-185.04988179407636 -72.05546995247609 608.7664448113004 
-185.23717285630502 -72.4262530194166 609.1504542942048 
-184.23475005308057 -71.97904680204756 609.5186134709876 
-185.2416715636278 -71.2663698200608 608.594112529255 
-185.65775209349098 -69.54520284360923 608.1166977422974 
-185.8261286380415 -68.9886711717555 608.3680267268542 
-186.93345800133844 -70.05377359132859 607.9158197775841 
-187.3349671862205 -71.59173103923995 609.1453525138772 
-188.0293227198639 -67.49071960266694 611.5514852383988 
-188.00304741521379 -67.54278845167302 611.5220726889344 
-191.46669237881213 -66.99231377870656 611.4134578112022 
-191.41816202954777 -67.89952818019523 611.2559894289645 
-188.94234310502395 -69.04364262061495 613.3257444239939 
-189.6098482498906 -68.43515680886487 613.8870937291049 
-189.84946728763623 -69.08510221285242 613.64173286021 
-190.26671357261637 -68.60802325469521 613.6341766370973 
-190.43789204548477 -68.86627712644857 614.1532463316669 
-188.4236751630973 -76.53600132718282 610.2308307085426 
-187.95793107411674 -75.5909796863983 608.0411195829614 
-193.38580695348702 -78.4817228846907 606.8252240442988 
