-18.48057440553323 157.09908725171923 415.25141247420083 
-17.336426676748548 156.78772596472183 414.96089205883516 
-16.659592621480012 154.30988536764175 414.8239423981961 
-16.170998393770226 155.0359598158796 413.45737382369384 
-16.337546020393194 156.0450320648935 415.1785068510824 
-15.257459510685207 156.92387615501073 414.44907454701314 
-15.317336421260114 156.99040760408886 414.43936940716424 
-15.103773338551575 157.37096781933084 414.95828952570196 
-15.573254443223757 157.31933788622516 414.6663090723321 
-11.27414937897429 156.39447722389014 420.14276664963893 
-10.882489180610758 156.21948623501729 414.9473416282364 
-13.744543945393032 156.69439164468398 416.3409521625665 
-13.411341498409843 154.9927176838164 412.1216295447401 
-12.740755130753486 156.26972436897256 412.67013429557176 
-10.651582379126408 155.4705413572768 416.8599477152571 
-10.534881485578202 155.4295384545862 419.8613494277655 
-11.40231334445298 153.45125449171147 420.23265461698657 
-12.66953394613165 149.0945475502263 419.25376962140905 
-12.005485856622977 149.33979338598473 417.81091401374135 
-12.596543017299064 146.77327890313057 420.22140913246693 
-14.622580005815092 147.02963874059867 421.976135099763 
-14.96106910140353 147.0049259627524 421.9196802279993 
-16.883477654427004 150.07902242364096 423.4514910186786 
-17.336335774008795 150.39722936441555 423.46721879123083 
-17.814974640042838 150.75833772398292 423.39636327359017 
-21.74983949716798 148.0830434637064 420.91232734054654 
-20.25443790271142 149.84789106120576 426.4670986499301 
-20.233371900912168 149.8417788790535 426.46017104503375 
-17.45525344765217 149.06643119490536 425.8449018112931 
-19.768432403924386 151.32811084373535 429.02378593514544 
-17.497667819478945 150.17342419202978 428.7299819427158 
-20.875667977226875 151.87555452425497 434.52476178651955 
-19.168579081198153 153.43113064159908 436.5418757467216 
-18.802787994054917 153.19362357420005 436.74076374883555 
-20.211436808787234 150.06305527575225 436.725803416271 
-20.138164199173943 148.62677143848805 437.12737841504173 
-19.234567749843503 149.84090589538246 437.02268976505155 
-17.279274811995098 151.77417710014686 436.13116201061047 
-15.215308267878 154.60899640586274 436.47715678272004 
-18.97310164745853 153.6334865034988 438.7084823956295 
-16.47510600325598 155.00748342418183 440.5353952383161 
-17.935207709451365 154.78512636842436 445.31168781301744 
-15.734584516562881 157.68727703675353 446.8444407835658 
-16.32244789813748 157.82557966690706 444.4551742608342 
-17.094024797036752 157.51021963357746 444.4575891341597 
-18.300272649716316 156.3540748530731 446.24121636237356 
-18.95151865161865 156.9631745446762 447.2561694249374 
-18.65271394797517 157.9055038059335 447.1581086190604 
-17.11666674007075 158.03552044800026 444.5394074503139 
-17.19186343578212 158.0009456356892 444.43484847460434 
-17.9886818537167 155.05039157662696 440.2185324977538 
-17.323228047754245 157.49253536699706 442.7237359634278 
-17.694592815165954 154.76479390826546 444.31442678836964 
-16.67598811526488 154.08380839869878 445.015698560063 
-17.946757427871432 155.48874471406074 441.76138734700436 
-18.57792890591687 148.9396988658891 439.7219557991953 
-18.89897345767828 150.34810694472927 437.310362852416 
-19.938389563617196 149.68500315719808 437.82214500457906 
-14.029499267531545 151.14895292484715 441.3937071945127 
-14.293960040591676 151.17419481861327 442.09580365761457 
-13.025931292735471 153.02512402430162 440.2469063532095 
-14.109810544803324 149.86548419407913 432.439034894287 
-13.274536609848742 150.95932740277715 432.4582211220986 
-11.5430556246953 150.72022184556076 432.1003419840662 
-12.730369339031915 148.62276383387137 433.01239800173187 
-10.449012510254317 146.93887759496243 431.4012961985883 
-8.11807878548251 148.76055957711944 431.6885035393809 
-4.095389538968469 147.9543405305271 433.24422784723873 
-3.448150916987678 148.82730888888736 434.8660406978935 
-5.755343162483205 147.80275319162774 433.32858324423404 
-4.007249677909143 147.28657307743822 436.82440855436886 
-3.035833111322984 149.97212032592998 437.02362499799955 
-3.1364316769134777 149.4438915374658 436.38032134161233 
-4.356992203918028 149.16230638355051 434.628278775541 
-2.948929766091737 147.77419041803788 435.1568773220266 
-3.1800339002854026 147.83908342646257 435.2650147854609 
-3.839449395982484 147.90728049059362 434.9375939422001 
-6.3000083288753235 147.33870265444125 431.55974550341796 
-5.536913294119713 147.01744404100518 430.1417728879804 
-9.662074420066062 153.4713727420875 427.0341313774085 
-10.571302641938686 153.30989081818615 427.2551295246518 
-17.364704724251396 151.02036336461893 424.51824167635067 
-17.382085251620676 151.33933411384731 425.39011662126245 
-23.41232692218875 150.49936134089157 425.83428280204265 
-21.262447487906336 152.3062467591735 426.1484006972296 
-20.845601880663263 148.35381196905172 429.112993729039 
-20.729882371055325 148.1452283174442 429.18951735389 
-21.892955181315717 144.09029956430774 432.3080471784116 
-22.015730521404095 144.3186843126355 432.31140703883364 
-23.164335015137034 143.3690058066021 434.83047766834517 
-23.179163416110143 143.43813803415213 434.83384615727135 
-22.6651660622379 144.7542750812463 435.9559232359675 
-25.63562690600034 143.21481349004603 435.9569364915137 
-24.643595235117424 143.62716260330197 436.4084774817753 
-24.04024603421684 143.79821040261336 436.9226874810592 
-25.199008479498097 146.56906773241144 436.1689502459641 
-25.201507018301392 146.565885694633 436.1527457049283 
-26.128253796485257 144.01300969709666 436.4300219016895 
-28.495501270005576 144.59586983077475 435.98821619342317 
-28.00808521508894 144.53066690434258 435.6027686802842 
-28.014850195580845 150.25207331565082 435.1479473539525 
-30.301816948662534 150.59439113612487 435.8267622152261 
-30.93077537281731 151.37082208892622 436.1318351564784 
-26.00024178653027 150.022254326904 437.2317366665222 
-23.980910592254826 150.61368512388967 437.34432565741474 
-23.801451023724105 150.7886277656308 437.54508042206487 
-21.632315968324793 150.32915177090035 437.8474780848425 
-22.412240949228117 148.67858193654763 436.86791518698993 
-23.302419701701456 149.83419702081196 433.39655632236185 
-23.390922041287897 149.88249766605168 433.47320568832805 
-25.408231707420654 147.44322412170382 434.4447048463396 
-24.44377989762358 147.7996570709177 430.4415621652993 
-24.76820416806931 147.03931306890618 431.6082887281932 
-24.666825479727628 146.90554221848083 431.6773924514537 
-25.559366023111945 148.63478302810688 432.3106338868944 
-24.74015460334684 152.0831683785389 432.9522399420788 
-23.113121797232786 151.49651526443733 433.01294193312384 
-22.3624241127016 150.44669127038807 432.60430393820343 
-23.468639526989175 151.2946758889328 435.3772115165146 
-23.670372897531543 151.1324656901641 435.4854981861741 
-26.35879245403467 155.03490455553455 434.9652953512297 
-26.022563603920368 156.0134345648389 436.0941038574037 
-26.041496909386584 156.00959973324134 436.0842653692857 
-27.92676626808019 158.32081451577614 434.35618577763677 
-29.064147012609045 157.1721835496974 435.22370221434517 
-30.390634012134498 159.94380635143833 437.7180014587353 
-34.869820066168145 153.71700381071014 432.557912973049 
-34.66227551197384 157.01895225315755 428.25430758871954 
-34.949114091797206 154.0939947228911 427.9461355837923 
-35.577579777445195 155.54071836541735 428.19552424704153 
-37.2047813732767 159.4550704719929 427.74442729362477 
-36.929986912798796 159.4947391560268 430.33219270936 
-36.80925652360283 158.22607625125673 430.78857254288664 
-36.26358935029291 159.10036586422694 430.52257251355013 
-36.17866662618471 154.02866479691636 428.4226295353405 
-36.92879706549666 147.3724462996734 428.1139740900088 
-34.673923134106786 149.16057877019617 430.14583861964115 
-34.407502600111194 149.03532392248204 430.0526515211717 
-34.34740328893195 149.14994205096784 430.02709117489326 
-33.268775025402306 149.95933535453545 431.1821321612284 
-34.30512141754094 147.77182067006132 431.51674927788014 
-35.02449994483653 148.1110288233513 431.74279415528196 
-26.517119988972844 152.29877598452072 428.60739591363586 
-24.549890270614046 156.07182941502697 429.3257978644997 
-25.92451035118344 156.13119816331712 435.88413880865807 
-28.09865849748966 152.54338003127873 438.9701777335128 
-26.55727142116732 154.53554276628557 440.1648738005662 
-27.860483558346097 153.84213297970595 439.80455720778326 
-28.443413489980138 154.0123445517332 440.295309327499 
-27.96565716752925 152.53332132699614 438.9916453128865 
-27.284774339851648 151.14269293965813 437.7825105950027 
-24.739898995330822 152.09473547605447 437.9870966024573 
-21.527322777720705 153.67760905689562 437.48309101775254 
-22.178885990133402 153.02922302503617 436.9773790018616 
-21.90575881044733 153.81356950447113 434.68305788103686 
-20.17396015172366 153.12766627678812 437.85318407730205 
-15.723329583254337 152.4248010918391 437.10060252812104 
-14.477960218694639 151.77493639603716 436.21321457887893 
-15.416342675336733 152.64239680874746 435.5944985816088 
-16.790228950520454 154.99114304039279 437.1217706325235 
-17.067710708797367 155.42673660892632 437.8372075131134 
-15.976404318362182 146.74012443872857 435.59246260982576 
-17.184706526819426 146.60582528429552 435.776138950606 
-19.640526771259065 144.45887124968465 432.2278968127612 
-20.31087328753356 143.53285533470284 431.45929995323365 
-25.64519380519299 144.09864407874704 428.713346240244 
-25.632812769584422 144.12671732948672 428.7723269451383 
-28.46261030443361 144.6788512266888 429.8025714684769 
-27.503008257560552 145.43792901048863 430.1051304120511 
-33.7653789441956 144.1335147475288 429.26433975443956 
-33.90374007734366 144.86047312435883 430.40916398640525 
-34.92798456886354 141.39692241444519 431.77876383920653 
-38.96379734023904 136.60269499943539 433.80734629822814 
-38.7181555337572 136.51054389521454 433.6865624172639 
-39.11630300005646 136.31826214521186 433.86525544238856 
-40.020861644715445 138.35344869603983 432.2245289295998 
-39.819910500024996 138.44403160723445 431.5874406667576 
-39.323689845180965 138.69574352842724 431.939227440501 
-40.384965789664285 141.68130762996822 427.217184989686 
-42.3349477418357 144.32555159822553 427.6403090605298 
-42.21871151001484 144.61058009460078 427.6730425345386 
-45.332585635773036 147.1814120546126 422.9586461722539 
-46.868779339493 146.70842068832113 424.19297677779014 
-51.3152147255426 145.7622859276704 424.0503038328483 
-52.5315697260399 148.76995717904603 425.04191990629516 
-50.90358990719469 152.92446098975648 428.03530620944855 
-53.68878096110193 150.88188034002025 428.6617233088984 
-50.82389883805783 153.07706273864193 428.93455930884136 
-51.34938113082777 150.23429075976105 434.50911670103505 
-50.89740621876169 148.64770526828335 434.5005180299456 
-56.58429181710052 153.76093101577942 434.79627971406995 
-59.4280612966232 154.66758977675627 436.18250068940443 
-62.36675733505141 153.36142067873334 433.0949503269381 
-60.16763609787692 149.27088672764128 433.0056469800699 
-58.2663632787795 149.4331111205239 427.1863117878891 
-59.38078024584514 150.71933222538044 426.7121677402062 
-57.17690092823951 150.46635613068864 428.1401681018565 
-65.14449036241889 152.8327548060679 430.7517448812855 
-63.42536567468714 154.8293819390283 431.20927221223843 
-62.90340601171237 156.60878275245173 430.68963984178987 
-63.152297370043065 156.40518633181586 427.9766886933117 
-62.88542884469282 153.7675053268018 428.96381567964636 
-62.64094681291908 154.34884284752678 432.9492062435527 
-62.78301517711717 154.26967457634956 432.8477473040545 
-63.53547118445935 152.1202072343255 426.89705471739984 
-61.87587186887138 151.3781746744221 425.7914786865972 
-59.016841376247314 156.87364297075638 429.953143759473 
-53.58851329169653 155.18634882030656 427.7112804954355 
-52.760671698293756 155.0272278499857 428.4433049893559 
-53.391420748963746 155.0363080761369 429.36626475280724 
-57.14500736168168 158.87551156961584 430.42396781744003 
-51.40810810045399 158.1530433522539 435.14782056730905 
-51.78366016741746 159.14282775643005 433.5479164169812 
-51.76558553672629 159.0542377469151 434.5708162873948 
-51.63160905490179 159.018364181265 434.1593374895069 
-51.14342872344308 158.95982113782256 432.90687240006207 
-52.61293366593514 157.72220518015092 437.21446680598854 
-51.96596416187287 157.55993911697527 436.64153566693653 
-52.33967751368941 158.53956463055806 436.13285763277497 
-51.7224152561299 158.1789462981785 436.5061558385439 
-51.73762214766937 158.12515485775094 436.50232782406147 
-51.191214095017116 159.281558116178 434.5100709531797 
-51.4402500066706 159.0678571894705 434.66415445749544 
-50.30276254943911 162.95386055738567 435.30582481978524 
-49.30403006347442 162.36358758692975 433.51479776180196 
-47.960599841064735 161.99593907401234 433.1904661801312 
-47.79889569893758 161.6414454481897 433.1416175268824 
-47.36731073909151 161.28913847863663 430.55193376870136 
-43.24535708477165 159.67256388727938 429.3203864175529 
-43.36037229086222 158.76307905838854 430.0830149987786 
-44.9427742260062 161.29036269946525 427.08462153189066 
-44.36262831432181 165.36742814943568 433.6929927855932 
-45.31078576173468 166.88251949802452 434.83625224101513 
-46.805069864852996 163.7674915729755 431.8527988045511 
-47.90472148948583 164.59879517570167 432.4352421050145 
-46.49334172081587 162.9568283988655 434.27556795658546 
-47.025390364973624 162.24588852394578 433.65756245498955 
-44.72782267130162 167.33272965807785 434.7855404603641 
-44.90990464326417 167.9586614100077 432.1364335658874 
-44.78245967262084 167.98806102257146 431.7401193524003 
-45.31734734398357 168.3998654127811 432.13003888909776 
-41.92291339621484 169.1921230467182 435.2194201741498 
-41.82521260964931 168.54495227348036 433.95503361334085 
-41.28337600156865 168.9469564938727 434.36475908232416 
-37.40120977731151 170.05878193148706 439.9153279467451 
-37.769665288754126 171.1705589660674 441.0622989089673 
-34.9169678248085 178.11608776895815 436.5222491434805 
-35.59586174428691 177.8169795996468 437.1697487721306 
-35.336095206303604 177.58462467123263 438.21022866521116 
-35.686345049150674 177.18523493785347 438.1320811988858 
-36.06644001261816 179.79702659465346 438.8166228379668 
-36.59845998268026 176.39272335109126 440.8942135025524 
-36.88295916631496 176.67292869113203 439.4340444077243 
-36.71916508496698 173.80654676164218 441.2934793483783 
-38.42256743659096 175.70647347133755 442.4219202374383 
-38.267853408045845 172.91597759779796 440.31821754647217 
-33.89772662990055 176.44136269534138 438.45544025114964 
-33.94898607096971 175.4236789067345 439.12410414626095 
-34.7479627290429 177.44487131857983 443.8076730729254 
-31.424150941766907 176.35309634707787 441.75278034176876 
-30.639717169658233 179.3781596175527 443.04580327252614 
-29.059922171297487 181.23460822668093 444.40276536700804 
-29.84541510654777 181.98744963851348 443.6016155769588 
-30.796390739853603 182.88899431828477 445.3103916492662 
-32.562271533297164 181.89498668031692 450.10876592109787 
-31.693002288949955 182.43528379719314 450.07691182622455 
-32.62858003551788 182.17937999168413 450.9414399317863 
-28.33961003658937 186.634377379826 449.7971642975655 
-30.196057556867558 186.47492063022557 449.6264491618436 
-25.751812355201686 180.92694455498003 451.4599066539098 
-24.82059821191075 180.35745077522057 452.15195771894616 
-25.953786179706505 179.7241910836095 455.3672192092161 
-29.448793935450652 182.01101875601904 453.58356951057857 
-28.794608942925436 183.1928607551224 452.4413905360602 
-29.72569475117261 182.28786229183362 452.2819182411411 
-24.78004718935754 182.50234185077974 456.02014023239457 
-23.709323164159258 182.53906546144952 455.18488864229647 
-23.98324639210018 185.73895086448246 453.89114518420945 
-24.312491957221095 189.07223447726372 451.84622662323835 
-25.175092505331182 186.8122107239256 453.4855418754472 
-24.84523160167254 188.17452826672366 453.9068961619041 
-24.237624329352474 188.67230033030526 454.73120096315364 
-25.43493963093868 187.9756332053194 453.47870659508584 
-23.663397037456456 192.61862575825393 459.76817052584187 
-23.651616599155744 192.61878166780266 459.7804723972665 
-19.449329036429567 192.0341303251975 462.35456712453845 
-15.648545898423732 190.08687464826627 461.0460485023636 
-15.576099930976952 189.60300866697392 461.0506041835199 
-15.506678173439148 190.24732258299133 460.84751038122175 
-16.877093504490624 191.23418733311556 462.2887064934258 
-15.724157897816864 191.4629290405131 461.8123882822097 
-15.510055629510616 192.4981674038465 459.71558777098795 
-16.53765103388138 188.59749588319477 463.9841819981535 
-18.343892392474945 184.64000117765795 466.5112357155965 
-18.150279667370867 184.4773774563916 466.791745289589 
-18.610855224830885 189.36920473602902 469.33730108976886 
-17.554572290571144 189.59349060380362 466.7944476694204 
-17.62287509140393 190.48750734703984 467.6207908573809 
-16.47236478862157 193.27349734143476 467.42132282177914 
-18.431949849483814 187.53592381461465 468.4836489037027 
-21.46126611962023 188.1022560991343 465.07739143363455 
-21.23701337513294 188.30669744376226 465.55193050531915 
-22.014678381437562 187.88850621419232 462.39767195062814 
-21.81788265386477 186.50467513790184 462.1204659750712 
-19.74598768618648 188.0393857688013 459.9776906429409 
-19.09635128898351 187.8059496484815 459.7141578742267 
-23.824344659656756 193.9118685662486 457.5888170697856 
-23.671645445853613 193.89478910935932 457.3493616226472 
-21.16672320742604 196.74588208162368 453.3381769003869 
-21.201773786142684 196.86911603862492 453.42148098226204 
-17.878600299054337 199.04986047689664 454.11026046408233 
-16.702940232224503 200.19635222914235 454.763973540483 
-13.969038414994055 199.9346076212706 455.695323486119 
-11.302662985275393 198.39233791892292 455.04312059573346 
-9.971397198503805 205.60564642298826 451.8939955500338 
-9.989437222941932 205.57998476695755 451.88888051332395 
-9.944046660570569 205.64981257482813 451.8062100002684 
-12.195264108579465 207.49273669984126 451.22372885995645 
-12.360961063446037 207.2707864640885 451.2380329507368 
-17.156214578139966 203.1449941264428 457.04791236673344 
-17.4616480467701 203.2484487618954 459.2730368013221 
-16.143367587554202 201.80418678831808 458.3613469210135 
-15.665147625663026 202.0549096725797 457.0965662243266 
-15.348795710205254 202.13318231133002 457.80969619227363 
-14.163948469828535 200.57085398268276 458.45054920066644 
-17.325102851667552 202.2520652075027 455.359904628331 
-17.449847839242523 202.44005375538137 456.1656756768481 
-17.558529294909373 202.4519183747998 456.1367034469741 
-17.592421272715296 201.81087794717538 458.9767323255502 
-17.134354549361618 202.22373664315126 459.28625587571236 
-11.969604847781865 201.37504158299123 458.4478707232082 
-10.90390512424499 202.4319850533117 455.3523420148729 
-9.51895263964961 202.7009803687368 453.8158728079351 
-13.875621349013013 209.0800414853528 455.27676850733246 
-14.818859630746458 209.47319816750934 453.8356154471014 
-15.09071599978106 210.5223394729881 453.1646117567412 
-14.594769124607494 209.86725339272442 452.8360741215973 
-13.264861680269142 211.01206437070434 452.5616811060304 
-14.077517930483676 209.049062804075 453.7840525557346 
-19.714188188915724 210.95512807494356 452.09604569581745 
-20.413564923988908 213.40188444897808 452.24646502236664 
-18.28080040632458 212.21304556802775 457.9899685732822 
-19.10517845214722 213.41075696455124 457.59831924220003 
-19.380278672274887 213.55306023000156 458.0834523947714 
-19.880714042234715 213.41317762898518 461.07287870223774 
-18.497840020421634 208.02855987754006 460.12588418214705 
-18.688252581468316 207.95665419740493 460.2385278724437 
-17.61408513482782 206.50715271764201 458.55121265349607 
-18.875515948831865 208.47431010068166 461.66959487613235 
-20.910820205196313 209.64925481824247 460.6589685587118 
-22.06699134292332 211.8055967294418 459.6842488535956 
-24.063639879459213 213.74716663542367 453.15400479749246 
-22.59993029107944 215.80122126700803 448.80809518530083 
-25.58027951173299 216.92997938403659 449.6735300485734 
-26.40152650987417 220.76247329339063 453.15498853929796 
-26.039411811314473 217.5310583524371 453.7075627676095 
-31.58878239110995 216.5151131610022 457.94556959944265 
-30.615918056642542 218.49842832958595 461.3134656820601 
-26.603117255887966 215.91095642543138 463.61834600142816 
-26.597521332703607 216.2654155131342 463.61102284853314 
-27.614268435541675 215.63801755320142 467.3467110478804 
-28.174892229069357 216.34084241213654 465.97677790058736 
-28.87437313132432 217.83966288855015 467.94538749460213 
-28.879697843472968 217.87597627417355 467.86245986158826 
-27.13195718473057 219.2747792145099 467.6118681767162 
-27.35458349956217 219.00320922578328 467.6543067324701 
-26.920076276622027 218.53715649027166 466.75804810608355 
-26.095754986206 220.84404426188937 463.5172934604588 
-22.995871271411453 223.052265577973 467.5888246623458 
-20.626000407694804 218.75401296189398 465.3733877018915 
-19.221506975482438 219.74143698752306 464.9276434379594 
-26.740326490117287 221.0139368283616 465.35606394323 
-27.358155740898685 219.72196840626424 464.89163990764234 
-25.747671394684154 215.04256056517457 461.39244440580484 
-25.811260098051953 215.05034880781213 461.3985425673348 
-29.205224369198785 218.91919957325965 462.1017091438421 
-23.11075247137948 213.57748841886954 462.02921318300616 
-23.658327658555265 213.59177981442963 460.47866150019297 
-19.362292874096923 213.82236785637403 464.946493887906 
-22.654409304147958 212.46360220856803 470.7866701579601 
-22.48726505139593 213.10803248818823 470.81945425032217 
-20.023342867434724 217.98263643630784 471.8435127877676 
-19.872016223581294 217.90014740216782 471.83094835567067 
-20.338083679219608 217.84547624889092 471.1104547732673 
-20.864926894926047 218.79441614623912 471.01814837201647 
-21.632532512839447 216.43951456246353 471.71818562646854 
-31.208513785400395 214.86916305710267 467.2046077147016 
-31.512601432099004 214.50861493769327 467.03381183110196 
-31.021526201965 212.98458355757424 465.81161796040396 
-29.269430337071054 211.07424672851644 464.4596329278877 
-27.86290723804931 213.4209544817341 466.4965824985389 
-28.018517516986815 215.18327833346567 463.637752239256 
-28.716433810803732 213.6102903423435 460.0473682172396 
-28.85158648728433 213.75719813187612 459.907342344408 
-27.901177851105526 214.50570662190813 460.7836900161074 
-27.444780468518818 214.1753537018169 460.2388597731396 
-30.287464067654057 217.64466299070486 458.8862289357157 
-31.088695409292296 217.74812405381505 457.4724451135469 
-33.42794897712246 220.98916406830463 454.14292318492556 
-34.00725020986778 222.6815619126626 454.5229321200191 
-34.971894942951145 223.51071103788777 457.62384484302015 
-35.16886453317169 226.50709683372017 460.924437773649 
-34.44051064841433 226.0415427932516 459.96977734764533 
-34.724964598316376 226.9285797964931 460.64438995254943 
-39.86636810270669 223.48085806602418 464.48062047182077 
-39.876353214496845 223.47958760243625 464.4753479570039 
-39.85507020861049 223.4066024963505 464.40755352193327 
-39.861325407813354 223.2376271116068 462.08604842589136 
-40.80902556383334 223.5563473985605 460.49613907451055 
-39.56028973728329 220.3000396821608 463.4149642225896 
-40.25104594078854 220.55350903728342 464.9099509656971 
-40.53045189829172 220.63784172117946 463.96115403456776 
-41.576699080902664 221.61044152003626 463.6175778160402 
-42.13060068096773 220.92298881972454 463.37246827170344 
-43.95676161621917 219.63152140219623 464.83799861008134 
-46.581392736717774 220.1107265311876 465.435588112257 
-43.60510464461713 221.8357951190451 464.9175857325785 
-44.11318061637566 221.11833188618 464.76761554129223 
-43.8900831690538 220.48360413856437 467.5969724591837 
-45.68421647392172 219.6485102755582 467.1527739756719 
-45.00567019313877 213.90517004600426 470.5748322237164 
-44.97214021199948 213.21144951681612 469.84861540580573 
-45.982387526509164 214.11058327242395 469.8553785177403 
-46.197084342328004 214.1436990112698 469.7337204247566 
-45.77201558403347 214.72161594383252 469.7800074715746 
-44.787280360255295 214.33226722707093 472.47554458631583 
-44.603504985249224 217.60949222109423 471.30145032056686 
-45.71286955438712 215.8391752580921 472.4791798965219 
-46.12527866822398 214.7403768921707 470.9865991381175 
-45.64698923610195 216.027415237702 471.4044552540281 
-45.73085197062015 215.97587595335548 471.51409061496037 
-45.877837258571915 215.93156976517025 471.5551694859284 
-45.43395731648445 217.86524426496166 471.354353415349 
-49.267789014567946 217.00239335016116 471.61570116629053 
-49.30937550895909 217.02792667845895 471.49976676608844 
-50.72179389202932 214.02575494603312 473.2090768417767 
-50.647561785310124 214.21025590516075 473.1471622106109 
-49.9722690748358 214.6402510268348 473.8871442598977 
-52.14616498439072 214.41707088859496 474.8299016979807 
-52.141255761465864 214.48494614639802 474.7996482021602 
-52.00092294476185 213.69735349987982 475.657743481615 
-52.9260413600024 217.02046745599412 476.11269965818957 
-52.95513365938115 216.62494106766115 475.8809484907433 
-52.89572162040358 217.08624400771367 476.0771696465519 
-54.29326509247572 216.57082632715736 469.8562553051954 
-52.29298566992973 213.14293533946534 467.40748150430693 
-51.53757988600098 210.86958141100146 469.5288284351662 
-52.250867447077006 212.26303850274232 470.48730090819 
-51.33511913613365 212.4076622876753 468.6502969899033 
-51.82872927754473 209.84526199047053 469.8183905971073 
-51.32503391219255 208.1273366352739 469.12811592926846 
-51.42902331355022 208.0329686619807 469.2031823419539 
-50.37383590292007 207.05432809506462 468.5019610808359 
-49.535439899649504 208.76885255486238 470.7768716026532 
-49.273740558144205 207.11142424385264 470.49920956490087 
-49.05819208898938 206.93871140914126 470.4627447373955 
-49.705895939105446 206.9344765442398 471.25445319182734 
-48.22064022653189 210.49016244363014 473.44100627931715 
-45.10497850842952 207.72849703818991 480.5144198417102 
-49.93085335171265 205.00450907242734 476.79972048293104 
-49.92556023623767 200.6300780043511 478.8058140501046 
-49.94667277907904 202.91864891158968 480.0087987749936 
-51.86390809841208 203.40813885964056 481.6932108371186 
-51.351643944892125 204.3092465762141 480.56012854117415 
-51.25779621491782 204.8019490171612 479.9761087243353 
-51.27940872791602 204.81908815492332 479.97403994956534 
-53.99027759063738 204.0884406574337 481.556388831682 
-53.68063217424534 203.8286795094617 481.21223180397766 
-53.653168593165255 205.46230228485555 480.8077993614476 
-49.685032813268975 206.6698664532319 480.66061525151525 
-46.47931048138745 207.8341207618692 483.4186876515003 
-46.552537403798944 207.9957663770024 483.41815483853276 
-46.292552301408186 208.64555214998236 483.79655883884806 
-46.31190880564249 208.6758100019438 483.8877354451831 
-41.92718185319046 206.92263895083062 490.7137254119933 
-42.3455577677524 207.48994754675843 489.93720697701013 
-42.277872009402806 208.02484146696227 490.0816189738763 
-41.913250795820154 208.27864623204817 490.75690934875024 
-41.90806538239542 208.2152045325339 490.9777469102674 
-41.80325415050544 208.3907836775429 491.13840417300304 
-36.49698934780968 206.55604617097524 485.5632156206867 
-37.746794264502775 203.69855127539725 485.6046819079615 
-36.7249427302948 204.0158703596427 488.3864933444536 
-37.09491500567578 205.10668905859012 487.466448262783 
-34.977568056496764 204.8838808253949 486.7372688645501 
-35.49819074671813 204.3896481488088 487.51184711812095 
-33.579014545862776 198.2073950389911 490.69560057966453 
-33.459184807743945 201.50346554083092 490.2928120441953 
-33.81392124936101 201.59391202997773 490.45057547902644 
-36.158548765271426 200.21104334482476 489.89405496017224 
-36.980134190958424 201.29967559855558 489.9528388776476 
-38.21406721202912 200.7815257044378 491.2852048294598 
-39.19843166273545 203.0115196639263 492.8422433792292 
-40.23614141833598 202.30584084170374 491.2545773914286 
-40.941534855746546 203.92145834117684 490.3978691461148 
-40.51795877939182 203.65650723186548 490.43037200533144 
-39.41278173385506 203.39504508322884 490.38212062498565 
-38.3066986941543 204.43816921458617 490.99626028051085 
-42.315691192105334 205.3149663735479 488.1538628426699 
