-11.368825810834366 -16.244612710277607 -13.763747869555317 -13.605972449663383 -11.497939159871649 
-11.415783860462298 -16.276972770014083 -13.80444000197025 -13.629232138612423 -11.547657425710298 
-11.514609555742041 -16.38317996755653 -14.03391314238597 -13.758256845772166 -11.789694380336059 
-11.520709681807915 -16.38798949085472 -14.038268750404399 -13.767168724902902 -11.794389465472548 
-11.570382389155455 -16.4155387202581 -14.057657260178402 -13.775999890875696 -11.824566864755454 
-11.716442240621774 -16.544444322244516 -14.260352253899683 -13.957851956423639 -12.042912459529845 
-11.67786971387386 -16.519680065067078 -14.234539815117785 -13.943266797307999 -12.009652072003163 
-11.67464246356323 -16.517757049845244 -14.232724095743748 -13.942834860805291 -12.007131834423191 
-11.743139963589527 -16.57011923664257 -14.302310752867882 -14.002340801441761 -12.086549047620352 
-11.67813809367027 -16.530122203879145 -14.311635658027441 -13.92504826592834 -12.092585373957505 
-11.677702488439536 -16.559084856842276 -14.473618370249156 -13.968069520133483 -12.257989151973192 
-11.76220747272805 -16.621915495814108 -14.551818856345278 -14.041360644805408 -12.347933616210057 
-11.752086911837594 -16.614863558052804 -14.545060980591813 -14.033594259211753 -12.339807251098222 
-11.653315671427677 -16.533309256044674 -14.432626162573342 -13.913163706535116 -12.217152863082731 
-11.663720778708168 -16.540555523810042 -14.438031622592206 -13.92244058935077 -12.223691316663832 
-11.650479417501955 -16.539688111041656 -14.460563923570206 -13.940029179333592 -12.242580550671804 
-11.814356746381819 -16.649592975670345 -14.52983369451249 -14.073028087888659 -12.330642889514834 
-11.657933789026501 -16.523379417952 -14.348966942748334 -13.907288613275725 -12.130101448935932 
-11.642991306074876 -16.513013383665225 -14.335957733476079 -13.8985311555181 -12.114450444393526 
-11.66637137945608 -16.522210783896597 -14.320518822009277 -13.900722461206328 -12.102817900999469 
-11.625242152469283 -16.4863355660451 -14.243390791838365 -13.870475331344977 -12.01716635060805 
-11.56369345756113 -16.435135388264612 -14.167130735982724 -13.80245001375367 -11.933343522430633 
-11.570298732416092 -16.439511299523815 -14.170963831680922 -13.806957292959865 -11.938175350861513 
-11.45620806045848 -16.354217365003663 -14.056834515508854 -13.716325328788031 -11.806296109529356 
-11.514470483730804 -16.393036387688824 -14.08679248887951 -13.762691958400936 -11.844050130112677 
-11.653551618563498 -16.48770245048793 -14.186010149776735 -13.854639132484536 -11.965738450629402 
-11.855858317838397 -16.63098890767388 -14.341097336146802 -14.0125508687413 -12.150492724998344 
-11.510418868365221 -16.35810238819407 -13.998261899313519 -13.65142365354211 -11.767393874596223 
-11.508044628915798 -16.36446388332989 -14.007284357350002 -13.685034382633134 -11.770975116136356 
-11.691600336037212 -16.493226062391912 -14.104547147576866 -13.874074849219824 -11.887577290961886 
-11.70336902421279 -16.5058025571728 -14.13037969873649 -13.890875946470587 -11.914587268007324 
-11.870114202138751 -16.619057135384168 -14.253143818567494 -13.994991537711229 -12.065666391276551 
-11.927217308368654 -16.695613803823548 -14.440312648914912 -14.11047876390451 -12.255743702290346 
-11.846086447218383 -16.635073535605173 -14.355101633840619 -14.054373508123021 -12.15694708539256 
-11.549564433358952 -16.425241846501763 -14.13243702419608 -13.820738072276498 -11.891550280251977 
-11.593198185155245 -16.457129073766296 -14.161590722454434 -13.868415164122027 -11.92516047499295 
-11.460956932966184 -16.357639624692183 -14.029530263904576 -13.762583576958306 -11.772859339106617 
-11.266285559607269 -16.232932279366892 -13.945975357687672 -13.623175258828084 -11.66208205799569 
-11.38103518019608 -16.305512493265383 -14.0001641967105 -13.68968065206549 -11.734380140415396 
-11.43277714971697 -16.339067800909376 -14.0314423815759 -13.71763772109415 -11.774494495874208 
-11.427761542257414 -16.325993638368942 -13.991928225998379 -13.688970858614397 -11.736007839002568 
-11.609266027247926 -16.45678155614017 -14.153861632270093 -13.820745952242419 -11.92705538300359 
-11.654923570326957 -16.50304569216776 -14.240139922535533 -13.89287033575475 -12.017130827225273 
-11.372576065336148 -16.307530931499414 -14.039886794769814 -13.684708678813507 -11.774854365686522 
-11.268202260340288 -16.22762631508847 -13.94474665881728 -13.57556657913851 -11.667309217313928 
-11.266908620725914 -16.22645230805155 -13.942642061163568 -13.573978272386256 -11.665033957457254 
-11.550170778371324 -16.441167674871977 -14.209977397089588 -13.841955895362346 -11.970029926808635 
-11.584260219099448 -16.46923430266088 -14.271010467898591 -13.857848216386415 -12.03923922276438 
-11.548953359103479 -16.437053019263516 -14.22310268703069 -13.803188233505509 -11.988876424690233 
-11.685086765375942 -16.520075441172324 -14.232579133635667 -13.922257669543399 -12.011889288318699 
-11.693382573670718 -16.531558632120053 -14.264515201521334 -13.93794081354865 -12.044850332292043 
-11.74488381113484 -16.569581573405543 -14.329838099293056 -13.959066297459643 -12.121380015164277 
-11.814657486842705 -16.614779134636464 -14.339164404348082 -14.034436670848322 -12.13613634691393 
-11.831202023002632 -16.628328443871894 -14.357117368148423 -14.053974547758429 -12.155811421796614 
-11.685838586676596 -16.545391762031485 -14.316844624432221 -14.011512261193928 -12.088798313226974 
-11.573647159141899 -16.47467363595976 -14.273689288621185 -13.94430336888199 -12.029335031543667 
-11.51288532002711 -16.43884500191274 -14.262718782290918 -13.915205476142518 -12.009580690528765 
-11.501825678936981 -16.430407695247226 -14.252705812560976 -13.902826598296869 -11.998312060801169 
-11.556039124879291 -16.491750491235265 -14.42675308569028 -13.98133393445545 -12.183995838570254 
-11.68153325730141 -16.582654250141843 -14.542939381135454 -14.067432304878366 -12.320177524153465 
-11.50924491264081 -16.459814149623085 -14.411811930752165 -13.930935230899223 -12.165508694475804 
-11.482829512628811 -16.437516070971157 -14.362148185032325 -13.91388766182014 -12.109751210711252 
-11.411634162631515 -16.389867818606803 -14.321708569180956 -13.870630937511493 -12.05906829184947 
-11.927621801090893 -16.75902854527982 -14.68399933512704 -14.348409039487862 -12.483492164343161 
-12.35744642624907 -17.065077301626687 -14.977660485127586 -14.758496150753032 -12.828648225952648 
-12.483400837593337 -17.154730634834095 -15.07181313338458 -14.806195612334463 -12.9431063639056 
-12.474952074861605 -17.14321626389595 -15.035931708329045 -14.79172230996113 -12.905843561186856 
-12.431516674172187 -17.110685292865355 -14.998280453181522 -14.749735199206654 -12.86283527750929 
-12.624445840003531 -17.248943238378743 -15.141381330111884 -14.891319383431906 -13.032696360375965 
-12.779635429544882 -17.36750060136734 -15.285513089401576 -15.043499280803388 -13.195687518577941 
-12.802875288148783 -17.38511037680641 -15.312544554234321 -15.046449171128643 -13.227354016613646 
-12.932210767810702 -17.470033409077004 -15.361938944653474 -15.141653440084298 -13.29353214542995 
-12.867721938743884 -17.418378497458193 -15.287780354143791 -15.085635839617296 -13.210775116975498 
-13.126618907253032 -17.631316045366304 -15.608795963710165 -15.343567440679422 -13.563835809675183 
-12.883279369936375 -17.437281312699227 -15.338878994875998 -15.107146429171479 -13.263840547084612 
-12.945170060520397 -17.4684146108049 -15.309478354524884 -15.166465392605986 -13.24086091442048 
-13.01235810184896 -17.51325857094389 -15.342460303214636 -15.210589774665763 -13.283490698547595 
-13.02261427519818 -17.520675865025765 -15.349565212367594 -15.221245409019474 -13.29177360322484 
-12.640812578245601 -17.24405140321977 -15.058110461646152 -14.968432278240726 -12.945643872277003 
-12.631004849558408 -17.24156382537359 -15.073592518800709 -14.975592398403464 -12.959185230949402 
-12.606555771975906 -17.223609990930143 -15.05395677698678 -14.956009530408082 -12.936268584812382 
-12.645635157205945 -17.246667038878613 -15.057314441401758 -14.959275558863666 -12.946184333651061 
-12.593488784143318 -17.208769889568984 -15.01744873510414 -14.903133170886733 -12.900142209140881 
-12.677829580810467 -17.274046151570246 -15.102174178125011 -14.969685702498225 -12.996474633745336 
-12.683540729348067 -17.278700411599985 -15.108892298667016 -14.976457699651021 -13.003837702454362 
-12.800164109144745 -17.363058685858306 -15.197203664305249 -15.061746388134935 -13.108336202732758 
-12.881093583619574 -17.428252204342456 -15.288524682714609 -15.149524199611491 -13.209135367539005 
-12.831918674821353 -17.389629581945087 -15.236437871451244 -15.11665316112925 -13.149996121139864 
-12.807773759587818 -17.358814139348155 -15.158194523244873 -15.044044344419461 -13.07180539109251 
-12.831409528712982 -17.379892107492807 -15.194317041805036 -15.070108346754637 -13.110670240845863 
-12.806661275170171 -17.362528043749066 -15.178422265427315 -15.050189439959993 -13.091468269327493 
-12.946335331632895 -17.46386936573623 -15.281567880264348 -15.183383634834982 -13.21185464285577 
-12.873924248310075 -17.416308675589264 -15.249845170713257 -15.14230170410903 -13.169403929544657 
-12.541976560827294 -17.166464315898537 -14.954820141099418 -14.847145947730269 -12.831289043157525 
-12.552154864776142 -17.17386282749146 -14.96279569943087 -14.854529553140523 -12.840699554069076 
-12.545629818702125 -17.16969569936606 -14.960424825398263 -14.850285732517392 -12.837397903409496 
-12.159061160500855 -16.87738589449033 -14.603375667227354 -14.536619197999016 -12.42707012173139 
-12.162840927945354 -16.88002555779879 -14.605880974517376 -14.539377745541188 -12.430111673586708 
-12.280920205314928 -16.951089296001655 -14.633457788259818 -14.609150334213993 -12.475359305032711 
-12.320732696365496 -16.976128953309527 -14.648509299892709 -14.624431889225349 -12.497041227325326 
-12.31037611331432 -16.981606250403303 -14.69729025287404 -14.637152508272607 -12.54307639855621 
-12.327232650837146 -16.989188537790795 -14.690616768429805 -14.63254739994224 -12.539873752783379 
-12.524032891789957 -17.13179110137135 -14.846663214955143 -14.76992865545536 -12.724765335693888 
-12.965546687650715 -17.4227639090672 -15.066173782191115 -15.088248281569008 -13.009714810350971 
-12.888716651621323 -17.376986383274627 -15.054415600600777 -15.010092001484225 -12.988018941595229 
-12.952617318513859 -17.42013114847279 -15.091019142532872 -15.056300033615742 -13.034146965517436 
-12.947617006827528 -17.417349047658846 -15.090245780984745 -15.054475968844827 -13.032429827358712 
-13.073454090711095 -17.50966623220964 -15.18850494505864 -15.166119275318962 -13.1471514153872 
-13.072073635056043 -17.509169033698328 -15.188787453173774 -15.16810761483488 -13.14693405842732 
-12.519185931487996 -17.105806818885412 -14.76121250391104 -14.683389153974133 -12.646017664166237 
-12.520045745626007 -17.111899750594546 -14.783797237569516 -14.694033048012628 -12.667738708595195 
-12.473263311315478 -17.092791164798456 -14.805027655220186 -14.693959240606446 -12.679071969656079 
-12.469484470369878 -17.0933796899602 -14.817410131418072 -14.693311518934522 -12.690819102233519 
-12.468843423581887 -17.092594081540483 -14.815427261987878 -14.692541121596363 -12.68875889871667 
-12.379270405767215 -17.028146772875914 -14.749915188187543 -14.612693117961086 -12.611564883942592 
-12.313459397981347 -16.97976123689476 -14.704739380520493 -14.532560094903275 -12.559986810987837 
-12.356871288338198 -17.012757772268486 -14.74615936319212 -14.569331024233293 -12.607388038939789 
-12.40427960455375 -17.051621983340866 -14.801175921142388 -14.620436889796508 -12.667941250687036 
-12.286249356539713 -16.95483795469292 -14.66327322017736 -14.495709362510382 -12.515972366176157 
-12.257546226853236 -16.921462584385594 -14.58633798833391 -14.453873813901026 -12.436305227065986 
-12.268216570732633 -16.934413282927295 -14.611851061099486 -14.48277771509673 -12.461377219923605 
-12.142561114275892 -16.839614642552462 -14.49821664900439 -14.369271835920188 -12.331060934852289 
-12.273910823235383 -16.93235044463347 -14.588065969833039 -14.483854623561427 -12.438511648028268 
-12.288557760233346 -16.95553822839689 -14.646911482384795 -14.533743671506244 -12.496125354329479 
-12.494315942988678 -17.10542547683353 -14.811662224579266 -14.701959231031381 -12.689405906512519 
-12.476435959134946 -17.09251742596564 -14.798047801920305 -14.68711226524718 -12.673346725102661 
-12.657900270020974 -17.218561007650422 -14.913009861328163 -14.835681978728886 -12.813262473207999 
-12.933246297047475 -17.409924596229317 -15.092394496865225 -15.043646819402156 -13.032365350515036 
-13.00220828017359 -17.461354590987966 -15.146219988032499 -15.117950122163819 -13.093980464121628 
-13.055645422380266 -17.517112522180895 -15.264311765695638 -15.164108348335134 -13.218447600716132 
-13.079139391735538 -17.53360147061433 -15.278960695234119 -15.184778254087945 -13.236149251255611 
-13.190304140639526 -17.604292923532142 -15.340603996910517 -15.218396849369938 -13.319101199197704 
-13.291991811807634 -17.67544023042194 -15.400320871511866 -15.310839288230852 -13.39172132856504 
-13.224141953713712 -17.638269858878587 -15.385124534473732 -15.305859744284206 -13.361699773114225 
-13.255787263999565 -17.667124512955183 -15.433188803198576 -15.341987062901751 -13.412828539250299 
-13.207642685385622 -17.62973329156428 -15.387582943935385 -15.296149979719061 -13.361440919535866 
-13.136674102262276 -17.566169539019313 -15.285734601807178 -15.214651789631759 -13.252709755707897 
-13.148336478828739 -17.571260198140152 -15.280589030448766 -15.219956040357602 -13.249727917266654 
-13.10579261429747 -17.528974483679733 -15.197598994350074 -15.18352377366601 -13.16180153115883 
-13.511880532353928 -17.826688931366235 -15.516340243375751 -15.521505456897913 -13.535392441775016 
-13.155050056197524 -17.548315482860403 -15.17498659546628 -15.190818470380236 -13.150461614951581 
-13.256991825079254 -17.63442217428002 -15.302026697844369 -15.283587600640288 -13.28958471876419 
-13.212945470733004 -17.60764371020123 -15.293833004429445 -15.24207925744605 -13.275479205682942 
-13.36022580158783 -17.710372247395355 -15.406969949898652 -15.321313528864664 -13.4135474055509 
-13.352273830173218 -17.703633186805448 -15.397958224907484 -15.31203818983549 -13.403827195214049 
-13.273621948224289 -17.63893711262827 -15.310975750526495 -15.232741823120193 -13.308258480198788 
-13.257003245801144 -17.62707145251767 -15.296792107099805 -15.22331671025107 -13.291284342805767 
-13.12489280413807 -17.53015515993937 -15.194685840126652 -15.107908983421254 -13.171833772962884 
-13.126590028598429 -17.531402341302226 -15.196071596903309 -15.109286990316662 -13.17345495449213 
-13.2164483448028 -17.59682987323768 -15.265619229519814 -15.183713152532448 -13.255310666431356 
-13.267368289724757 -17.63715840264122 -15.332103987500545 -15.207390318057435 -13.330849603969469 
-13.303685267909017 -17.66385470398687 -15.358965836992837 -15.240871278640185 -13.362211064563638 
-13.312635240063315 -17.666936546759757 -15.355905547159765 -15.238535618004235 -13.361776851065244 
-13.329140239539896 -17.679843845840182 -15.371404248565725 -15.254370305905894 -13.379202463832115 
-13.217927670399476 -17.603348419495973 -15.307003132078108 -15.163231058971931 -13.299360768926306 
-13.085599617231779 -17.507120535540423 -15.208357675013346 -15.049236589822044 -13.183275599775158 
-12.987284526537891 -17.42340998116542 -15.07225924004976 -14.968092573651077 -13.033923037682456 
-13.011190453212194 -17.44292999742511 -15.097452933274909 -14.99348887360027 -13.061633703883032 
-13.118186354343024 -17.52685284585968 -15.20874559956195 -15.083551125303885 -13.187229257474769 
-13.340226356563747 -17.7085647829348 -15.442269417231302 -15.322883952862838 -13.44336865492059 
-13.692755732668715 -17.962641648602172 -15.693166198381661 -15.620783245971182 -13.74113440636178 
-13.738114968336973 -17.99701434558564 -15.735483161307599 -15.654726802051925 -13.789807552346218 
-13.856156686568454 -18.081240926695685 -15.81488493486259 -15.753959240821274 -13.88503723677772 
-14.346390673932376 -18.44090159823135 -16.19599728304712 -16.14857634685407 -14.332553737884226 
-14.293102782560155 -18.39657553793377 -16.141392083618086 -16.088803988460214 -14.273346819569511 
-14.444346713160925 -18.52658852527766 -16.325183082647442 -16.243878618369138 -14.47113502384218 
-14.35809887420163 -18.46926291871813 -16.280337306756977 -16.185917655040626 -14.412740552899123 
-14.496057945524313 -18.578866794102453 -16.421695808056413 -16.304024081745865 -14.570636912711848 
-14.342989323650897 -18.479397687323768 -16.34240470498237 -16.22424317354273 -14.465059050781036 
-14.40435694343455 -18.51252549339914 -16.339907059368045 -16.257460295306544 -14.473670632130563 
-14.422368160994012 -18.53771579953063 -16.381821466079103 -16.332484365327844 -14.510661099734577 
-14.279814139662676 -18.42040764736322 -16.243448175389887 -16.154121111027393 -14.361107492053222 
-14.36091198463663 -18.47785142231534 -16.300538424124667 -16.21010746915819 -14.430169927622572 
-14.447483528220857 -18.540708200110984 -16.367316315327486 -16.272874001734394 -14.509256299614322 
-14.454352203001676 -18.546593382874946 -16.37561803871992 -16.280012498280797 -14.518190167199123 
-14.465585736286684 -18.55707996581782 -16.39178120829608 -16.294274038759355 -14.535002861129072 
-14.488509550728125 -18.567285352023447 -16.38488217298888 -16.300553458796585 -14.533307605808133 
-14.476341302852816 -18.55588551831127 -16.372603077327142 -16.277019994679264 -14.521230162884365 
-14.412206960633412 -18.505399171906205 -16.309063306861944 -16.222528497163907 -14.44990124687071 
-14.402672323150071 -18.49809125863925 -16.30531737674049 -16.20721084980059 -14.445768321910293 
-14.294479359871218 -18.41328766468267 -16.208411794587278 -16.102011367993853 -14.337103406238569 
-14.239356132295839 -18.378250943051015 -16.197608845405853 -16.05106494632051 -14.319133621112755 
-14.227364617570117 -18.368263961922565 -16.185637686185927 -16.03716707241648 -14.30619193503037 
-13.980501605139906 -18.167835866329824 -15.949487280347967 -15.772803712500533 -14.04691842096473 
-13.837417911714596 -18.05705322367845 -15.825175575754173 -15.636474373628815 -13.906452917902229 
-13.834740497932117 -18.053610971919994 -15.818442453237566 -15.631053296309858 -13.89990643184538 
-13.846500060506244 -18.068268488015946 -15.837727313998244 -15.663511326617837 -13.917192523004886 
-13.729356273689405 -17.978235425325607 -15.754082271211288 -15.536166131162304 -13.822525362600345 
-13.707873250246507 -17.963175678444628 -15.73986899487933 -15.519521212053618 -13.805249733521833 
-13.533144445259069 -17.85413415713562 -15.671842518487225 -15.411263961543767 -13.708338813654137 
-13.430060126305321 -17.76790488749512 -15.543438858667741 -15.31364852567539 -13.567907454097465 
-13.236719721501686 -17.619827017248326 -15.39828148795553 -15.111551581238032 -13.403398594272915 
-12.914427565754607 -17.383045625914164 -15.159661649465889 -14.823486161810763 -13.124889456992648 
-12.403039540050457 -17.00566456029668 -14.731834705935427 -14.389728081505325 -12.628016561477182 
-12.363807282037328 -16.971331900205286 -14.681017875832794 -14.344064653522551 -12.573407613173075 
-12.272338394315739 -16.90483109248737 -14.611006342042444 -14.264681427921246 -12.491312607793603 
-12.536773181320555 -17.096160005242126 -14.831374508794198 -14.474364851601138 -12.750334528355268 
-12.539844190761258 -17.097899787993214 -14.831286907180882 -14.476548474539754 -12.750668584222396 
-12.30480412033343 -16.911601648178845 -14.594060612905707 -14.245900628530052 -12.485615923144508 
-12.265434104382194 -16.881743080305867 -14.571145247350643 -14.200691550570795 -12.459650747852308 
-12.164877691981886 -16.818455181474633 -14.526112666173375 -14.134150333549002 -12.398582531940804 
-12.201850474529834 -16.84709037991422 -14.557375246409876 -14.172216740287041 -12.433774701141303 
-12.163353310268008 -16.825065847654145 -14.557134065442469 -14.144998878397388 -12.428386703749169 
-12.119687664534709 -16.794914245577218 -14.523926037043637 -14.11407077529941 -12.388197233166636 
-12.09885763132921 -16.779355744374428 -14.505408902205957 -14.095811209081589 -12.366865431962069 
-12.063576624043577 -16.752700172860244 -14.45941927631057 -14.074202794073287 -12.313925027916781 
-12.101854520366246 -16.778207108659018 -14.479288455881957 -14.10389607105104 -12.339153626126176 
-12.196845581907695 -16.851021258653034 -14.560943869084866 -14.197985109364467 -12.43169909425086 
-12.308916730210726 -16.916395682306998 -14.594748365659555 -14.259792506296193 -12.484972511421901 
-12.211018513282141 -16.822076945798912 -14.441655737037422 -14.129799891652794 -12.324893729486348 
-12.164993521303927 -16.778349513201746 -14.359542744264957 -14.080917769328096 -12.237203695632104 
-12.205603592912695 -16.79122214396928 -14.352371905139606 -14.073673332819183 -12.242711370558439 
-12.131894604197697 -16.73263843374194 -14.278510324006007 -14.0009971523653 -12.160095956645407 
-12.155142496092608 -16.75602798756364 -14.331835358604067 -14.021664866270655 -12.21715434774734 
-12.169780572834199 -16.763106108554297 -14.330666882421284 -14.028870905805249 -12.21879639928072 
-12.213798779063794 -16.794529866816717 -14.365857271802653 -14.064011968108687 -12.260610381014018 
-12.202117546632124 -16.784439708988174 -14.341270309072414 -14.058992015805572 -12.233190858504642 
-12.198496999318138 -16.806305609296246 -14.42877286511505 -14.09199560897325 -12.315195222029928 
-12.173852048084498 -16.78755822119591 -14.406552879354322 -14.069317275820765 -12.289809280760338 
-12.13021269906936 -16.751634194726265 -14.352826951936777 -14.028109103050156 -12.230317549391785 
-11.90612164200104 -16.567836269029897 -14.129829686653082 -13.780493618210016 -11.98564699449021 
-11.892402645578642 -16.55861133167295 -14.107069450549858 -13.780144414452323 -11.958423113218231 
-11.928638799515312 -16.581193663731227 -14.120130954858126 -13.807583617690867 -11.976913467245964 
-11.868052491376332 -16.524217686196792 -14.034037746780314 -13.729996681769876 -11.8864399659589 
-12.112530350008996 -16.69992734030795 -14.20684551313066 -13.949816465123334 -12.09147744765528 
-12.120232507527362 -16.70687051984686 -14.22385437637044 -13.953518817358088 -12.110278091726911 
-12.263369218324911 -16.780644781917204 -14.258236797631781 -14.015375973007892 -12.176145048056583 
-12.044248465395924 -16.62014562736543 -14.063499726217344 -13.837279668295338 -11.948080441705997 
-12.187165900559691 -16.72767486209898 -14.20649203581975 -13.952653350479139 -12.113127123390996 
-12.218846639026722 -16.75766112853799 -14.237276220716439 -14.003389850771882 -12.143737787654345 
-12.181234786011359 -16.720251215962037 -14.204592587490254 -13.933429534201693 -12.113295589427011 
-12.182361346284694 -16.692642054078945 -14.158552338299899 -13.862249489640035 -12.08225453319993 
-11.99672402036164 -16.555905594962184 -13.983333569648522 -13.713502997704339 -11.87788362188401 
-12.040976601425228 -16.58641260511793 -14.017575081575743 -13.746580323394255 -11.919540571696047 
-12.03430803072115 -16.582496346444685 -14.016830128538132 -13.741029919540523 -11.917840959087158 
-11.990657044681086 -16.549922373452574 -13.979282625908525 -13.701980761489935 -11.874325059454122 
-11.99837147938915 -16.552845149970807 -13.980873944530899 -13.702115077482802 -11.878385595180418 
-11.846741575152762 -16.41002589630962 -13.852588784362723 -13.465159850538214 -11.752390502511432 
-11.881383489374954 -16.44064562475225 -13.87707768625883 -13.514519875976973 -11.777212010901067 
-11.897443300538498 -16.448621965503676 -13.880748340683596 -13.521832826672721 -11.784577316551918 
-11.885848058096968 -16.444658213756426 -13.891170496956974 -13.514913110763075 -11.79293791171871 
-11.857047138916073 -16.432853747745327 -13.908545239044628 -13.49680032745357 -11.805413759872295 
-12.004073171310012 -16.53798517839168 -13.992390842615492 -13.63773356731511 -11.90633926525372 
-11.916510631677298 -16.471459002101014 -13.906916093731809 -13.561296121610042 -11.808299383334017 
-11.960480965103969 -16.499527549628624 -13.944021690501899 -13.58568881807156 -11.854884619362224 
-11.843135152649822 -16.377918574288614 -13.75372529347787 -13.423165306055623 -11.66087139366509 
-11.880978128778835 -16.39467320970475 -13.756717070309847 -13.438345823162095 -11.67333473684512 
-12.038190691670664 -16.50929585403854 -13.891038415985832 -13.571623501621701 -11.831200063636274 
-12.265896569430197 -16.65192419447824 -14.019263935666686 -13.730460397895186 -12.001614309835801 
-12.384815334822505 -16.735667383851748 -14.083341326574939 -13.84369582803238 -12.080586850399868 
-12.415873475146654 -16.755134728351493 -14.06550899684349 -13.888065482458614 -12.063626340025067 
-12.414687443598424 -16.7790954009142 -14.126867133132194 -13.926095099330922 -12.11483305410411 
-12.308866787472041 -16.71214721740546 -14.074001045618218 -13.846439040490864 -12.043652196995467 
-12.311700727006581 -16.724314693691483 -14.09223620964049 -13.871850794453664 -12.056918849998524 
-12.418509723189672 -16.83308744232386 -14.258301742378336 -14.01546865682893 -12.22636432804704 
-12.451596791851912 -16.860152340560944 -14.290630139905943 -14.050281329886445 -12.261991089937439 
-12.405560325386446 -16.821638081572104 -14.23471009686449 -14.006269499038154 -12.200531709430692 
-12.396287134836712 -16.788971973498263 -14.132430503439437 -13.97504204941687 -12.102831162972407 
-12.421019479899442 -16.798715716477474 -14.130371905875265 -13.983537380959177 -12.10749298407545 
-12.307804707195686 -16.69469031531203 -14.003797998984822 -13.837085687394676 -11.975912712430173 
-12.506857547738747 -16.84464878950216 -14.186391854868504 -14.01039621520043 -12.186805394455092 
-12.407970596525047 -16.7521921094811 -14.064496405935785 -13.886710580256903 -12.060088190757668 
-12.427199005117046 -16.749463218476066 -14.069628649448617 -13.857313062109 -12.079188256068079 
-12.564759994316304 -16.831348824784456 -14.133423915201476 -13.949992406403197 -12.17030333550322 
-12.604828716850363 -16.86129216926402 -14.166477756535997 -13.986495375392664 -12.208738334304329 
-12.218143530934285 -16.627622365888172 -13.946179936799538 -13.74337937597555 -11.908797693013 
-12.235220582804502 -16.630018123417784 -13.905698486627571 -13.762418632203975 -11.870476492210258 
-12.17848617887671 -16.58540341354137 -13.845757802657417 -13.71215411567377 -11.802671549050686 
-12.470238376595319 -16.8092828651437 -14.168411674088887 -13.94312578655844 -12.171717298164623 
-12.574472565623111 -16.88629732492616 -14.242393167978165 -14.042904792800925 -12.25857319385311 
-12.967008515939781 -17.17983695535591 -14.583289126604456 -14.387564093904771 -12.653887957372149 
-12.960734252674712 -17.177857531429268 -14.59300757923117 -14.38101117318044 -12.662688762725807 
-12.953371368494714 -17.17377982547167 -14.591819685116874 -14.375791795854738 -12.660099368876544 
-13.114427336730927 -17.298567076398044 -14.71470725623692 -14.5408279175753 -12.799848182196499 
-12.926007123691932 -17.170026951817675 -14.59412867226132 -14.38839782831515 -12.64963832204009 
-12.739189142851814 -17.039068793841693 -14.459751820085188 -14.235272638444044 -12.486688540920127 
-12.703939706696929 -17.00567157661142 -14.413193319914598 -14.191749503153773 -12.43836774793165 
-12.794242788528052 -17.090221464913398 -14.523370293062058 -14.306020569287 -12.552558852419537 
-13.075218078688906 -17.291685392064252 -14.777912625314471 -14.51680677275445 -12.85348697294323 
-13.072276095030688 -17.28985626512204 -14.776598967139805 -14.514666443223959 -12.851655519702689 
-13.292108576600114 -17.429768167474165 -14.898299073221992 -14.671310248743382 -13.012821326204431 
-13.258646806120197 -17.40263033261479 -14.861235558373892 -14.640654434389418 -12.971723795568423 
-13.252215282350761 -17.39822325023117 -14.856395179261298 -14.635858662306262 -12.965795922115163 
-13.255242988843221 -17.400717729273595 -14.859189895166267 -14.639091245145025 -12.968859747151654 
-13.340960223747672 -17.465343799233338 -14.929056631481146 -14.717747321069552 -13.049587484491425 
-13.337967817377788 -17.46754061423897 -14.934789246411 -14.723736155984795 -13.052686202819487 
-13.215866545754125 -17.36756889456953 -14.834277813959574 -14.588151281353888 -12.942344959972985 
-13.21461582527644 -17.366242817925027 -14.836508482533148 -14.583975796753478 -12.945085086367698 
-13.197811856938074 -17.354014536170084 -14.82378659368689 -14.569297654971209 -12.930037452022631 
-13.040163341325993 -17.224681420842074 -14.65518639440387 -14.416039910557032 -12.744187500722504 
-12.980161778779816 -17.173550723716048 -14.594594600234558 -14.349825211231504 -12.678830297215512 
-13.129366428828533 -17.272556242031172 -14.693922541672023 -14.460687869407693 -12.8041696803743 
-13.178064919445404 -17.31846251050858 -14.735453076078372 -14.531795295668203 -12.845448435781435 
-13.197249421963008 -17.349988819663807 -14.793665950933615 -14.575401789913457 -12.898861320812244 
-13.294793476635604 -17.39999918988589 -14.86795710641671 -14.598666607668207 -13.00184855483731 
-13.333970370105263 -17.43562180688994 -14.91105135445838 -14.645868203986751 -13.046849841782347 
-13.495024389482467 -17.575157842482312 -15.117654860656742 -14.804522788056971 -13.269428083647611 
-13.49224726227132 -17.573786208955497 -15.122485634430575 -14.800423989028829 -13.274181530558906 
-13.496392507314084 -17.57790149323543 -15.132563647209025 -14.803606389076208 -13.284819924802818 
-13.629918327093904 -17.64447797024532 -15.187863667874211 -14.85799533668714 -13.374964747572378 
-13.624873373609347 -17.63900077599881 -15.182074729295636 -14.84975147345844 -13.369522557655301 
-13.631061428409055 -17.65171841533318 -15.224896810609621 -14.859075372092363 -13.411447242698543 
-13.595725596135438 -17.62844851766239 -15.20720322502352 -14.830857563656721 -13.388135175943987 
-13.69118938032345 -17.67921015008966 -15.26041190992862 -14.873399058070959 -13.465353131104521 
-13.776234828765922 -17.75226795028405 -15.347554299090646 -14.965499995587592 -13.558853374140966 
-13.920331207855241 -17.85181428833326 -15.459506592103892 -15.074905807152689 -13.69453654260829 
-13.933383875159564 -17.86855145778128 -15.464831849665615 -15.106555190865862 -13.696347039639576 
-13.858347139373763 -17.813259600451914 -15.397086257042275 -15.0450970704036 -13.617650441328294 
-13.865095816299615 -17.817075376130433 -15.380598566298218 -15.058075393804373 -13.600740019617064 
-13.960043584361657 -17.875241749134986 -15.428380704051364 -15.122757924199021 -13.666842749874235 
-13.979076918320743 -17.89183071917654 -15.444148622770612 -15.145690008431515 -13.683516337827712 
-14.017922141576506 -17.891727217948542 -15.413410100783295 -15.134624879222812 -13.67188222991291 
-14.07303731847405 -17.93330572898033 -15.409663327493874 -15.209562228566199 -13.670549375557485 
-14.037864570162242 -17.90821414313757 -15.380586272303262 -15.181796749999563 -13.635934384325722 
-14.025749826193419 -17.895809999350647 -15.36593205807631 -15.164607533248855 -13.621531844831935 
-13.596404000550436 -17.577466038539285 -15.030514880741137 -14.780869654898652 -13.228902176295733 
-13.5874097360404 -17.568664883036192 -15.012114941085656 -14.773051576135913 -13.209611213706964 
-13.636320806561415 -17.605392459891064 -15.065128266089204 -14.81040245452759 -13.270341088044788 
-13.683201724618385 -17.63594124241054 -15.08617141757803 -14.849298152749455 -13.298960385529952 
-13.958790568672555 -17.833786761258494 -15.3177046452644 -15.070106847666551 -13.573301674140112 
-13.950511070807153 -17.828117191199027 -15.312384254084918 -15.063364642176822 -13.5666647162344 
-13.914750052068726 -17.80142414508994 -15.282537910593632 -15.031977049659304 -13.531994217770844 
-13.784245350602617 -17.732566604973712 -15.20261809974356 -14.97843983368179 -13.417537747947563 
-13.797432979405173 -17.74084275052907 -15.207282813915967 -14.989167620183181 -13.424428714107165 
-13.753557555643837 -17.710426722901246 -15.175291784602251 -14.954536326141977 -13.385353628592568 
-13.926119149170816 -17.834747208412807 -15.308573258765534 -15.09942679755379 -13.54398982059881 
-13.923038630195379 -17.833349654317317 -15.303799503555695 -15.100413736212417 -13.537949068619483 
-14.075747699743502 -17.953044889625446 -15.444813139415132 -15.242058935749967 -13.696967093470178 
-14.106887346774329 -17.977642739378766 -15.470104388816011 -15.273317067510192 -13.725454747359791 
-14.061571810253099 -17.925625813963137 -15.389531484599345 -15.207744144316308 -13.647230869748341 
-14.088146801222663 -17.98442152694146 -15.480011892338183 -15.30066075990905 -13.720862471944315 
-13.722164008376708 -17.705624204204625 -15.177810250123756 -14.963086491801974 -13.373545758814657 
-13.785334747764836 -17.741076754308395 -15.213691521379573 -14.995076250054794 -13.424415413048422 
-13.774084342174106 -17.738600099230695 -15.21027608865927 -14.998427742857757 -13.41594325023371 
-13.692380406519987 -17.67393635831735 -15.149901326764422 -14.912155129305333 -13.347954521954648 
-13.576245074843442 -17.584992130675005 -15.020026826610717 -14.822046302600768 -13.200448538014527 
-13.595671662695224 -17.58471235579796 -14.982859490046977 -14.828366209080798 -13.170594134177506 
-13.530102584308281 -17.539078781529355 -14.92564845672112 -14.781644970119913 -13.101799663587911 
-13.530451826230419 -17.539303053034146 -14.92582122316135 -14.7819203040317 -13.102032847534787 
-13.52548736674575 -17.542692858504196 -14.93312127085278 -14.79127792322845 -13.104833461068566 
-13.489907568184222 -17.503271518547038 -14.867785989978316 -14.744331855429294 -13.039885346634833 
-13.195177411958355 -17.270442017576855 -14.586692259095912 -14.467185780487199 -12.723712259577582 
-13.145991832373952 -17.246610010559976 -14.573727226677391 -14.443692624929668 -12.69796549618087 
-13.242554428468864 -17.380588067738202 -14.778557316012837 -14.63941399372736 -12.885663444975293 
-13.308831249519898 -17.429939357976963 -14.84164519121046 -14.692387617959312 -12.958799380265432 
-13.160775523129416 -17.322236508873132 -14.711846005276158 -14.574630100988031 -12.8060515979993 
-13.60013939192271 -17.634246288940318 -15.092218828971028 -14.903743187884828 -13.259233065831381 
-13.619467548986819 -17.651755656986836 -15.127938917601156 -14.918172072706739 -13.29755679775333 
-13.615029828318697 -17.645804687105667 -15.120026602981085 -14.908989429902633 -13.290460871929199 
-13.74273522209468 -17.759377620038194 -15.26513413557906 -15.052139705445867 -13.444014432604988 
-13.611598326087531 -17.68117127007423 -15.205270876798053 -14.96747192721378 -13.358059302905346 
-13.717384180066645 -17.762638093462996 -15.309220679447364 -15.05839276122137 -13.47613612453027 
-13.629241184690088 -17.692198752774146 -15.224847310520701 -14.973672539157192 -13.38207708443025 
-13.465542025422309 -17.549283717026412 -15.056011640750924 -14.78715195592234 -13.202451962639003 
-13.386316827620021 -17.492329129900625 -15.017009144333528 -14.70919007655715 -13.15436955876909 
-13.411682101071804 -17.509027140373718 -15.02926544580896 -14.729831454338935 -13.17058993376682 
-13.2714334145858 -17.405666976308297 -14.920878380808531 -14.605357695967655 -13.04352518690429 
-13.135745362007754 -17.30872056033826 -14.825950801041714 -14.48822468659472 -12.929556460742148 
-13.147396893835719 -17.31577991262948 -14.831127869772445 -14.496209837588125 -12.936916846575826 
-13.209043492609283 -17.35390447011062 -14.892566821815308 -14.523901225883804 -13.013260998112372 
-13.22072532791961 -17.363232522166157 -14.905097987825556 -14.534587341663723 -13.027230220261941 
-13.162132326940878 -17.318091869008896 -14.863447966713053 -14.475469709489104 -12.97959978838766 
-13.26440943316318 -17.39309632181721 -14.952764889291672 -14.560579353611303 -13.083849411981845 
-13.294477931844497 -17.414031258754292 -14.976470153561777 -14.583742204637161 -13.112435351037234 
-13.296576894860578 -17.41774096522161 -14.98151635001561 -14.58985188004678 -13.116632127084642 
-13.268550277443197 -17.42716778592363 -15.015881655635596 -14.621495646578794 -13.132554805100995 
-13.023601222594195 -17.2147559708541 -14.755393018215997 -14.349223399714788 -12.853989534150472 
-13.022657029460817 -17.214217408975102 -14.754068562600565 -14.34907815278774 -12.852362218730718 
-13.170189622293279 -17.320444678950736 -14.865339338673408 -14.474928153218258 -12.98457431747228 
-12.898444229932764 -17.107576514702757 -14.63504897928432 -14.208010888852101 -12.724855748222737 
-12.891853749883396 -17.103933940144884 -14.631260196145178 -14.204765913632784 -12.719498610040915 
-12.701556746218088 -16.943921363723433 -14.48377216990015 -13.983184696572309 -12.560629777173858 
-12.706316324072091 -16.94652187204271 -14.484662792948725 -13.986258030780647 -12.562454818895262 
-12.973286052725456 -17.170286008009967 -14.714814895426272 -14.28529204976735 -12.811736742440658 
-13.013821232100838 -17.195825908733468 -14.733012954652366 -14.315727203565743 -12.836816722384555 
-13.16460743351466 -17.31421487914112 -14.889419786515603 -14.451782218275255 -13.01252136977105 
-13.049094128255192 -17.233063152310123 -14.764143043444165 -14.375689531930362 -12.865190335084478 
-13.04010062441239 -17.227707898570372 -14.756890907393256 -14.371290364911971 -12.855820145964287 
-13.039969115219478 -17.204420272552653 -14.72445345087013 -14.323598945131337 -12.83591621560808 
-13.021855701072823 -17.187408928062098 -14.705235071267609 -14.300091110333312 -12.816262803231552 
-13.160269289151358 -17.305928791030965 -14.863339444872153 -14.444350645846654 -12.986896634295036 
-13.12539361953273 -17.278303246301093 -14.827376203172562 -14.412208066913308 -12.946662905085404 
-13.158039092826968 -17.30792184333228 -14.87455272999236 -14.446329259765534 -12.996719254661485 
-13.27384859257755 -17.381204127050424 -14.934351866914483 -14.530466995011679 -13.076948551665637 
-13.271750913270665 -17.380062043893062 -14.934692498620976 -14.528798324468298 -13.07694290949729 
-13.389930835390402 -17.44839902720328 -15.0314976288833 -14.583408675102817 -13.202800670328514 
-13.565350186249162 -17.58126809036837 -15.162473968588557 -14.749471055669346 -13.354145720395692 
-13.540557253306602 -17.576191966097852 -15.193927092871306 -14.740070195625492 -13.378390471228315 
-13.645395237192957 -17.643730145267654 -15.241306024854794 -14.821775471664978 -13.442920900845508 
-13.61440495725158 -17.620025405676614 -15.219247581294468 -14.791506183679388 -13.417519449459434 
-13.649059220998424 -17.646008526335905 -15.27460765961196 -14.81181948214622 -13.47992039720873 
-13.692775546902581 -17.692681919099712 -15.328332372417123 -14.878207302824364 -13.531638072651177 
-13.721908739120096 -17.717987445810024 -15.361700320887309 -14.909087369986054 -13.567319735396964 
-13.718839560505884 -17.716068868216368 -15.356782263921303 -14.908250775952084 -13.561522556624908 
-13.921589844335912 -17.87033304185769 -15.522456637575843 -15.094501241068869 -13.751609179598972 
-13.928520577850705 -17.87597696419067 -15.529409380956196 -15.101264569978454 -13.759268561573862 
-13.862000110391975 -17.823117663286382 -15.483108083933033 -15.031487880432834 -13.707204927337841 
-13.830606380526376 -17.795656001635734 -15.44626819411586 -14.998180763678974 -13.667935004549534 
-14.007015415733605 -17.95971544179352 -15.648192651896878 -15.211798347503489 -13.876495029214396 
-14.002657101800182 -17.95493999839175 -15.62463301750168 -15.212231289795767 -13.851526321785983 
-13.989226819346385 -17.95388911166738 -15.619458980077496 -15.22131766432598 -13.839108996493053 
-14.004376370772647 -17.963396378668065 -15.629456802833062 -15.230908279368336 -13.852066300582251 
-14.042833851880204 -17.993696635602163 -15.682134031043446 -15.259855926967987 -13.910666403797606 
-13.978777146222328 -17.950984521461592 -15.640349143510036 -15.21257638467138 -13.858142861414464 
-13.935762368979894 -17.91189160070975 -15.60373687308892 -15.15744581982645 -13.820505959135048 
-14.0246020292535 -17.990281503307443 -15.66502967146792 -15.271477035404658 -13.88412063149157 
-13.881089734367222 -17.911338172571575 -15.65071504441454 -15.177928431684776 -13.842196777425912 
-13.833790273407459 -17.879965950332917 -15.618813394106468 -15.144266636359035 -13.802230369837247 
-13.77422256128692 -17.840085828492576 -15.555541437785749 -15.110277751544203 -13.726730035078049 
-13.879340899951586 -17.91663015893316 -15.648573995596237 -15.19425266566796 -13.835312473761576 
-13.867013018121668 -17.90772472320444 -15.639558697127455 -15.183829128823191 -13.824615233328743 
-13.93891937055804 -17.958109320648006 -15.684052287124118 -15.243729326591392 -13.879186807466468 
-14.056579652104247 -18.057236016062603 -15.800564191198362 -15.368577784550652 -14.005204446509765 
-14.050207875434864 -18.06204606855681 -15.831954543508573 -15.374047427642992 -14.032862487886632 
-14.334490507421606 -18.26842467814062 -16.031956106868833 -15.618350514555445 -14.27030193795079 
-14.29374671712094 -18.228398930845884 -15.9690967905143 -15.569544731449568 -14.205903492135832 
-14.224352434578876 -18.175978951192747 -15.906663047937514 -15.510093466306344 -14.134375853676133 
-14.313046084333195 -18.25131565623083 -16.001467767386842 -15.602319028096161 -14.236581773839163 
-14.306891202598536 -18.245061917192515 -15.994538970479397 -15.593263970381742 -14.229799287245342 
-14.311979140558762 -18.24996392055678 -16.00351287422488 -15.598615254171335 -14.239135769238146 
-13.782175311098356 -17.843000751593337 -15.524884077092281 -15.125052733255373 -13.695348127111387 
-13.553240413964929 -17.675783982221517 -15.333349111563223 -14.93608170619882 -13.471176371120038 
-13.67258904348428 -17.767766486680898 -15.44769663907411 -15.041672415453391 -13.60076228395016 
-13.61609858029712 -17.73046169109172 -15.416893640936706 -14.998823622674777 -13.560946681205053 
-13.843151462860192 -17.91065021952552 -15.633598513205925 -15.214444807038888 -13.802823400161344 
-13.830513876852777 -17.90175789572359 -15.623662915967003 -15.204753848861799 -13.790929248359092 
-13.927783082295505 -17.9966971574365 -15.728282213339995 -15.343018845442472 -13.895280263588035 
-13.926554010790639 -17.995401721181082 -15.724421323568876 -15.3421911318853 -13.891221318465213 
-13.881289949069568 -17.95756262955757 -15.668056534722922 -15.300047319559326 -13.829774113460317 
-13.858659279431095 -17.940426214373247 -15.667308605335009 -15.2710265285547 -13.828173080304765 
-13.743010354612153 -17.84648979504064 -15.562836097968614 -15.15224927192628 -13.713027070243669 
-13.911520677490344 -17.978158818346458 -15.737581842796857 -15.2999503309927 -13.909252109601141 
-13.82241113671337 -17.908393586510883 -15.65183373421867 -15.218514509317842 -13.812961045254795 
-13.630007779478873 -17.7539404195427 -15.470563551232317 -15.029531428575055 -13.6118987548209 
-13.741990566297318 -17.855763901491954 -15.61511787076752 -15.156929631487742 -13.763893429889634 
-13.786524795007722 -17.889396932449202 -15.663251743545146 -15.192091474829425 -13.818679370945617 
-13.771823982328158 -17.88170889299036 -15.664762765528067 -15.183038888323935 -13.8174716736537 
-13.787096232313914 -17.894187043008415 -15.678251895640841 -15.199019232407167 -13.8322780480119 
-13.65749621955841 -17.78899968947087 -15.559824209750104 -15.066880531523083 -13.701777542975123 
-13.707221671815532 -17.830767780319363 -15.603541655111115 -15.122268871272041 -13.748986214377027 
-13.729671900782904 -17.844645206219823 -15.616154952588545 -15.136116557292468 -13.765834765259996 
-13.733196313196402 -17.84720163718498 -15.614606261299585 -15.140790150613583 -13.764325505741837 
-13.741981879201035 -17.849103261835197 -15.599101612595646 -15.144727467679104 -13.750760788432132 
-13.830271776670102 -17.912295180557592 -15.675627812846287 -15.212465768187087 -13.840901458752398 
-13.8579689827139 -17.925347314775678 -15.670333878448588 -15.22698333919584 -13.841504888550503 
-13.85863824295501 -17.92579553726931 -15.672677936149753 -15.226666332720328 -13.844153206503762 
-13.897428194428144 -17.982039113975304 -15.79250182993512 -15.301130574759895 -13.95931480089223 
-13.854711275809834 -17.948515313997035 -15.748834289556257 -15.26276374809548 -13.910429305354342 
-13.740627288177905 -17.85311908595311 -15.602039402262875 -15.156178500331777 -13.750496548162815 
-13.802858830809157 -17.894676182418735 -15.66186391233478 -15.192933874147172 -13.822576795244885 
-13.781742939254869 -17.878797304484323 -15.654311137125902 -15.170244335583178 -13.813399616268313 
-13.833297161126936 -17.910781833025965 -15.709483007986009 -15.192572472820785 -13.88085046008689 
-13.718149684793275 -17.82730022811758 -15.613823814954074 -15.099095935074814 -13.768701807242891 
-13.64436387590932 -17.769445582282458 -15.553472781861416 -15.026894630954558 -13.700826141905821 
-13.563278695226515 -17.715858827516442 -15.497401745862248 -14.970804547224446 -13.630795289643842 
-13.58374875414546 -17.728209259118643 -15.51211940420211 -14.981535416186787 -13.649892691307898 
-13.645521749093703 -17.78353553058922 -15.567185972122573 -15.059368327706053 -13.707039910244092 
-13.666761328121424 -17.80395644201178 -15.580980893689855 -15.092196843714078 -13.72005033738293 
-13.917711337269168 -17.99321093991344 -15.81899034483817 -15.304001142878064 -13.992053487322252 
-13.900415182718945 -17.98363177126454 -15.807433488374116 -15.297169829879778 -13.976310173472598 
-13.89351773441878 -17.991171578192507 -15.833493725340816 -15.31468508474832 -13.99610289866169 
-13.74400358079069 -17.86762016934304 -15.679344591599033 -15.162922676269716 -13.827820473774423 
-13.867684190167282 -17.954178571654424 -15.80086826299356 -15.247732440529916 -13.970954892159838 
-13.989821190858166 -18.05054165886203 -15.913356860540802 -15.36363650969956 -14.09666869960985 
-14.037460923617346 -18.077959779530232 -15.956961541389248 -15.381931290663374 -14.15213019675977 
-14.312464991498118 -18.29272652762279 -16.140773973104814 -15.659665772211909 -14.360752109921265 
-14.267176977340185 -18.266810959635706 -16.146332840182538 -15.626520122948833 -14.359236847298874 
-14.229464106863773 -18.232491487922573 -16.09814322137376 -15.583404425996008 -14.308752391366824 
-14.247884228411309 -18.257679116990104 -16.140509493523766 -15.620733786304939 -14.348386703671494 
-14.326243730169153 -18.31591994798346 -16.22339905543032 -15.681071841696351 -14.443089499685357 
-14.325353715765559 -18.314462311993935 -16.21286526740822 -15.681493140845859 -14.432079300042048 
-14.319115454138085 -18.30595910179197 -16.210857604566513 -15.664754974944884 -14.432098890698995 
-14.09937449254798 -18.12724194672039 -15.997919573535171 -15.446878207810556 -14.19799888588713 
-13.970805560599558 -18.031480242229193 -15.860752622121367 -15.347063446340044 -14.04132044945348 
-13.901304033241232 -17.981419200949404 -15.81427659516443 -15.287781430777926 -13.98580813256389 
-13.91536215580716 -17.986938057871328 -15.808319811069254 -15.292818687762235 -13.983259307912647 
-14.293917472105775 -18.277000641913844 -16.169515780423183 -15.62300453525647 -14.392383804657129 
-14.282354532981003 -18.279444720087994 -16.179041245935466 -15.636130471190683 -14.394862878557433 
-14.187985357341418 -18.2008913891397 -16.096248767547635 -15.534926139605062 -14.304970701203843 
-14.114561418020784 -18.165503629087894 -16.066700489712233 -15.513560684559152 -14.256134915657327 
-14.170701419165383 -18.207642209037488 -16.099184525607114 -15.567305556129497 -14.29428613208735 
-14.171550512652672 -18.207787977691765 -16.102138433736428 -15.565901189354832 -14.297886247802026 
-14.037722760660742 -18.105852178666424 -16.008105111332426 -15.439417743052047 -14.189777153650837 
-14.110940701942226 -18.15923798533821 -16.077883895585813 -15.49618488393827 -14.270548740216825 
-14.027970795594058 -18.085776896499738 -15.994988578260646 -15.398416971555676 -14.183406323865327 
-13.914994253352205 -18.010464713183225 -15.898837556228898 -15.325624307421236 -14.066697577446305 
-13.576968520303438 -17.762835546951877 -15.590939126347337 -15.054985993288128 -13.709752373497494 
-13.685450443820017 -17.848613848561428 -15.693553604093097 -15.158385697118334 -13.82427619046392 
-13.743363788796543 -17.908730523684625 -15.745763543695404 -15.256694168372562 -13.872742884310242 
-13.899380970849236 -18.04413247455733 -15.899654173908473 -15.439458664733891 -14.036086104709582 
-13.918089974651778 -18.05698978603209 -15.913013087395413 -15.45297764265598 -14.05237859677706 
-13.947474167895876 -18.080975716929913 -15.973980813145474 -15.469244104887224 -14.119555212212674 
-14.219331280578743 -18.28000554967018 -16.26871779335933 -15.666902045581395 -14.458156526360625 
-14.589372069611187 -18.55685655578398 -16.60437384170146 -15.975906677685032 -14.842467469167374 
-14.760267919772332 -18.694927548660104 -16.763394739577734 -16.144146054402015 -15.017593147973585 
-14.722779303952152 -18.667861937139975 -16.743059529282405 -16.112149041452852 -14.992843480627528 
-14.69088706784288 -18.64627862272799 -16.72517971417271 -16.08896024285113 -14.970241500969678 
-14.664155515770219 -18.62347774943737 -16.681580549603368 -16.064232488064164 -14.923353686990254 
-14.652598927928821 -18.60911504944002 -16.663985058243583 -16.041147921019885 -14.907346479015516 
