8.869171142578125e-05
4.696846008300781e-05
4.6253204345703125e-05
4.553794860839844e-05
4.57763671875e-05
5.984306335449219e-05
4.744529724121094e-05
4.553794860839844e-05
4.5299530029296875e-05
4.601478576660156e-05
4.553794860839844e-05
4.5299530029296875e-05
4.5299530029296875e-05
4.5299530029296875e-05
4.5299530029296875e-05
4.553794860839844e-05
4.553794860839844e-05
4.6253204345703125e-05
4.6253204345703125e-05
4.553794860839844e-05
4.601478576660156e-05
6.699562072753906e-05
9.1552734375e-05
6.4849853515625e-05
4.601478576660156e-05
4.9114227294921875e-05
4.553794860839844e-05
4.57763671875e-05
4.57763671875e-05
4.601478576660156e-05
4.57763671875e-05
4.553794860839844e-05
4.601478576660156e-05
4.601478576660156e-05
4.57763671875e-05
4.673004150390625e-05
4.601478576660156e-05
4.5299530029296875e-05
4.553794860839844e-05
7.987022399902344e-05
4.696846008300781e-05
4.601478576660156e-05
4.601478576660156e-05
4.553794860839844e-05
0.00010204315185546875
0.00010132789611816406
0.0001342296600341797
8.487701416015625e-05
6.818771362304688e-05
5.0067901611328125e-05
0.0001087188720703125
5.0067901611328125e-05
5.030632019042969e-05
4.649162292480469e-05
4.601478576660156e-05
4.6253204345703125e-05
4.601478576660156e-05
4.553794860839844e-05
4.76837158203125e-05
4.673004150390625e-05
4.601478576660156e-05
0.00017070770263671875
4.76837158203125e-05
4.601478576660156e-05
4.601478576660156e-05
4.57763671875e-05
4.57763671875e-05
4.601478576660156e-05
4.553794860839844e-05
4.57763671875e-05
4.57763671875e-05
4.601478576660156e-05
4.839897155761719e-05
4.601478576660156e-05
4.6253204345703125e-05
4.601478576660156e-05
4.601478576660156e-05
7.772445678710938e-05
4.744529724121094e-05
4.57763671875e-05
4.601478576660156e-05
4.7206878662109375e-05
4.57763671875e-05
4.553794860839844e-05
4.6253204345703125e-05
4.553794860839844e-05
4.553794860839844e-05
4.649162292480469e-05
4.792213439941406e-05
4.601478576660156e-05
4.601478576660156e-05
4.649162292480469e-05
4.601478576660156e-05
4.6253204345703125e-05
4.6253204345703125e-05
0.00014066696166992188
6.127357482910156e-05
4.57763671875e-05
4.553794860839844e-05
4.57763671875e-05
4.553794860839844e-05
4.57763671875e-05
4.553794860839844e-05
4.553794860839844e-05
4.57763671875e-05
4.506111145019531e-05
4.57763671875e-05
4.601478576660156e-05
4.57763671875e-05
4.553794860839844e-05
4.57763671875e-05
4.57763671875e-05
0.0017113685607910156
4.9114227294921875e-05
4.601478576660156e-05
4.57763671875e-05
4.601478576660156e-05
6.246566772460938e-05
4.649162292480469e-05
4.6253204345703125e-05
4.57763671875e-05
4.553794860839844e-05
4.57763671875e-05
4.553794860839844e-05
4.5299530029296875e-05
4.6253204345703125e-05
4.601478576660156e-05
4.57763671875e-05
4.553794860839844e-05
4.57763671875e-05
4.5299530029296875e-05
4.601478576660156e-05
4.553794860839844e-05
4.57763671875e-05
4.5299530029296875e-05
5.841255187988281e-05
4.649162292480469e-05
4.57763671875e-05
4.601478576660156e-05
4.57763671875e-05
4.506111145019531e-05
4.649162292480469e-05
4.673004150390625e-05
4.649162292480469e-05
8.726119995117188e-05
0.00011658668518066406
8.20159912109375e-05
6.604194641113281e-05
0.00017881393432617188
0.000102996826171875
4.887580871582031e-05
5.0067901611328125e-05
4.601478576660156e-05
4.5299530029296875e-05
4.57763671875e-05
4.601478576660156e-05
4.673004150390625e-05
4.57763671875e-05
4.601478576660156e-05
0.0002124309539794922
0.0001430511474609375
0.00010704994201660156
6.461143493652344e-05
7.987022399902344e-05
5.030632019042969e-05
4.982948303222656e-05
4.9114227294921875e-05
4.863739013671875e-05
4.839897155761719e-05
8.368492126464844e-05
9.274482727050781e-05
9.417533874511719e-05
4.839897155761719e-05
5.030632019042969e-05
4.863739013671875e-05
4.839897155761719e-05
4.9114227294921875e-05
4.839897155761719e-05
4.887580871582031e-05
5.030632019042969e-05
4.887580871582031e-05
4.9114227294921875e-05
4.839897155761719e-05
4.935264587402344e-05
7.104873657226562e-05
5.078315734863281e-05
4.9114227294921875e-05
4.887580871582031e-05
4.887580871582031e-05
4.839897155761719e-05
4.8160552978515625e-05
4.792213439941406e-05
4.839897155761719e-05
4.863739013671875e-05
4.8160552978515625e-05
4.76837158203125e-05
4.792213439941406e-05
4.744529724121094e-05
4.76837158203125e-05
4.8160552978515625e-05
4.863739013671875e-05
4.9591064453125e-05
8.630752563476562e-05
4.863739013671875e-05
4.839897155761719e-05
4.792213439941406e-05
4.9114227294921875e-05
4.8160552978515625e-05
4.863739013671875e-05
4.76837158203125e-05
4.9114227294921875e-05
4.839897155761719e-05
4.863739013671875e-05
4.863739013671875e-05
4.887580871582031e-05
4.8160552978515625e-05
4.863739013671875e-05
7.224082946777344e-05
5.054473876953125e-05
4.863739013671875e-05
4.839897155761719e-05
4.839897155761719e-05
4.839897155761719e-05
4.76837158203125e-05
4.8160552978515625e-05
4.76837158203125e-05
4.887580871582031e-05
4.839897155761719e-05
4.9114227294921875e-05
4.887580871582031e-05
4.9114227294921875e-05
4.863739013671875e-05
4.887580871582031e-05
4.9114227294921875e-05
4.935264587402344e-05
6.532669067382812e-05
4.9591064453125e-05
4.863739013671875e-05
4.839897155761719e-05
4.863739013671875e-05
4.887580871582031e-05
4.887580871582031e-05
4.792213439941406e-05
4.887580871582031e-05
5.030632019042969e-05
4.9114227294921875e-05
4.9114227294921875e-05
4.9114227294921875e-05
4.9114227294921875e-05
4.887580871582031e-05
4.9114227294921875e-05
4.839897155761719e-05
6.628036499023438e-05
5.0067901611328125e-05
4.863739013671875e-05
4.8160552978515625e-05
4.8160552978515625e-05
4.982948303222656e-05
4.863739013671875e-05
4.887580871582031e-05
4.76837158203125e-05
4.8160552978515625e-05
4.839897155761719e-05
4.935264587402344e-05
6.747245788574219e-05
8.869171142578125e-05
6.461143493652344e-05
4.792213439941406e-05
5.078315734863281e-05
5.14984130859375e-05
4.839897155761719e-05
4.863739013671875e-05
4.8160552978515625e-05
4.8160552978515625e-05
4.839897155761719e-05
4.76837158203125e-05
4.863739013671875e-05
4.744529724121094e-05
4.839897155761719e-05
4.792213439941406e-05
4.792213439941406e-05
4.792213439941406e-05
4.792213439941406e-05
4.792213439941406e-05
4.792213439941406e-05
7.081031799316406e-05
5.054473876953125e-05
5.1021575927734375e-05
4.887580871582031e-05
4.863739013671875e-05
4.839897155761719e-05
4.863739013671875e-05
4.935264587402344e-05
4.863739013671875e-05
4.839897155761719e-05
4.8160552978515625e-05
4.863739013671875e-05
4.839897155761719e-05
4.8160552978515625e-05
4.839897155761719e-05
4.839897155761719e-05
4.863739013671875e-05
6.246566772460938e-05
4.982948303222656e-05
4.8160552978515625e-05
4.839897155761719e-05
4.863739013671875e-05
4.9591064453125e-05
4.8160552978515625e-05
4.887580871582031e-05
4.863739013671875e-05
4.863739013671875e-05
4.8160552978515625e-05
4.863739013671875e-05
4.839897155761719e-05
4.863739013671875e-05
4.792213439941406e-05
4.8160552978515625e-05
4.76837158203125e-05
4.839897155761719e-05
0.00010275840759277344
5.1021575927734375e-05
4.887580871582031e-05
4.887580871582031e-05
4.863739013671875e-05
5.984306335449219e-05
4.649162292480469e-05
4.553794860839844e-05
4.6253204345703125e-05
6.437301635742188e-05
4.7206878662109375e-05
4.649162292480469e-05
4.601478576660156e-05
4.601478576660156e-05
4.553794860839844e-05
4.57763671875e-05
8.368492126464844e-05
6.532669067382812e-05
4.601478576660156e-05
4.57763671875e-05
4.649162292480469e-05
4.5299530029296875e-05
4.649162292480469e-05
4.601478576660156e-05
4.6253204345703125e-05
4.57763671875e-05
4.601478576660156e-05
4.6253204345703125e-05
4.649162292480469e-05
4.57763671875e-05
4.5299530029296875e-05
4.553794860839844e-05
4.601478576660156e-05
4.57763671875e-05
0.005415439605712891
5.221366882324219e-05
4.744529724121094e-05
4.744529724121094e-05
4.601478576660156e-05
4.6253204345703125e-05
4.57763671875e-05
4.6253204345703125e-05
4.601478576660156e-05
6.341934204101562e-05
9.703636169433594e-05
6.246566772460938e-05
4.839897155761719e-05
4.887580871582031e-05
4.863739013671875e-05
0.00010371208190917969
6.461143493652344e-05
6.437301635742188e-05
6.031990051269531e-05
4.649162292480469e-05
4.553794860839844e-05
4.6253204345703125e-05
4.553794860839844e-05
6.222724914550781e-05
6.651878356933594e-05
4.9114227294921875e-05
8.678436279296875e-05
6.556510925292969e-05
6.341934204101562e-05
4.649162292480469e-05
4.57763671875e-05
4.57763671875e-05
6.699562072753906e-05
4.792213439941406e-05
4.601478576660156e-05
4.57763671875e-05
4.5299530029296875e-05
4.601478576660156e-05
4.76837158203125e-05
6.604194641113281e-05
4.839897155761719e-05
4.863739013671875e-05
4.935264587402344e-05
4.863739013671875e-05
4.8160552978515625e-05
4.8160552978515625e-05
4.863739013671875e-05
4.8160552978515625e-05
4.839897155761719e-05
4.601478576660156e-05
4.5299530029296875e-05
4.553794860839844e-05
4.6253204345703125e-05
4.5299530029296875e-05
4.57763671875e-05
7.390975952148438e-05
4.7206878662109375e-05
4.601478576660156e-05
4.57763671875e-05
4.7206878662109375e-05
4.57763671875e-05
4.601478576660156e-05
4.57763671875e-05
4.553794860839844e-05
4.57763671875e-05
4.57763671875e-05
4.673004150390625e-05
4.6253204345703125e-05
4.553794860839844e-05
4.57763671875e-05
4.57763671875e-05
4.601478576660156e-05
4.553794860839844e-05
8.034706115722656e-05
6.437301635742188e-05
4.553794860839844e-05
4.5299530029296875e-05
4.553794860839844e-05
4.506111145019531e-05
4.5299530029296875e-05
4.506111145019531e-05
4.5299530029296875e-05
4.553794860839844e-05
4.553794860839844e-05
4.649162292480469e-05
4.57763671875e-05
4.57763671875e-05
4.506111145019531e-05
4.57763671875e-05
4.5299530029296875e-05
5.888938903808594e-05
6.771087646484375e-05
9.799003601074219e-05
9.608268737792969e-05
0.00014257431030273438
0.00010442733764648438
6.604194641113281e-05
0.00011730194091796875
8.153915405273438e-05
0.0005769729614257812
4.839897155761719e-05
4.76837158203125e-05
4.673004150390625e-05
4.649162292480469e-05
4.601478576660156e-05
4.673004150390625e-05
4.601478576660156e-05
4.601478576660156e-05
0.00010037422180175781
4.744529724121094e-05
4.673004150390625e-05
4.673004150390625e-05
4.553794860839844e-05
4.601478576660156e-05
4.649162292480469e-05
4.649162292480469e-05
4.601478576660156e-05
4.673004150390625e-05
7.772445678710938e-05
4.76837158203125e-05
4.649162292480469e-05
4.601478576660156e-05
4.601478576660156e-05
4.601478576660156e-05
4.553794860839844e-05
5.936622619628906e-05
4.696846008300781e-05
4.553794860839844e-05
4.57763671875e-05
4.6253204345703125e-05
4.6253204345703125e-05
4.553794860839844e-05
4.57763671875e-05
4.5299530029296875e-05
4.57763671875e-05
4.6253204345703125e-05
4.57763671875e-05
4.57763671875e-05
4.887580871582031e-05
4.6253204345703125e-05
4.553794860839844e-05
4.57763671875e-05
4.57763671875e-05
9.250640869140625e-05
4.792213439941406e-05
