-16.339839516202815 -17.644445898052865 -15.048298399215355 -15.019893774647556 -14.787647644025768 
-16.11287228932737 -17.47005995370077 -14.861202129404987 -14.788927995080712 -14.571806210313227 
-16.0154032791297 -17.418137189978268 -14.77479656570101 -14.716650389436808 -14.461962095194565 
-16.042988151404984 -17.441430843509906 -14.800874392525202 -14.745943066175457 -14.490131889488168 
-16.085588896298987 -17.501533128241363 -14.877371773188614 -14.806092940488256 -14.553881490187194 
-16.063020811579946 -17.49320922436455 -14.864596151839336 -14.791260559511457 -14.533052632909062 
-15.989363475820298 -17.43920362849785 -14.80473119430674 -14.719113984608697 -14.462437077352064 
-15.875363505177845 -17.32196497584124 -14.683223463387279 -14.579290850779515 -14.344384294082928 
-15.919011996318957 -17.362090934236576 -14.735836723211207 -14.625713913045573 -14.39751647369664 
-15.946139901117931 -17.377943513170038 -14.770525549584335 -14.644013807875893 -14.436970764771203 
-15.777369442842058 -17.27818052105704 -14.62386445100934 -14.507968595991002 -14.254306814900602 
-15.742990895352477 -17.235489799143494 -14.576212591029062 -14.460959470188328 -14.212532265811191 
-15.629353172261204 -17.122319900189837 -14.449631289377706 -14.32690899027537 -14.088017092431286 
-15.702491032114963 -17.209340587833665 -14.546529047301888 -14.424193266385728 -14.174787038192108 
-15.735676265066061 -17.274598858060685 -14.630542937065115 -14.484786972792023 -14.23715181134176 
-15.694869231445736 -17.23171458769592 -14.5702236297642 -14.438720390213234 -14.180092899240393 
-15.858209033292098 -17.391202201624296 -14.789202737750088 -14.616356047421277 -14.39439928509293 
-15.896668804711396 -17.43377697459715 -14.843470420255585 -14.662943541343296 -14.444739874815767 
-15.901095073644726 -17.439174225650817 -14.848673865440986 -14.669168440086736 -14.449331999978497 
-15.995681657974956 -17.506340208622177 -14.957113875901115 -14.749559142266406 -14.569667197426597 
-16.00893783008692 -17.52086907081872 -14.99492236268921 -14.759950890424577 -14.604409623771318 
-15.971320106379707 -17.48338700849463 -14.960169215764964 -14.713727661386457 -14.569656003029465 
-15.974024256707665 -17.48625540166185 -14.962535386870115 -14.717277591748058 -14.571946189895783 
-15.906000005736132 -17.368898105461625 -14.80164166052495 -14.607832530010697 -14.445611730370075 
-15.922094416312873 -17.3735885578251 -14.815854629739434 -14.615545057144288 -14.465655906811008 
-15.865586778718011 -17.309322959961918 -14.76019372885726 -14.53840781141642 -14.414351549845392 
-15.904774253830553 -17.340888777108617 -14.781158969793282 -14.582991260579178 -14.440628010968709 
-15.820080656014667 -17.29579633159797 -14.728069705020985 -14.51387781350573 -14.365100408950738 
-16.000367914499023 -17.37796348489941 -14.79053780988798 -14.661574057645993 -14.487493521873574 
-16.087026866752367 -17.467730661447504 -14.842919095944126 -14.780678229420246 -14.541026971568087 
-16.28575729152648 -17.616698870040324 -14.963448227145747 -14.992963435481116 -14.693199938196244 
-16.282958651923934 -17.619014407076463 -14.97008591130367 -14.992011093743088 -14.696265981469665 
-16.278539012421476 -17.614394301139754 -14.965379906466552 -14.986527020468358 -14.691732912928842 
-16.254146267765492 -17.597746348338703 -14.94181640423632 -14.965133437017784 -14.66435727635914 
-16.143143338648912 -17.52547130913719 -14.821683092678583 -14.876133230408414 -14.526331838780592 
-16.15636156816987 -17.535309067714834 -14.831815175625763 -14.889506543186599 -14.53839633117731 
-16.21733522846519 -17.54312846822789 -14.865215533182422 -14.914307158977024 -14.6013716572876 
-16.00448083949668 -17.33348381961818 -14.621557899699013 -14.66935162927264 -14.361329234535816 
-15.875466637607559 -17.223623277561188 -14.473996959742067 -14.539407151681274 -14.207100233506708 
-15.779336474091082 -17.148733171015735 -14.382669566155968 -14.443823142249514 -14.10521397154912 
-15.926916052959157 -17.26416113889556 -14.506648924286765 -14.596654472074661 -14.246871338104299 
-15.937325789919868 -17.221985404561124 -14.483241660873446 -14.563378297696246 -14.254048569995021 
-15.946784791725193 -17.2201166835206 -14.502701811359387 -14.5592355327462 -14.278111260104694 
-15.853786069243128 -17.173417943876004 -14.457054492387556 -14.480118263774244 -14.204526469747663 
-15.86330170873076 -17.187037168479264 -14.476845552753247 -14.492764050384181 -14.221025711499834 
-15.626654228171319 -16.96090654643166 -14.271980511813254 -14.205202648345576 -14.009613453187129 
-15.443114177946612 -16.85395629100323 -14.148463965149219 -14.044873056173032 -13.842329790454329 
-15.397979360044545 -16.84632003398734 -14.167956968372707 -14.010655838416312 -13.83644644553084 
-15.486607983501969 -16.931334729485997 -14.261819229017604 -14.113437195287403 -13.930808009829207 
-15.748326122304917 -17.16999887634671 -14.531506244752734 -14.405058700435887 -14.20906401612838 
-15.568938562116102 -17.02824309050044 -14.317571262943773 -14.238292515381374 -13.980893110174549 
-15.595744639117214 -17.05511970200557 -14.37487057248228 -14.261535124080226 -14.034905564540495 
-15.705326451951038 -17.157125485650894 -14.521751170105972 -14.375400834074384 -14.180983145925026 
-15.814594976893957 -17.271432824661076 -14.639583516957345 -14.511318129795029 -14.29437854070757 
-15.866484247553174 -17.309051116075153 -14.684911973283434 -14.560803791922112 -14.347180708071065 
-15.874842595726108 -17.316072400472365 -14.692471074273286 -14.569748176145694 -14.355425594197413 
-16.129698560992566 -17.525037089388817 -14.936264339477887 -14.83249132126545 -14.621380827416232 
-16.12388186494124 -17.530759040558422 -14.949336654708887 -14.832162733394199 -14.626742173409184 
-16.173616318611394 -17.6197695920838 -15.112805767029258 -14.901133363433019 -14.758615502830878 
-16.37436116785139 -17.811832037501603 -15.334664196464004 -15.127985931289118 -14.981018760872175 
-16.42204011705357 -17.85594752854135 -15.381960268828792 -15.18170903295811 -15.029727665322483 
-16.37342101228633 -17.862147072181045 -15.332422546632117 -15.183131927191695 -14.952988771797564 
-16.32735206751903 -17.793165823405815 -15.25225312834678 -15.11250301431258 -14.888124238068372 
-16.49530335847247 -17.97120988358276 -15.39919152530085 -15.333189906296738 -15.030399447837965 
-16.491026255011022 -17.95962343588144 -15.392192847708074 -15.3207122732844 -15.027437328288968 
-16.49271222941597 -17.957349038159123 -15.390685411009713 -15.319342911940453 -15.028242816263202 
-16.496066613899572 -17.934208116868845 -15.377507751709032 -15.299200514408582 -15.030137906005749 
-16.57225629148597 -18.004069427093924 -15.48318415467385 -15.374987154148727 -15.135479666030875 
-16.58900476916658 -18.05668621015684 -15.537033112507729 -15.423304953201011 -15.167421355586 
-16.563863182679157 -18.026387979927648 -15.495979508191695 -15.392186818375933 -15.130724766555744 
-16.582764257512537 -18.062353313085453 -15.519505998011212 -15.432527940937788 -15.144951187835233 
-16.585737176291033 -18.06565954121747 -15.524916724471183 -15.435722396784001 -15.149936261283159 
-16.530900768802752 -17.977432652738727 -15.411887158410806 -15.350711880294241 -15.059972693714343 
-16.70521410310235 -18.14831206101485 -15.647540562281051 -15.53788030052975 -15.289912865556161 
-16.744309089265343 -18.174361341026028 -15.673149112743943 -15.574721467538879 -15.323079471094928 
-16.71791471019641 -18.157715057545474 -15.656579340085855 -15.550659139059547 -15.300861341623857 
-16.735227128812255 -18.192339251442334 -15.670509040625177 -15.591708993757223 -15.30618448928854 
-16.38061861607119 -17.928802960362802 -15.328899263873424 -15.262000859624166 -14.919866017175991 
-16.456212000613334 -17.99954180011585 -15.349894468411833 -15.366159769186467 -14.947553350671427 
-16.611629728466824 -18.170106515152483 -15.578188247673978 -15.547497253912297 -15.16007371495509 
-16.671691637016053 -18.283017153264737 -15.707759124425337 -15.658757819518641 -15.255667671893363 
-16.753285402694786 -18.363377839317508 -15.789775753332805 -15.755791057217706 -15.33753936973001 
-16.949145241589648 -18.50631572435202 -15.981372079107558 -15.93172042651426 -15.555120940719917 
-16.822784142185185 -18.392675634353154 -15.81197708102816 -15.808427022182386 -15.384025455505366 
-16.663242834513312 -18.262347104900115 -15.676610597977941 -15.641720942703898 -15.232871839736049 
-16.68237051699107 -18.289069805134048 -15.702520899049873 -15.671510822780292 -15.254076862805618 
-17.070054609413233 -18.636882337535695 -16.12425386520529 -16.081237065056484 -15.690045093541741 
-17.04797783831964 -18.60689591995893 -16.100904167930096 -16.045931839310754 -15.67107148421583 
-17.04396718760141 -18.604886809942144 -16.09680649601313 -16.043452255719245 -15.665988163703418 
-17.120388652772007 -18.684571754742663 -16.166636740290457 -16.14132292829423 -15.734024530962955 
-17.118697895501896 -18.684997575493483 -16.170483848537827 -16.139921570121928 -15.736319765558761 
-17.098535176647232 -18.66875358334869 -16.149506057051013 -16.120511893690193 -15.713571903301002 
-17.122136166921635 -18.697937788296272 -16.15522791607593 -16.1614845510411 -15.717719519404568 
-17.091800077377272 -18.638058076024635 -16.04881980994081 -16.116486191728086 -15.63346151622602 
-16.88998488318201 -18.461147861305903 -15.855792602363124 -15.899168894684905 -15.428568584116448 
-16.9106459983867 -18.48627450883886 -15.890557303144746 -15.924502654096045 -15.459606010067333 
-16.921001126760473 -18.533214635064624 -15.938918602077052 -15.967316310445952 -15.485567026322755 
-17.013491841584425 -18.62742468643755 -16.072253689942386 -16.066966016320194 -15.613778149462163 
-16.797096264951165 -18.44441691322318 -15.849520060769848 -15.84760722245737 -15.376110360410152 
-16.67952530145574 -18.382128032763475 -15.793682219831908 -15.75088311963799 -15.287448756453287 
-16.7956455329158 -18.465153232395593 -15.892049349687724 -15.857538421204012 -15.403505933496021 
-16.57277448558736 -18.27939502925709 -15.657659759023247 -15.636232955748213 -15.152566215090431 
-16.5397250267351 -18.24919837684054 -15.640218370145973 -15.594312725804656 -15.13273101985044 
-16.646151274142298 -18.319699369469916 -15.713663678469246 -15.691189103577543 -15.226682158033952 
-16.51930490595859 -18.173863767668237 -15.53258443006348 -15.533066399126426 -15.061144138140662 
-16.65125919738449 -18.26840506228055 -15.631675557603472 -15.659758206439903 -15.181374506699328 
-16.830609064099207 -18.44359386826737 -15.84669306562607 -15.85959425567708 -15.393931103877847 
-16.78891753538383 -18.362342839575845 -15.745400027975947 -15.782876497766054 -15.318736335181484 
-16.66063556622433 -18.26617500504011 -15.615872560117396 -15.666096957586262 -15.173686180496887 
-16.757969173215102 -18.334882203168462 -15.681332976148553 -15.761268408337912 -15.255969219839017 
-16.73423653002834 -18.314582446423614 -15.66022902327073 -15.735653484887735 -15.233062457144896 
-16.9396988860466 -18.45092855876524 -15.872691908485436 -15.900335374756907 -15.479011805683186 
-16.81878978502951 -18.289831960973373 -15.725613207231959 -15.717251934597101 -15.356115184449962 
-16.705721893148393 -18.14567047216626 -15.577340942858399 -15.557420248249926 -15.228115526207901 
-16.838976678294785 -18.24886929845576 -15.747468436869667 -15.67274392524682 -15.408740294449586 
-16.83410832048189 -18.27612151204029 -15.792339005062388 -15.686807394299265 -15.432604061368878 
-16.820719780364556 -18.269646079762225 -15.79093418097483 -15.674667663034583 -15.426676046422102 
-16.83403501637379 -18.27907404639643 -15.79753378977611 -15.68843745887881 -15.435765853783792 
-16.7607177934555 -18.214622649185998 -15.717822605149024 -15.612041058827515 -15.35282240727625 
-16.91466889882527 -18.32155968049321 -15.813697493166458 -15.76341356389895 -15.47675247684866 
-16.968461662581674 -18.421391426087467 -15.93330163123207 -15.85825064452277 -15.5662434704564 
-16.996189648164517 -18.444388754080137 -15.966014723396498 -15.884716293024113 -15.600636347973833 
-17.085929329263536 -18.54255767033787 -16.11619361602982 -15.983093263493117 -15.740067826423072 
-17.067222188416295 -18.54085940631832 -16.121650134150386 -15.972230572854713 -15.734864884847255 
-16.88569539854616 -18.342041390981024 -15.918312112548989 -15.742188541733896 -15.543809858237836 
-16.77223820736866 -18.243727164022033 -15.819774032368045 -15.618316065725423 -15.437228294972883 
-16.71268843028156 -18.219767112058165 -15.784035154889537 -15.578959016106282 -15.381876221446547 
-16.708932404764028 -18.200308283167374 -15.775577718749375 -15.558580703769863 -15.38179226978211 
-16.79760063672704 -18.319446408340767 -15.857735774785851 -15.700617187759121 -15.44839636142666 
-16.82252971577107 -18.340603784797338 -15.878433923919303 -15.727627169643895 -15.471174784788744 
-16.928665579048953 -18.438692937293425 -15.991848399135066 -15.843907932399304 -15.587084940044207 
-16.93757573112252 -18.448000613233077 -16.000873349925342 -15.855008643055712 -15.59582123337377 
-16.991954574273834 -18.505291998356 -16.040700082824827 -15.92795917599598 -15.635020378342233 
-16.939949311772224 -18.437732286176214 -15.954671126455281 -15.85855962737395 -15.560449732740551 
-16.98091857218735 -18.516749276859457 -16.046027808529814 -15.935057309299907 -15.627531604268597 
-16.98236335402801 -18.519326440102063 -16.049882338746812 -15.937330208538825 -15.630582283270172 
-17.128199098147604 -18.655916210178887 -16.233405197193633 -16.090294814712678 -15.814182095714798 
-17.161862453186856 -18.671802630838982 -16.253971172985246 -16.114605598049764 -15.844624343658452 
-17.10576747386692 -18.604016723053263 -16.172274543865342 -16.04209374027731 -15.771640136534543 
-17.12320058845802 -18.615042370291548 -16.158509779527662 -16.065390575264956 -15.76382275641582 
-17.132122046080525 -18.627669708009464 -16.160478230099812 -16.082442376933628 -15.764469487768395 
-17.176370112843856 -18.721923032279236 -16.24838745931129 -16.178603569324338 -15.82260813061076 
-17.418975296655432 -18.934687236180466 -16.469878315225984 -16.441960103775443 -16.05908028735344 
-17.48672377643433 -18.969000504750497 -16.534916558258985 -16.485672870350044 -16.140769555341663 
-17.49111571863962 -18.973279919880653 -16.53875937181563 -16.49097168750845 -16.144681804048005 
-17.49788373331576 -18.971159975729236 -16.526219460670262 -16.495220556420975 -16.138350841179857 
-17.55845876099457 -18.997998056812108 -16.566678809936974 -16.535991001545113 -16.197211077821237 
-17.549676304508523 -18.9930568987142 -16.558741809014833 -16.529552530196867 -16.187332177760624 
-17.55983115085185 -18.98419814908337 -16.54602596967821 -16.52774103571774 -16.18627445276168 
-17.49669227718779 -18.922537764757152 -16.486069728532 -16.452937993120855 -16.12580856699836 
-17.383398601435275 -18.81859007686363 -16.387669866762877 -16.323225460037634 -16.0222533558656 
-17.383156048407002 -18.81839289592611 -16.387567724127337 -16.32294174596278 -16.022117124370425 
-17.38102037921462 -18.81592071519239 -16.378412692543392 -16.32223589249 -16.013815717926562 
-17.49547239478109 -18.927435624309936 -16.538094192281278 -16.441515705906895 -16.16971171074087 
-17.510467380267215 -18.9365766960332 -16.566209672264847 -16.448948151860264 -16.199376539830894 
-17.42851618228832 -18.860269561344182 -16.47571259483196 -16.360029717785068 -16.1075585702162 
-17.440544480750674 -18.862124315678244 -16.48872903339094 -16.362913904400344 -16.125456338395296 
-17.440848525253827 -18.862545264272242 -16.489513355113615 -16.363260496954055 -16.126133789103037 
-17.31768937087378 -18.773282143893653 -16.358838874952923 -16.255893098893907 -15.980241845658895 
-17.338537420821893 -18.780919901697885 -16.374450816648988 -16.2677719115714 -16.002802733839758 
-17.308272858816736 -18.77498994378078 -16.358896956056455 -16.25410019533915 -15.973900036024546 
-17.195281420983434 -18.701800113960758 -16.246800455630222 -16.163268447822702 -15.842568574514928 
-17.191282235305408 -18.702013016794908 -16.246921166894396 -16.161950019849712 -15.84021283720594 
-17.32557114703414 -18.818205558888565 -16.39389231072765 -16.298333320924627 -15.994049616024014 
-17.350620893679135 -18.8367125176123 -16.416551030118995 -16.32167361095702 -16.02001740533872 
-17.304232483514312 -18.783956422154205 -16.35198371763039 -16.26470189928142 -15.960729040894122 
-17.582650889429203 -19.02683040193098 -16.63982821877036 -16.554518974376876 -16.263227163787604 
-17.639592948754967 -19.088574580426354 -16.693339770890603 -16.628836529325056 -16.314174112743288 
-17.70238473425951 -19.136402683859274 -16.76238336058401 -16.684972879391722 -16.389606864497026 
-17.632831322799262 -19.081918623847756 -16.70844687298448 -16.614075920971416 -16.3272436423412 
-17.669790548060377 -19.12077511050279 -16.74558773759584 -16.66015590140796 -16.363110333320847 
-17.72492308170405 -19.187579742601443 -16.819068931104027 -16.73316287094427 -16.428584729196928 
-17.829768520303304 -19.19646565647588 -16.833644783511147 -16.7797163645091 -16.498767886365727 
-17.689754107016256 -19.05077983056981 -16.66511530688814 -16.615928668372618 -16.337029893323873 
-17.861433689681945 -19.19861741717068 -16.826461438799086 -16.797361621853213 -16.509829959371046 
-17.886802680341276 -19.219959074476975 -16.850926202412197 -16.823401266164254 -16.53617338244642 
-17.93492115790926 -19.25084380972656 -16.872241741787235 -16.870397228888706 -16.568343063589182 
-17.976610982743523 -19.27240934236501 -16.897570169339133 -16.903314911976153 -16.60496199273851 
-17.790033150447087 -19.167168598681087 -16.810878025345957 -16.738624933233723 -16.469478382831667 
-17.781409240145734 -19.15822173971476 -16.795597025845424 -16.73008901041328 -16.455080909613017 
-17.84011086956808 -19.215639680811094 -16.874833688230567 -16.792082282952876 -16.532461548424607 
-17.835428088006964 -19.20865120976599 -16.868102755185802 -16.784633194158843 -16.527111191300776 
-17.834923953405152 -19.208245824274798 -16.867586313155186 -16.784146016782557 -16.526551171775182 
-17.881072402713983 -19.24706332767437 -16.913307901442394 -16.831074282229338 -16.575566955222243 
-18.026063875466235 -19.349814201175164 -17.046844431891515 -16.96075848072475 -16.729884746962043 
-17.95327125757811 -19.26786481754533 -16.99525097581345 -16.858529325000006 -16.681187245029733 
-17.99865374548304 -19.27813104270885 -17.014652038974972 -16.88274480350782 -16.72000126495368 
-17.900561922982746 -19.167612265424253 -16.88423684880422 -16.763089149399093 -16.599784580114274 
-17.912514198259444 -19.178936872852915 -16.896946156119697 -16.77635948553592 -16.61262494126038 
-17.915160664689708 -19.182250257446412 -16.899750212760495 -16.780144064451136 -16.615067617927778 
-17.808846716020327 -19.091554637132063 -16.778079031735786 -16.67514101758391 -16.48824458964191 
-17.85045205254046 -19.121028454154413 -16.82239324917788 -16.710885590855085 -16.537859633068507 
-17.90232347337127 -19.179540670385293 -16.880518196128108 -16.777470771004616 -16.59168139927965 
-18.027416766589653 -19.22661960637275 -16.93410458022464 -16.86542835874107 -16.689837226413502 
-17.99621016537624 -19.196157278728194 -16.8935176170569 -16.832119981753735 -16.650165163517897 
-17.500181155818396 -18.77380245910257 -16.419439490481054 -16.31381165508928 -16.141799986797125 
-17.49267858053949 -18.755020766200403 -16.398552197183662 -16.29704452943247 -16.12792119954281 
-17.490801967718852 -18.75318546240416 -16.39632917335065 -16.29495809525487 -16.125730238652054 
-17.470113563997728 -18.730873566198156 -16.379204284199886 -16.267580624210183 -16.10918569425486 
-17.45301782006382 -18.70503583323388 -16.36098891931249 -16.2384585096991 -16.09549760841938 
-17.260917639846582 -18.511601466412074 -16.14486883291042 -16.01532225834586 -15.884185321669037 
-17.095485505692295 -18.350643054024175 -15.976217675513283 -15.823514094327038 -15.71505063005489 
-17.13031139817201 -18.384578919602518 -16.006451867060747 -15.865498918270944 -15.74593281535958 
-17.13595297251534 -18.392480915829765 -16.0170113848678 -15.873146788837289 -15.754806950206628 
-16.94584493458811 -18.230552235156935 -15.85824708557054 -15.666282020627989 -15.580439828164302 
-16.971037616868585 -18.244217943948442 -15.889361212673819 -15.682852705192374 -15.616344423114981 
-16.776862465582923 -18.02925969569445 -15.63976874995923 -15.44478111983274 -15.384522902315126 
-16.757635136734464 -18.020540102969605 -15.647919386224174 -15.424910751873682 -15.384706851574833 
-16.800662337129992 -18.039511648914868 -15.668801261552261 -15.45799900174839 -15.419389459561117 
-16.761519104688702 -18.0395426950909 -15.625596505414634 -15.45244493704709 -15.357792539989447 
-16.73839672347806 -18.01162116335901 -15.58200959623089 -15.425637355333095 -15.318973671801118 
-16.793035785459068 -18.082144100565102 -15.630296420797961 -15.509619091779967 -15.359642273270495 
-16.733893155890925 -18.020754724864474 -15.544231832037454 -15.444336718095883 -15.278080419433266 
-16.734437833926492 -18.020366819734875 -15.541934683523237 -15.444869564112551 -15.276546484828401 
-16.70816108092947 -17.994061103710635 -15.51235426782793 -15.414267814422061 -15.247560811100499 
-16.77831760003481 -18.061626627583934 -15.594506840682229 -15.492179078708602 -15.329109301442983 
-16.714467096199726 -18.021161931667564 -15.52054500445901 -15.44328805696307 -15.245144881090596 
-16.902724733683428 -18.252420363801974 -15.821075380570178 -15.681147339069383 -15.51095522788782 
-16.913572787696197 -18.250062100937342 -15.819035576436207 -15.68391197381581 -15.51670731704526 
-16.916461003161032 -18.252223290260574 -15.822555928146173 -15.686413534072045 -15.520498595724632 
-16.892316588057156 -18.22902385870657 -15.797882513362595 -15.658643562228235 -15.495614995661228 
-16.898282456158356 -18.23512674441821 -15.805002384468054 -15.665597126688809 -15.502497146919765 
-16.88716587813174 -18.235877006181752 -15.803119275262532 -15.662161528555842 -15.493865705180454 
-16.8696405663961 -18.220632913501333 -15.78866938897984 -15.642678292407012 -15.478115377140867 
-16.804568655142532 -18.154068654685133 -15.695321135862557 -15.571429960114585 -15.388965226398241 
-16.852735748726047 -18.19385221585854 -15.773174648255505 -15.61153314870954 -15.467517660059869 
-17.085515711486636 -18.479102476406666 -16.07431812555602 -15.926221561335339 -15.733735445351797 
-17.060379050772127 -18.45421190844145 -16.063865968324748 -15.892147021147977 -15.721917210659427 
-17.13163285768401 -18.53632064210305 -16.158865347651314 -15.982109350846642 -15.808591648521542 
-17.119351184407208 -18.52920814763344 -16.153309191007338 -15.971064734421958 -15.799911862408493 
-17.060916368889693 -18.483563860903914 -16.09444061077494 -15.915134939416703 -15.735212499097983 
-17.076374340954033 -18.5004110504363 -16.11193999245748 -15.934529616054007 -15.751692753103143 
-17.030854238880664 -18.446062029377998 -16.080911427277 -15.866510606403821 -15.724018965608693 
-16.922461097572764 -18.359105113908996 -15.987440871793552 -15.755717071667746 -15.619360828752065 
-16.901149042186987 -18.337289363933834 -15.969627564269658 -15.728716597968031 -15.601636952459486 
-16.883766095287626 -18.314783445631647 -15.942235956963884 -15.705197584138958 -15.57790331056772 
-16.97837207599528 -18.400603049654023 -16.036471989195547 -15.809054906663548 -15.675747818965178 
-16.982500093196464 -18.403138226454672 -16.04294689659565 -15.811638164176799 -15.682749057036062 
-17.04790892122169 -18.439007390635 -16.08382237032764 -15.865142464995614 -15.740112379955406 
-16.949283603996008 -18.353743822997913 -15.943371206658014 -15.773361422539665 -15.597997278577694 
-16.93139500946991 -18.347531423324625 -15.945243549914608 -15.75880271314226 -15.592262459992199 
-16.88026898911997 -18.28616937150578 -15.87437557154827 -15.69224555706954 -15.528864290717507 
-16.904794080334867 -18.348526826470234 -15.99346834303779 -15.735675634107409 -15.619732183235925 
-16.877815029571195 -18.34626028098964 -15.988586808991258 -15.723899373467518 -15.600695864057386 
-16.89617672998733 -18.339772386553477 -16.02488402088737 -15.714606680215013 -15.647430974973702 
-16.878849863858832 -18.32585380105101 -15.98376746450164 -15.703773975044712 -15.60706309860744 
-16.68222851192641 -18.1334002054258 -15.746562304814617 -15.483737835111555 -15.373331712959938 
-16.826704927038406 -18.306242580166256 -15.954415807971102 -15.670108141473904 -15.559838349673797 
-16.745027621340853 -18.208339944193455 -15.839748429148983 -15.563767398114479 -15.457040956094247 
-16.705976143041426 -18.165287595725346 -15.78829957872037 -15.516036280692035 -15.409092698401807 
-16.662460707210414 -18.120261078285367 -15.73929985414388 -15.463735071169907 -15.361735327745322 
-16.815738091578552 -18.231023004227524 -15.880803917264771 -15.605303556321388 -15.52418036434446 
-16.95970230000856 -18.3634009625507 -16.02619288900894 -15.764772262060461 -15.673959362352818 
-16.8362639464291 -18.26513604856345 -15.896195271094285 -15.645660496972823 -15.53318063742833 
-16.86948275213139 -18.26215693136274 -15.931855878850541 -15.646501600945285 -15.586196490809527 
-16.680917984180454 -17.998439562753987 -15.633117729382562 -15.372240590624571 -15.337197566169436 
-16.481725727988533 -17.83709308179192 -15.481452690628373 -15.159957980048347 -15.163669439380953 
-16.386108927943255 -17.752455261504934 -15.400868996324746 -15.052681806606387 -15.076944410507906 
-16.518924148921144 -17.859094609239875 -15.529616753473277 -15.186186682579475 -15.217816302259905 
-16.50896984395449 -17.802583358378143 -15.463445963971253 -15.141283837503991 -15.180363065419826 
-16.393077655929744 -17.690086555800306 -15.336992147537387 -15.008444541427224 -15.054348920490241 
-16.244496842494684 -17.58418515899413 -15.19324035491698 -14.872114829267119 -14.890451176997018 
-16.500252750162957 -17.79548227114735 -15.442750085328328 -15.135554595415215 -15.160242180725902 
-16.79997326439569 -18.10592662106737 -15.76658344675478 -15.498966143886108 -15.473814136105531 
-16.802022288765784 -18.107910733201976 -15.76813125060518 -15.501482362495068 -15.475430035328301 
-16.763027109858513 -18.06234745517399 -15.719472698063143 -15.450700900135885 -15.431320591461898 
-16.625542773632986 -17.938616404734844 -15.571558841083572 -15.302991416371043 -15.278928095226462 
-16.840196343498448 -18.13009606803999 -15.801759392510135 -15.531967904048116 -15.51701896363511 
-16.781620465682593 -18.05034631992332 -15.723262272588244 -15.445726130248303 -15.45143000646064 
-16.789174249977663 -18.02999875801906 -15.739432861987652 -15.42451943101085 -15.480075352161435 
-16.790841685023523 -18.03154818936295 -15.746318817552833 -15.425072968630658 -15.486427624457463 
-16.792750927695394 -18.031327652128212 -15.741091598480196 -15.427036745432929 -15.482999349000337 
-16.78365071044867 -18.047809774496216 -15.783949358835415 -15.428674977309242 -15.507919749698516 
-17.018545314017388 -18.278810052462546 -16.025408657528786 -15.703058038899528 -15.748678339754761 
-17.020864726008114 -18.281152249775545 -16.0281219078078 -15.705742794329069 -15.751319582528069 
-16.764921212542944 -18.060536899911526 -15.854811859894937 -15.41631252694846 -15.554177394488093 
-16.554809516900193 -17.847695154408456 -15.619412683857945 -15.168764783243773 -15.324449457264166 
-16.35821196442089 -17.59619495053812 -15.39884873990421 -14.885763267844723 -15.134206207256995 
-16.3694788178927 -17.603596140521134 -15.408127367299116 -14.895950656434778 -15.145449436874188 
-16.406939889753332 -17.63431027715879 -15.460052524414607 -14.931156359053446 -15.198647216480111 
-16.36215583508728 -17.590400048478855 -15.411322029996484 -14.879327068758073 -15.150296784998133 
-16.236351288136703 -17.504741351949647 -15.280420250264868 -14.768541069238395 -15.00191492053844 
-16.516832828917174 -17.79119919317347 -15.609197804457295 -15.099168948042376 -15.320351983492486 
-16.623838613576083 -17.90551137049104 -15.74778123528354 -15.227092216902037 -15.451210378076297 
-16.656843385821674 -17.93516348883645 -15.789431215115172 -15.261334133550278 -15.493256312813358 
-16.65000236973563 -17.933961446279056 -15.793770871810537 -15.256301656797106 -15.493772378459752 
-16.714071015958268 -17.99697611388818 -15.869472876971955 -15.329120004264823 -15.568225574828347 
-16.732290567673658 -18.00347117194721 -15.870480989308277 -15.343058129202234 -15.576492693563068 
-16.733756790515542 -18.002741899279002 -15.870787909991733 -15.342927709950729 -15.577950388307812 
-16.666059421857213 -17.908921850671078 -15.766233462282798 -15.244995682653752 -15.490274635040493 
-16.371099937396266 -17.619463296115427 -15.483138604446566 -14.896186830724929 -15.20554068922209 
-16.44273822388068 -17.7006118723597 -15.561279392526828 -14.989417573667367 -15.277935151712754 
-16.186397903246558 -17.565745039622144 -15.369174398296522 -14.787768150117074 -15.02327291627671 
-16.1324448759176 -17.536207399568255 -15.347061851825089 -14.74074455879051 -14.986630317227252 
-16.168235530456172 -17.572260557670816 -15.387010139467293 -14.7830356125979 -15.025747604999523 
-16.027585248449228 -17.39313617191786 -15.173582299572857 -14.591405440375837 -14.839369960685588 
-16.00633913905682 -17.39463466614484 -15.173429101954866 -14.58395356527565 -14.826280767741608 
-15.962014446168311 -17.38374381330142 -15.147625815545709 -14.560083336977812 -14.782834678799915 
-15.913022663272471 -17.31641894213891 -15.055952201200455 -14.491923851632293 -14.704743207441567 
-15.894132227498886 -17.29965475818075 -15.053794969701514 -14.467774737737102 -14.70000917566243 
-15.863243890587555 -17.274082375329655 -15.02620897100499 -14.43522148598025 -14.669770485039152 
-15.764280811460168 -17.226173867021473 -14.991404013871033 -14.353888791390474 -14.604662241438362 
-15.768236338939687 -17.230808388068326 -14.996892778186435 -14.359020732858454 -14.609639220638329 
-15.759945765911056 -17.235530913962364 -15.003080427136013 -14.359166380508924 -14.608172076707518 
-15.782790216765633 -17.26176269174468 -15.010131226399963 -14.393301170502511 -14.614924318130676 
-15.796874363875673 -17.26723551002445 -15.019113955098717 -14.402629517774997 -14.628474539224527 
-15.919098883573113 -17.38844847239865 -15.16951447871132 -14.542868870578658 -14.775624531375229 
-15.746196034428593 -17.226967136272975 -14.993610490861599 -14.346958268269049 -14.59588320626267 
-15.733304959713251 -17.215017523255312 -14.970243213483286 -14.33449635668687 -14.573179833451704 
-15.886663432003658 -17.390608241579372 -15.16615592220765 -14.532886286032777 -14.752947997797676 
-16.259614814538352 -17.73223054075285 -15.575519400194054 -14.941333229457285 -15.170988918020129 
-16.27874573158286 -17.73759852347291 -15.582280749184093 -14.95287305440013 -15.185414234352365 
-16.257836477829613 -17.712661034375955 -15.564065077646717 -14.9233281519343 -15.169034908112067 
-16.20101386485959 -17.67978170105448 -15.505290696025767 -14.87967456128942 -15.09937859383561 
-16.197524831953217 -17.679859411460725 -15.507749992696986 -14.877904162194497 -15.099574109820253 
-15.874061581011489 -17.429298488614208 -15.198031078539856 -14.56101292731691 -14.755770539048086 
-16.010866283758176 -17.535092940064033 -15.391915245317364 -14.682821585970956 -14.95832119633991 
-16.073605733470046 -17.597856305115897 -15.46961597249664 -14.755280424271461 -15.03411642538228 
-16.136684811197 -17.642140402746975 -15.503179261679037 -14.81744006332191 -15.078993613597362 
-16.1709572596868 -17.667369507426457 -15.53474313801486 -14.849920094222568 -15.114891089403187 
-16.19295949007433 -17.691972692785384 -15.578468260993233 -14.874825666913466 -15.15513518087846 
-16.22878237148936 -17.721873120813058 -15.64181586226276 -14.906848396614933 -15.21842263380195 
-16.22742452547689 -17.72321786232331 -15.644385349603056 -14.9072113447085 -15.219340868591757 
-16.209619674909902 -17.69054251464742 -15.606952104996381 -14.874700443259115 -15.191006477406333 
-16.23245554847996 -17.69688576253995 -15.629954563234335 -14.885746397541894 -15.221660095781502 
-16.224880494719585 -17.69664064151391 -15.618885599076435 -14.884496507969715 -15.207504361880495 
-16.160330653493546 -17.66739265356715 -15.564580739550877 -14.840435173812992 -15.135875920605429 
-16.191669927673658 -17.668987260833333 -15.575903813558611 -14.85201086361063 -15.163074394538569 
-16.155644986848245 -17.638903962184628 -15.537817138649416 -14.815176561322417 -15.122630424323361 
-16.143427697805365 -17.61781763606652 -15.51129379042517 -14.794369598262122 -15.101814007346206 
-16.122310396518827 -17.617727064746333 -15.49774749492424 -14.78856651307386 -15.077648013553983 
-16.10341572107056 -17.58938604897307 -15.44544808181621 -14.762724468472598 -15.03321977014319 
-16.23905590790909 -17.681192312581345 -15.523031469972594 -14.892590721705062 -15.136417589654883 
-16.24449890274269 -17.66903626088181 -15.515627899983784 -14.8841683714123 -15.138677980569597 
-16.141696787016713 -17.604113491242543 -15.49047486126699 -14.783941772530412 -15.088575470379908 
-16.229369635022138 -17.651385072852662 -15.523427276194155 -14.859176097973446 -15.145514594167793 
-16.21245060138027 -17.626593064074996 -15.5313445938759 -14.826661039526343 -15.154821660540591 
-16.149395845768538 -17.532018295878558 -15.418792098296265 -14.729737699146426 -15.06272494354485 
-16.26311973521861 -17.60455574031066 -15.502473566299216 -14.831504850408251 -15.1681201235197 
-16.125706281833118 -17.568088763866598 -15.401905159842883 -14.75868331219165 -15.016835116845812 
-16.06521513654657 -17.514119925954773 -15.301349448817078 -14.70070685370456 -14.917567840632174 
-16.002969808993413 -17.498123642026812 -15.299355132574533 -14.660337158965973 -14.887862109280348 
-15.896590614921294 -17.390792102284394 -15.217167544655993 -14.52697024029814 -14.804678071900398 
-16.012888084476927 -17.483570943377515 -15.312478726969033 -14.647077544697993 -14.912412652147438 
-16.08368209458726 -17.561512045547687 -15.348120222372131 -14.746159259830364 -14.947433516769934 
-16.177380734214466 -17.64825300581937 -15.454281488817585 -14.848925545931209 -15.055008038374623 
-16.088588834217106 -17.552951185655687 -15.311786919323453 -14.747041266494307 -14.921589695406539 
-16.039662721442653 -17.55373464350302 -15.272976347032227 -14.736932855009385 -14.857930256826322 
-16.14980704452323 -17.649305764073873 -15.397321885192596 -14.851130256531405 -14.987170120367566 
-16.08168547975569 -17.577386138492784 -15.299486097215407 -14.771926167969056 -14.89457045227094 
-15.95379430833242 -17.450514670869197 -15.181305221676126 -14.617102578095881 -14.77601869113812 
-15.979223342621765 -17.458120982218148 -15.191107352468407 -14.632852611239656 -14.795819037184458 
-15.93276891229992 -17.419529535496437 -15.153176566851144 -14.583166529424176 -14.753610217031067 
-15.867100675510855 -17.36919999724141 -15.084519512827228 -14.52045088074307 -14.678277239729738 
-15.937364802186735 -17.426698047907607 -15.165633921272772 -14.58963786775351 -14.764019197643478 
-15.811911094133904 -17.32677801368463 -15.07024868275073 -14.458369277869764 -14.65433492628793 
-15.830087682886955 -17.3554807410207 -15.104737307606015 -14.487620878664089 -14.681995421044931 
-15.894272281018601 -17.447451791392965 -15.172695840740872 -14.592677650435064 -14.73544974718925 
-15.611111463898695 -17.291365996112432 -15.003293045947572 -14.360425322762367 -14.495566727802768 
-15.628145012998061 -17.306031278391913 -15.021093140902309 -14.378337426766237 -14.514337300451785 
-15.628040050860463 -17.33515785375721 -15.065079914930223 -14.400234390842428 -14.540127111269271 
-15.61249300916866 -17.328610046150956 -15.05470393817454 -14.389985646253805 -14.524977381089883 
-15.50991463712154 -17.271848777538878 -14.973830445132549 -14.310646260207136 -14.420323020199191 
-15.5201012133044 -17.266179016440063 -14.960679754631556 -14.31068657201918 -14.416882103052188 
-15.62990899626675 -17.343661132194782 -15.044079122249642 -14.414270272141835 -14.517660587314722 
-15.691854779518309 -17.40930318988353 -15.089254485356378 -14.496684817598307 -14.561809510040504 
-15.625592044369654 -17.347848535084907 -14.993079752600053 -14.428318615151895 -14.466194873515477 
-15.608313727815627 -17.334565058252778 -14.976648654356254 -14.411556199453088 -14.447828498456886 
-15.670737065112192 -17.346742059547694 -14.988176360575878 -14.444129839874805 -14.488309762172747 
-15.576546352396463 -17.26072499458124 -14.868981831080035 -14.344645711597764 -14.367896615615166 
-15.595723803184711 -17.292417530016053 -14.893592251145066 -14.38023031409162 -14.385555901364938 
-15.547735924082417 -17.25654507957198 -14.830716161004105 -14.338813213538714 -14.318167225394518 
-15.429912693807992 -17.170177077308622 -14.744206286089991 -14.222905937544368 -14.214156713463396 
-15.448774019498956 -17.159315154939094 -14.688748042786614 -14.23097810382427 -14.179699085980232 
-15.45498628332146 -17.18078615964646 -14.711391596926035 -14.251366249898965 -14.193138530718997 
-15.23840517562573 -17.073584977753654 -14.543126970757086 -14.09855132461756 -13.966557940959873 
-15.284440278184576 -17.06923332317207 -14.516802641333427 -14.115993068483718 -13.971489084170358 
-15.308186027519412 -17.097162007068434 -14.559894609510863 -14.144689179763148 -14.01070851725919 
-15.295293216808147 -17.087709494886127 -14.551751183887447 -14.131631764852798 -14.0005340639036 
-15.417753438129793 -17.16565183479915 -14.662656510280101 -14.23360906899579 -14.134283575380024 
-15.42673470447778 -17.171194210127297 -14.670928407282446 -14.24086849375918 -14.144304312272766 
-15.364753082641798 -17.1532360868799 -14.679840544688759 -14.197092085712526 -14.125574817668152 
-15.496631291940218 -17.261085853031688 -14.843899141087874 -14.322921955198069 -14.29831205341911 
-15.61544923060437 -17.355547277548254 -15.00473170270476 -14.430615039586812 -14.46718353296599 
-15.594072527749148 -17.33572462085428 -14.979380619579175 -14.407308747299169 -14.441547454549948 
-15.486614522352937 -17.264617694346484 -14.850563008333708 -14.321882549804172 -14.296851784018216 
-15.506920217704632 -17.268910876009514 -14.888082031217607 -14.324881376827463 -14.341025588805337 
-15.48160436805513 -17.2466727574525 -14.853700354898322 -14.299609867827968 -14.306006611076327 
-15.503593123474175 -17.265056999246497 -14.878661513500575 -14.321646168255114 -14.33237673480923 
-15.361746807410995 -17.138483528289683 -14.746319882173452 -14.164085567652592 -14.192780586310391 
-15.44260417939799 -17.25611546170775 -14.834025879189497 -14.301596965922215 -14.260434780259232 
-15.415728657093226 -17.239894310038963 -14.80344994140519 -14.281755005574851 -14.224893034337597 
-15.487195200313153 -17.31010134289552 -14.874603349579004 -14.367312773038378 -14.296072248458827 
-15.489281649262935 -17.31736435554845 -14.880809818299113 -14.374709154755692 -14.299289492113687 
-15.493043633874606 -17.324220308710082 -14.888352521520474 -14.381875309204077 -14.304926778091442 
-15.513850068538389 -17.363387330502604 -14.925479552341827 -14.42407931598899 -14.331206689825734 
-15.54703931767375 -17.425267443587245 -14.983458672029073 -14.491232039506897 -14.372279392124113 
-15.483489477516116 -17.40062032107889 -14.87013527762673 -14.471780748300503 -14.242551840199866 
-15.608167486874308 -17.54448599237611 -15.03926007650827 -14.634800230050132 -14.39748183094963 
-15.60969354526739 -17.561668267234296 -15.05780404708112 -14.650797409463053 -14.406663376544245 
-15.590391764586983 -17.537842688645043 -15.030306465184353 -14.624041108852069 -14.382256157614634 
-15.535406238933604 -17.494172001252593 -14.96642150975407 -14.572831265338692 -14.313467649766025 
-15.638033475381803 -17.600775918064187 -15.0707324497818 -14.702375941556525 -14.414588339318783 
-15.627435442788695 -17.576671474496933 -15.037901348468296 -14.679266036185524 -14.390421372766326 
-15.708983894565904 -17.645957683530625 -15.115663407660676 -14.765018526688266 -14.474152892294981 
-15.729490590245902 -17.671172033370112 -15.146540303866004 -14.79281805711426 -14.501681525167214 
-15.848228224922337 -17.76539851429807 -15.239141199826634 -14.915207408847365 -14.60781524213229 
-15.933478803797172 -17.83832287871033 -15.31489370951428 -15.006788931585575 -14.689903334182418 
-15.936831185108872 -17.844790067889903 -15.314823208899 -15.015584797394794 -14.688376908611744 
-15.916246589259373 -17.839935849532907 -15.302212760336829 -15.007269710314631 -14.667107296343318 
-16.07618462016353 -18.047826974808757 -15.58119769174985 -15.226660725964749 -14.911781212213384 
-16.07448469623 -18.045782175635765 -15.5794115092325 -15.224201663129278 -14.910198321995168 
-16.14215929202092 -18.114292346182268 -15.630798387064274 -15.311884764116456 -14.961493093450684 
-16.090173841191117 -18.099599255552192 -15.640464845643535 -15.277448446289895 -14.948244401371028 
-16.078630916436154 -18.11473973286192 -15.643371077280136 -15.29234742069876 -14.936263698285956 
-16.122702928890163 -18.193787740436903 -15.773247503074586 -15.366132126328495 -15.042455613099136 
-16.229020827466883 -18.333539000864675 -15.912582163261249 -15.528119425690022 -15.161300500751892 
-16.238015895313666 -18.339985385097336 -15.91995510437485 -15.536274552544327 -15.170029343948741 
-16.246468675351338 -18.346519355222597 -15.925934540493998 -15.544789749371716 -15.177077437743378 
-16.29952172350019 -18.415100805617115 -16.003121180643134 -15.622256517760121 -15.244276504750019 
-16.361285250315092 -18.487338421430323 -16.032667205688597 -15.719543882168196 -15.269200711224514 
-16.339725413730406 -18.474750671856185 -16.022779746549944 -15.701548245632111 -15.254134726814414 
-16.314281706720166 -18.45813495885794 -16.002813129413127 -15.680420089571797 -15.229400522899766 
-16.28459538868124 -18.433594905667448 -15.993651325709905 -15.645163684320835 -15.216791720031125 
-16.222673384446423 -18.416384507226127 -16.01402294266329 -15.604932718842534 -15.209996475975046 
-16.295884338364942 -18.442348243509514 -16.055737714499756 -15.641975777210206 -15.277729178115607 
-16.311716263374066 -18.44277168998002 -16.07292935828066 -15.64143447433193 -15.302901212477522 
-16.248860185985137 -18.38696005322842 -16.015744303601636 -15.572610922782104 -15.24228448264489 
-16.249767450488804 -18.38834627897002 -16.01752606193527 -15.574089468217863 -15.243761121626292 
-16.148610063660783 -18.294950394535775 -15.938700348037457 -15.455539986912783 -15.160675033392891 
-16.062929193772646 -18.215153020372696 -15.831394395764448 -15.364197788235217 -15.052087518125077 
-15.950042727756326 -18.153414675930904 -15.751134404793035 -15.282995849806696 -14.944090915639464 
-15.97452139410035 -18.151088428111024 -15.756251097798653 -15.283876733343945 -14.96418315951567 
-16.120780892292245 -18.257320372509184 -15.866159471706766 -15.420685071254738 -15.095770111760118 
-16.151730757539227 -18.265416505372187 -15.87144503307968 -15.436305524740575 -15.114183403572085 
-16.192529477410545 -18.298166299216504 -15.882728083385032 -15.483452609715911 -15.130856932852538 
-16.05743096044823 -18.225675166618984 -15.817647429694091 -15.37970576711183 -15.030241873824508 
-15.868815520534952 -18.05798975790964 -15.630609328143365 -15.17606082120929 -14.833717846408817 
-15.856145929207912 -18.04218968616148 -15.58968879979065 -15.163971245483708 -14.795887404501272 
-15.844294234282401 -18.03391032868619 -15.578620787481668 -15.153840571250967 -14.78297464409141 
-15.597322404532761 -17.844488894681987 -15.372610843788465 -14.91465269604744 -14.546493143832578 
-15.713899727089071 -17.94157512755237 -15.472853578087523 -15.036608991940568 -14.65684019427502 
-15.680826448814258 -17.913053073584166 -15.427380175467292 -15.00526998806285 -14.60975207633966 
-15.798675654635474 -18.028807640049365 -15.594975967399762 -15.133639871441346 -14.775216506847244 
-15.805686328957634 -18.02389536946825 -15.574056658191225 -15.134203484478988 -14.761860002505443 
-15.823101688847487 -18.043403757284068 -15.59987532734823 -15.155951726828249 -14.786017157225515 
-15.842435337375562 -18.061094707153828 -15.620779984662747 -15.177046965511963 -14.807552522333438 
-15.871403983980372 -18.07794688394945 -15.660389329900084 -15.194256498422604 -14.852933494531257 
-15.837686308209001 -18.068635767342897 -15.656596333047048 -15.176557551556755 -14.835056400809648 
-15.834013048805602 -18.063113275890345 -15.647745670497727 -15.171027486061377 -14.827456116537107 
-15.54331716342827 -17.8716574786571 -15.425770515476046 -14.925685460005099 -14.551930997312823 
-15.471660358242502 -17.80251301644573 -15.34640487889746 -14.843008470189673 -14.472186252069207 
-15.328475467829804 -17.67686828644422 -15.220388376237892 -14.685676593200057 -14.33742452604966 
-15.187615982199517 -17.55127845234074 -15.106235670360476 -14.525829646553333 -14.215424297160652 
-15.167720941721825 -17.5626468675445 -15.103210794846078 -14.537670281880708 -14.194975110214344 
-15.150384653349448 -17.55155817915542 -15.096668613274787 -14.52184673658536 -14.18484323830097 
-15.177623622959459 -17.57058401371428 -15.119412255481905 -14.545795834892203 -14.211947720280335 
-15.213906035456176 -17.600925747084517 -15.162867545369934 -14.581030016645201 -14.258047145069696 
-15.60254009656687 -17.932431760667782 -15.523355573110237 -14.990761602335922 -14.646704822125258 
-15.605792224990424 -17.9359034481064 -15.523179226114848 -14.99585781066176 -14.646501658714115 
-15.483144435789796 -17.827878946175232 -15.395374003975022 -14.865761289692003 -14.512150563239118 
-15.481782549191863 -17.824693569801937 -15.390868371086171 -14.862503677947771 -14.508760733129932 
-15.576367702563061 -17.889037342707553 -15.488692184139836 -14.938684806010968 -14.621918896461125 
-15.557841209510855 -17.875384782440733 -15.466211425490613 -14.923197229927055 -14.59713443127751 
-15.560135662454599 -17.86933971595957 -15.464462360672869 -14.91630968228857 -14.600019099073592 
-15.67305078395691 -17.961002077728992 -15.563938979095582 -15.030458164803832 -14.710376552862016 
-15.728850476229624 -18.00817367694063 -15.614723997982011 -15.088818874764385 -14.765464907193603 
-15.69526459913537 -17.99765510324167 -15.598362154700766 -15.073105004814849 -14.736330940608212 
-15.972399878970947 -18.18503129396956 -15.819693166187406 -15.310501035265403 -15.005445588805244 
-16.123852914128875 -18.300715634666886 -15.904961861982898 -15.465996979301963 -15.111355415185727 
-16.218134187244686 -18.370835284611317 -15.972603034862942 -15.556880509927325 -15.192253467916785 
-16.34747526434228 -18.532620921861962 -16.177295345296642 -15.735598045779597 -15.374958155131878 
-16.33789589682435 -18.532393589295154 -16.174058944032367 -15.734270992239928 -15.366543031394798 
-16.073523942109617 -18.265541331441568 -15.895007161146424 -15.413799908637088 -15.091948619434007 
-16.018406877647507 -18.161702223182957 -15.753218119869729 -15.307419996055359 -14.98070786385152 
-16.219589800562645 -18.35731573312556 -15.943421524235646 -15.54777741272926 -15.172518582431934 
-16.427573625807113 -18.52412117168693 -16.08563929011197 -15.766074885209008 -15.338027545486028 
-16.421901579132182 -18.520944693573824 -16.079239236612807 -15.762577823450385 -15.33038166317975 
-16.406856568889964 -18.50588845985685 -16.077747770286038 -15.740497749866748 -15.32835882192714 
-16.483511187589755 -18.573788508410914 -16.150270912562306 -15.823511130921176 -15.405044325663624 
-16.535148992160757 -18.61146120220343 -16.20838781189849 -15.866602694743435 -15.46978596878995 
-16.56971224419958 -18.634105412518508 -16.237976973907692 -15.894795858901915 -15.50564339957036 
-16.547326524412696 -18.615301721107087 -16.224322344880235 -15.869827137104295 -15.48983763135928 
-17.055502109838656 -19.03449230137778 -16.675293954900027 -16.387532090489913 -15.986275917863665 
-17.023960213920915 -18.9962764781623 -16.627979276958087 -16.34570445077773 -15.943661908826272 
-17.005612409593553 -18.988149862293284 -16.614925034512112 -16.334868001472316 -15.925093305759063 
-16.806069162386137 -18.825712771132373 -16.420401430531697 -16.139340635848285 -15.712512316125881 
-16.74232736954805 -18.782377782956033 -16.362721696544227 -16.08637007223963 -15.644257217792543 
-16.7683065385053 -18.796439658420894 -16.36190062484569 -16.110496321270872 -15.650980378612601 
-16.77388826724041 -18.81953308329085 -16.397932116935678 -16.13061063609419 -15.67600044563045 
-16.7736856672244 -18.82854635768514 -16.415460495663453 -16.136962304323248 -15.687688677350508 
-16.714153631120553 -18.77609799899072 -16.374138254562908 -16.068752162757605 -15.642199724843309 
-16.638097507605977 -18.701348713283323 -16.304753423154736 -15.976537571475262 -15.572477209510595 
-16.656001495766077 -18.71512715685907 -16.312211868234257 -15.995898802503973 -15.582508900207785 
-16.81060575658104 -18.839940143221725 -16.421818625064404 -16.158000804630916 -15.70891246752565 
-16.980594337556894 -18.997357423552742 -16.607032299391975 -16.34289890481044 -15.89840038250722 
-17.00328778084203 -19.030359924974505 -16.645115328890952 -16.378904574724416 -15.929978950709497 
-17.06324145834222 -19.124894179092166 -16.73741132620802 -16.486140047039612 -16.001655604947373 
-17.079647918361673 -19.11150461396396 -16.726660685351106 -16.47561606632263 -16.008007379487722 
