9.77308902084276e-07 1.0648938594050239e-06 8.976988728971702e-07 8.960229205712328e-07 8.824366057702714e-07 
9.62824375806026e-07 1.0527466477563591e-06 8.867170764169036e-07 8.825109382317266e-07 8.699947209502377e-07 
9.5667020413803e-07 1.0491567029649758e-06 8.81690866254405e-07 8.783245512583152e-07 8.637304173215098e-07 
9.584079049292444e-07 1.050765711783979e-06 8.832048038598459e-07 8.800188120468828e-07 8.653325999617856e-07 
9.610977294520546e-07 1.0549286829758333e-06 8.876608421061823e-07 8.835080765468279e-07 8.689693981785978e-07 
9.596718344796036e-07 1.0543511471974113e-06 8.869150904238688e-07 8.826463744170028e-07 8.67779471915918e-07 
9.550327254826391e-07 1.050611760305088e-06 8.8342892946972e-07 8.784669175608214e-07 8.637574077599705e-07 
9.47896918665031e-07 1.042539652384878e-06 8.763951539540213e-07 8.704232123729143e-07 8.570750413834428e-07 
9.506227670135623e-07 1.0452953972004536e-06 8.794339017534252e-07 8.730856242927329e-07 8.60076161493723e-07 
9.523208531152288e-07 1.046386116736212e-06 8.814431615907655e-07 8.741373791561983e-07 8.62311496162682e-07 
9.418056275689972e-07 1.0395409398813864e-06 8.72979400089506e-07 8.663486151750853e-07 8.520110083384488e-07 
9.3967795193771e-07 1.0366254400796335e-06 8.702469582040476e-07 8.636734468167482e-07 8.496726666163196e-07 
9.326790997746957e-07 1.0289361769045606e-06 8.630300253251605e-07 8.560902559771632e-07 8.427408989874385e-07 
9.371775962305429e-07 1.0348436579655262e-06 8.685491762073129e-07 8.615869348654855e-07 8.475653866683397e-07 
9.39225872691011e-07 1.039296020701527e-06 8.733630411421862e-07 8.650283746836513e-07 8.510499746442199e-07 
9.367077905640783e-07 1.036368011442258e-06 8.699041461307292e-07 8.624107579065175e-07 8.478612918221377e-07 
9.468277626896633e-07 1.047299240410464e-06 8.825268895940451e-07 8.725482862247825e-07 8.598998002697379e-07 
9.492264567955375e-07 1.0502367488748544e-06 8.856832918841677e-07 8.752266660740354e-07 8.627523494519054e-07 
9.49502908015064e-07 1.0506097280469717e-06 8.859865353260063e-07 8.755851662779638e-07 8.630130326948682e-07 
9.554297783194926e-07 1.055262355774238e-06 8.923298226118672e-07 8.802281889732959e-07 8.698723024355796e-07 
9.562633710893644e-07 1.056271486120942e-06 8.945521220745849e-07 8.808301661032848e-07 8.718627910943386e-07 
9.538997361982425e-07 1.053670060992165e-06 8.925092035236008e-07 8.781556824953907e-07 8.69871661810853e-07 
9.540694510446288e-07 1.0538689138979112e-06 8.926481476834499e-07 8.783607938525637e-07 8.700027327660304e-07 
9.498093491166317e-07 1.0457636178964053e-06 8.832493866365297e-07 8.720591450661182e-07 8.628018364133857e-07 
9.508155602100558e-07 1.046086365414153e-06 8.840756506961263e-07 8.725017339212247e-07 8.639403371055856e-07 
9.472874343127143e-07 1.0416729380686226e-06 8.808442382616632e-07 8.680852507873623e-07 8.610292652110025e-07 
9.497327596313428e-07 1.0438383826852335e-06 8.820599935234345e-07 8.706351366913306e-07 8.625189962409563e-07 
9.44455720696854e-07 1.0407463741997722e-06 8.789846454106246e-07 8.666854792721536e-07 8.582439236805818e-07 
9.55724382851623e-07 1.0463874915870134e-06 8.826044070294822e-07 8.751478153858239e-07 8.651824143504382e-07 
9.61188654952635e-07 1.0525853374118693e-06 8.856511681987697e-07 8.820320970376246e-07 8.682348431748477e-07 
9.738378456643036e-07 1.0629517481107745e-06 8.92701756446497e-07 8.944368448243242e-07 8.769705505005168e-07 
9.736585617654967e-07 1.0631136850797276e-06 8.930916674079822e-07 8.943808076098614e-07 8.771474614589707e-07 
9.73375502065583e-07 1.062790602689636e-06 8.928152096229997e-07 8.94058184834492e-07 8.768859156384776e-07 
9.718147270496598e-07 1.0616272312983575e-06 8.914322404921957e-07 8.928007329489114e-07 8.753080720704961e-07 
9.647437281708746e-07 1.0565913447360622e-06 8.844147089955364e-07 8.875885171756705e-07 8.673958692637739e-07 
9.655830369048097e-07 1.0572754003330933e-06 8.850044306697417e-07 8.883697660109234e-07 8.680845951543828e-07 
9.694641015999112e-07 1.057819427942727e-06 8.869512311318874e-07 8.898204012429683e-07 8.716885561073642e-07 
9.559830193773157e-07 1.0433299918705314e-06 8.728469409864687e-07 8.755957186110005e-07 8.580310210009214e-07 
9.479033500644006e-07 1.0358164868190059e-06 8.644145479009423e-07 8.681423247050048e-07 8.493690790101059e-07 
9.419275120144146e-07 1.0307256931811925e-06 8.592364918018024e-07 8.627003183098547e-07 8.436948741042226e-07 
9.511172129583008e-07 1.038582603765952e-06 8.662734031326469e-07 8.71418082725892e-07 8.515943352455685e-07 
9.517687965817486e-07 1.0357048808842126e-06 8.649404375964093e-07 8.695124802151944e-07 8.51996533260065e-07 
9.523612572864554e-07 1.0355775594720115e-06 8.660484843156159e-07 8.692755313809172e-07 8.53346345767778e-07 
9.465522961498865e-07 1.0324009159573822e-06 8.634515965286095e-07 8.647627257294312e-07 8.492252733417947e-07 
9.471450388065883e-07 1.0333263446969698e-06 8.645765575237778e-07 8.654824582423792e-07 8.501475692154747e-07 
9.325135093494557e-07 1.0180676251426167e-06 8.530022345076204e-07 8.492630515743009e-07 8.384052075511095e-07 
9.213213403230291e-07 1.0109295825920151e-06 8.460988887324413e-07 8.403522832454521e-07 8.292289083533381e-07 
9.185896853369931e-07 1.0104218442014275e-06 8.471846291993745e-07 8.384627044936857e-07 8.289080138014315e-07 
9.23961363088415e-07 1.016088925412838e-06 8.524321999325124e-07 8.441514286187599e-07 8.340697741162765e-07 
9.400078317960742e-07 1.0321687198893661e-06 8.676911937217934e-07 8.605030278134682e-07 8.494788191621937e-07 
9.289794630101122e-07 1.0225876143755352e-06 8.55564511163621e-07 8.511138439187038e-07 8.368225716690928e-07 
9.306191842357276e-07 1.024397314825937e-06 8.587957466779464e-07 8.524162674953815e-07 8.398014089303808e-07 
9.37352430845835e-07 1.0312949292354306e-06 8.671345156934437e-07 8.58825706227255e-07 8.479109505438158e-07 
9.441149350603292e-07 1.039079570909628e-06 8.738826396556105e-07 8.665395444601566e-07 8.542600809474411e-07 
9.473433664761983e-07 1.041654308846819e-06 8.764925127835194e-07 8.693652216528332e-07 8.572327327467862e-07 
9.478644351100621e-07 1.0421355781162045e-06 8.769285002395068e-07 8.698769366402097e-07 8.576978354261783e-07 
9.638907828744953e-07 1.0565611620378536e-06 8.91106695370537e-07 8.850437986378547e-07 8.728367730272641e-07 
9.635220016947843e-07 1.056958965152193e-06 8.918733797658168e-07 8.850246666876234e-07 8.731446882126635e-07 
9.666797485983197e-07 1.0631665042410157e-06 9.015166406480695e-07 8.890495461633545e-07 8.807527862175065e-07 
9.795310057953462e-07 1.0766853004792396e-06 9.147713615436538e-07 9.024174123628448e-07 8.937342563490744e-07 
9.82608333971161e-07 1.0798146777188493e-06 9.176221245499066e-07 9.056125081915993e-07 8.966027932287519e-07 
9.79470422607438e-07 1.0802551769555005e-06 9.146364665122981e-07 9.056972861596479e-07 8.92087692369599e-07 
9.76506347027238e-07 1.0753639256246574e-06 9.098251922369985e-07 9.014986848333354e-07 8.882889819681883e-07 
9.873557933254048e-07 1.088033924215809e-06 9.186629422067563e-07 9.146826414253835e-07 8.966424197570327e-07 
9.870780075654671e-07 1.087204885377775e-06 9.18240059571414e-07 9.139321045237314e-07 8.964677059638613e-07 
9.871874974966871e-07 1.0870422208111895e-06 9.181490008748958e-07 9.138497741513869e-07 8.965152124448527e-07 
9.874053728237078e-07 1.0853885686632652e-06 9.173533714311876e-07 9.126396054978207e-07 8.966269919445649e-07 
9.923670458937608e-07 1.0903885457602748e-06 9.237532666781147e-07 9.172012635176077e-07 9.02862412848345e-07 
9.934610894261976e-07 1.094169532048953e-06 9.270315798003459e-07 9.201214451777667e-07 9.04761668781384e-07 
9.918192447489106e-07 1.0919907350765602e-06 9.24531193462096e-07 9.182396953436874e-07 9.025800271927178e-07 
9.930533060120104e-07 1.0945775453521548e-06 9.25963257648566e-07 9.206799104757749e-07 9.03425174240685e-07 
9.932475491659518e-07 1.0948156534844772e-06 9.262929237373287e-07 9.208734184367535e-07 9.037215090102882e-07 
9.896707792856174e-07 1.0884794395648544e-06 9.194305503692677e-07 9.157376389753543e-07 8.983885975596173e-07 
1.0010854022897406e-06 1.1007849895009583e-06 9.337957318918538e-07 9.270832492793918e-07 9.120821373354254e-07 
1.0036634945567244e-06 1.102673059332803e-06 9.353702599827877e-07 9.293329573486666e-07 9.140744455018472e-07 
1.0019222081322009e-06 1.1014661520381629e-06 9.343511734508545e-07 9.27862972250062e-07 9.127393284519451e-07 
1.0030639994492103e-06 1.1039779991202857e-06 9.352078138871368e-07 9.303721398495896e-07 9.130590257525101e-07 
9.79934328333543e-07 1.0850026782878783e-06 9.144244872756034e-07 9.104088367556329e-07 8.901458742778584e-07 
9.848198254315007e-07 1.0900638064340296e-06 9.156883955812844e-07 9.166687651805299e-07 8.91768751081752e-07 
9.94940911723126e-07 1.102364445478862e-06 9.295449373102345e-07 9.27669983314945e-07 9.043244238515015e-07 
9.988800603906795e-07 1.1105834971595738e-06 9.375024576811793e-07 9.344850925025348e-07 9.100295951299248e-07 
1.0042563680316532e-06 1.1164704561628063e-06 9.425746319545537e-07 9.404695869888234e-07 9.149444090320517e-07 
1.0172801954810438e-06 1.1270188370083145e-06 9.545307593336092e-07 9.514178808756193e-07 9.281353712385775e-07 
1.0088585351364132e-06 1.1186244696746451e-06 9.439523474374492e-07 9.437319114215998e-07 9.177468055674843e-07 
9.983250061119082e-07 1.1090743030552742e-06 9.355832911445778e-07 9.334382854401141e-07 9.086658506765612e-07 
9.995820638590627e-07 1.1110258115047808e-06 9.371794376834835e-07 9.352694511541144e-07 9.099343597106162e-07 
1.0254043206527187e-06 1.136741327580312e-06 9.635455824572122e-07 9.608226076079796e-07 9.364105537646191e-07 
1.0239161148357008e-06 1.1345010307138159e-06 9.620665842792223e-07 9.585935279553186e-07 9.352424191998561e-07 
1.0236459868561087e-06 1.1343510872439186e-06 9.618072670209038e-07 9.584371680249125e-07 9.349297056369413e-07 
1.0288054555893969e-06 1.1403133383905883e-06 9.662359767529816e-07 9.646281960090766e-07 9.39123817704051e-07 
1.028691026086048e-06 1.1403452835274594e-06 9.664805563440338e-07 9.645392683770948e-07 9.392656353820342e-07 
1.027327405079149e-06 1.1391272906477696e-06 9.65147646173651e-07 9.633084085377998e-07 9.378610383755309e-07 
1.0289237397435442e-06 1.1413164871792292e-06 9.655110255682723e-07 9.659085236918212e-07 9.381169817806993e-07 
1.0268723077287767e-06 1.1368292575302253e-06 9.5877567249917e-07 9.630533163808313e-07 9.32931218659961e-07 
1.0133285847460842e-06 1.1236748601149663e-06 9.466772550676915e-07 9.493825948750073e-07 9.20440124161235e-07 
1.01470689469062e-06 1.125533870680793e-06 9.488448833867017e-07 9.509662131788612e-07 9.22321486085476e-07 
1.0153983938901745e-06 1.1290150084563516e-06 9.518685359064173e-07 9.536485098929446e-07 9.238980899393932e-07 
1.0215957181241731e-06 1.1360342656084728e-06 9.602549296068312e-07 9.599209474273376e-07 9.317239178425097e-07 
1.0071550465976945e-06 1.1224387138276187e-06 9.462866808852584e-07 9.461676056885875e-07 9.172690413772924e-07 
9.993949781453338e-07 1.1178485174095267e-06 9.428169039986982e-07 9.401659733203301e-07 9.119342924426215e-07 
1.007058927329792e-06 1.1239709941256603e-06 9.48938025599266e-07 9.467859911555613e-07 9.189237296702212e-07 
9.924008772841183e-07 1.1103188846136486e-06 9.344175883323658e-07 9.331013335265846e-07 9.03877884237978e-07 
9.902454812120227e-07 1.1081153348566931e-06 9.333460182612786e-07 9.305315213190048e-07 9.026991645020065e-07 
9.97203098318377e-07 1.1132668548228496e-06 9.378667009332149e-07 9.364810328276019e-07 9.082959102895495e-07 
9.889160767359808e-07 1.1026369645511936e-06 9.267603046404074e-07 9.267896906837988e-07 8.984578364821458e-07 
9.975382555529352e-07 1.1095164035959273e-06 9.328216104336904e-07 9.345465963548154e-07 9.05592577815634e-07 
1.0093780161971593e-06 1.122377939231462e-06 9.461107042339528e-07 9.469140521828471e-07 9.183450724327183e-07 
1.006613279043466e-06 1.1163944374808327e-06 9.398268955239882e-07 9.421469045591987e-07 9.138133071919384e-07 
9.981537807589086e-07 1.109353636908584e-06 9.318523064970665e-07 9.349363972779553e-07 9.051346442563873e-07 
1.0045658638319128e-06 1.1143793974863881e-06 9.358740000449185e-07 9.408085413547663e-07 9.100476487310334e-07 
1.0029986322424768e-06 1.1128921556691444e-06 9.345755436046966e-07 9.392244651064784e-07 9.086772457501952e-07 
1.0166481947499573e-06 1.1229196573287133e-06 9.477303315190259e-07 9.494554538232545e-07 9.234997394225547e-07 
1.0085934607586262e-06 1.1110815206458304e-06 9.386042828463634e-07 9.380881243039743e-07 9.160632171745676e-07 
1.0011188456733538e-06 1.1005937059482708e-06 9.294931234911237e-07 9.282757782765458e-07 9.083815653916763e-07 
1.0099338214884568e-06 1.108091345021458e-06 9.399547928483846e-07 9.353453265859511e-07 9.192402237256789e-07 
1.0096104114432797e-06 1.1100797936092048e-06 9.42733593204478e-07 9.362111174704476e-07 9.206845210884276e-07 
1.0087215308216865e-06 1.1096069929159879e-06 9.426464690645827e-07 9.354637105786313e-07 9.203255304752687e-07 
1.009605542567085e-06 1.110295438404831e-06 9.43055832422152e-07 9.363115211284604e-07 9.208760511765733e-07 
1.0047475325147861e-06 1.1055975994191832e-06 9.381233439427422e-07 9.316174465436697e-07 9.158647958277348e-07 
1.0149754817048868e-06 1.1134031118969837e-06 9.440591925819486e-07 9.409413230878882e-07 9.2336248334272e-07 
1.0185737682784587e-06 1.1207397262055002e-06 9.515168568176389e-07 9.46830354658543e-07 9.288147648313269e-07 
1.020433518527914e-06 1.1224366344693987e-06 9.535668534225306e-07 9.484803415454803e-07 9.309187209970338e-07 
1.0264757799031137e-06 1.1297091832291454e-06 9.630347796968487e-07 9.546388503394974e-07 9.394972661553702e-07 
1.0252132648950902e-06 1.1295829727977407e-06 9.633805464012314e-07 9.53956874501367e-07 9.391757389034622e-07 
1.0130426665614194e-06 1.1149043823143948e-06 9.505789974939786e-07 9.396283520110012e-07 9.274449700016954e-07 
1.0055093260159531e-06 1.1077165505495538e-06 9.444366691382996e-07 9.320021172465182e-07 9.209646541150764e-07 
1.0015777791765293e-06 1.105971846363482e-06 9.422187232953614e-07 9.295920733362186e-07 9.176170507362716e-07 
1.0013303179262485e-06 1.1045569310022323e-06 9.416946195216929e-07 9.283466494689039e-07 9.176119827289819e-07 
1.0071884662524297e-06 1.113248328164155e-06 9.467982838560458e-07 9.370620711477742e-07 9.216415597821736e-07 
1.0088416487594786e-06 1.1147989424929076e-06 9.48088410485541e-07 9.387286513210183e-07 9.2302372131482e-07 
1.0159105174295459e-06 1.1220161169225843e-06 9.55188865559252e-07 9.459373654330661e-07 9.300891563225594e-07 
1.0165062008482128e-06 1.1227033767638876e-06 9.55756162801623e-07 9.466284312305405e-07 9.306238736321171e-07 
1.0201492473347915e-06 1.1269429359334085e-06 9.582636487641976e-07 9.511824857404654e-07 9.330268999986538e-07 
1.0166649442117504e-06 1.121945208355661e-06 9.528554965425724e-07 9.46849601461821e-07 9.284608059445995e-07 
1.0194088489134154e-06 1.127792692884195e-06 9.58599580185942e-07 9.516267660301368e-07 9.325673364651682e-07 
1.0195057478381445e-06 1.1279839227262746e-06 9.58842694986657e-07 9.517690732540742e-07 9.327545201269833e-07 
1.0293342273884355e-06 1.1381656502737148e-06 9.704895740549171e-07 9.61395325266189e-07 9.440892907100534e-07 
1.0316163682646712e-06 1.139355812454102e-06 9.71803532623947e-07 9.629341740527774e-07 9.459819498059505e-07 
1.0278163231688263e-06 1.1342861572547138e-06 9.665944207664965e-07 9.583515122864385e-07 9.414507086725294e-07 
1.02899579400831e-06 1.1351092179986265e-06 9.657195093489088e-07 9.598214612449233e-07 9.409666535851013e-07 
1.0295999158204898e-06 1.136052578077255e-06 9.658445788117348e-07 9.608987992814567e-07 9.410066899862241e-07 
1.0326014459837105e-06 1.1431188431406182e-06 9.714466137673893e-07 9.66996970171293e-07 9.446127758361406e-07 
1.0492145524207572e-06 1.1592319996255745e-06 9.85705656869498e-07 9.838968853337916e-07 9.594230816079071e-07 
1.053901387796104e-06 1.1618518131305977e-06 9.899322762771437e-07 9.867304305132523e-07 9.645930789919532e-07 
1.054205943670509e-06 1.1621789608809303e-06 9.90182574255256e-07 9.870744640656204e-07 9.648413775125364e-07 
1.0546754387943974e-06 1.1620168863442675e-06 9.893660327719166e-07 9.873504148246105e-07 9.644396025293908e-07 
1.0588868315219046e-06 1.1640703877372844e-06 9.920029812999995e-07 9.900022527381276e-07 9.681814477174723e-07 
1.0582752029841438e-06 1.1636920453065796e-06 9.914851316683394e-07 9.895830012433897e-07 9.675524169719786e-07 
1.0589824395359458e-06 1.1630140423460947e-06 9.906560501385506e-07 9.89465074852463e-07 9.674850914382359e-07 
1.0545927726825585e-06 1.1583058058951234e-06 9.867561929639823e-07 9.846077270641977e-07 9.636441398528143e-07 
1.046761711325581e-06 1.1504117246716827e-06 9.803890142553069e-07 9.762412792563983e-07 9.571014284031407e-07 
1.046745008162975e-06 1.1503968014340734e-06 9.803824262842752e-07 9.762230578606744e-07 9.570928504990574e-07 
1.046597949024807e-06 1.150209715898716e-06 9.797921270370063e-07 9.76177726247124e-07 9.565702921294092e-07 
1.0545081409997984e-06 1.1586790966003615e-06 9.901392438950146e-07 9.838681204350965e-07 9.664314627816161e-07 
1.0555489184226706e-06 1.1593761058256093e-06 9.91972364892595e-07 9.843493169518768e-07 9.683193863465272e-07 
1.0498733271715161e-06 1.1535705007438745e-06 9.860840693761283e-07 9.7860790048814e-07 9.62487850749038e-07 
1.0507044411498074e-06 1.1537112689827842e-06 9.869288417873116e-07 9.787936043444353e-07 9.636218100998954e-07 
1.050725458100821e-06 1.1537432196444121e-06 9.869797677131581e-07 9.78815922738765e-07 9.636647579713028e-07 
1.042246443773754e-06 1.1469877692830523e-06 9.785312360782847e-07 9.719264151740805e-07 9.544597869188244e-07 
1.0436769223848113e-06 1.1475642455457868e-06 9.795367829179126e-07 9.726862580082445e-07 9.55877485194589e-07 
1.041600977405502e-06 1.147116644025134e-06 9.785349751003384e-07 9.71811781464747e-07 9.540616541839664e-07 
1.0338869461401325e-06 1.1416065271165183e-06 9.713451941784637e-07 9.660218886544879e-07 9.458540189017491e-07 
1.0336149672891014e-06 1.141622517120496e-06 9.713529080208834e-07 9.65938102513991e-07 9.457074421932552e-07 
1.0427870172898985e-06 1.1503826233913119e-06 9.807904314484731e-07 9.74643887357195e-07 9.553272002738165e-07 
1.0445069224533183e-06 1.1517841115273375e-06 9.822535616058173e-07 9.761416166763595e-07 9.569606500575899e-07 
1.0413241474949035e-06 1.1477935139687631e-06 9.780900296445094e-07 9.724898239983895e-07 9.532353222606135e-07 
1.0605734502518872e-06 1.1662805227741684e-06 9.967883659590687e-07 9.912097230029607e-07 9.723954775023484e-07 
1.0645539286999695e-06 1.171027630007458e-06 1.000303669469377e-06 9.960678260512428e-07 9.75660128587543e-07 
1.0689606489193194e-06 1.1747180974994196e-06 1.0048576333282607e-06 9.99753211552987e-07 9.805139546474919e-07 
1.0640804833419363e-06 1.170514969119935e-06 1.0012983337083826e-06 9.95101040914615e-07 9.76499381543078e-07 
1.066670920594489e-06 1.1735109797993318e-06 1.0037479261830972e-06 9.981222832569174e-07 9.78806253076797e-07 
1.0705468324932641e-06 1.178679855395625e-06 1.0086119832459078e-06 1.0029277888989175e-06 9.830314948391376e-07 
1.0779565475766256e-06 1.1793690986952813e-06 1.0095796236032617e-06 1.0060041322576843e-06 9.87580861909872e-07 
1.0680727697731384e-06 1.1681195493433829e-06 9.984479938354207e-07 9.95222339994275e-07 9.771282731194978e-07 
1.0802044794885952e-06 1.1795360624100428e-06 1.009102630265198e-06 1.007172628997721e-06 9.88299838697217e-07 
1.0820088232044194e-06 1.1811933272861223e-06 1.0107280800219715e-06 1.008899495061603e-06 9.900141313526814e-07 
1.0854394850528894e-06 1.1835957741851914e-06 1.0121464281692324e-06 1.0120236146043187e-06 9.921115998286829e-07 
1.0884206021524878e-06 1.1852762000396038e-06 1.0138343841033502e-06 1.014217620994136e-06 9.945045686738414e-07 
1.0751423237579877e-06 1.177098172947446e-06 1.0080686244654853e-06 1.0032882446752294e-06 9.856797224958781e-07 
1.0745325136192837e-06 1.1764055400495125e-06 1.0070557136183354e-06 1.002724993752723e-06 9.847465453715957e-07 
1.07869024307649e-06 1.1808577212895263e-06 1.0123190334358945e-06 1.006822880639825e-06 9.897724046872805e-07 
1.0783579805222976e-06 1.1803149366402901e-06 1.0118708620090607e-06 1.0063295961493529e-06 9.894240759340147e-07 
1.0783222162077459e-06 1.1802834585803972e-06 1.0118364835080217e-06 1.006297343303397e-06 9.893876236045047e-07 
1.0816009997004485e-06 1.183301437614851e-06 1.0148846074123058e-06 1.00940890953e-06 9.925832093850688e-07 
1.091967451645573e-06 1.1913274025048878e-06 1.0238397696769479e-06 1.0180577082264809e-06 1.0027115191108289e-06 
1.0867506395182058e-06 1.1849218840368123e-06 1.0203705051188051e-06 1.0112337679535507e-06 9.99504254154037e-07 
1.0900001229870839e-06 1.1857224457544367e-06 1.0216736966762804e-06 1.0128460397038612e-06 1.002059752002945e-06 
1.0829886956638265e-06 1.177132530604762e-06 1.0129454644296037e-06 1.0049042925010136e-06 9.941658857937128e-07 
1.0838406040878174e-06 1.1780098504478548e-06 1.013792764346734e-06 1.0057819879760792e-06 9.950060558250588e-07 
1.0840293237967409e-06 1.1782666627061294e-06 1.0139797996861507e-06 1.0060324391837378e-06 9.951659653187414e-07 
1.0764738615808384e-06 1.1712572352962992e-06 1.0058957742594126e-06 9.991067603167108e-07 9.868973882190686e-07 
1.0794243551332566e-06 1.173530538880411e-06 1.0088325915367486e-06 1.0014589936252197e-06 9.901239649607329e-07 
1.0831142095578384e-06 1.178056645132608e-06 1.0126976844556539e-06 1.005855522791943e-06 9.936360439207901e-07 
1.0920646456582228e-06 1.181711020766364e-06 1.0162740974048837e-06 1.0116928454854947e-06 1.000073200144407e-06 
1.089824910173204e-06 1.1793451723692965e-06 1.0135641218492474e-06 1.0094783538336182e-06 9.974664608601707e-07 
1.0548348578264693e-06 1.1470270320032365e-06 9.824402334994657e-07 9.75636863842419e-07 9.646584711415804e-07 
1.0543143403641743e-06 1.145610626027736e-06 9.810911538429693e-07 9.74561253532017e-07 9.637780823759078e-07 
1.0541841839340217e-06 1.1454723119382452e-06 9.809476811117307e-07 9.74427491866563e-07 9.636391741334979e-07 
1.0527503607182378e-06 1.1437921543454756e-06 9.798431533403233e-07 9.726740173726779e-07 9.62590886230945e-07 
1.051567000826487e-06 1.141849569014834e-06 9.786696565973478e-07 9.708122650655745e-07 9.617244500481534e-07 
1.0383610107194455e-06 1.1274108137496686e-06 9.64853249265983e-07 9.566651049012887e-07 9.484472101685496e-07 
1.0271213108005555e-06 1.1155354712692082e-06 9.542071341117443e-07 9.446690780155617e-07 9.379522804590644e-07 
1.029477278039463e-06 1.1180287730537421e-06 9.561069899701838e-07 9.472819588405631e-07 9.398598380621067e-07 
1.029859438121845e-06 1.1186101399961897e-06 9.567714197410766e-07 9.477586934699439e-07 9.404087005368143e-07 
1.0170593464854802e-06 1.1067568486192847e-06 9.468301329706757e-07 9.349477801551763e-07 9.296826384950155e-07 
1.0187463978065697e-06 1.10775231652642e-06 9.487702230734247e-07 9.359675735506195e-07 9.318812344293436e-07 
1.005815269977955e-06 1.092197058756786e-06 9.333184105946574e-07 9.214223825822733e-07 9.177768403355265e-07 
1.0045437880961002e-06 1.0915707041330603e-06 9.338190043555213e-07 9.202186542575613e-07 9.177879470449738e-07 
1.0073913582036776e-06 1.092933947169652e-06 9.35102747678224e-07 9.222239814780262e-07 9.198844587985521e-07 
1.004800500965576e-06 1.0929361794571096e-06 9.324486220776632e-07 9.218870701224569e-07 9.16164310429358e-07 
1.0032731819236373e-06 1.0909304014348013e-06 9.297786537590706e-07 9.202626435036145e-07 9.138275755258883e-07 
1.0068860397759715e-06 1.0960036126154776e-06 9.327369785728416e-07 9.253611688051211e-07 9.162758057265891e-07 
1.0029759748117295e-06 1.0915861167578777e-06 9.274707170417794e-07 9.213954439339304e-07 9.113724172332487e-07 
1.0030119154526958e-06 1.0915582603168886e-06 9.273305634897815e-07 9.214277439724637e-07 9.11280450987786e-07 
1.001279507745143e-06 1.0896708385877636e-06 9.255276952745951e-07 9.195745618883991e-07 9.095443735930647e-07 
1.005911561883252e-06 1.0945252178151845e-06 9.305434047084195e-07 9.243000681019056e-07 9.144371228641815e-07 
1.0016949857901534e-06 1.0916153600653197e-06 9.26026553388944e-07 9.2133187954215e-07 9.093998225027811e-07 
1.0141782429993905e-06 1.1083502453501398e-06 9.445175289251988e-07 9.358625705483643e-07 9.254425134006107e-07 
1.0149022933265727e-06 1.1081783028690097e-06 9.443907879645871e-07 9.36032800893604e-07 9.257927849593997e-07 
1.0150951535778005e-06 1.1083358755684026e-06 9.446095317549036e-07 9.361868593058255e-07 9.260237261003157e-07 
1.0134840397941253e-06 1.1066455708615416e-06 9.430774681422371e-07 9.344780682145226e-07 9.245090229120503e-07 
1.013881893525037e-06 1.107089975536148e-06 9.435193120397028e-07 9.349056543186574e-07 9.249277020603935e-07 
1.0131406731760727e-06 1.1071446209971753e-06 9.434024301987792e-07 9.346943692972569e-07 9.244026341533795e-07 
1.0119732379074353e-06 1.1060348437292875e-06 9.425060285354716e-07 9.334970773457775e-07 9.234452782118726e-07 
1.0076502803910592e-06 1.1012019529232943e-06 9.36735639257133e-07 9.291317393608716e-07 9.18045101892342e-07 
1.0108484110230256e-06 1.1040878891752748e-06 9.415457554425591e-07 9.315863175654241e-07 9.228016727167102e-07 
1.026447848700315e-06 1.1250029299976057e-06 9.603853558618735e-07 9.510737580561189e-07 9.391059572356028e-07 
1.0247518204936305e-06 1.1231622403340265e-06 9.597251949597305e-07 9.489441231380348e-07 9.383760863685552e-07 
1.0295667809481708e-06 1.1292457331974812e-06 9.657420998856094e-07 9.545770587686537e-07 9.43742132529135e-07 
1.0287352388037226e-06 1.1287174625977297e-06 9.653891574173971e-07 9.538837103904098e-07 9.432033840949767e-07 
1.0247880452525165e-06 1.1253331738085745e-06 9.61657576060413e-07 9.503803279235125e-07 9.391972170622045e-07 
1.0258307348957074e-06 1.1265811230578618e-06 9.62765323667648e-07 9.515937299667883e-07 9.402160519216334e-07 
1.0227632922332432e-06 1.1225602009795262e-06 9.608020240242564e-07 9.473450092656615e-07 9.385058451266198e-07 
1.0154959263431096e-06 1.1161566663605672e-06 9.549119362339486e-07 9.404650093845096e-07 9.320661787701149e-07 
1.0140731168843198e-06 1.1145558875270998e-06 9.537935261327306e-07 9.387959337936472e-07 9.309800034511038e-07 
1.0129140939934823e-06 1.1129068719457866e-06 9.520762968656416e-07 9.373444840296346e-07 9.295275127039799e-07 
1.0192380824058378e-06 1.1192080179956457e-06 9.579971367115807e-07 9.437708952964229e-07 9.355301883534863e-07 
1.019514919165832e-06 1.1193947002025811e-06 9.584053037395397e-07 9.439313006392711e-07 9.359611913779791e-07 
1.0239114724842127e-06 1.1220393286491533e-06 9.609860405590345e-07 9.472597449602298e-07 9.395000199144574e-07 
1.017289455424124e-06 1.1157630568463892e-06 9.521474062647643e-07 9.415573247889177e-07 9.307571094012837e-07 
1.0160929549331673e-06 1.1153071351449226e-06 9.522646970927151e-07 9.406559418721492e-07 9.304060167275166e-07 
1.0126810815479934e-06 1.1108138322843447e-06 9.478353127501033e-07 9.365461225029423e-07 9.26533516086458e-07 
1.0143163210811025e-06 1.115380174234966e-06 9.552906684273322e-07 9.392258337041226e-07 9.320889500987391e-07 
1.0125176060441638e-06 1.1152138702621049e-06 9.549839288829697e-07 9.38498461230822e-07 9.309223659724494e-07 
1.0137414483496011e-06 1.114737968951762e-06 9.572670850020044e-07 9.379248864276437e-07 9.337889996730968e-07 
1.0125865404158304e-06 1.1137176951900284e-06 9.54681193744482e-07 9.372566996409824e-07 9.313124003801527e-07 
9.995727255572905e-07 1.0997056232783187e-06 9.398987612307796e-07 9.237869155664441e-07 9.171013780294674e-07 
1.0091187948461397e-06 1.1122817189124826e-06 9.528394916303042e-07 9.351831486564945e-07 9.284234623696182e-07 
1.0037109397475023e-06 1.1051407199429855e-06 9.45678548865617e-07 9.286634767510957e-07 9.221658573334108e-07 
1.0011355911568778e-06 1.1020150207258385e-06 9.424830984616173e-07 9.257519155935908e-07 9.192615356403598e-07 
9.982736389149634e-07 1.0987554497717248e-06 9.394498006905687e-07 9.225720625445582e-07 9.16401983917468e-07 
1.008390990562659e-06 1.1067911265431458e-06 9.48236245553805e-07 9.312046006677215e-07 9.262480517054972e-07 
1.0179869717885154e-06 1.1164721545776195e-06 9.573495169112986e-07 9.410254340467551e-07 9.3542012105426e-07 
1.0097535991265615e-06 1.1092778140474204e-06 9.491968861006763e-07 9.336802415659687e-07 9.267966560220156e-07 
1.0119627313443244e-06 1.1090604273311937e-06 9.514263591484653e-07 9.33731907883975e-07 9.30034794732535e-07 
9.99486548920647e-07 1.0899847642474028e-06 9.329101187009475e-07 9.170355481819839e-07 9.149238352539446e-07 
9.864742343803285e-07 1.0784761069318066e-06 9.236480481131631e-07 9.043175383652179e-07 9.045383725621037e-07 
9.802883420313061e-07 1.0724876615632476e-06 9.187643293376364e-07 8.979577852560334e-07 8.993922425640724e-07 
9.888913053913617e-07 1.0800382663459508e-06 9.265793835301602e-07 9.058793194378662e-07 9.077662846319331e-07 
9.88243916939512e-07 1.0760303868581956e-06 9.225545155509077e-07 9.032072327878463e-07 9.055323209241004e-07 
9.80737867758352e-07 1.0680961300499901e-06 9.149114709553567e-07 8.953482688769452e-07 8.980562753720337e-07 
9.711979975447533e-07 1.0606805064913148e-06 9.062997884957294e-07 8.873539024844692e-07 8.884249760932518e-07 
9.876773398763176e-07 1.0755278179840637e-06 9.212992721973917e-07 9.028668634881947e-07 9.043344465804302e-07 
1.0073456913503833e-06 1.0977197707547824e-06 9.411375681256135e-07 9.24712868028025e-07 9.231840072495034e-07 
1.007481492226993e-06 1.097863066629736e-06 9.41233406356553e-07 9.248659552217243e-07 9.232821534006713e-07 
1.0049001910263561e-06 1.0945771235227032e-06 9.382251889068792e-07 9.217813016759006e-07 9.2060678443482e-07 
9.958520114188567e-07 1.085703391198084e-06 9.291396173535732e-07 9.128672429237964e-07 9.114232431728313e-07 
1.010014861336596e-06 1.0994666028688822e-06 9.433180332639778e-07 9.267227159091059e-07 9.258117663605393e-07 
1.0061301595574915e-06 1.093713260452961e-06 9.384591261259588e-07 9.214796696373617e-07 9.218255174079807e-07 
1.0066302796542754e-06 1.092250164350527e-06 9.394580212311217e-07 9.201949642014514e-07 9.235643578059914e-07 
1.006740710495421e-06 1.092361507688054e-06 9.398837055121819e-07 9.202284748278723e-07 9.239503999018542e-07 
1.0068671706425676e-06 1.0923456590186333e-06 9.395605453673393e-07 9.203473698006249e-07 9.237420357333499e-07 
1.0062645533517392e-06 1.0935307626961503e-06 9.422134050855944e-07 9.204465667223731e-07 9.252577223884522e-07 
1.0219354128498045e-06 1.1102761553260217e-06 9.573001255228242e-07 9.372125557857135e-07 9.400296136587846e-07 
1.0220913616817142e-06 1.1104472496475842e-06 9.574710185637591e-07 9.37378105648868e-07 9.401929697127643e-07 
1.0050254189418778e-06 1.0944467528423904e-06 9.466161762589386e-07 9.196982693972321e-07 9.28077759806121e-07 
9.912286694182505e-07 1.079228596378989e-06 9.32069358473871e-07 9.048416366119628e-07 9.141568336926564e-07 
9.784908790714818e-07 1.0615188833472724e-06 9.1864222547432e-07 8.881510202159151e-07 9.027867755661381e-07 
9.792164302257522e-07 1.062035873958895e-06 9.192031576363963e-07 8.887464668956159e-07 9.034547879916609e-07 
9.816326798740922e-07 1.0641840209248272e-06 9.223485800006734e-07 8.908072941225684e-07 9.066222233756822e-07 
9.7874479119219e-07 1.061114271414153e-06 9.193963677258034e-07 8.877750339421762e-07 9.0374294389989e-07 
9.706776904965587e-07 1.0551513629803913e-06 9.11512718441374e-07 8.813280920420734e-07 8.949637352427764e-07 
9.887552590650998e-07 1.0752248030121244e-06 9.314432015313603e-07 9.00708215768628e-07 9.139104420330825e-07 
9.957403691931138e-07 1.083341390416836e-06 9.399741358390296e-07 9.08320413730173e-07 9.218121980988271e-07 
9.979047918987178e-07 1.0854567898123187e-06 9.425532673001409e-07 9.1036890466724e-07 9.243655748609305e-07 
9.97455778150294e-07 1.0853709551197787e-06 9.428224027579327e-07 9.100675520647625e-07 9.243969585310149e-07 
1.001668884578763e-06 1.0898798281960801e-06 9.475296480186507e-07 9.144377667367774e-07 9.289358892178436e-07 
1.0028702353182037e-06 1.090345630987036e-06 9.475924920133235e-07 9.152766572499164e-07 9.294412548088039e-07 
1.0029669769287918e-06 1.090293320188314e-06 9.476116257501691e-07 9.152688041726392e-07 9.295303916012813e-07 
9.985100109368146e-07 1.0835844860920502e-06 9.4111589884316e-07 9.093908963431138e-07 9.241842699696854e-07 
9.793208696637247e-07 1.063145080967402e-06 9.237504985031976e-07 8.887602758731873e-07 9.070334777679316e-07 
9.839472533658776e-07 1.0688359797852826e-06 9.285114843699324e-07 8.942282188020483e-07 9.113637073853413e-07 
9.674929489762242e-07 1.0593945314013127e-06 9.168505832461778e-07 8.824436016426993e-07 8.962221352945306e-07 
9.640649495421426e-07 1.0573378867187149e-06 9.155177705738256e-07 8.797178969315411e-07 8.940642606083147e-07 
9.663376121894502e-07 1.059848731689503e-06 9.179270291078438e-07 8.821689001226173e-07 8.963680567802646e-07 
9.574372148572552e-07 1.0474324991988378e-06 9.051284584666693e-07 8.711172130463118e-07 8.854444007381987e-07 
9.560998993480147e-07 1.047535763490551e-06 9.051193360965578e-07 8.706902568154959e-07 8.84682260599282e-07 
9.533159354700129e-07 1.0467854844421586e-06 9.035841538340545e-07 8.693240169827772e-07 8.821572387543612e-07 
9.502482696540807e-07 1.0421593373415903e-06 8.981510045280311e-07 8.654346199197358e-07 8.776367838892585e-07 
9.490680662228735e-07 1.0410105894697296e-06 8.980235477487285e-07 8.64060773561896e-07 8.773634924653937e-07 
9.471414361119982e-07 1.0392607076428838e-06 8.963952641274366e-07 8.622122655068818e-07 8.756198466350037e-07 
9.409950096584565e-07 1.035990309907361e-06 8.943450879531069e-07 8.576111236366089e-07 8.718772809185499e-07 
9.412399136589276e-07 1.036306227932236e-06 8.946680903659007e-07 8.579007199705071e-07 8.721628031524413e-07 
9.407266812208462e-07 1.0366282440180813e-06 8.950323605763507e-07 8.579089403192101e-07 8.720786254695062e-07 
9.421415566969831e-07 1.0384187393786339e-06 8.954476257040164e-07 8.598376808390105e-07 8.724661040611205e-07 
9.430149212775364e-07 1.0387926857941744e-06 8.959769531922502e-07 8.603655205885406e-07 8.732442054277744e-07 
9.506282009326779e-07 1.0471095259966251e-06 9.048862654743044e-07 8.68340058010853e-07 8.817388935515661e-07 
9.398761134686332e-07 1.0360443772830893e-06 8.944749205353276e-07 8.572201881787165e-07 8.713738679656079e-07 
9.390793613315465e-07 1.0352302184369997e-06 8.931009097209192e-07 8.56517687601782e-07 8.700733442891036e-07 
9.486018483909272e-07 1.0472583174372662e-06 9.046863500414998e-07 8.677699752908921e-07 8.804244546631163e-07 
9.72164415409396e-07 1.0710616153811146e-06 9.293817435070355e-07 8.914039048319996e-07 9.049740442673725e-07 
9.733887397414738e-07 1.0714399271888842e-06 9.297952399029356e-07 8.920809010808444e-07 9.058332856899344e-07 
9.720506851699535e-07 1.0696835734374562e-06 9.286816636744742e-07 8.903486436030036e-07 9.048577167083624e-07 
9.684236960143408e-07 1.0673722732535253e-06 9.250977031283834e-07 8.877953295008625e-07 9.007206386093127e-07 
9.68201432449856e-07 1.0673777301265823e-06 9.252473891694647e-07 8.876919328699134e-07 9.00732224323779e-07 
9.478157336555873e-07 1.0499273618491113e-06 9.065854745762697e-07 8.693771830093513e-07 8.805879556437188e-07 
9.56384699336901e-07 1.0572603674244814e-06 9.182232899554868e-07 8.763719834504664e-07 8.924007008400659e-07 
9.603403465801038e-07 1.0616349109808916e-06 9.229290688212013e-07 8.805595626504057e-07 8.968617052814533e-07 
9.643339008974483e-07 1.064732354664576e-06 9.24969209182492e-07 8.841678670137652e-07 8.995135007476601e-07 
9.665106576965774e-07 1.0665010392878677e-06 9.268919300689777e-07 8.860591777531648e-07 9.016403277419227e-07 
9.67910681291797e-07 1.0682286734668527e-06 9.295620611329979e-07 8.875121681626225e-07 9.040306592847546e-07 
9.701944667232976e-07 1.0703320474599222e-06 9.334441143899957e-07 8.893838751339467e-07 9.078024956317412e-07 
9.70107802956532e-07 1.0704267418378321e-06 9.33601918807259e-07 8.894051118128278e-07 9.078573366964193e-07 
9.68972134286304e-07 1.068128169875812e-06 9.313055999023832e-07 8.87504856661601e-07 9.061666060558663e-07 
9.704289440035118e-07 1.0685740040120473e-06 9.327160013907253e-07 8.881500344878977e-07 9.079958660086589e-07 
9.699454524466258e-07 1.0685567722649114e-06 9.320370386621205e-07 8.880770067630326e-07 9.071506617109379e-07 
9.658352016738624e-07 1.0665026632946797e-06 9.287131692146122e-07 8.855064534360045e-07 9.028859497432045e-07 
9.678285692471062e-07 1.0666145519636978e-06 9.294052477220346e-07 8.861810616620728e-07 9.045029633849761e-07 
9.655375179251196e-07 1.064505676599267e-06 9.270793969756123e-07 8.840362139655561e-07 9.020995206587679e-07 
9.647617762459041e-07 1.063029985877816e-06 9.254631263828104e-07 8.828269275116862e-07 9.008649648373379e-07 
9.634223940916743e-07 1.0630236518121163e-06 9.246387343138538e-07 8.824899512849106e-07 8.994338752609223e-07 
9.622255600818086e-07 1.0610434877471826e-06 9.214628138175267e-07 8.80990904576379e-07 8.968088016107952e-07 
9.70850420407527e-07 1.0674713316153515e-06 9.261780451610676e-07 8.885500366434068e-07 9.029181250204923e-07 
9.711981291808367e-07 1.0666179903317167e-06 9.257270441125259e-07 8.880578356114974e-07 9.030524051836176e-07 
9.646519217866694e-07 1.0620720215433365e-06 9.241964438783677e-07 8.822214918200102e-07 9.000807081585614e-07 
9.70231950889997e-07 1.0653801108775846e-06 9.262021625561091e-07 8.865988947932718e-07 9.034586607289388e-07 
9.691526138215052e-07 1.063643870616152e-06 9.266847151070482e-07 8.847043933044511e-07 9.040120130115426e-07 
9.651406483034656e-07 1.0570465315641865e-06 9.198483087029492e-07 8.790811054152577e-07 8.98551279389058e-07 
9.723886050959932e-07 1.0621029227086159e-06 9.249262671977645e-07 8.849863628510191e-07 9.048032622162609e-07 
9.636376553673814e-07 1.0595578912663347e-06 9.188269611342313e-07 8.807567153103314e-07 8.958426379098455e-07 
9.598103832530922e-07 1.0558025911900017e-06 9.127686385039624e-07 8.774037634478826e-07 8.900113008283798e-07 
9.558879918413824e-07 1.0546920850255618e-06 9.126488889537999e-07 8.750766046434129e-07 8.882736635862244e-07 
9.492215740239481e-07 1.0472709849984415e-06 9.077275414856699e-07 8.674323000064387e-07 8.834258420459609e-07 
9.565119170234283e-07 1.0536828112513265e-06 9.134371892078974e-07 8.743135859141335e-07 8.897095044174985e-07 
9.609771721587109e-07 1.0590995514078164e-06 9.155815186801198e-07 8.800313286255309e-07 8.917617207166168e-07 
9.669191802757405e-07 1.065160608850872e-06 9.21998462322127e-07 8.860012052516564e-07 8.980952178612374e-07 
9.61287430757667e-07 1.0585032312016282e-06 9.133956171227571e-07 8.80082394437762e-07 8.902468204019507e-07 
9.581982532565859e-07 1.0585577902340457e-06 9.110664411804615e-07 8.794973221982056e-07 8.865262307260742e-07 
9.651667576448234e-07 1.065234383378326e-06 9.185499534709712e-07 8.86129723572739e-07 8.940960117610637e-07 
9.608509526499256e-07 1.0602061755479216e-06 9.126567522982664e-07 8.815243851074186e-07 8.886657714270304e-07 
9.52800533384355e-07 1.0513938456137885e-06 9.055884500134566e-07 8.725911406264987e-07 8.817617582543931e-07 
9.543958350767731e-07 1.0519201001342557e-06 9.061726197447187e-07 8.734957580235835e-07 8.829111142805764e-07 
9.514835099802334e-07 1.0492528099417682e-06 9.039141791982857e-07 8.706451757054057e-07 8.804628122247767e-07 
9.473817854885866e-07 1.0457843879096522e-06 8.998405681299581e-07 8.670603410355298e-07 8.761100188398028e-07 
9.517712393420338e-07 1.049747757559352e-06 9.046552823126778e-07 8.71015920787696e-07 8.810659486668472e-07 
9.439482496025122e-07 1.0428698152786627e-06 8.989961479662593e-07 8.635262859893717e-07 8.747311263218649e-07 
9.450777019245768e-07 1.0448409259569745e-06 9.010382344996139e-07 8.651896633696897e-07 8.763243522989743e-07 
9.490768108447193e-07 1.0511820098768604e-06 9.050756742875465e-07 8.71190125420398e-07 8.794115130277308e-07 
9.3156047398512e-07 1.0404430787630012e-06 8.950448801951607e-07 8.579799982624715e-07 8.656420531639075e-07 
9.326049710006169e-07 1.041447384439769e-06 8.960936232262832e-07 8.589916413592701e-07 8.667116785250122e-07 
9.325985311389623e-07 1.0434449018009547e-06 8.986905020046429e-07 8.602299626485076e-07 8.681834450717379e-07 
9.316451467135419e-07 1.0429955158002322e-06 8.98077250579003e-07 8.596501516124204e-07 8.673185814383372e-07 
9.253791611288201e-07 1.0391080054705396e-06 8.933117040125453e-07 8.551748192171489e-07 8.613675886971189e-07 
9.259995173298871e-07 1.0387204872735398e-06 8.925391810953382e-07 8.551770871774337e-07 8.61172621642412e-07 
9.327132053303258e-07 1.044028783747293e-06 8.974497256546272e-07 8.610246612056433e-07 8.669011909112434e-07 
9.365220455879685e-07 1.048547139106147e-06 9.001209166844311e-07 8.657057295851969e-07 8.694227445231386e-07 
9.32448348419067e-07 1.0443164339513843e-06 8.944436893384419e-07 8.618208004707433e-07 8.639709709168434e-07 
9.313890287282672e-07 1.0434042093734195e-06 8.934773436080008e-07 8.60870935697302e-07 8.629276740735104e-07 
9.352218433329506e-07 1.0442404178194784e-06 8.941552016934993e-07 8.627177252484521e-07 8.652288749726006e-07 
9.294445358492394e-07 1.0383478508492801e-06 8.871710251448766e-07 8.570897816354648e-07 8.584018183959003e-07 
9.306179085835054e-07 1.0405150575082538e-06 8.886085840363358e-07 8.590986178598072e-07 8.593996648245218e-07 
9.276845493952825e-07 1.0380623560164933e-06 8.84940445274104e-07 8.567609714622223e-07 8.555980561652474e-07 
9.205215190438019e-07 1.032180820601447e-06 8.799182672455677e-07 8.502527360704645e-07 8.497634754753993e-07 
9.216644586421649e-07 1.0314435023867858e-06 8.767137392712343e-07 8.507043851231786e-07 8.47839325509411e-07 
9.220412137297064e-07 1.0329014845825407e-06 8.780207332032866e-07 8.518461990717604e-07 8.485892793492613e-07 
9.08996690617894e-07 1.0256425050133728e-06 8.683548024912525e-07 8.433251441156587e-07 8.360337495463052e-07 
9.117538182561405e-07 1.0253489186324246e-06 8.668522620698655e-07 8.442933813721159e-07 8.363050118941356e-07 
9.131792629878636e-07 1.0272346022801964e-06 8.693132234966594e-07 8.458887978962453e-07 8.384656103114431e-07 
9.124050381111235e-07 1.0265960014168527e-06 8.688476216062078e-07 8.45162471878617e-07 8.37904564088529e-07 
9.197854562115972e-07 1.0318735785594948e-06 8.752101391137034e-07 8.508516431580303e-07 8.45309929839132e-07 
9.203290820226707e-07 1.032249891582937e-06 8.75686551756497e-07 8.512580934173996e-07 8.458673805011762e-07 
9.165839375539987e-07 1.0310310790293604e-06 8.762001287028793e-07 8.488100236247337e-07 8.448257625794848e-07 
9.245708378805861e-07 1.0383725017361012e-06 8.857082727109526e-07 8.558657332553326e-07 8.544811737012714e-07 
9.318263547124432e-07 1.044845499564588e-06 8.951295971232145e-07 8.619510120427088e-07 8.640271672063043e-07 
9.305168170042841e-07 1.0434838089933384e-06 8.936379435499494e-07 8.6063041441592e-07 8.625711702889581e-07 
9.239617605571633e-07 1.0386137990355145e-06 8.860966554173361e-07 8.558072106838656e-07 8.543990889914893e-07 
9.251968818871456e-07 1.0389071870250087e-06 8.882865154503235e-07 8.559760672069664e-07 8.568856804399737e-07 
9.236572648519683e-07 1.0373883723399478e-06 8.862795648307724e-07 8.545541331048069e-07 8.549138306948056e-07 
9.249943938469982e-07 1.0386438165034844e-06 8.877361629896993e-07 8.55793902040628e-07 8.563982579699077e-07 
9.164026760082573e-07 1.0300309039821545e-06 8.800406280062662e-07 8.469688852950538e-07 8.485692965808846e-07 
9.212904287981459e-07 1.0380330168831536e-06 8.851331533821446e-07 8.546658541313703e-07 8.523545636736778e-07 
9.196629428879056e-07 1.03692586096304e-06 8.833544672772121e-07 8.535509304265919e-07 8.503638946766123e-07 
9.239970581655173e-07 1.0417262818073544e-06 8.874991876420084e-07 8.583688478835866e-07 8.543552729422875e-07 
9.241238980397369e-07 1.0422241585364608e-06 8.878616382614752e-07 8.587866268541037e-07 8.545361219220057e-07 
9.24352641456634e-07 1.0426943498135893e-06 8.883023226987264e-07 8.591915955550902e-07 8.548530995943339e-07 
9.256187771925691e-07 1.0453845516399416e-06 8.904746694796101e-07 8.615804759297602e-07 8.563323391743243e-07 
9.276420360302338e-07 1.0496489633033154e-06 8.938777276109631e-07 8.653952322583866e-07 8.586493611458028e-07 
9.237718219486157e-07 1.0479483487351628e-06 8.872383489950464e-07 8.642885250661338e-07 8.513523705687313e-07 
9.313800679517335e-07 1.0579139049527595e-06 8.97165246806801e-07 8.73607686406261e-07 8.60074201311788e-07 
9.314735799928751e-07 1.0591104363965144e-06 8.982604324871068e-07 8.745275767448875e-07 8.605938747648295e-07 
9.302915190941161e-07 1.0574516440344842e-06 8.966369348719401e-07 8.729895459079478e-07 8.592131231371149e-07 
9.269323658511104e-07 1.0544179311823678e-06 8.928763920141955e-07 8.700533923006917e-07 8.55333566357189e-07 
9.332118685831594e-07 1.0618388450694875e-06 8.990247599950815e-07 8.775001131059678e-07 8.610426783779943e-07 
9.325614367966749e-07 1.0601563296219931e-06 8.970850544062539e-07 8.761670126009428e-07 8.596747943867122e-07 
9.37578000319068e-07 1.064999776420167e-06 9.01686140697138e-07 8.811238753747886e-07 8.644234155547202e-07 
9.3884373804586e-07 1.0667678697670274e-06 9.035196277597538e-07 8.827368193045287e-07 8.659903547223572e-07 
9.462062617777857e-07 1.0734012872451458e-06 9.090407068188218e-07 8.898731031015602e-07 8.720581532411486e-07 
9.51527947624307e-07 1.0785633657127697e-06 9.13582325101083e-07 8.952507533008902e-07 8.767803759740573e-07 
9.517378273538863e-07 1.0790223536440729e-06 9.135780878204001e-07 8.957689523310504e-07 8.76692333489045e-07 
9.504498349923227e-07 1.07867782284583e-06 9.128204812769683e-07 8.952790701191069e-07 8.754664460079982e-07 
9.605032919117727e-07 1.0935320001107432e-06 9.297289921764743e-07 9.082946296149381e-07 8.896725455292997e-07 
9.603958801831214e-07 1.0933849042030798e-06 9.296197464804509e-07 9.081477001530746e-07 8.895799039359375e-07 
9.646812740315144e-07 1.0983240841718768e-06 9.327677812555521e-07 9.134014966943693e-07 8.925869404065153e-07 
9.613876739130734e-07 1.0972629228199667e-06 9.333611527445107e-07 9.113345264904305e-07 8.918092944361319e-07 
9.606578851531344e-07 1.098356411334797e-06 9.335396243415598e-07 9.122282325498899e-07 8.911066577811362e-07 
9.634472738104395e-07 1.104083205955271e-06 9.415502682665867e-07 9.166670981535637e-07 8.973538762716541e-07 
9.702096868426437e-07 1.114280927708525e-06 9.502207321634271e-07 9.264881140094061e-07 9.043974129785638e-07 
9.707839966087732e-07 1.1147535896382275e-06 9.50681750546672e-07 9.269853181359508e-07 9.049169163273748e-07 
9.713239926550257e-07 1.1152328781441684e-06 9.510557995099295e-07 9.275047598733546e-07 9.053366064199411e-07 
9.74720090725701e-07 1.1202760059871578e-06 9.558975110612257e-07 9.322437561643499e-07 9.093478710033821e-07 
9.786887360139674e-07 1.1256126527459044e-06 9.577573707917404e-07 9.382295826916484e-07 9.108401675974546e-07 
9.773015658545233e-07 1.1246808909654909e-06 9.571345736550045e-07 9.371194703665667e-07 9.099378236242386e-07 
9.756670347326489e-07 1.1234521549248111e-06 9.558781389246764e-07 9.358177958402682e-07 9.08458360989099e-07 
9.737634088960915e-07 1.1216398669837862e-06 9.553021683722231e-07 9.336497253020196e-07 9.077050983765667e-07 
9.69804624950404e-07 1.1203706199216798e-06 9.56583333075219e-07 9.311818826162329e-07 9.072994026741587e-07 
9.744868712105526e-07 1.1222859671101821e-06 9.59212126066296e-07 9.334539347477711e-07 9.113513579248384e-07 
9.755023796824776e-07 1.1223172319165642e-06 9.60297614815671e-07 9.334206938198547e-07 9.128618256690011e-07 
9.714768260434714e-07 1.1182039263882056e-06 9.566916676264855e-07 9.29203929516861e-07 9.09228707463765e-07 
9.715348125533774e-07 1.1183059081287397e-06 9.568038162347583e-07 9.292943182874169e-07 9.093170390862859e-07 
9.65090756504744e-07 1.1114557206275067e-06 9.518548685730247e-07 9.220748016588652e-07 9.043601992941103e-07 
9.596660502039964e-07 1.1056361767548963e-06 9.451589501715686e-07 9.16550453714403e-07 8.979226783636993e-07 
9.525654021511337e-07 1.1011545757752067e-06 9.40181515881888e-07 9.116671818132565e-07 8.915656407268299e-07 
9.54100655109115e-07 1.1009860684908552e-06 9.404980509353869e-07 9.117200160020074e-07 8.927449194749854e-07 
9.63325456279693e-07 1.1087075934851457e-06 9.473231253745242e-07 9.199628693113213e-07 9.005068371023282e-07 
9.652889144779342e-07 1.1092982812253871e-06 9.476525927479566e-07 9.209087464955744e-07 9.01598350745212e-07 
9.678832997417543e-07 1.111690894418449e-06 9.483562878372892e-07 9.237695813758454e-07 9.025878751381192e-07 
9.593189839427242e-07 1.1064017990004864e-06 9.443045467361409e-07 9.17486033399853e-07 8.96633124759661e-07 
9.474886717902916e-07 1.0942633698515278e-06 9.327561797151989e-07 9.052760583406407e-07 8.851152164242726e-07 
9.466992605691634e-07 1.0931265206286075e-06 9.302484971293361e-07 9.045563325884134e-07 8.829150854109064e-07 
9.459614058706824e-07 1.0925312746931951e-06 9.295713888097071e-07 9.039536663025277e-07 8.821653617458648e-07 
9.307157859019224e-07 1.079000974509619e-06 9.170578858526232e-07 8.898406290865282e-07 8.68547124676898e-07 
9.378812653667635e-07 1.0859147427240708e-06 9.23125670020551e-07 8.970087859169128e-07 8.74875308706477e-07 
9.358428139729341e-07 1.0838790286614506e-06 9.203681640189449e-07 8.951612967258348e-07 8.721692786079093e-07 
9.431266785420861e-07 1.0921645774056814e-06 9.305721244910771e-07 9.027531399978036e-07 8.817152251960298e-07 
9.435617670610576e-07 1.0918116805095063e-06 9.292923123977535e-07 9.027866138531035e-07 8.809408026274423e-07 
9.446434481764666e-07 1.0932138337568983e-06 9.308721146607718e-07 9.040792242517243e-07 8.823419547816149e-07 
9.458457281262725e-07 1.0944869166056714e-06 9.321532039195766e-07 9.053347914829695e-07 8.83592917877689e-07 
9.47650033573776e-07 1.0957010180983103e-06 9.345853999481651e-07 9.063603768401078e-07 8.862348528697369e-07 
9.455502638722518e-07 1.0950300398123134e-06 9.343522179956942e-07 9.053056423117115e-07 8.851931639977232e-07 
9.453217927107937e-07 1.094632271814172e-06 9.338083323262543e-07 9.049763404789459e-07 8.847506704307879e-07 
9.274149087719227e-07 1.0809312738635325e-06 9.202707053699299e-07 8.904867321834685e-07 8.688578997796955e-07 
9.230532077573669e-07 1.0760254073612501e-06 9.154782018073903e-07 8.856563756355918e-07 8.643115822933409e-07 
9.143989927851935e-07 1.067167711595213e-06 9.07919902556364e-07 8.765366040307758e-07 8.566827020624056e-07 
9.059645041551694e-07 1.0583867535400576e-06 9.011270582771068e-07 8.67367212456272e-07 8.498343418895726e-07 
9.047795011005428e-07 1.0591786244386857e-06 9.009477509777387e-07 8.680431317048051e-07 8.486918164783469e-07 
9.037481681781042e-07 1.0584062309020626e-06 9.005600683086524e-07 8.671399675079401e-07 8.481263034474028e-07 
9.05369138023312e-07 1.0597318402995488e-06 9.019085507463048e-07 8.685072812849971e-07 8.496399920911015e-07 
9.075327925141964e-07 1.0618493116383147e-06 9.044906547905086e-07 8.705228088454521e-07 8.522206879604644e-07 
9.310353203661451e-07 1.0852617341146236e-06 9.261977934736073e-07 8.943072909885305e-07 8.742921473723559e-07 
9.312345380782952e-07 1.08550963172999e-06 9.261870482135281e-07 8.946071757472471e-07 8.742804618853783e-07 
9.237508528846784e-07 1.0778225534261904e-06 9.184322511390408e-07 8.869830770743632e-07 8.665870011500674e-07 
9.236680922166693e-07 1.0775967085920407e-06 9.181600523374651e-07 8.867930061162962e-07 8.663937645790722e-07 
9.294336121134767e-07 1.0821679056599152e-06 9.240880613786876e-07 8.91248604720877e-07 8.728676707430422e-07 
9.283014865439251e-07 1.081196364119805e-06 9.227223753929876e-07 8.903409749598254e-07 8.7144559873167e-07 
9.284416221912159e-07 1.0807664646127765e-06 9.226162059316019e-07 8.899376359469939e-07 8.716109947085693e-07 
9.35364209215102e-07 1.0873034974741854e-06 9.28673959558528e-07 8.966458833860577e-07 8.779621028095314e-07 
9.38804202371526e-07 1.090683002398268e-06 9.317818967448889e-07 9.0009512137711e-07 8.811497513192308e-07 
9.367321551255798e-07 1.089928513616365e-06 9.307794520503313e-07 8.991650961219197e-07 8.794624958208594e-07 
9.53967500052178e-07 1.1034473594932079e-06 9.44431644714529e-07 9.133183508415823e-07 8.951716380891785e-07 
9.6352016655301e-07 1.1118773584619008e-06 9.497444816781014e-07 9.227093577017971e-07 9.014306256776986e-07 
9.695150599271878e-07 1.1170183437927096e-06 9.539802501509248e-07 9.282428172895954e-07 9.062409484701392e-07 
9.777999684402927e-07 1.1289709107922962e-06 9.669137485465492e-07 9.392210395393377e-07 9.171995136904657e-07 
9.771839444041558e-07 1.1289540262689738e-06 9.667078982445258e-07 9.391390449974105e-07 9.16691878458935e-07 
9.603351790967908e-07 1.1093073909041592e-06 9.491226964017832e-07 9.195462553786312e-07 9.002804701315914e-07 
9.568592619741612e-07 1.1017551135752147e-06 9.403104083247281e-07 9.13133243757616e-07 8.937159766867995e-07 
9.696079071716097e-07 1.1160252800829571e-06 9.521505581636533e-07 9.276870814776615e-07 9.050651198132558e-07 
9.829661071184683e-07 1.1283397861492264e-06 9.611009157995367e-07 9.411060807106596e-07 9.14973794021118e-07 
9.825993783693451e-07 1.1281040164246689e-06 9.606963316972304e-07 9.408895898490561e-07 9.145136702334757e-07 
9.81627299044681e-07 1.1269871581500514e-06 9.606020720255133e-07 9.395238391460126e-07 9.143919757895765e-07 
9.865901144975e-07 1.1320326912351137e-06 9.651962121056196e-07 9.446688938457525e-07 9.190167367798965e-07 
9.899474138386892e-07 1.1348418195753216e-06 9.688936100449451e-07 9.473507486032935e-07 9.229393906784764e-07 
9.922009691524854e-07 1.1365336766997032e-06 9.707815108543737e-07 9.491095025653769e-07 9.251191690782088e-07 
9.90740815370442e-07 1.1351285856347849e-06 9.699098370499244e-07 9.475517315129572e-07 9.24157700366447e-07 
1.0244230868375491e-06 1.1668685488370446e-06 9.991168128423917e-07 9.803801280049527e-07 9.54838754436019e-07 
1.022299528112895e-06 1.1639385532118302e-06 9.960116523547975e-07 9.776860628061533e-07 9.521656160262329e-07 
1.0210662874970665e-06 1.1633164372554806e-06 9.951566304087148e-07 9.769893091200208e-07 9.510031664254898e-07 
1.0077497560917006e-06 1.1509509210961766e-06 9.82502408462132e-07 9.64502405752102e-07 9.377956639787063e-07 
1.003532651797792e-06 1.1476743152077837e-06 9.7878122757912e-07 9.611471235677149e-07 9.335940489924582e-07 
1.005249277418968e-06 1.1487365253735643e-06 9.787283583925176e-07 9.626738879771153e-07 9.340070729727037e-07 
1.0056184843810688e-06 1.1504830968690803e-06 9.81051132095851e-07 9.639486216515562e-07 9.355457368445643e-07 
1.0056050809040823e-06 1.1511654972282315e-06 9.821830930989786e-07 9.64351505704631e-07 9.362653986711996e-07 
1.0016743287624274e-06 1.147200268317366e-06 9.795166410276777e-07 9.600337517368842e-07 9.334676875187552e-07 
9.96674877819706e-07 1.1415726255438342e-06 9.750556313486765e-07 9.542272159577103e-07 9.291957555798524e-07 
9.978495230898208e-07 1.142607882607048e-06 9.755341863825973e-07 9.55443427243355e-07 9.298091958927516e-07 
1.0080505680444112e-06 1.152028706761137e-06 9.825940159517494e-07 9.656871732413109e-07 9.375735946011565e-07 
1.0193871043441043e-06 1.1640213277743283e-06 9.94640031047374e-07 9.77505626312625e-07 9.493345962623519e-07 
1.0209101446916411e-06 1.1665513654598278e-06 9.971351383343063e-07 9.798238336394157e-07 9.513088846346002e-07 
1.024944812227022e-06 1.1738290278005842e-06 1.0032081443807128e-06 9.867607578312553e-07 9.55805350249163e-07 
1.026051684247698e-06 1.172795486832822e-06 1.0024988615032417e-06 9.8607780733656e-07 9.56204837495086e-07 
