3.079181754985955e-06 3.0869118722922233e-06 3.220371487697086e-06 3.008068986975091e-06 3.2000120199626156e-06 
3.0791810620381815e-06 3.086965688093393e-06 3.2204252956494342e-06 3.008110801897154e-06 3.2000396761644877e-06 
3.0685181526562736e-06 3.076406476559287e-06 3.2097688199640758e-06 2.9974555702139466e-06 3.189351570066303e-06 
3.0742487047110225e-06 3.081774335145832e-06 3.215728472851204e-06 3.003311417524981e-06 3.1953817784177834e-06 
3.0721089209043275e-06 3.0781914331349245e-06 3.212861850307618e-06 3.0005368162648672e-06 3.193083138176576e-06 
3.0746288626206825e-06 3.0807560233156088e-06 3.215604940640486e-06 3.003215551685369e-06 3.1957734938494214e-06 
3.0930629235854606e-06 3.0993279347757115e-06 3.2346374763363876e-06 3.0220855061031775e-06 3.214657745271402e-06 
3.094394001945832e-06 3.1002982257422135e-06 3.2360613682189003e-06 3.0234492535942e-06 3.216175597683163e-06 
3.088861656663741e-06 3.0966592253419228e-06 3.2316575598434295e-06 3.0188652407317854e-06 3.2109971435930088e-06 
3.0882559189607307e-06 3.0958462777838254e-06 3.2309987555222063e-06 3.018203350032506e-06 3.210411013828172e-06 
3.088454962730883e-06 3.096078679450621e-06 3.2312286876444494e-06 3.018426960794911e-06 3.2106253466755702e-06 
3.0921113746099272e-06 3.0996477033397926e-06 3.2345513476844193e-06 3.021846758552519e-06 3.214032381964013e-06 
3.0947235336243733e-06 3.1011503329698407e-06 3.2371492702781433e-06 3.024350554660582e-06 3.2169716812105965e-06 
3.0905538417479676e-06 3.0967317824106384e-06 3.2330295669590756e-06 3.020191314734218e-06 3.2129197552625742e-06 
3.0889797957850425e-06 3.0951916042615782e-06 3.2315346901612706e-06 3.018674332223072e-06 3.2114009097222295e-06 
3.091209383435885e-06 3.097366906542796e-06 3.2337371083330936e-06 3.0208816625870696e-06 3.213624398163327e-06 
3.0928559245657285e-06 3.099013644402889e-06 3.23547835830519e-06 3.022595155354543e-06 3.215348898554289e-06 
3.0843475508319064e-06 3.0906406198801746e-06 3.22721451960854e-06 3.014263747302752e-06 3.2070020404596998e-06 
3.0978257638127783e-06 3.1046513554054005e-06 3.2407459671968426e-06 3.02783349101086e-06 3.2203600237975036e-06 
3.08881505152829e-06 3.0955186121977377e-06 3.231956328535789e-06 3.0189607731074577e-06 3.2115701605202824e-06 
3.0881032966744142e-06 3.094786796419701e-06 3.2311868599893954e-06 3.018206577596162e-06 3.2108169596165193e-06 
3.080678976682223e-06 3.0871324163617067e-06 3.2238947776310588e-06 3.01085035207465e-06 3.203572925352562e-06 
3.084428547078122e-06 3.092135882646204e-06 3.228628564643034e-06 3.0153994686598058e-06 3.2077517389417305e-06 
3.084377353543392e-06 3.0922114367015544e-06 3.2286728737385956e-06 3.0154262642653025e-06 3.2077406860747297e-06 
3.072141267431122e-06 3.0800555857206765e-06 3.2166295748658483e-06 3.0033251622029357e-06 3.195640754544664e-06 
3.078864295051804e-06 3.0870492822670395e-06 3.2227294489129e-06 3.009639988485387e-06 3.2017656580905145e-06 
3.0837663730099924e-06 3.092652590695239e-06 3.2278498464934132e-06 3.0147611335973004e-06 3.206633030482158e-06 
3.0846487622255375e-06 3.093440134521819e-06 3.228323409494133e-06 3.015351004879465e-06 3.207206626420113e-06 
3.0948660566064666e-06 3.10477824450134e-06 3.239235519178553e-06 3.0261627354854506e-06 3.2176536062210415e-06 
3.1043974708916125e-06 3.114390885572547e-06 3.2493846170250414e-06 3.0361376621987928e-06 3.22766918496123e-06 
3.1031620155630535e-06 3.1129774476039647e-06 3.2479434839730746e-06 3.034741281684444e-06 3.2263184719245044e-06 
3.0997287133170127e-06 3.1092224133586347e-06 3.244267370524989e-06 3.03110656474749e-06 3.2227835033019624e-06 
3.1139147000774424e-06 3.124420705558852e-06 3.2585785954207932e-06 3.04548443515961e-06 3.236761204800467e-06 
3.113810238567389e-06 3.124008335382251e-06 3.2582609434602765e-06 3.0452021728486435e-06 3.236574944093372e-06 
3.1176927545381014e-06 3.1280788962071257e-06 3.262084595705625e-06 3.0490644333809575e-06 3.240350731641079e-06 
3.1244878118834213e-06 3.1348129970397395e-06 3.268195032308427e-06 3.055384661597424e-06 3.246597944920179e-06 
3.128284056250376e-06 3.138337058710026e-06 3.2718854957870583e-06 3.0590833459298644e-06 3.2503897351842085e-06 
3.1382641127498045e-06 3.149787730363738e-06 3.282695140846344e-06 3.0697886083102605e-06 3.260603109529538e-06 
3.1382439913063925e-06 3.1497722087683697e-06 3.2826767348018404e-06 3.069770125754728e-06 3.2605829972169004e-06 
3.132994476891759e-06 3.144696443421127e-06 3.2776860541319842e-06 3.0647136445724994e-06 3.2554947672809284e-06 
3.132620653784392e-06 3.1440867938010424e-06 3.2772917247677396e-06 3.0643015437250333e-06 3.255176377538703e-06 
3.1344855688002902e-06 3.146005520833538e-06 3.2789261065394064e-06 3.0660139758708222e-06 3.2568340406201168e-06 
3.1382522277554743e-06 3.148715146402418e-06 3.2821092629085655e-06 3.069274298270817e-06 3.260442203886091e-06 
3.137781004786173e-06 3.148225266172515e-06 3.2816572301273577e-06 3.068814158999464e-06 3.259992616125732e-06 
3.141472967046228e-06 3.1515910321897423e-06 3.2851770392443387e-06 3.072357338970978e-06 3.2636418722344496e-06 
3.143226642630058e-06 3.1538919707300334e-06 3.2870280301369384e-06 3.074233659511871e-06 3.2653079499168067e-06 
3.142591625567097e-06 3.153106333257871e-06 3.2862681067621953e-06 3.073497198480455e-06 3.264615988571014e-06 
3.140871607078381e-06 3.151270377384662e-06 3.284230982017681e-06 3.071546630751146e-06 3.262669699654406e-06 
3.1348820691981404e-06 3.147322374324943e-06 3.2789771271653976e-06 3.0662694973455682e-06 3.2566624701059157e-06 
3.121755300905261e-06 3.134579012236057e-06 3.2659832976402883e-06 3.053266673237574e-06 3.243529619645937e-06 
3.1214189040269118e-06 3.1344709595509844e-06 3.2658226334162214e-06 3.053074864310957e-06 3.2432684213989886e-06 
3.1210543830514e-06 3.1335460692318845e-06 3.265213264586029e-06 3.0524824825643795e-06 3.2428736166287275e-06 
3.125995837870496e-06 3.1389505911804807e-06 3.270481582088112e-06 3.0577002628000568e-06 3.2479424185679777e-06 
3.1232899797783144e-06 3.1364987730876337e-06 3.26768083423843e-06 3.0549552650358094e-06 3.2450804501937402e-06 
3.1233754925443233e-06 3.13655502149981e-06 3.2677383270175013e-06 3.055018503430001e-06 3.2451517749628758e-06 
3.124123871047466e-06 3.137353431406681e-06 3.2683617627969575e-06 3.0556874736588303e-06 3.2457813780543083e-06 
3.1303297341420504e-06 3.142643586421259e-06 3.2740415248360835e-06 3.061439042731543e-06 3.2518327309004865e-06 
3.1308932862370637e-06 3.1433385103231873e-06 3.2746241069063354e-06 3.0620300583013274e-06 3.2523715923721624e-06 
3.131017718156507e-06 3.144304788971212e-06 3.2747667562749813e-06 3.0622591177716277e-06 3.2522523966088353e-06 
3.1359075206569038e-06 3.1493631857620828e-06 3.279976995703849e-06 3.067388492454024e-06 3.2573546768761546e-06 
3.138665571118274e-06 3.152171776446426e-06 3.2825773712564683e-06 3.070046650760294e-06 3.259966434376083e-06 
3.140836385685744e-06 3.1544465564634673e-06 3.284767480719834e-06 3.072243517537465e-06 3.262120943216283e-06 
3.1414219957054615e-06 3.1549713543822117e-06 3.2852923764495183e-06 3.0727814640523404e-06 3.2626749655826594e-06 
3.1435193460724147e-06 3.1570051984651346e-06 3.2873614726195373e-06 3.0748538317913116e-06 3.26476819365301e-06 
3.143570769265351e-06 3.156984905669635e-06 3.287318899367485e-06 3.0748334767791357e-06 3.264763933343505e-06 
3.1432858921780634e-06 3.156751218182574e-06 3.287083791444268e-06 3.0745879180231902e-06 3.264504510462206e-06 
3.145306222913193e-06 3.1587898288119883e-06 3.2891612777349966e-06 3.0766503371296666e-06 3.2665662096217166e-06 
3.1591702066851996e-06 3.1735169788983193e-06 3.303583543928618e-06 3.0909990354741095e-06 3.2806244784711147e-06 
3.159740901725127e-06 3.1741358635619013e-06 3.3040144432056224e-06 3.0914806404420297e-06 3.281064661555545e-06 
3.153291169172786e-06 3.1688641273380642e-06 3.298182903755379e-06 3.0855819902173138e-06 3.274764545668012e-06 
3.1545301783139977e-06 3.1704705242073212e-06 3.3004023572511725e-06 3.0875316635389042e-06 3.2767011639131155e-06 
3.1547002434321437e-06 3.17092317005428e-06 3.3006570571242512e-06 3.0877921562678723e-06 3.276854216019711e-06 
3.1536577056857754e-06 3.1686170192154717e-06 3.299373722525202e-06 3.0864409316425115e-06 3.2760015072571818e-06 
3.1506505406004315e-06 3.1658491228121466e-06 3.2963424150872833e-06 3.083442187451021e-06 3.2729012223968337e-06 
3.153976465045655e-06 3.169241778988133e-06 3.2997225796056855e-06 3.0868147423573862e-06 3.2762509897775617e-06 
3.143571189312286e-06 3.1583060350227503e-06 3.28956830103532e-06 3.076516608426379e-06 3.266217855002084e-06 
3.1437294442978927e-06 3.159405586938238e-06 3.289697391079144e-06 3.076759792414476e-06 3.266062513734959e-06 
3.1225837641433683e-06 3.1387340199015408e-06 3.268767796622477e-06 3.0558031607228097e-06 3.2449528223001783e-06 
3.1234853470752777e-06 3.1383222629779967e-06 3.26894563577484e-06 3.056061477884868e-06 3.2456596818977176e-06 
3.123555238697451e-06 3.1384349842380338e-06 3.268973053376443e-06 3.0561071268167787e-06 3.2456812729110106e-06 
3.1237707802678707e-06 3.138642412654926e-06 3.269198291395952e-06 3.0563285281205214e-06 3.245907295894479e-06 
3.128482720975226e-06 3.143188181188127e-06 3.273877732597735e-06 3.0610025780803502e-06 3.2506427715226635e-06 
3.126556842763835e-06 3.1412582531094214e-06 3.2719454493193212e-06 3.059070687561436e-06 3.2487131195820105e-06 
3.1251441481817716e-06 3.1404262081987192e-06 3.270418744116921e-06 3.057644587186412e-06 3.247027784220384e-06 
3.131984392515403e-06 3.1455259816908294e-06 3.276593712444281e-06 3.0638405938990738e-06 3.2538520404684473e-06 
3.1338864738325188e-06 3.1480363986181823e-06 3.278746647332142e-06 3.0659822092057995e-06 3.2557742987332035e-06 
3.1339236115146085e-06 3.148119949668693e-06 3.2787824301523963e-06 3.066023594035766e-06 3.255796042604876e-06 
3.124992315841871e-06 3.13924186823543e-06 3.2702929898386348e-06 3.057395034208084e-06 3.2472149991674426e-06 
3.127439636385941e-06 3.1416521853076542e-06 3.2727695085508147e-06 3.05985980951238e-06 3.249697483947285e-06 
3.1272113482326935e-06 3.141662944077111e-06 3.2725857052567958e-06 3.0596881563750754e-06 3.249432541247503e-06 
3.1296492970113376e-06 3.1439820948303963e-06 3.274807002050335e-06 3.0619661084389087e-06 3.2517275213266827e-06 
3.1299515525192923e-06 3.1441186451214424e-06 3.275126678055697e-06 3.0622622096764586e-06 3.2520950689560686e-06 
3.1308641580838814e-06 3.144931661451051e-06 3.2759507081809127e-06 3.06310377284338e-06 3.2529649178847718e-06 
3.13326321491671e-06 3.1467770901519304e-06 3.278383556703641e-06 3.0654673094076808e-06 3.2555616783540554e-06 
3.152181322046218e-06 3.164469977269549e-06 3.2970866162674073e-06 3.084119539154431e-06 3.274675677323023e-06 
3.1583452169668784e-06 3.1704231683877373e-06 3.3031463125512677e-06 3.09019351015931e-06 3.280817319220377e-06 
3.1597808204456872e-06 3.1718072727436204e-06 3.304725103271719e-06 3.0917234321365263e-06 3.2823868649213286e-06 
3.1623995621409906e-06 3.1750342586598747e-06 3.3075745672791186e-06 3.0945656728999746e-06 3.285009229458416e-06 
3.1605796142612485e-06 3.1738558310412854e-06 3.306034687447929e-06 3.093004992792633e-06 3.283224001951398e-06 
3.1696870976981576e-06 3.182931122051618e-06 3.314858481112303e-06 3.101919152812912e-06 3.292105662207488e-06 
3.1725403807934984e-06 3.185608362257623e-06 3.317722298195372e-06 3.1047626758058774e-06 3.2950213465830872e-06 
3.1689813273455164e-06 3.180648013843506e-06 3.3136195215950016e-06 3.1006814261836977e-06 3.2914436488832422e-06 
3.168617352664203e-06 3.180301804916578e-06 3.3133113948070625e-06 3.1003575617690433e-06 3.2911204172702073e-06 
3.173972279640753e-06 3.185551703624417e-06 3.318928718181707e-06 3.1058862138823047e-06 3.2967236912669384e-06 
3.1830751889180057e-06 3.193882140612868e-06 3.328035636549551e-06 3.1149205845326606e-06 3.306065676400653e-06 
3.183038820554707e-06 3.193851947100294e-06 3.3280025724978417e-06 3.114887091738834e-06 3.306030148848625e-06 
3.1722022357168843e-06 3.1819310712630835e-06 3.316400156858181e-06 3.1034081768369103e-06 3.294894653338425e-06 
3.165469917241967e-06 3.1751254246249767e-06 3.3094583240504813e-06 3.096519774762156e-06 3.2880125543487414e-06 
3.1657990685363585e-06 3.175367810556426e-06 3.309586121881343e-06 3.096701478290141e-06 3.288201926803037e-06 
3.1675572362893476e-06 3.17726018924783e-06 3.3115418007045006e-06 3.0986102203211408e-06 3.290081909234194e-06 
3.1657441808297355e-06 3.1752605774806712e-06 3.3095309571352222e-06 3.0966413215206517e-06 3.2881628569888704e-06 
3.1671132289136477e-06 3.1766184442767276e-06 3.3110078833791756e-06 3.0980847225510067e-06 3.2896242779010848e-06 
3.1685303137995165e-06 3.1764213073257385e-06 3.311092888238204e-06 3.098429374344458e-06 3.2904353829148037e-06 
3.1616870078192394e-06 3.1702840040946135e-06 3.3049703782931196e-06 3.0921460958436567e-06 3.2839719931145694e-06 
3.1725573806721756e-06 3.180982657351925e-06 3.315984481263479e-06 3.1031062031756566e-06 3.295012408660344e-06 
3.170686419932231e-06 3.179205584504604e-06 3.314197062127281e-06 3.1013007932928096e-06 3.2931819085068553e-06 
3.170465892061585e-06 3.1789650467456296e-06 3.3139699064303417e-06 3.101073678737448e-06 3.292962059463059e-06 
3.1808251941570287e-06 3.1908770100992956e-06 3.325201457580192e-06 3.1121907929884117e-06 3.3035648977633855e-06 
3.18106406823834e-06 3.190855068669071e-06 3.3254542075064624e-06 3.112414393313218e-06 3.3038951350378955e-06 
3.180828505254143e-06 3.1900810519204908e-06 3.325039552478237e-06 3.112003358943333e-06 3.303676651164132e-06 
3.1668460419109724e-06 3.1771431113030835e-06 3.3114138917695034e-06 3.0983600999306767e-06 3.2896705457743184e-06 
3.168749581481103e-06 3.1790332092410893e-06 3.313305942285449e-06 3.100255473922353e-06 3.291568479322865e-06 
3.166870198673068e-06 3.1771368730091457e-06 3.3115266236691858e-06 3.0984428024341204e-06 3.289777180593625e-06 
3.1658324926230427e-06 3.175938105973719e-06 3.3105381550745795e-06 3.097423247525897e-06 3.2888296259246453e-06 
3.1591104371080615e-06 3.1701213558413485e-06 3.3044836755709638e-06 3.0912488664888834e-06 3.28238241564542e-06 
3.156021830971864e-06 3.1674078982110438e-06 3.3010144515253496e-06 3.0879309755696423e-06 3.2788647570426515e-06 
3.164723959155742e-06 3.1745429916177056e-06 3.3076887595052913e-06 3.0950843846384904e-06 3.286370898262933e-06 
3.1680550185700505e-06 3.177986759692303e-06 3.310960223797933e-06 3.0983879454172845e-06 3.289617747872828e-06 
3.1726834197785717e-06 3.182775113147822e-06 3.3157297990550136e-06 3.10313192864109e-06 3.2943131825870884e-06 
3.195008000435945e-06 3.2053348407037165e-06 3.337306095284863e-06 3.1249836025998435e-06 3.3159445608873777e-06 
3.193918816782429e-06 3.2033373332551887e-06 3.3348854841369215e-06 3.1228972615234904e-06 3.314033989284678e-06 
3.20610516724657e-06 3.2147813814071033e-06 3.346164232582571e-06 3.134402171259408e-06 3.3256967730781577e-06 
3.212132207373522e-06 3.2212675818570046e-06 3.352238121462061e-06 3.1405131050916136e-06 3.3316208392311925e-06 
3.204851824528361e-06 3.213990194499071e-06 3.344799335587158e-06 3.1331225344806183e-06 3.3242093857562953e-06 
3.2048657590137003e-06 3.2139610590396326e-06 3.344763222323848e-06 3.133098360078139e-06 3.3241951788532103e-06 
3.2017583211786616e-06 3.2105389047367295e-06 3.3414877711618632e-06 3.129842864098644e-06 3.3210458760795237e-06 
3.203462364294985e-06 3.2121489735030463e-06 3.343776902212065e-06 3.1319305238753047e-06 3.3232622215877584e-06 
3.207054861907958e-06 3.2150491812411203e-06 3.347046148196452e-06 3.135235808963644e-06 3.326799704935554e-06 
3.2097650118208202e-06 3.2177017876930114e-06 3.3496500140109865e-06 3.1378701639800704e-06 3.329439396137881e-06 
3.2002070152602424e-06 3.2080692811860585e-06 3.341021074766318e-06 3.1289264035328663e-06 3.320672990186824e-06 
3.2009352059257065e-06 3.2089403772332844e-06 3.341996291500366e-06 3.129836982775186e-06 3.3215613765847625e-06 
3.195887427375094e-06 3.204225366204806e-06 3.337371516926703e-06 3.1251070227012952e-06 3.316761585914961e-06 
3.1960755093936727e-06 3.202746898422461e-06 3.33727925019808e-06 3.124942797317187e-06 3.3172288117493376e-06 
3.2069141906785972e-06 3.2140963235772336e-06 3.349221252653903e-06 3.1365934677354655e-06 3.32882113292223e-06 
3.2052264180949517e-06 3.2125086662014207e-06 3.347571878127311e-06 3.1349404445567298e-06 3.3271345912627175e-06 
3.2038766817247264e-06 3.211175853527828e-06 3.3462713222225994e-06 3.1336254151355794e-06 3.3258204297255674e-06 
3.203874971082352e-06 3.211181125531159e-06 3.346322575756139e-06 3.1336608927413446e-06 3.3258603185412422e-06 
3.20576434832043e-06 3.2115145726819623e-06 3.3470997980731494e-06 3.1346432345110903e-06 3.327307435761745e-06 
3.204790841012162e-06 3.2104201577886355e-06 3.3460676331442813e-06 3.133617949503075e-06 3.326322589642613e-06 
3.2068384430141037e-06 3.2135318883100326e-06 3.3477592251413217e-06 3.1355206557652637e-06 3.3277501753517884e-06 
3.2013731049480025e-06 3.2094607800167572e-06 3.3432096633083e-06 3.130811841717998e-06 3.3226145925953385e-06 
3.205229708512252e-06 3.212314398897419e-06 3.347018832387137e-06 3.134542496039347e-06 3.3267389409833376e-06 
3.2097511195482188e-06 3.217638575776418e-06 3.3520635670288226e-06 3.1395017392601342e-06 3.331446150467368e-06 
3.2103284849117513e-06 3.2184253443320475e-06 3.352680875335766e-06 3.1401268455136455e-06 3.3319922717121587e-06 
3.2144193180773892e-06 3.222970697959828e-06 3.3571131269179516e-06 3.1444982785079767e-06 3.3362253403689065e-06 
3.2100705812956093e-06 3.2190159650824724e-06 3.353145734194724e-06 3.1404473926002067e-06 3.3320712927244e-06 
3.215737877723525e-06 3.2242268090964183e-06 3.3585259617763643e-06 3.1458764320633846e-06 3.3376407646183786e-06 
3.2159942918073947e-06 3.225020034919237e-06 3.358833513753446e-06 3.14622011550369e-06 3.3377748090103732e-06 
3.210845317889727e-06 3.219674386950045e-06 3.353750315988712e-06 3.1410942429728423e-06 3.3327410523196517e-06 
3.213362065263068e-06 3.2221104196970334e-06 3.3563773817240054e-06 3.1436805786209015e-06 3.3353733812709457e-06 
3.2133650401989196e-06 3.2221279163255923e-06 3.3563724206750756e-06 3.1436794862315953e-06 3.3353653495729926e-06 
3.2132794053037964e-06 3.2220287436773845e-06 3.3562473868757494e-06 3.143565373906431e-06 3.335251331912237e-06 
3.2212094708151024e-06 3.2298136605962116e-06 3.3640112290141224e-06 3.1513716402878587e-06 3.343087713325699e-06 
3.2206650459196365e-06 3.229203094879455e-06 3.363911351769342e-06 3.1511269980210395e-06 3.3429307782608906e-06 
3.2167551577228225e-06 3.225089880145477e-06 3.3600035181082397e-06 3.1471971794827005e-06 3.3390853242274343e-06 
3.2035959064207275e-06 3.2116509563291266e-06 3.3468069218958774e-06 3.133978554703499e-06 3.325982362471042e-06 
3.202532261813493e-06 3.210682274256978e-06 3.3457501672007464e-06 3.1329278818509423e-06 3.3248954413771613e-06 
3.2047420141346996e-06 3.2121833389094434e-06 3.3481696009511416e-06 3.1352197763327207e-06 3.3274950593032063e-06 
3.2039612491421784e-06 3.2113647803045223e-06 3.347341656978087e-06 3.134402370851015e-06 3.3266869941403316e-06 
3.1973268324919193e-06 3.2046532981812077e-06 3.340757921409671e-06 3.127792607026767e-06 3.3201187250198484e-06 
3.197691863646157e-06 3.205014980009672e-06 3.3411110482801624e-06 3.1281492588430793e-06 3.320474913101296e-06 
3.1975863541405346e-06 3.2053492463968487e-06 3.3410604134686667e-06 3.128121307064982e-06 3.3202801325805023e-06 
3.196617388500571e-06 3.2047154306949955e-06 3.340884107103134e-06 3.1277343374882265e-06 3.319863144918878e-06 
3.1967066517323014e-06 3.2046829767153063e-06 3.34101005547424e-06 3.1278384896647545e-06 3.3200199294391143e-06 
3.1976542117532854e-06 3.205492912058659e-06 3.3417937470892385e-06 3.128659816585609e-06 3.32087421101463e-06 
3.190176333395365e-06 3.1986710736243937e-06 3.334601104752727e-06 3.1214356595286686e-06 3.3134319074863546e-06 
3.1825499910286604e-06 3.1906999489929653e-06 3.327038978583037e-06 3.113819140925959e-06 3.305964965282723e-06 
3.1793750926652502e-06 3.1870871695804262e-06 3.3240132035652454e-06 3.1107088321146264e-06 3.3030474581439905e-06 
3.179206353659955e-06 3.1876201240444243e-06 3.32426235493221e-06 3.1108946809507385e-06 3.3030091062540355e-06 
3.178312612037458e-06 3.186515121377219e-06 3.3230742521454226e-06 3.109775155883004e-06 3.3019370869782114e-06 
3.1754914823421045e-06 3.183588727627331e-06 3.320045324565158e-06 3.1067974410987246e-06 3.298976934383533e-06 
3.1821592425706046e-06 3.19118437734964e-06 3.326829865676257e-06 3.113633918038633e-06 3.305456387781067e-06 
3.1816761122365146e-06 3.190947952889361e-06 3.3260733886225068e-06 3.1129827445320893e-06 3.3046720460899133e-06 
3.1754268110977566e-06 3.185144459887344e-06 3.3199043078659635e-06 3.106827586853645e-06 3.2983531846877552e-06 
3.1729894850482845e-06 3.18502776740813e-06 3.318776687457456e-06 3.1055249132745223e-06 3.2962866264663764e-06 
3.1716396406125108e-06 3.182655489830697e-06 3.316727809789022e-06 3.1035875572965567e-06 3.2946730255469057e-06 
3.1779818880174064e-06 3.1888893635066656e-06 3.3227526307697345e-06 3.1097026679084035e-06 3.3007854784521194e-06 
3.175640898156773e-06 3.1873149673628864e-06 3.32023615173405e-06 3.107316057657178e-06 3.29806461720881e-06 
3.1779572246993804e-06 3.1904567118657324e-06 3.3228767745322202e-06 3.1099423783249518e-06 3.30039523441311e-06 
3.17579255550916e-06 3.188895166878531e-06 3.3207672227822022e-06 3.1078779803539294e-06 3.298091151284906e-06 
3.1754999925882113e-06 3.1886392419017748e-06 3.3205137460114607e-06 3.1076159939952976e-06 3.2978196773656986e-06 
3.179994036331555e-06 3.1945952626373765e-06 3.3259240953434423e-06 3.1129002703255866e-06 3.302621174184939e-06 
3.186627484416976e-06 3.201569369867803e-06 3.333074599109278e-06 3.1199308107907173e-06 3.30957635363476e-06 
3.1902877284139096e-06 3.205081625196855e-06 3.337097851860571e-06 3.123827942556032e-06 3.3135816191570923e-06 
3.1879760461993026e-06 3.2020955177222103e-06 3.3334674686584547e-06 3.1205330190313814e-06 3.310387606395452e-06 
3.187186345740023e-06 3.2017953392293944e-06 3.332412368395592e-06 3.119615160849176e-06 3.309228052564297e-06 
3.1884895772686215e-06 3.203100928158218e-06 3.3338291462873e-06 3.120997032030526e-06 3.310624255605286e-06 
3.1973398582281473e-06 3.2118410313027014e-06 3.342005143075728e-06 3.129380376320888e-06 3.3189497177293897e-06 
3.2014785524898437e-06 3.21622690565561e-06 3.346334137128526e-06 3.133678989869926e-06 3.3231691182037256e-06 
3.2012609928696145e-06 3.216118586323775e-06 3.3461582780788587e-06 3.133502094431168e-06 3.3229524424988175e-06 
3.1974980529967685e-06 3.212680940932599e-06 3.342690233248721e-06 3.1299747256555715e-06 3.319333727980103e-06 
3.2005345516518102e-06 3.2165143449271157e-06 3.346541201523508e-06 3.1336597696146357e-06 3.322797917954057e-06 
3.2019119383749693e-06 3.2179700873446013e-06 3.347868158796943e-06 3.13501252423349e-06 3.3241092783301773e-06 
3.196176769768756e-06 3.213871363127079e-06 3.3428795422989792e-06 3.129975043030512e-06 3.3184881678819985e-06 
3.190996578985451e-06 3.208507939275589e-06 3.3374824683182732e-06 3.1246221353369913e-06 3.3131858468828756e-06 
3.1896763652576452e-06 3.2067773300390813e-06 3.3362285009609224e-06 3.123297862007988e-06 3.3120470871420098e-06 
3.1920000396803546e-06 3.209270186240051e-06 3.338501904577262e-06 3.125608489525466e-06 3.314276710010249e-06 
3.193498193317929e-06 3.2109482134003255e-06 3.340053970996848e-06 3.1271655803779143e-06 3.315763797121243e-06 
3.1999143739991914e-06 3.2159335444148654e-06 3.3454776355421344e-06 3.1327414366286217e-06 3.321799047107544e-06 
3.198807396150653e-06 3.2148267375332013e-06 3.3442385283939695e-06 3.131543963798726e-06 3.320582903113264e-06 
3.195532979133283e-06 3.2112109240192616e-06 3.341021359843761e-06 3.1282669899291877e-06 3.3174614403191047e-06 
3.196721548898171e-06 3.2124183844659826e-06 3.342369127853109e-06 3.1295669455900854e-06 3.3187756697779934e-06 
3.196670687043542e-06 3.2123672989100028e-06 3.3423196028357237e-06 3.1295169399137126e-06 3.318725989468819e-06 
3.1838288410358886e-06 3.199952045202683e-06 3.329496485430254e-06 3.1167295036579885e-06 3.3057701071781093e-06 
3.1753333206170496e-06 3.1927625668233373e-06 3.321386614538881e-06 3.108645429232441e-06 3.297192419540869e-06 
3.1695279542705795e-06 3.1867455768407688e-06 3.315436462222948e-06 3.1027128776686385e-06 3.291333379601026e-06 
3.16444753530524e-06 3.1819047410193705e-06 3.310351167202509e-06 3.0976548356041134e-06 3.2861758492993892e-06 
3.1672322273816523e-06 3.1846195355241302e-06 3.31325948073449e-06 3.1005167285208053e-06 3.289083931825574e-06 
3.1633145760035412e-06 3.1802371222033208e-06 3.3085500351241904e-06 3.0960042508866923e-06 3.284655080660679e-06 
3.1721509134233035e-06 3.1901322103642783e-06 3.319060388549461e-06 3.106110166004856e-06 3.2945485772625255e-06 
3.1648162539329434e-06 3.182105869591425e-06 3.3111347250013286e-06 3.0982857687445814e-06 3.2869393239988562e-06 
3.1717381570542024e-06 3.189147404824484e-06 3.318144397365427e-06 3.1052858298835145e-06 3.293895916627622e-06 
3.172507919364956e-06 3.1899625456074958e-06 3.3189571783706817e-06 3.1060907600592836e-06 3.2946871622657653e-06 
3.1642603827385827e-06 3.1819464776947266e-06 3.3111444645251756e-06 3.0981625029889275e-06 3.2867292251001877e-06 
3.164199523113723e-06 3.18186397013273e-06 3.3110800517811025e-06 3.098096618928262e-06 3.2866721056003246e-06 
3.165128200065035e-06 3.1824927710761264e-06 3.3119437412195596e-06 3.0989461090941803e-06 3.2876392685321847e-06 
3.1673491679097196e-06 3.185045615393709e-06 3.314309045223998e-06 3.101306177222039e-06 3.2898770376332313e-06 
3.1719134147827264e-06 3.1900273791237886e-06 3.3191282531341095e-06 3.106096998158411e-06 3.2945228115332617e-06 
3.1640419553460637e-06 3.181452602811795e-06 3.3097447859869357e-06 3.0971072828512523e-06 3.2856185593434723e-06 
3.1649703955239573e-06 3.18230606939222e-06 3.310382587319215e-06 3.0978305723000912e-06 3.286329517154264e-06 
3.1544259990686357e-06 3.1717709616150195e-06 3.3003007305184454e-06 3.087594075983973e-06 3.2761665166521876e-06 
3.157379401029583e-06 3.1739643362201204e-06 3.3028379801152533e-06 3.0901761945097e-06 3.279009395243005e-06 
3.160682920047671e-06 3.177446274074923e-06 3.306448101141461e-06 3.093711076667034e-06 3.2825110783396196e-06 
3.159024611008523e-06 3.175324138734359e-06 3.304415182909144e-06 3.091742540236301e-06 3.2806860224285344e-06 
3.139461127025751e-06 3.153936309458582e-06 3.283293610403442e-06 3.0708989058647942e-06 3.260398235320326e-06 
3.137844647185172e-06 3.152339060766332e-06 3.281617050671524e-06 3.0692430514667556e-06 3.2587263681448466e-06 
3.141412810442758e-06 3.1568636305885517e-06 3.2843581012629836e-06 3.072371880462516e-06 3.2613151867015494e-06 
3.13927034914789e-06 3.154794848381915e-06 3.282297357346675e-06 3.0702915921806065e-06 3.259217941201008e-06 
3.140477691340048e-06 3.156232669917115e-06 3.2829481988853e-06 3.071157682472883e-06 3.2598935068829517e-06 
3.144041231487886e-06 3.159553040686423e-06 3.286978056475151e-06 3.0750037838787116e-06 3.2639174338642805e-06 
3.1467818747837695e-06 3.161424000001355e-06 3.2890801931025177e-06 3.077214724677307e-06 3.2663973642607883e-06 
3.1477695395557903e-06 3.162323583104874e-06 3.2896068414503377e-06 3.077885786319115e-06 3.2670305529091553e-06 
3.149698989017337e-06 3.1647137727441476e-06 3.2925601071168434e-06 3.080554206617732e-06 3.2696649301036026e-06 
3.161740638088799e-06 3.1779930845063963e-06 3.305950245152462e-06 3.09365681926724e-06 3.2824391846380097e-06 
3.169042188299364e-06 3.185060724397188e-06 3.313209243427528e-06 3.100906010726199e-06 3.2897765785575728e-06 
3.1547952882501353e-06 3.1702293353269636e-06 3.298896114272468e-06 3.0865358618879387e-06 3.2756570010956622e-06 
3.1413031450852765e-06 3.157008867160199e-06 3.2855952268413085e-06 3.073196502241562e-06 3.2622413309302413e-06 
3.1312008018876283e-06 3.1463652510945707e-06 3.276023773100697e-06 3.063384069582861e-06 3.2527462216984113e-06 
3.1275735203805617e-06 3.1424384705098264e-06 3.272350022780555e-06 3.059688681384646e-06 3.2491731717629157e-06 
3.12291958507966e-06 3.137763754128506e-06 3.268076380470912e-06 3.0552886940916685e-06 3.2448408021479007e-06 
3.119827127750916e-06 3.1353348965266138e-06 3.2654633452579036e-06 3.0525968576290403e-06 3.241941187069693e-06 
3.1195491285403095e-06 3.134988551160188e-06 3.2652061851902266e-06 3.0523251852371618e-06 3.241701484595869e-06 
3.119941697034904e-06 3.135018739718892e-06 3.2654129816562465e-06 3.0525500636086034e-06 3.242051808612025e-06 
3.118588469875023e-06 3.1328337371731727e-06 3.2642686520342418e-06 3.0512474371744906e-06 3.2411271543897468e-06 
3.1064598620289792e-06 3.119386305211247e-06 3.252178136200168e-06 3.0389983064303114e-06 3.2294366263859646e-06 
3.118109456611796e-06 3.1311704437547362e-06 3.264397249604319e-06 3.0510639906992853e-06 3.2415139742118873e-06 
3.119279539742851e-06 3.1327526723632142e-06 3.2656296673149966e-06 3.0523203282017256e-06 3.24260896231029e-06 
3.1230238778115525e-06 3.1378988099309907e-06 3.270204823072851e-06 3.056790797888568e-06 3.2466091161239463e-06 
3.132979688960858e-06 3.147753263544696e-06 3.279978223141793e-06 3.0666150282022663e-06 3.2564438130433637e-06 
3.133601094610812e-06 3.148407224185045e-06 3.280684937374178e-06 3.067299492200861e-06 3.257125640170774e-06 
3.1358243638435534e-06 3.1506620748806445e-06 3.283007926509144e-06 3.0695967035539153e-06 3.2594213043624342e-06 
3.133117562521255e-06 3.1480521663981744e-06 3.2799708484666775e-06 3.0666694656037285e-06 3.256412142909221e-06 
3.134511824014247e-06 3.1493916326251633e-06 3.281456857679178e-06 3.068122270355936e-06 3.257898870804379e-06 
3.132939894757048e-06 3.1474161333320925e-06 3.2794623515778844e-06 3.0662135504211916e-06 3.256101837495087e-06 
3.1325299402041394e-06 3.1472581455350314e-06 3.2791231002402867e-06 3.0658792518135514e-06 3.2556729881225274e-06 
3.142017027153472e-06 3.1567376910075503e-06 3.2886137937905237e-06 3.075373649993723e-06 3.2651639925870454e-06 
3.1538759079001715e-06 3.168022967955477e-06 3.3000095022585828e-06 3.086857957039044e-06 3.2768145492186377e-06 
3.1222760344517903e-06 3.1373924371651234e-06 3.2690697108272376e-06 3.055799814408448e-06 3.2454670887937323e-06 
3.127553580716907e-06 3.142615631483615e-06 3.2746359812774786e-06 3.06127468771973e-06 3.2509992211843414e-06 
3.12774808958991e-06 3.142623895579701e-06 3.2746294679819113e-06 3.0613099697800367e-06 3.2510847444905242e-06 
3.114805967385148e-06 3.1303139662222085e-06 3.2620826012494393e-06 3.0487022259497527e-06 3.2382770879579117e-06 
3.114475176581133e-06 3.1299343825489704e-06 3.2617637430407e-06 3.04837424565447e-06 3.2379712014221466e-06 
3.1159848012401204e-06 3.131295140101993e-06 3.262401537103586e-06 3.0492657228319326e-06 3.2388055598894487e-06 
3.126850142509254e-06 3.1429161204022395e-06 3.2730207450248994e-06 3.0600533273930524e-06 3.249233379697433e-06 
3.11656445727423e-06 3.1318636921918983e-06 3.2624454906517113e-06 3.049476279676241e-06 3.2389455847969773e-06 
3.106306182668102e-06 3.120326613368945e-06 3.2499609094003274e-06 3.0375506829947906e-06 3.2272407947859544e-06 
3.081503867189205e-06 3.0955518619377305e-06 3.225010877884143e-06 3.0126357096887462e-06 3.2023113187275094e-06 
3.0792982003033425e-06 3.0933491980302527e-06 3.222439084212737e-06 3.010181889248968e-06 3.19980216265637e-06 
3.0985675819600143e-06 3.1124962252179954e-06 3.2415003161870415e-06 3.0293095016338297e-06 3.2189342748170334e-06 
3.0898850540051017e-06 3.1034785366574387e-06 3.2332257632300997e-06 3.0208580953338986e-06 3.2106935032781337e-06 
3.0923884407413095e-06 3.1061648988270493e-06 3.2358785202811355e-06 3.0234848841757582e-06 3.213263837478732e-06 
3.0949088597377223e-06 3.1088173206521734e-06 3.2383067284713813e-06 3.02595963367415e-06 3.2156670420695046e-06 
3.0932969927073587e-06 3.1072132928825474e-06 3.236624083533453e-06 3.0242998301347926e-06 3.2139944438284706e-06 
3.0951335830460614e-06 3.108497473050648e-06 3.2379393170421905e-06 3.0257227860155904e-06 3.215569384248246e-06 
3.094584210720678e-06 3.1085564247093296e-06 3.237252358065568e-06 3.0251508620283016e-06 3.2147191596419235e-06 
3.102847464902044e-06 3.115035790207095e-06 3.2447883748103427e-06 3.0327264050570334e-06 3.222928290147742e-06 
3.108888283805782e-06 3.121391890258438e-06 3.2511576730125636e-06 3.039027577843263e-06 3.2291430878214198e-06 
3.1081967354261235e-06 3.121481875117357e-06 3.250383805017633e-06 3.03836962191023e-06 3.2281432064336464e-06 
3.107280817917244e-06 3.120000888639784e-06 3.2499442935574384e-06 3.0377090257653842e-06 3.227795235029763e-06 
3.1241322275894113e-06 3.1371215857677975e-06 3.2674517224865603e-06 3.055044821545699e-06 3.2451041441861667e-06 
3.1250148968442017e-06 3.137544620807013e-06 3.268141107681981e-06 3.055746158585176e-06 3.2459681224089743e-06 
3.121685338948766e-06 3.1332992020537777e-06 3.2637894318831677e-06 3.0516224189396267e-06 3.2420752084999833e-06 
3.1165324280196897e-06 3.1279891361471266e-06 3.2585939175361976e-06 3.0464202588632923e-06 3.236936002489871e-06 
3.126475283131014e-06 3.1373654001847503e-06 3.268275563312321e-06 3.0561314690013938e-06 3.24683564500832e-06 
3.1221163298871255e-06 3.1333532787999105e-06 3.2640632772570795e-06 3.051906399505257e-06 3.2424919861224067e-06 
3.1223398431295774e-06 3.133583981287301e-06 3.2643034328561292e-06 3.052142073338592e-06 3.2427270239400187e-06 
3.122155171639881e-06 3.1333591307932177e-06 3.264051703795957e-06 3.0519076419541746e-06 3.242499269376609e-06 
3.1126063073746213e-06 3.1244512455419672e-06 3.2549463203574105e-06 3.0427223085115733e-06 3.2331214405633365e-06 
3.112572299427803e-06 3.1244113048888747e-06 3.254918108602956e-06 3.0426915432777553e-06 3.233094052586214e-06 
3.117578386220677e-06 3.129379766018094e-06 3.2600746849701187e-06 3.047798438818342e-06 3.2382354898665364e-06 
3.1257856362499943e-06 3.1394424024306547e-06 3.268554764809046e-06 3.0564035328263054e-06 3.246096892693831e-06 
3.1297439493366134e-06 3.143211749544702e-06 3.271690508001229e-06 3.0597911679664923e-06 3.2494323535923286e-06 
3.1337743884349237e-06 3.147979434975351e-06 3.2764500895570084e-06 3.0643987539391193e-06 3.253838518083888e-06 
3.137428765815544e-06 3.152141655146813e-06 3.280866293615595e-06 3.068626688537907e-06 3.257966283876075e-06 
3.141034566330759e-06 3.1552162491506925e-06 3.2842411681076648e-06 3.0720172406923366e-06 3.2615440825255675e-06 
3.1396424745152896e-06 3.1543913654871877e-06 3.284073191593741e-06 3.071516925936822e-06 3.260990130012233e-06 
3.1348768877330045e-06 3.1494980086191007e-06 3.2793362402205943e-06 3.0667532214495776e-06 3.256288210126712e-06 
3.134908992828242e-06 3.149697494283757e-06 3.2794500743691573e-06 3.066859960856186e-06 3.25633641028524e-06 
3.1394799736900712e-06 3.1540707610657362e-06 3.2837941338509645e-06 3.071257153568593e-06 3.260779898125591e-06 
3.139491389681542e-06 3.1540788821594593e-06 3.283800790925174e-06 3.0712649719585235e-06 3.260788390367911e-06 
3.1466894497615915e-06 3.160827679415298e-06 3.2906845422684727e-06 3.078203151693566e-06 3.2678637212376166e-06 
3.1469672564387316e-06 3.161119638876156e-06 3.291047718726417e-06 3.0785406146885526e-06 3.2682077370082157e-06 
3.146149310776165e-06 3.1603656372681304e-06 3.290262953049869e-06 3.077751927406458e-06 3.2673976734656777e-06 
3.1463482492322614e-06 3.160570032320168e-06 3.2905004719688916e-06 3.077977777330921e-06 3.2676268119040834e-06 
3.1379480788443192e-06 3.151941760513355e-06 3.2818843561439353e-06 3.069400099032784e-06 3.2591193786774528e-06 
3.1382954836720693e-06 3.152091467441591e-06 3.281956186749436e-06 3.069538630916614e-06 3.259299638515455e-06 
3.144060065569178e-06 3.15855806741493e-06 3.2880789793130803e-06 3.0756294101230692e-06 3.265143708758151e-06 
3.139649259688816e-06 3.1540932560187e-06 3.284216186416385e-06 3.071581551642878e-06 3.261203358363277e-06 
3.140984490395519e-06 3.1552864116094733e-06 3.2858360063254867e-06 3.0730955540175522e-06 3.2628174284612133e-06 
3.1475050276057917e-06 3.1620529334545607e-06 3.2925896034892595e-06 3.079806631167904e-06 3.269454118518714e-06 
3.155350358612245e-06 3.1696162392926895e-06 3.3001302489504315e-06 3.0874172737764172e-06 3.277133146637029e-06 
3.153972296872344e-06 3.1682283275896658e-06 3.2991035055886364e-06 3.086277245101197e-06 3.276048785560702e-06 
3.1535598251420733e-06 3.167468051252918e-06 3.298430478389054e-06 3.0856479845847477e-06 3.2755278746317984e-06 
3.1531921591746414e-06 3.1664430128298873e-06 3.298443651512549e-06 3.085470269483389e-06 3.2756770787005897e-06 
3.1583024588994314e-06 3.171021484553567e-06 3.3038618532725314e-06 3.0907403884099198e-06 3.2812044466368865e-06 
3.1628860399808223e-06 3.175803121736081e-06 3.3080607801338284e-06 3.095081791289286e-06 3.285408716164258e-06 
3.1594256456400333e-06 3.17247216327063e-06 3.3046517371207687e-06 3.0916683459934987e-06 3.281951480068679e-06 
3.1617830267478395e-06 3.1750972628163288e-06 3.3078841830441372e-06 3.0946596365535025e-06 3.284949524472703e-06 
3.1683290992188145e-06 3.181979243269531e-06 3.314895338332379e-06 3.101567021514559e-06 3.291775886560223e-06 
3.178595689025708e-06 3.192773103921217e-06 3.3250345053642738e-06 3.111806406932221e-06 3.3017738004579294e-06 
3.1718176283402797e-06 3.1860871194971027e-06 3.3183940029725216e-06 3.1051294350409293e-06 3.2950820890369973e-06 
3.178899941382963e-06 3.1929154824698915e-06 3.3250945201332867e-06 3.1119247365062464e-06 3.3019258911685105e-06 
3.1800946645466204e-06 3.1937999783991447e-06 3.3260069839836425e-06 3.112892270303932e-06 3.3029824834726563e-06 
3.193685981324037e-06 3.2074224697410036e-06 3.3396240010693833e-06 3.1265124886146156e-06 3.316583605540907e-06 
3.1976372385544693e-06 3.211289883625746e-06 3.343436541160628e-06 3.1303614094310993e-06 3.3204454481978535e-06 
3.1986521254455243e-06 3.212334097353194e-06 3.344570715448111e-06 3.131462296294051e-06 3.321549769436939e-06 
3.201260943606867e-06 3.2153464717289875e-06 3.3476018644163886e-06 3.1344071931112376e-06 3.3243832437765215e-06 
3.1946902335259043e-06 3.2083388199445745e-06 3.3413499263201197e-06 3.12800799205008e-06 3.318211081821227e-06 
3.1940451731517118e-06 3.2074249068190405e-06 3.340881316303386e-06 3.1274578377613034e-06 3.317794445361964e-06 
3.1937814311147894e-06 3.2075934064563284e-06 3.340781569859611e-06 3.127352412526737e-06 3.317533524345027e-06 
3.1858880677608256e-06 3.2008129214479166e-06 3.3333320293794584e-06 3.1198796048385013e-06 3.309666169040319e-06 
3.185984659001598e-06 3.20091929135241e-06 3.3334449069127595e-06 3.119988616665895e-06 3.309773200579383e-06 
3.1817387727713844e-06 3.197272469815015e-06 3.3295188013726453e-06 3.116026545181178e-06 3.30560810571932e-06 
3.1851413274712755e-06 3.201022155236404e-06 3.3334046984864324e-06 3.1198049181644875e-06 3.3093029172763264e-06 
3.1830791183438025e-06 3.19914974693722e-06 3.3313120084873155e-06 3.117740632224207e-06 3.3071574814136503e-06 
3.1916231933979113e-06 3.207628689138218e-06 3.339997314073016e-06 3.1263810298248237e-06 3.315837025455382e-06 
3.1929732601040527e-06 3.2088442875300846e-06 3.3410914958582483e-06 3.1275390176098016e-06 3.3170167597279106e-06 
3.186153452816359e-06 3.2035467476376775e-06 3.3350303522516127e-06 3.1214097702172e-06 3.310356871416088e-06 
3.183292620759525e-06 3.200374031214656e-06 3.3321549139114344e-06 3.1185028015428416e-06 3.307580349795351e-06 
3.177411589071812e-06 3.1935492779247172e-06 3.3261295043382415e-06 3.112415802123214e-06 3.301871030926243e-06 
3.2189671672500857e-06 3.2346266052356913e-06 3.36637636854967e-06 3.1530320693206277e-06 3.3424859626248565e-06 
3.215527801386726e-06 3.2317995654503625e-06 3.3630830398484534e-06 3.149759136581756e-06 3.3389794104752196e-06 
3.2163585750992685e-06 3.232593615409574e-06 3.3641333071327766e-06 3.150738296125056e-06 3.3400027898244765e-06 
3.2162872948551783e-06 3.2325267023223715e-06 3.364067463208124e-06 3.1506712242086915e-06 3.339934669678455e-06 
3.216216185130347e-06 3.232458772846818e-06 3.3639942765083132e-06 3.1505989847442587e-06 3.339860875149011e-06 
3.2166360277582734e-06 3.2335087076562095e-06 3.364808968512503e-06 3.1513624862524663e-06 3.3404131311884425e-06 
3.2095197811533773e-06 3.226383920848377e-06 3.3573296845767207e-06 3.143989907384308e-06 3.3330004725409916e-06 
3.191553552358494e-06 3.2092964974276473e-06 3.340233170529927e-06 3.126714833689711e-06 3.3154854449286314e-06 
3.190212634564882e-06 3.2080178662119143e-06 3.3390001235929877e-06 3.125455069965964e-06 3.3142147401612197e-06 
3.174991648571103e-06 3.193808158195185e-06 3.323743629286666e-06 3.110316721433858e-06 3.298655383291614e-06 
3.1767087968636176e-06 3.195535310744425e-06 3.3253895881038135e-06 3.1119868458165652e-06 3.3003103031409062e-06 
3.179991516718845e-06 3.2007572198017504e-06 3.329244455751326e-06 3.1158981509465097e-06 3.303467846338187e-06 
3.1814943679524504e-06 3.202006164945737e-06 3.330555365361211e-06 3.1172387877267583e-06 3.3048899985807807e-06 
3.196951248407881e-06 3.2175758408631845e-06 3.346800356442382e-06 3.1332617448342003e-06 3.320961404721556e-06 
3.1994084141807895e-06 3.2198537486408e-06 3.3491033774190976e-06 3.1355921600734526e-06 3.3233459621559655e-06 
3.194287535563776e-06 3.2134650550648673e-06 3.343566695913434e-06 3.130030601593458e-06 3.318272885288573e-06 
3.179779967684177e-06 3.1986166112099625e-06 3.3286694944704075e-06 3.1152052649882654e-06 3.3035504752084184e-06 
3.1841427074912572e-06 3.2025986523774995e-06 3.332865994202979e-06 3.1194113705753777e-06 3.3078923227345267e-06 
3.1858384837538754e-06 3.2042261819822666e-06 3.334747151848868e-06 3.121228691413742e-06 3.3097621301702817e-06 
3.195550208049938e-06 3.2128883280904332e-06 3.344078132409799e-06 3.1305630048403357e-06 3.3194806850170566e-06 
3.198782701077492e-06 3.2160482061948027e-06 3.3474137558118565e-06 3.133860888722912e-06 3.322820281800509e-06 
3.201802439244034e-06 3.218789251408016e-06 3.350629217916618e-06 3.1369878805994214e-06 3.326087083535991e-06 
3.1956383275419806e-06 3.211985999646507e-06 3.3440789565889956e-06 3.130481590534699e-06 3.31980132544025e-06 
3.199587466807638e-06 3.215568413433314e-06 3.347966754946842e-06 3.1343507400320687e-06 3.32381193600102e-06 
3.1994462979585655e-06 3.215475174167738e-06 3.347861536259299e-06 3.134239707721047e-06 3.3236857624531633e-06 
3.197582247025013e-06 3.2136880329982766e-06 3.346034807129921e-06 3.1324088971484563e-06 3.3218291864834575e-06 
3.2006928499595777e-06 3.2164173043690035e-06 3.3489521204472893e-06 3.135345640686574e-06 3.3248968212564773e-06 
3.2002519860683392e-06 3.2159395749185104e-06 3.3484877638727056e-06 3.134884217246522e-06 3.3244479399079853e-06 
3.2026995206448913e-06 3.2184166269015505e-06 3.3507298572015343e-06 3.1371930094622015e-06 3.326716270578828e-06 
3.193686985818544e-06 3.21062360090101e-06 3.3414163043638233e-06 3.128100554708503e-06 3.317081115576461e-06 
3.1943248273421298e-06 3.2115400771288423e-06 3.3423627102725295e-06 3.1289834937562896e-06 3.3178881947206465e-06 
3.194474844745799e-06 3.211672302482063e-06 3.3424903106923215e-06 3.129116082689133e-06 3.3180251332746507e-06 
3.194067145315449e-06 3.211357290734602e-06 3.342173020926706e-06 3.12878115958841e-06 3.3176637089418143e-06 
3.194999845715817e-06 3.2136925697112526e-06 3.343998789376745e-06 3.13049292088261e-06 3.3189027376468776e-06 
3.2049592583466025e-06 3.2229688934817665e-06 3.353860503343477e-06 3.140312096592385e-06 3.3289901879418815e-06 
3.2047104094634015e-06 3.2227916093568726e-06 3.353681099220889e-06 3.1401194377053158e-06 3.3287767524616102e-06 
3.2044389408791304e-06 3.222484676630052e-06 3.3534360839383063e-06 3.1398621831937426e-06 3.3285381142839673e-06 
3.199356033958636e-06 3.2172750822510946e-06 3.348674300171442e-06 3.1349857565519403e-06 3.323760452264639e-06 
3.1881488835173427e-06 3.2062962316427008e-06 3.3369324549216663e-06 3.1234262009140944e-06 3.3120427467027037e-06 
3.1827206598300462e-06 3.200740471044101e-06 3.331534695511234e-06 3.1180015175245137e-06 3.3066798282738666e-06 
3.1850388450502483e-06 3.201934209027863e-06 3.3328238796725336e-06 3.1194813089064344e-06 3.308493036923435e-06 
3.1963969360672933e-06 3.214037013249796e-06 3.345228091511951e-06 3.1316546668647636e-06 3.3204850159811303e-06 
3.202507996602158e-06 3.220782352040352e-06 3.35195826187814e-06 3.1382712601421753e-06 3.3269116664329842e-06 
3.1983494304434026e-06 3.216906082453184e-06 3.3479476526051845e-06 3.1342453077274566e-06 3.3227891564831758e-06 
3.203628141118962e-06 3.2212236386740004e-06 3.3523898821604143e-06 3.138836699279304e-06 3.3276714473554195e-06 
3.202440342577685e-06 3.2200644970587364e-06 3.351237194422518e-06 3.1376758440760247e-06 3.3265040346764145e-06 
3.205435293416792e-06 3.2229422254791287e-06 3.354236425482888e-06 3.1406623499203063e-06 3.3295381444193443e-06 
3.2059389712175508e-06 3.223461601153903e-06 3.3547140637889956e-06 3.1411499561688427e-06 3.330015388743717e-06 
3.1966804860708755e-06 3.2142509534966177e-06 3.344975312937621e-06 3.131558474298074e-06 3.320346566558968e-06 
3.1978074582889757e-06 3.215416152987249e-06 3.346164305583085e-06 3.1327333576660464e-06 3.321512871849141e-06 
3.1949826817096227e-06 3.2123228729095814e-06 3.3432002895220625e-06 3.1297802060335498e-06 3.3186560727524096e-06 
3.1868691834194563e-06 3.20458890737367e-06 3.335091911514306e-06 3.1217086701267695e-06 3.3104312085980157e-06 
3.183489182679973e-06 3.2013507266509145e-06 3.3321636053359985e-06 3.1186556707297043e-06 3.3073815258865298e-06 
3.1772278857787478e-06 3.194212728076961e-06 3.324856895174916e-06 3.1115681464949098e-06 3.3005267241995575e-06 
3.1807977017438712e-06 3.198010736314407e-06 3.3287191205174167e-06 3.11536781932906e-06 3.3042675228129377e-06 
3.1821025213049544e-06 3.199269630306565e-06 3.3296502133678603e-06 3.116410253283743e-06 3.3052772773226696e-06 
3.1778373956161975e-06 3.194962984081647e-06 3.3251159823728e-06 3.111952657055631e-06 3.3008030645887014e-06 
3.179327948301665e-06 3.196284895325615e-06 3.3264453725005193e-06 3.1133139439518505e-06 3.3022120505857476e-06 
3.178727194841775e-06 3.195629555161222e-06 3.3257831559269518e-06 3.1126643480297598e-06 3.3015773702064488e-06 
3.1816052959933744e-06 3.1983223289414263e-06 3.3286492806544492e-06 3.1155147015616395e-06 3.304502193643459e-06 
3.1921215284142043e-06 3.208698629456386e-06 3.3391610049553428e-06 3.126018026108025e-06 3.3150562129978783e-06 
3.1777749237526532e-06 3.193449790578075e-06 3.32378467436558e-06 3.1108541024367597e-06 3.300137994126184e-06 
3.1794986342121522e-06 3.1952573933488006e-06 3.3255452460150816e-06 3.1126135821131263e-06 3.301866115848709e-06 
3.178789571808604e-06 3.1945067027175716e-06 3.324836921180235e-06 3.111899881763746e-06 3.301170577673183e-06 
3.1911601833298195e-06 3.206936908095004e-06 3.3375761733658584e-06 3.124537221034371e-06 3.3138258642895342e-06 
3.1923683316518525e-06 3.2068230287705383e-06 3.3375681549563742e-06 3.1247650931743296e-06 3.3144351309469152e-06 
3.1857437748027027e-06 3.2002946452418114e-06 3.331175243018042e-06 3.118305767298359e-06 3.307973415338941e-06 
3.1971572646583073e-06 3.2130872654677367e-06 3.342621165448278e-06 3.1299047317474886e-06 3.3189876258684313e-06 
3.1989259928385743e-06 3.2149265789365092e-06 3.3442306980802054e-06 3.13157455194666e-06 3.3206027018818367e-06 
3.1987774033960274e-06 3.214895796605177e-06 3.344137115782781e-06 3.1314770233077065e-06 3.320463333249977e-06 
3.1890364155894027e-06 3.204462629955433e-06 3.3344480016745704e-06 3.121685361717819e-06 3.3109797974987813e-06 
3.189208949566595e-06 3.205010713687291e-06 3.335044335762226e-06 3.122190118205004e-06 3.311387135798536e-06 
3.189144259163024e-06 3.204943730031008e-06 3.3349899710241375e-06 3.1221321794410175e-06 3.3113316990360703e-06 
3.1889951318722424e-06 3.204903365507258e-06 3.3349665391458524e-06 3.122081288921214e-06 3.3112530466257897e-06 
3.1832701729985814e-06 3.1990779841557166e-06 3.329406969607167e-06 3.1164546605443173e-06 3.305696583171449e-06 
3.1829080541127666e-06 3.1989381791392362e-06 3.329641603872545e-06 3.1165269857269437e-06 3.3057595054602313e-06 
3.195382075367125e-06 3.210802696630209e-06 3.341641003098483e-06 3.128613820911678e-06 3.3180268795532637e-06 
3.194515184635847e-06 3.209862192237175e-06 3.3407631790062644e-06 3.1277307089849703e-06 3.317173722773594e-06 
3.2029100606265354e-06 3.2175911529721677e-06 3.3483497709845006e-06 3.135502236954617e-06 3.3251040827041354e-06 
3.203487039095648e-06 3.2181062434486e-06 3.348904463817323e-06 3.136057414665151e-06 3.3256815990276468e-06 
3.2047437792717693e-06 3.2191946156583835e-06 3.3499701328123687e-06 3.1371655030698405e-06 3.3268320058331632e-06 
3.1943683155444705e-06 3.20929854771972e-06 3.340432429952729e-06 3.1274112238452187e-06 3.317003074956535e-06 
3.1943475662692955e-06 3.2092642867403853e-06 3.3404055665889436e-06 3.1273847706308476e-06 3.3169814303249036e-06 
3.1935523492507354e-06 3.2084061478862006e-06 3.3395333333365424e-06 3.126529239833694e-06 3.3161420117455935e-06 
3.1958113095219915e-06 3.210772852451742e-06 3.3413747040325917e-06 3.128515281117563e-06 3.318022278551857e-06 
3.1900894701110493e-06 3.205496388345421e-06 3.3359242866142902e-06 3.123025873069204e-06 3.3123885985533863e-06 
3.1936430200220754e-06 3.2090925393910493e-06 3.3395186923023247e-06 3.126614277357971e-06 3.3159623133655054e-06 
3.192802550273542e-06 3.2083185520623474e-06 3.3387212937546995e-06 3.125810304613545e-06 3.315137113308434e-06 
3.192724500914513e-06 3.2080947828746117e-06 3.3385090904193665e-06 3.1256239531463725e-06 3.314993002450255e-06 
3.1982321636386624e-06 3.213415020377398e-06 3.3438314093619376e-06 3.130986962123999e-06 3.3204043286046016e-06 
3.1980324208963404e-06 3.213222187500676e-06 3.3436943885867154e-06 3.1308307584638227e-06 3.3202543460086185e-06 
3.202875971164215e-06 3.2159541555967707e-06 3.3470568812148557e-06 3.134431672407879e-06 3.3245223870003093e-06 
3.2033963229329713e-06 3.2164969329611926e-06 3.3475504984007496e-06 3.1349365639692196e-06 3.325013675027111e-06 
3.2026340449884674e-06 3.215750287477883e-06 3.346782968337942e-06 3.1341719698646723e-06 3.3242423474770827e-06 
3.2037416252503927e-06 3.2170303193484747e-06 3.3484775825431357e-06 3.1356998081252144e-06 3.325782015580082e-06 
3.181456645389806e-06 3.194514516881268e-06 3.325357404667562e-06 3.112806623772523e-06 3.3028805042298604e-06 
3.209872805381459e-06 3.2235111600697586e-06 3.3541716830471157e-06 3.141574702059561e-06 3.3314435391115035e-06 
3.193945141198757e-06 3.2077320398373815e-06 3.337745076025416e-06 3.1253155554790824e-06 3.315059739759494e-06 
3.182675242647759e-06 3.196674852014926e-06 3.326168239737874e-06 3.1138556339177795e-06 3.3034720479119226e-06 
3.18727566000718e-06 3.200653332621475e-06 3.3307964152628286e-06 3.118406864729537e-06 3.3082862060212295e-06 
3.188725280321866e-06 3.202927796497436e-06 3.332828691738864e-06 3.120345321910312e-06 3.3099636157731225e-06 
3.1998565505594866e-06 3.2142355758950937e-06 3.3434895596616396e-06 3.1311856332147314e-06 3.320650034910073e-06 
3.1984648804491083e-06 3.212752217682522e-06 3.341565616513556e-06 3.1294243203228875e-06 3.3188465551872784e-06 
3.194685620120266e-06 3.2093113651330176e-06 3.3380105951985768e-06 3.1258331597615376e-06 3.3151490286875292e-06 
3.188658978170116e-06 3.202889998803988e-06 3.3320749585199624e-06 3.119817838882963e-06 3.309320041862752e-06 
3.1878736051884956e-06 3.202093605541437e-06 3.331310502357226e-06 3.1190447970558808e-06 3.308555466957762e-06 
3.177185485393589e-06 3.1909437404204075e-06 3.3206334435366656e-06 3.1083044747897166e-06 3.2980200602850867e-06 
3.178648684282954e-06 3.1921784048153333e-06 3.3217695255417208e-06 3.1095217523836837e-06 3.2992828726386057e-06 
3.1707591026191996e-06 3.1860321021185718e-06 3.315815965433279e-06 3.1031380329683402e-06 3.2924588962473465e-06 
3.1642563807245965e-06 3.1797618585570643e-06 3.308423642880777e-06 3.0960560605279617e-06 3.285149709506569e-06 
3.162540635168134e-06 3.1779339315553208e-06 3.306859134502826e-06 3.0944280704781958e-06 3.283593863959479e-06 
3.161848866589164e-06 3.17506935106227e-06 3.30537107150829e-06 3.092947969635166e-06 3.2829123134222375e-06 
3.166216976887346e-06 3.1801795157226457e-06 3.3098318939847516e-06 3.097465381281314e-06 3.2871282312613786e-06 
3.1675773289396893e-06 3.1815793587813168e-06 3.3112342653443065e-06 3.0988594825250493e-06 3.2885109975049806e-06 
3.168229596122111e-06 3.1820708928672337e-06 3.3119226409153753e-06 3.099518243856382e-06 3.289242497796619e-06 
3.1679071448518507e-06 3.181638027958833e-06 3.311495793793362e-06 3.0991124306672452e-06 3.288867729736706e-06 
3.1787131244365336e-06 3.192800843549168e-06 3.3228786334328722e-06 3.1103562146479862e-06 3.3000394892609524e-06 
3.1781597484761033e-06 3.191943220706771e-06 3.321933033386319e-06 3.109502199847191e-06 3.299255464949431e-06 
3.171948473733281e-06 3.1861389557834553e-06 3.3163182573668203e-06 3.1037377968684687e-06 3.2934130565836324e-06 
3.1717140782911567e-06 3.1858929636553408e-06 3.3160433083355064e-06 3.1034743981582996e-06 3.293148727058035e-06 
3.1748289303383437e-06 3.18876623743348e-06 3.319995382877885e-06 3.107135437435351e-06 3.2970296598870833e-06 
3.1691830736055286e-06 3.183567141224821e-06 3.314893459820354e-06 3.101908231826421e-06 3.2916968959908062e-06 
3.1709226276836416e-06 3.1854692713616554e-06 3.3163288276961408e-06 3.103458081358743e-06 3.2931347414307544e-06 
3.1746781972793835e-06 3.189716171183748e-06 3.320332705755481e-06 3.1074406114714083e-06 3.2969439532004654e-06 
3.1778600794653652e-06 3.19332247922683e-06 3.323589935770215e-06 3.1107237570207093e-06 3.300057088841496e-06 
3.1764614028867918e-06 3.1919921874381246e-06 3.3229057002625738e-06 3.1098217742800887e-06 3.2992282814460726e-06 
3.177798314602872e-06 3.1920234215897084e-06 3.3233051753261698e-06 3.1103714381999792e-06 3.3001915604078837e-06 
3.1909835543740157e-06 3.20532307900183e-06 3.3369688765033245e-06 3.1239057334895272e-06 3.313735302122266e-06 
3.1866856750023375e-06 3.2017219951298485e-06 3.332576724493068e-06 3.1196170527248266e-06 3.3091458084970054e-06 
3.1960725058482818e-06 3.2110454391708453e-06 3.341681645249099e-06 3.1288091996805525e-06 3.3183177541068505e-06 
3.1980147903782453e-06 3.2125902640015363e-06 3.343540380105166e-06 3.1306511582732804e-06 3.3203129779262756e-06 
3.197406073242401e-06 3.212120919074741e-06 3.3430661472764266e-06 3.1301496672832e-06 3.3197726494730312e-06 
3.19827697124579e-06 3.2127800823884734e-06 3.343663059189305e-06 3.130809963534839e-06 3.3204820560506576e-06 
3.1938143763616774e-06 3.208845252442301e-06 3.3391989971306906e-06 3.126402818417017e-06 3.315856477220802e-06 
3.19155042048903e-06 3.205665395683813e-06 3.336312328732031e-06 3.123609926099428e-06 3.3133597878002643e-06 
3.19233750979487e-06 3.206055030137723e-06 3.3371078059478134e-06 3.124359248580338e-06 3.3142759490271907e-06 
3.190344466792273e-06 3.2049932020735525e-06 3.3357499866060986e-06 3.122902285361226e-06 3.312521912771605e-06 
3.1918090928751744e-06 3.2061276417705847e-06 3.3375025699316974e-06 3.1245287528397506e-06 3.3143259386810294e-06 
3.189704430549683e-06 3.204536242442792e-06 3.3360930820590156e-06 3.122957230876973e-06 3.3126383848912978e-06 
3.1918089791295767e-06 3.2065502786793143e-06 3.3380921316022402e-06 3.124980421068549e-06 3.314683263952177e-06 
3.1836167276729043e-06 3.1997961388185612e-06 3.330681662685651e-06 3.1174809821304884e-06 3.3066961143738652e-06 
3.1837715130196836e-06 3.1997958888001105e-06 3.330751555021309e-06 3.1175600180269547e-06 3.306828395134342e-06 
3.1788150229464624e-06 3.194399543789297e-06 3.3263452406339445e-06 3.1129329592690538e-06 3.302462695758664e-06 
3.1970208437598694e-06 3.212587351208395e-06 3.345849887874939e-06 3.1320539315603774e-06 3.32174468405335e-06 
3.212973134183539e-06 3.2281036587696594e-06 3.361592498404995e-06 3.147822740320641e-06 3.3376553431274714e-06 
3.2138203454743745e-06 3.2291533624361122e-06 3.3623517474961137e-06 3.148629619965271e-06 3.338367554018419e-06 
3.2139403869135386e-06 3.229633708589149e-06 3.362389913063057e-06 3.1487301339868315e-06 3.338309204583783e-06 
3.210133068800927e-06 3.225774263857657e-06 3.3582870848084043e-06 3.1447088170297404e-06 3.334274278207466e-06 
3.21654686133407e-06 3.2329555497511067e-06 3.3647777389177978e-06 3.151262390048464e-06 3.3405146352689053e-06 
