-27.718644387852134 55.52471171838637 710.3917965406691 
-27.416434457909308 52.9390761087944 705.5097251829138 
-27.270437173747172 53.44870261391707 706.3908390361933 
-25.617530004981276 55.435232996938474 706.233165154151 
-25.240542114574982 57.21465405499579 702.7763857910948 
-24.029885791984462 55.60058903542992 703.7831504037684 
-23.88015711925611 55.59547202584266 705.0839171749063 
-21.221588769217345 53.519690604933444 703.7195324993323 
-22.62403628624484 46.46938744954595 700.8260403565063 
-20.697240051578923 43.12619330630032 703.2044231624551 
-19.767593435234872 42.34578672476571 702.7131333258545 
-20.777487349824327 41.58973346102491 702.9752181666018 
-20.53314405239143 41.933160688926456 702.6263446853583 
-20.527330608015074 41.93619250150238 702.6235987729234 
-22.94808992866259 42.39670785090502 698.4588621021134 
-23.595750796542383 42.473808293419125 699.2608232121426 
-20.261868433665082 43.576976396510645 698.4112839038294 
-17.441006495805183 40.095022231913646 694.2275974493211 
-17.584587408905595 45.30251590062473 696.0878053759908 
-17.94669417693252 45.612976338536924 695.8900076232323 
-18.10198492012728 46.29994004859536 695.9142804536773 
-21.657282590923785 41.24975458053596 694.3590040419234 
-24.05476853803604 36.680004887860335 693.6124012378144 
-22.871291881412333 39.314087223668785 694.2108635021684 
-19.136766379276487 38.007905084977125 694.9065711434298 
-17.39997958555642 41.36320347596273 697.3230342753931 
-18.443235543335028 46.425209341856046 698.2062739481071 
-17.412598666902625 47.47521634546982 699.3208780489488 
-18.272450714375022 47.76497439118344 700.6523608259815 
-20.706957149647494 50.82868671779342 700.6713896983116 
-21.575830411895456 47.783932870062806 695.7847178558054 
-19.718481077484473 43.56792885339462 689.577075546337 
-17.91316837676632 42.75822667311334 692.7240654778801 
-18.91548604228104 43.45217826022548 692.4706601011828 
-19.492500112468342 42.256893276843265 691.1531732152338 
-19.59041396325477 42.03483832422898 691.291691486306 
-20.16244533645897 44.32353649780947 692.3088693921368 
-19.559515350166407 43.43431010268145 691.5269359289875 
-19.617880477539394 43.367263067847155 691.5088263783373 
-23.45055535550115 43.86105262703494 691.0610515559512 
-20.79409695924253 44.5792925422889 689.0520011638745 
-20.607148710557098 43.71339347256625 689.6051656227763 
-18.25285094357769 42.132738721106826 685.5512632765673 
-17.635815402160386 43.19205883299588 684.3468423504168 
-17.65769009162903 43.1825414042042 684.3435775563449 
-16.908688831171983 43.03022456834874 684.327550155136 
-16.981829243945803 43.68705013363252 685.1018461413905 
-17.170178018705162 41.77607839921107 685.0044011620838 
-17.671648694079735 40.38137480233878 684.1833626110072 
-18.66190122033617 38.6130580896406 687.0444657336869 
-18.61415549237161 39.069155642091836 687.2745404460085 
-19.30528867451486 36.70412362115141 689.6513151113589 
-18.286721067408177 39.111458388065664 689.2873900255104 
-16.485427709680913 35.06595824217483 686.7448489404941 
-17.430091092536486 36.909352971950234 686.3396696314182 
-17.59436525787857 36.12427782978001 686.0258788737567 
-22.168050384668952 36.51831359222706 685.6113279072823 
-22.52883046148075 30.98597413171171 681.7138817679012 
-27.906532708264894 27.35926888077417 684.4616985890829 
-26.212724999212433 25.932162873064563 687.2044527551346 
-22.966074738488444 25.691144899329974 687.8962475046098 
-23.019667257446063 25.884956596619677 687.9279801913927 
-18.376394385095736 26.796931282746183 687.9102298993627 
-17.87709134454193 26.381426563806475 687.5287781924916 
-17.122080530901673 27.3079957252766 687.7328277164079 
-16.88281339125844 27.523775260975988 688.7966944200117 
-17.02194296018187 27.61427532811492 688.290528493621 
-16.892698351073847 27.71110182341225 688.353283364529 
-18.437706033669706 28.89327083128214 688.54857677003 
-19.952543167833714 28.07584403275436 687.4285530189898 
-22.48189963522111 29.643236518587646 686.2755864965151 
-30.719087435513348 30.414455259965354 677.6258563546446 
-30.709139953089696 30.403256617794295 677.6277262426017 
-33.08563971914345 33.6339247792867 676.661531547873 
-32.98277993654395 33.67479371035805 676.6812190810997 
-37.86939797760078 36.87173293694264 680.2650643589625 
-31.704612525081348 38.12516500113186 683.3653499681109 
-32.95467624991605 36.73590473019473 683.7780462824668 
-33.2160564596234 38.14483258913733 683.130379588361 
-33.611128670833985 37.980997520955555 682.9202028183587 
-33.34236545055747 34.400083532389054 682.1447899865193 
-30.106819353871888 32.751239117221 684.6882017994296 
-23.559916975555794 33.20487258340437 682.1600776579182 
-20.14059803885382 33.40432835390632 680.5137198714806 
-20.039326751974265 33.570094983617516 680.5957663511756 
-18.356083135265536 31.0429626457453 680.7375392530134 
-19.554066014788408 29.823553490176227 680.6004301454851 
-17.078987091048063 28.5550589001073 681.9523599298827 
-19.479495556682398 31.925380472516657 682.8151158619386 
-20.688089077828508 34.18532578098468 684.6531897752631 
-23.599223438401324 32.45077044368155 688.8185047341047 
-23.674749724198193 33.23496970898306 686.7966522198259 
-23.67957578366445 32.83407414366581 687.100874829537 
-24.513996697730203 34.562679134693546 690.0177103329593 
-28.14991355406007 33.6263439536879 687.5136615211243 
-28.94605508898561 31.965165748481677 686.4531400296554 
-28.950270352355794 31.969526289243824 686.4552669841344 
-29.06025621425427 33.30821033779747 686.0662349966829 
-28.403228615154294 31.52338258941898 689.0026947438175 
-29.22613946101337 31.978128952832666 688.6505784868067 
-29.16314919527419 31.667363210558165 689.1094415676997 
-28.697245727515877 31.448445696286996 689.0387660620275 
-28.60983332253068 31.332210539793103 689.1046785272207 
-28.297030738227313 34.502230169700276 689.6322745786421 
-28.288964557361144 34.4949426108825 689.6132106001669 
-28.25639565174103 35.741903757829256 690.7258494805913 
-30.683983886200863 35.74005057410029 691.1842077751872 
-29.875650397642556 35.27447542274938 689.595476650243 
-31.376606906637722 35.3819056755894 688.0105280985533 
-29.9640288015136 34.57438667191728 688.7664429586373 
-30.089237171338493 34.61379794708189 688.6716761191958 
-29.43738975275673 28.936968080969663 690.2570730023878 
-30.739544444452555 29.502436244096625 689.2653483817727 
-29.44815840561725 28.52119602059561 687.671913078905 
-32.77450580757135 33.22655187748206 681.9346266379202 
-30.842278365199235 35.45799432304227 678.8554671971493 
-32.35581885273178 36.050112345438286 676.3102331720299 
-38.79486224993628 37.421881936535854 678.8257433800387 
-36.92902038988876 37.083085951314125 677.3384754073196 
-32.61163897622878 38.614212803100266 677.4272556566609 
-32.69004608083679 38.18679734839667 677.2444505917692 
-32.51765416202092 38.135175398820195 676.9896622052325 
-35.81969829913794 35.944132589334124 674.689639080145 
-36.448728994841446 37.74389870129126 675.529848727018 
-36.42288180509198 38.16973008392204 675.9846243826269 
-36.422935510328806 38.02968382103819 675.8609084738415 
-36.414795910725786 38.376747173353436 678.5438319511902 
-36.4597234585629 38.87598178180807 675.8744746732931 
-36.254912521951866 38.69960125861939 675.7275683992669 
-38.36252956705652 39.709999845211705 677.3037460495094 
-37.3912824201997 32.70358197737592 678.3737664005548 
-37.36245723768378 32.73261350696925 678.3128023316895 
-39.19002834813168 31.305864026733467 678.1824731616687 
-41.26698886878213 30.61944281556419 677.4819573614561 
-40.338834567352556 30.8591170433983 677.6454331413685 
-41.09473941441523 29.85562117545994 677.700891736556 
-41.22233162680494 32.03536981613115 677.5788035792165 
-43.87805693117271 31.37040691871576 680.0791487367547 
-43.781701603257304 31.4265549497464 679.9862206090912 
-43.84756117161149 32.50209807220383 678.4879456915638 
-42.15679465107174 34.281256478799975 677.2899774721944 
-43.33245514836734 35.717378352558804 676.6208006846728 
-43.957177612344324 36.82741096829251 673.5437079754015 
-44.164012368231994 37.2867581400528 673.5949104620263 
-44.30242459731262 34.20972290051351 668.1116591576709 
-46.183503313456505 34.21356779638467 666.7194471970398 
-46.153716931500995 34.150615833666315 667.0559249377303 
-46.90530016531689 35.76261512126466 666.1735917423036 
-48.260475275666494 35.751543067505985 667.2069794185975 
-48.02221884150442 38.005263464367744 666.3261293509651 
-47.15805129513417 38.58465113761463 666.685647888691 
-45.08924490617917 37.23590540988044 666.0831519779401 
-45.043858578630825 37.44516499283917 665.8360596271633 
-43.6782467675662 37.42970823196101 665.3002521461358 
-45.24286783642495 35.97313239432603 666.5334470240101 
-46.089426195738604 31.479633174865775 664.6211035188827 
-46.11466442518796 29.217829469792413 667.3993916364294 
-46.96178267274241 29.147212368129527 670.3942394111965 
-47.59999466983712 28.74152297626959 673.0338727757297 
-46.757248600347104 23.82628588940022 676.1608064647792 
-46.63683938176872 22.139114362347673 676.7562520472178 
-41.616311156077565 25.93761566365803 669.5370283370945 
-39.995028659833046 29.547877154841096 670.0302604513861 
-39.556440680094916 31.198664679456996 673.7548525694953 
-38.98203670739144 31.444795388105266 674.0933333878522 
-37.35772048781602 30.514757966766123 673.332303902426 
-37.54676517707872 31.307677055358365 673.1821293621371 
-40.991323808341114 35.76218097190935 674.5644244764761 
-40.97325792130605 35.53757672927996 674.5705662689179 
-41.6896564164919 34.23487280813879 673.9716281310891 
-43.17040162930054 34.32434806882853 674.6482848045653 
-42.01630187406804 33.81287212971707 673.8915980011411 
-40.65544449878 33.201961996281895 672.820058933548 
-40.64938931248716 33.22308346841211 672.5671499628098 
-40.860806133937395 35.38663552807332 671.7960646538442 
-43.25842966337224 30.522369953623812 674.2535164971606 
-41.54137499424727 31.643355020984984 673.9725538277879 
-40.52671225835987 30.874712146928722 672.2159846498785 
-40.62780721135869 30.556776364526048 672.072150425368 
-41.4618338415257 34.5974995538344 673.5220830617756 
-38.04005807824397 34.3293988437339 673.233548493121 
-39.17592491276179 33.83647008824996 671.9924213751647 
-40.7385255003307 37.3533774999928 673.1815578340842 
-37.894488380986395 38.100231891692175 674.4810111375515 
-39.12512730150815 39.402872628494954 674.0505869235701 
-37.61897963861411 36.73355552361165 672.2457526692382 
-37.92097429329929 34.92338580233024 671.4897423909277 
-38.107188464096104 34.86858398045524 672.4440351876302 
-39.81427049721275 34.58439905582543 670.9149858935863 
-39.93754364565861 35.72621653772658 670.356288605806 
-40.6485135331836 36.72570533025146 671.8488813336016 
-33.63820106623917 36.07603030923492 671.0270225071879 
-33.50199527523094 37.02150065392081 672.2931926025705 
-31.515835687247154 36.11123437648003 668.7887638722497 
-32.13789508578356 38.28340385814223 671.000920128227 
-32.69366622977114 38.706124325583474 670.7707302576728 
-32.65055674819893 38.29510274634768 670.8322277902267 
-32.86946267055578 35.30023456431457 670.978488380226 
-39.494083829928584 36.63835857758385 670.643048779464 
-39.284229143734485 37.76081363872471 671.2187422440938 
-44.0014503084349 35.75843067962917 666.8636498613972 
-41.89049922906397 36.91580322920251 668.4990676875193 
-42.02858794964981 37.15344644696687 668.0950721967122 
-42.02130869120958 37.153868755901904 668.0710272408222 
-41.79994322780777 37.17797062119431 668.2419687005805 
-41.36445216146632 34.40854672368745 670.6341760040445 
-39.27306496638848 35.26230743193607 670.0556606986763 
-36.089512772032904 41.60217453920064 666.707621451778 
-35.39835877320463 42.00526946445419 666.3157329580515 
-37.18139466612611 39.19001916239024 666.1328037590283 
-34.429209822552025 32.50359009975813 663.0803425827149 
-30.841063507282772 33.529191147385205 665.1349379878737 
-31.01993129928828 32.19029042672398 661.8736678001593 
-30.844261440812616 30.563087681041328 662.9216048505699 
-32.615473708983586 30.20075320755467 663.237106723154 
-34.14207350826612 27.911201003460874 663.3176894704683 
-33.884477722542286 29.19130638374412 663.1793552799387 
-33.15085669768349 26.637586104725152 659.3392817895821 
-35.385991699530784 27.350034732530734 657.5648277496205 
-35.790224848610954 28.17048220286487 658.1263754465349 
-35.16591304094429 28.228531542106154 658.2717631850546 
-35.154004393756914 28.268997620156327 658.246584179931 
-32.851418580361916 21.627624504474266 659.426355045702 
-33.46007515834274 22.06724126367852 655.1268299143627 
-33.01116925612838 23.378586401979746 654.8601778974166 
-36.175876953770455 21.723085637639706 655.3162336795614 
-35.63371677707444 18.484894515346525 654.8933063100053 
-35.525404048980164 18.45542134491771 654.91316071828 
-38.52492953465515 18.929592576111993 655.9086443111769 
-40.409089043351685 17.513429460854393 653.7888843717077 
-40.39332843300403 17.718977569521616 653.1111445057783 
-40.2021568928645 17.34737837882868 655.5530124229283 
-40.652005880884815 16.70125407709738 655.1773985150957 
-40.75626429490959 16.428039433266 655.5667212854902 
-41.39269666510995 16.645937049212506 655.6424717453717 
-33.44612857099446 13.772793379331212 658.8882046948368 
-31.92669280686317 14.085662412734848 656.6449466187532 
-32.04040523048516 14.024184933674624 656.5191479831083 
-32.046628252800936 14.043581452958275 656.5077654341443 
-27.19994291734842 17.219731384875345 658.4335051256475 
-23.312018944662885 18.02146352633262 659.1725896590724 
-23.280380253217572 17.141015812289602 659.3035393090196 
-22.929670430031024 16.922839112508772 659.7042885915504 
-22.966099073472265 16.892594261443268 659.6853393388888 
-22.956739682544434 16.849192971299658 659.6906922656648 
-23.49595848528246 14.314185221339008 657.8928902569444 
-18.1349490568768 9.862975395028478 659.984826537985 
-18.39266124357817 11.767560926653307 659.5426407579257 
-18.2756767657285 11.679788167351683 656.5854423304006 
-17.748643142464264 11.513436485001051 656.104565949168 
-14.885295813646284 11.413719636441332 655.4393585931102 
-14.616734904893619 11.418374340421689 655.3258385757724 
-14.746877362420898 12.016682593343221 655.312128232564 
-13.265509430539028 16.130164196612824 655.2049686518297 
-12.680047901209518 15.020048264692281 654.3696309850748 
-14.019481306820822 16.434349535249194 654.6319992100197 
-17.716233861048217 13.283549629447078 651.7686795028346 
-17.685488357420557 14.883371166594884 651.7768410892736 
-18.74667724165575 12.047204922259088 651.0646860524224 
-19.627262503644097 9.773051367653347 651.0863917383188 
-20.116672956267553 9.350846983663166 647.5158921425744 
-18.14153714948617 9.953416113259067 650.2141960093279 
-13.888889910150969 7.875082827161178 651.3978374580636 
-11.703686029997515 8.779370962245848 651.5717442585684 
-7.787190380134218 9.260403868252617 653.2072789389508 
-6.4597365726744815 6.0092810684602185 653.0875697684256 
-7.134168372286154 3.405871302385605 653.2530986180034 
-7.189809330580637 3.3379190804547116 653.2786567784431 
-7.136485553354799 3.5028260594423877 653.2951874802689 
-6.353290681615705 1.3051668144141355 651.7790832501124 
-7.1710955551134585 1.1037735023018156 651.3837232933795 
-6.760239253976103 2.7675050574121007 651.5709338909058 
-6.549014825538609 1.3607162816566987 649.8643143387926 
-4.215641248340556 0.4997305024839671 654.277454668077 
-1.2425323164524302 2.276708449469799 654.2142972914072 
-2.8772007673715283 4.290109673724205 651.2714305946746 
-2.8507762181133747 4.381357781642798 650.637811289302 
-3.44714685388809 2.910703075595563 650.6079257626079 
-2.514144894670997 2.5468262513829107 649.738740994881 
-3.4418646648546187 2.8069410187517585 649.6524325986926 
-2.660747937735021 -0.6142525000476002 648.5089591558776 
-2.778982277263783 -0.6588782967989912 648.4886174846914 
-3.5311355500987034 0.1256069083903012 650.032937135464 
-4.486784891209155 -4.555620414425227 649.0741294642282 
-4.773596770933262 -5.595132100399321 648.9024496937446 
-5.685882026427895 -5.127177514072685 650.2040028562877 
-6.5184472117766115 -7.694805490454538 646.1134863392874 
-2.382129343234264 -7.814059272218594 644.763109867248 
-4.636956767569057 -7.52712627996906 645.7963958071148 
0.15107077076363318 -7.977478543378422 646.7996917769068 
0.08486810676441169 -8.001083186895332 647.318378981572 
-0.9800366664747739 -9.23938649717132 650.618746635781 
-5.144353095720997 -3.8767369342700766 649.5897622179609 
-6.048402658238466 -4.6713916019009805 646.3712466691543 
-5.23431423814783 -2.0225689880073925 644.5786899593181 
-3.3175579744631865 2.2705853122899877 646.2898498026732 
4.8307261951339004 0.24971001862228004 648.493011516014 
3.1269914144908517 0.46081655920932646 649.8492784768407 
5.972602299798016 -1.1242732246584308 649.3860764261494 
6.0515258454918905 -1.1122790213947642 649.5656036975053 
6.946546429973619 1.1962188181327051 646.1116072743258 
6.390199224660062 1.5912696857433577 646.289038463748 
7.730248809804812 4.435560668189051 646.4354990288466 
6.388632879928688 1.2616782384026664 647.9834443109331 
6.600202312716881 -1.3012291281317192 653.18164266396 
7.06831628411899 -3.0743774792544096 650.7386094614003 
5.633770252208972 -2.575359184660406 651.5392942665852 
4.853953587291547 1.4585265923922508 650.6195272816032 
4.358843315795636 -2.073015392815475 651.239625350247 
4.271518463648619 -2.2699312880264078 650.5711171076257 
0.23735833704668519 -3.480244696982157 647.3970867217339 
3.0513986322404194 -6.281901440048573 646.283640533818 
2.543239678634087 -7.477636239711712 645.1061333361648 
5.6164120374963336 -10.673652872393419 643.5082806851649 
5.640698648487641 -11.468020451296912 642.382437516882 
6.2967368511217074 -11.746586031560984 640.9491553595062 
7.28039431099136 -13.078123266965752 641.6158474586123 
9.272874602243212 -14.679508444596474 642.5937770115078 
9.021902085439914 -15.575914574082113 643.5615935869206 
9.590016913875925 -16.697116480242553 644.7251255812961 
10.433258594732592 -16.323940216981487 645.1750820784654 
11.174513506309335 -18.637541845199653 642.2027408164298 
11.565928652193856 -15.981324946545955 639.4748117454659 
12.672904476879992 -13.504473357901222 639.1038401352304 
12.13269503002643 -11.188484825310804 636.4825929435171 
12.1549806009774 -11.21532698395916 636.5190990385485 
10.822546670329938 -12.30621548398657 639.4622026498309 
11.681872162549476 -12.319102896200057 638.8959779477889 
9.823122405069284 -14.896399567012242 639.0945686393177 
11.49252250753118 -15.998324167168821 638.1306638810813 
10.275625210926567 -16.18076756169051 638.1245297464918 
10.782817715348537 -15.651242996709312 638.097330130462 
9.105030889095516 -16.470789862112678 637.4858897534082 
9.149161507553938 -16.656726582740397 637.4051048620641 
5.12377905330253 -19.25456381748955 640.4617907330293 
3.86334190985178 -16.073216242947918 638.9918496905362 
5.504017512879759 -15.567453876045073 640.6352011429158 
5.580068627727443 -15.617110349648124 640.6444621948692 
6.7798483734800215 -19.430424513766138 639.9221483367762 
4.086325918286775 -20.02562939540154 640.1637494962237 
8.886510137038439 -18.82801827796168 639.0718589104705 
9.074765324823957 -18.984300649019996 639.128105367239 
10.634382181756507 -17.028842488515025 638.2128858101204 
11.48712809258864 -17.97227924835316 637.3558657536837 
13.144823638414605 -19.525396904946373 635.4366780527049 
18.074104744081623 -20.0164786358583 633.3996328524789 
16.203373120539034 -19.162286934910835 633.1173372196839 
15.737946378099126 -19.28054057327345 635.5047795474856 
16.73104232254757 -20.006662357063153 632.1005159716924 
17.4467463338582 -20.745768033466284 632.2131455121837 
16.754517038313036 -20.91906158964426 632.1385636735898 
16.73948732279969 -20.839057739179683 631.9797802728147 
13.880105136546145 -21.23689748967954 632.1128811175817 
13.85042272638854 -22.93259966479178 631.7242317890631 
13.759142499388267 -23.284205016626444 631.3083624089342 
17.61893396781683 -28.055551471655047 635.2572631793291 
18.595816548690234 -27.031191125817674 636.3922764345073 
19.49174260620933 -29.13610126802165 639.0517902429292 
15.492061638881635 -25.340057223083008 639.442126437692 
15.529771905813028 -26.85463160897756 636.5198611758161 
17.366218648922494 -24.129042128108892 630.0096917979814 
18.82229555884383 -25.413387438411043 631.3664946648537 
18.78966115826402 -23.33713125876459 637.4315620260089 
20.11974136986505 -25.31475434382318 639.521249865825 
18.87529418188667 -25.71332913105502 639.7593353257447 
24.047372339915274 -29.326048603081606 638.64382071816 
23.20632897287936 -28.0952018338433 639.3262661395795 
26.94455968149971 -26.20481257165859 642.9659906442796 
30.015834801066706 -23.28347726628831 643.4955308982817 
29.119239590416267 -20.97800676711174 642.0046051157867 
29.325944395593925 -20.924370803028516 641.5723243841431 
26.8155773272579 -21.32518552291719 644.2884329142493 
31.39357099353287 -16.481632758491696 646.4154770491625 
33.26708625654 -16.04994588726666 647.1929842970479 
34.04773028818024 -14.703919453123541 650.2816420693154 
33.58285029681385 -14.513948298085062 650.6459913298359 
33.644669114597136 -15.049328020613908 649.7960349719218 
35.25990138625926 -17.21344878174874 652.3255207082884 
35.30998540625302 -19.351795209778885 654.6573462436136 
34.25703897195868 -21.47951827656717 656.3199094703785 
36.580452818133004 -22.32838372662814 658.3398015516241 
34.86444442444362 -20.312940569093968 656.5011442395805 
35.15720809679076 -20.46681802678631 656.9233605631177 
34.78189301356605 -19.86356781182812 656.9169204410415 
34.6500943529186 -19.434074313202288 657.2649725764642 
35.130386747444874 -19.053300645297927 657.7144543275869 
34.68572898082912 -18.24123316177068 657.6514897708756 
34.45085020739267 -18.11686238537224 657.2899167635384 
34.64037157415676 -17.353085275798705 657.7502599368595 
34.13208481786906 -19.05960004819889 659.1886106008689 
34.34749843785184 -18.89339272227026 659.1017214967965 
34.748613968679294 -19.479633427570782 662.3567297731025 
30.66245466033037 -16.27421879668386 662.3104123721109 
31.999833074124528 -17.840674363137577 661.0158615803845 
31.943961078811768 -16.85325335083438 663.2106406162873 
32.434587312888894 -17.01972941251846 662.932318873026 
32.22772113248065 -16.901032221533953 663.4457481591639 
34.98584716906735 -16.441450946170978 665.9562505608806 
34.621737188574734 -17.960974884013222 667.1836322375108 
31.65618109334048 -19.26530190613193 668.3241142591218 
34.62641802917571 -19.406740545849807 667.4905193702439 
32.78522436212065 -17.611412647008002 666.4842343613975 
33.73131344481319 -17.336423141569753 665.9241308424309 
34.00566586560492 -17.912092560848528 663.8215475034946 
34.262003810654804 -18.678187351927846 663.9920051558395 
33.796523365808206 -21.13204839619765 664.9861877685096 
33.22183662401709 -23.972127968907557 667.3249173562318 
31.36470841127653 -21.230781607209092 664.7654903056301 
26.443233902824826 -20.314017237925786 665.056649596764 
28.021322144726042 -21.63429716818121 666.4283398769576 
27.663721124933982 -22.17994950380945 666.2116660880546 
27.856967382379576 -21.452339697233924 663.1861598211647 
27.618096130353603 -25.44737072873861 665.7301700626233 
27.458399673908655 -29.419594772797993 666.1888188434483 
27.41722645164462 -29.098494699233107 666.3605632732927 
25.977378485978946 -28.620611861564246 666.521539839792 
25.798337117758148 -31.271066303174685 663.395345471253 
26.87248921228408 -33.293282695863 662.5779565325302 
26.301545083510774 -33.815594211092744 662.7289945363738 
26.393129760357002 -33.88259109560085 662.7043745348196 
25.611882734611388 -33.27526169447855 653.2734504896933 
27.974990219245136 -32.89031933180316 655.9128868080625 
27.0131800496505 -33.0843788430295 655.4813128376893 
27.06763539922479 -33.26327190712159 655.6815006239256 
24.997922814710506 -33.61162565188744 655.4524383128722 
21.1579103434316 -36.44438135460016 658.004972630879 
15.747034151324069 -39.6469596364157 654.2738685967233 
13.938741190999753 -41.167521383981565 655.2315249240384 
13.469182860282803 -42.27209237596769 654.7921247642424 
14.86142451962324 -41.16311168395474 653.0813446202815 
14.536416074270786 -41.33354143220705 652.6942242977843 
12.07667309678867 -42.5640045484542 650.665038789819 
13.47327558780349 -41.703288114752226 656.1398792530277 
15.868387370484921 -40.818207037700155 653.9261738609907 
16.175498637915542 -42.290460682684696 654.6137511758095 
12.279425305772788 -42.70159658244043 653.3466842896657 
13.10109777206861 -42.053451988341315 653.5522393054777 
11.306976924040088 -40.828265522852774 653.7761856208753 
9.883696768884029 -40.328664395620805 653.9760105431222 
10.233342111483497 -40.500617445415564 653.1427605167164 
9.751208040240765 -40.69627222266862 653.0191749490889 
8.097676952722043 -40.18475913206018 650.7825414385292 
8.711955488973508 -41.46640777746571 652.5193721039936 
8.510121168596559 -41.32028872374143 653.0430260634896 
8.544659865054285 -41.39051198062672 653.0563909264592 
7.966622752265266 -41.786257088817905 652.8781780296515 
8.783946044500384 -40.537977044027606 658.5753502105588 
8.750293752034665 -41.98141609970573 659.3812683711792 
9.256745324736487 -42.73468562161884 658.4773990954642 
9.527798949439973 -38.3951802475511 661.5071776159107 
9.69010890277321 -38.692872904030416 662.9377310124443 
10.537667052523997 -36.72680993049254 665.004960017807 
4.190554791756098 -34.46040613289161 659.8777489660209 
5.386434254818548 -33.26989158784334 660.4118909077455 
5.781474847624568 -33.69523480914393 660.1529151933247 
5.899601971724366 -32.70142270938137 658.6439608981921 
3.046651636192559 -30.62588733772077 661.1438241189426 
3.540080512194989 -29.997342300429967 663.8617524536564 
4.606331453815589 -28.3200688867623 664.052906236367 
6.127765276988107 -28.52898037509825 664.6068700634279 
6.408954105508868 -29.037370188306113 662.0353607259347 
5.16569257784493 -26.468836071631067 665.8266281360062 
3.586387360017808 -27.30869547236113 666.1444332084848 
1.8704302461897389 -27.97508486281637 668.6337659922041 
0.387873217809505 -23.806195448511684 668.9646647508481 
-1.1350126342624953 -30.26383877648904 668.6632134295069 
-3.634645450833318 -28.659444011475323 669.057311806299 
-5.887244757138982 -28.84368460993713 668.267886821236 
-7.597317103791771 -30.325160983894666 667.660152902249 
-9.563510815055864 -28.05057185756732 665.6522108510959 
-9.777356067732528 -27.96959054423521 666.415766109521 
-9.632433021671302 -30.615978244936315 663.9546642112279 
-11.846255826509697 -29.39531716896061 663.3414100731795 
-13.665954993913761 -26.073685722096624 660.8034648709589 
-14.180855787880233 -26.619270624234495 661.085669308627 
-13.876431442861795 -24.77672509963317 655.7962574568717 
-17.158194816443572 -22.797828560121527 654.9505413692533 
-17.049661655322907 -23.358250886920697 654.7828829548869 
-14.546652715013023 -23.37683325693208 656.6841647887669 
-15.770973355575432 -23.0310207010548 647.5277117532626 
-16.378664224729864 -22.486130159522823 648.6690743421934 
-16.08407670634703 -24.119510778234122 647.4264963549244 
-9.604293172060153 -20.558863416434285 647.7010695191693 
-9.067222116601917 -19.895922033459435 652.1211314399759 
-7.258880441613514 -21.353032714079323 653.1221889127428 
-9.25865831643307 -19.100572908389314 654.9202670443411 
-7.254858076083373 -18.781495943220953 655.5702683208269 
-6.611858991705261 -19.439742840377082 657.5901902694526 
-8.412834725873074 -17.500638103982087 653.197024657557 
-8.689324289117103 -14.781359201712524 652.7659052978856 
-14.539146356518232 -13.78609774907981 653.8909728820453 
-20.141966397773803 -12.160452972512127 653.5483597735628 
-15.975042910277605 -10.883333321005804 651.3324815617004 
-16.116226431904636 -9.242635593572013 648.4728631296628 
-17.194448283900584 -7.718589696817037 648.1036457409785 
-17.392990917871597 -7.886231550015898 648.2224683012273 
-16.176304719050904 -2.879866000289187 646.1250773032849 
-17.592490412964228 -0.672351330442567 645.4314745664515 
-17.442016808146363 4.137593715399042 645.1652877282309 
