7.987022399902344e-05
4.76837158203125e-05
4.649162292480469e-05
8.225440979003906e-05
8.487701416015625e-05
4.9114227294921875e-05
4.839897155761719e-05
4.935264587402344e-05
6.771087646484375e-05
9.942054748535156e-05
6.842613220214844e-05
7.796287536621094e-05
6.651878356933594e-05
4.696846008300781e-05
4.601478576660156e-05
4.696846008300781e-05
4.7206878662109375e-05
4.7206878662109375e-05
4.863739013671875e-05
8.749961853027344e-05
4.9591064453125e-05
6.580352783203125e-05
4.6253204345703125e-05
4.649162292480469e-05
4.57763671875e-05
4.8160552978515625e-05
4.673004150390625e-05
5.984306335449219e-05
4.76837158203125e-05
4.601478576660156e-05
4.6253204345703125e-05
4.601478576660156e-05
4.601478576660156e-05
4.6253204345703125e-05
4.649162292480469e-05
4.7206878662109375e-05
4.6253204345703125e-05
4.6253204345703125e-05
4.601478576660156e-05
4.601478576660156e-05
4.6253204345703125e-05
4.601478576660156e-05
4.601478576660156e-05
4.6253204345703125e-05
4.6253204345703125e-05
9.5367431640625e-05
5.1021575927734375e-05
4.601478576660156e-05
4.57763671875e-05
4.6253204345703125e-05
4.601478576660156e-05
4.6253204345703125e-05
4.7206878662109375e-05
4.649162292480469e-05
9.465217590332031e-05
4.8160552978515625e-05
4.6253204345703125e-05
4.6253204345703125e-05
4.649162292480469e-05
4.601478576660156e-05
4.7206878662109375e-05
7.772445678710938e-05
4.8160552978515625e-05
4.57763671875e-05
4.57763671875e-05
4.696846008300781e-05
4.673004150390625e-05
4.6253204345703125e-05
4.57763671875e-05
4.5299530029296875e-05
4.649162292480469e-05
4.696846008300781e-05
4.935264587402344e-05
4.649162292480469e-05
4.601478576660156e-05
4.673004150390625e-05
4.57763671875e-05
4.6253204345703125e-05
4.601478576660156e-05
9.942054748535156e-05
4.744529724121094e-05
4.6253204345703125e-05
4.6253204345703125e-05
4.673004150390625e-05
4.744529724121094e-05
4.601478576660156e-05
4.6253204345703125e-05
4.57763671875e-05
4.7206878662109375e-05
4.6253204345703125e-05
4.673004150390625e-05
4.839897155761719e-05
4.6253204345703125e-05
4.696846008300781e-05
4.673004150390625e-05
4.76837158203125e-05
4.673004150390625e-05
4.9114227294921875e-05
4.76837158203125e-05
4.744529724121094e-05
4.649162292480469e-05
4.8160552978515625e-05
4.696846008300781e-05
4.649162292480469e-05
4.649162292480469e-05
4.792213439941406e-05
5.1975250244140625e-05
4.696846008300781e-05
4.7206878662109375e-05
4.744529724121094e-05
6.604194641113281e-05
4.8160552978515625e-05
4.601478576660156e-05
4.649162292480469e-05
0.0017783641815185547
5.054473876953125e-05
4.76837158203125e-05
4.744529724121094e-05
6.341934204101562e-05
4.887580871582031e-05
4.7206878662109375e-05
4.7206878662109375e-05
4.7206878662109375e-05
4.863739013671875e-05
4.7206878662109375e-05
4.649162292480469e-05
4.76837158203125e-05
4.673004150390625e-05
4.649162292480469e-05
4.7206878662109375e-05
4.673004150390625e-05
4.673004150390625e-05
4.696846008300781e-05
4.744529724121094e-05
4.7206878662109375e-05
4.673004150390625e-05
0.00015044212341308594
0.00011301040649414062
4.649162292480469e-05
4.601478576660156e-05
4.601478576660156e-05
4.6253204345703125e-05
4.649162292480469e-05
4.673004150390625e-05
4.744529724121094e-05
4.601478576660156e-05
4.792213439941406e-05
4.696846008300781e-05
5.173683166503906e-05
4.76837158203125e-05
4.7206878662109375e-05
8.416175842285156e-05
4.744529724121094e-05
4.649162292480469e-05
4.673004150390625e-05
4.673004150390625e-05
4.553794860839844e-05
4.649162292480469e-05
4.673004150390625e-05
4.649162292480469e-05
4.6253204345703125e-05
4.6253204345703125e-05
4.6253204345703125e-05
4.601478576660156e-05
6.556510925292969e-05
4.744529724121094e-05
4.673004150390625e-05
4.76837158203125e-05
7.891654968261719e-05
4.887580871582031e-05
4.6253204345703125e-05
4.6253204345703125e-05
4.601478576660156e-05
4.696846008300781e-05
4.673004150390625e-05
4.57763671875e-05
4.553794860839844e-05
4.696846008300781e-05
4.57763671875e-05
4.5299530029296875e-05
4.6253204345703125e-05
4.601478576660156e-05
4.553794860839844e-05
4.553794860839844e-05
4.57763671875e-05
4.553794860839844e-05
5.984306335449219e-05
4.839897155761719e-05
4.673004150390625e-05
4.6253204345703125e-05
4.57763671875e-05
4.649162292480469e-05
4.6253204345703125e-05
4.6253204345703125e-05
4.7206878662109375e-05
4.649162292480469e-05
4.601478576660156e-05
4.696846008300781e-05
4.8160552978515625e-05
4.649162292480469e-05
4.57763671875e-05
4.887580871582031e-05
4.792213439941406e-05
4.744529724121094e-05
6.127357482910156e-05
8.654594421386719e-05
6.365776062011719e-05
4.9591064453125e-05
6.198883056640625e-05
4.649162292480469e-05
4.649162292480469e-05
4.553794860839844e-05
4.6253204345703125e-05
4.792213439941406e-05
4.6253204345703125e-05
4.696846008300781e-05
4.649162292480469e-05
4.76837158203125e-05
4.744529724121094e-05
4.649162292480469e-05
4.792213439941406e-05
5.9604644775390625e-05
4.76837158203125e-05
4.673004150390625e-05
4.6253204345703125e-05
4.7206878662109375e-05
4.673004150390625e-05
4.935264587402344e-05
4.673004150390625e-05
4.6253204345703125e-05
4.6253204345703125e-05
4.7206878662109375e-05
4.6253204345703125e-05
5.030632019042969e-05
4.673004150390625e-05
4.57763671875e-05
0.00010538101196289062
6.461143493652344e-05
8.678436279296875e-05
4.9114227294921875e-05
4.839897155761719e-05
8.058547973632812e-05
4.649162292480469e-05
4.6253204345703125e-05
4.6253204345703125e-05
4.673004150390625e-05
7.43865966796875e-05
4.8160552978515625e-05
4.57763671875e-05
4.6253204345703125e-05
4.553794860839844e-05
4.57763671875e-05
4.553794860839844e-05
4.601478576660156e-05
5.8650970458984375e-05
4.7206878662109375e-05
4.649162292480469e-05
4.601478576660156e-05
4.57763671875e-05
4.649162292480469e-05
4.601478576660156e-05
6.794929504394531e-05
9.560585021972656e-05
0.00010848045349121094
5.0067901611328125e-05
6.318092346191406e-05
4.673004150390625e-05
4.673004150390625e-05
4.57763671875e-05
6.175041198730469e-05
4.935264587402344e-05
6.651878356933594e-05
4.887580871582031e-05
6.29425048828125e-05
4.7206878662109375e-05
4.673004150390625e-05
4.601478576660156e-05
4.57763671875e-05
4.57763671875e-05
4.601478576660156e-05
4.601478576660156e-05
4.6253204345703125e-05
4.601478576660156e-05
4.6253204345703125e-05
4.6253204345703125e-05
4.553794860839844e-05
5.936622619628906e-05
4.673004150390625e-05
4.5299530029296875e-05
4.57763671875e-05
4.601478576660156e-05
4.553794860839844e-05
4.601478576660156e-05
4.601478576660156e-05
4.57763671875e-05
4.57763671875e-05
4.5299530029296875e-05
4.5299530029296875e-05
4.673004150390625e-05
4.57763671875e-05
4.887580871582031e-05
4.5299530029296875e-05
4.57763671875e-05
4.553794860839844e-05
4.6253204345703125e-05
9.72747802734375e-05
4.744529724121094e-05
4.601478576660156e-05
4.601478576660156e-05
4.696846008300781e-05
4.57763671875e-05
4.601478576660156e-05
4.57763671875e-05
4.601478576660156e-05
4.6253204345703125e-05
4.649162292480469e-05
4.673004150390625e-05
4.6253204345703125e-05
4.57763671875e-05
4.601478576660156e-05
4.6253204345703125e-05
4.673004150390625e-05
0.00012564659118652344
4.839897155761719e-05
4.6253204345703125e-05
4.601478576660156e-05
4.6253204345703125e-05
4.673004150390625e-05
4.57763671875e-05
4.601478576660156e-05
4.6253204345703125e-05
4.601478576660156e-05
4.57763671875e-05
4.553794860839844e-05
4.553794860839844e-05
4.696846008300781e-05
4.673004150390625e-05
4.6253204345703125e-05
4.601478576660156e-05
4.601478576660156e-05
6.461143493652344e-05
5.888938903808594e-05
4.863739013671875e-05
4.649162292480469e-05
4.6253204345703125e-05
4.57763671875e-05
4.601478576660156e-05
4.6253204345703125e-05
4.673004150390625e-05
4.601478576660156e-05
4.696846008300781e-05
4.696846008300781e-05
4.6253204345703125e-05
4.6253204345703125e-05
4.649162292480469e-05
4.601478576660156e-05
6.508827209472656e-05
4.887580871582031e-05
4.7206878662109375e-05
4.673004150390625e-05
4.7206878662109375e-05
4.649162292480469e-05
4.6253204345703125e-05
4.6253204345703125e-05
4.649162292480469e-05
4.6253204345703125e-05
0.00501704216003418
5.316734313964844e-05
5.1021575927734375e-05
5.125999450683594e-05
5.14984130859375e-05
5.078315734863281e-05
7.2479248046875e-05
5.269050598144531e-05
5.078315734863281e-05
5.054473876953125e-05
5.030632019042969e-05
5.030632019042969e-05
5.1021575927734375e-05
5.0067901611328125e-05
5.054473876953125e-05
5.030632019042969e-05
4.982948303222656e-05
4.9591064453125e-05
4.982948303222656e-05
4.982948303222656e-05
4.935264587402344e-05
4.9591064453125e-05
5.054473876953125e-05
6.699562072753906e-05
8.845329284667969e-05
5.054473876953125e-05
5.054473876953125e-05
5.0067901611328125e-05
4.982948303222656e-05
5.0067901611328125e-05
4.982948303222656e-05
5.030632019042969e-05
4.935264587402344e-05
4.982948303222656e-05
4.935264587402344e-05
5.0067901611328125e-05
5.173683166503906e-05
5.078315734863281e-05
5.054473876953125e-05
6.532669067382812e-05
5.269050598144531e-05
5.125999450683594e-05
5.054473876953125e-05
5.0067901611328125e-05
5.054473876953125e-05
5.030632019042969e-05
5.054473876953125e-05
5.125999450683594e-05
5.1021575927734375e-05
5.054473876953125e-05
5.054473876953125e-05
5.054473876953125e-05
5.078315734863281e-05
5.030632019042969e-05
5.078315734863281e-05
7.104873657226562e-05
6.508827209472656e-05
5.14984130859375e-05
5.054473876953125e-05
5.125999450683594e-05
6.103515625e-05
4.673004150390625e-05
4.673004150390625e-05
4.673004150390625e-05
0.0006148815155029297
5.054473876953125e-05
4.673004150390625e-05
4.696846008300781e-05
4.6253204345703125e-05
4.6253204345703125e-05
4.673004150390625e-05
4.7206878662109375e-05
4.696846008300781e-05
4.649162292480469e-05
4.649162292480469e-05
4.649162292480469e-05
4.649162292480469e-05
4.744529724121094e-05
4.649162292480469e-05
4.649162292480469e-05
4.6253204345703125e-05
6.103515625e-05
4.76837158203125e-05
4.6253204345703125e-05
4.601478576660156e-05
4.601478576660156e-05
4.5299530029296875e-05
4.649162292480469e-05
4.601478576660156e-05
4.553794860839844e-05
6.866455078125e-05
9.799003601074219e-05
4.8160552978515625e-05
4.8160552978515625e-05
4.8160552978515625e-05
4.792213439941406e-05
0.00015997886657714844
8.606910705566406e-05
4.839897155761719e-05
0.00010633468627929688
6.246566772460938e-05
4.5299530029296875e-05
4.57763671875e-05
4.506111145019531e-05
8.58306884765625e-05
4.792213439941406e-05
6.437301635742188e-05
8.678436279296875e-05
6.437301635742188e-05
4.5299530029296875e-05
9.822845458984375e-05
4.6253204345703125e-05
4.696846008300781e-05
4.5299530029296875e-05
4.57763671875e-05
4.57763671875e-05
4.57763671875e-05
4.601478576660156e-05
4.601478576660156e-05
4.5299530029296875e-05
0.0001087188720703125
6.508827209472656e-05
4.9591064453125e-05
4.982948303222656e-05
4.863739013671875e-05
6.4849853515625e-05
5.1021575927734375e-05
4.9114227294921875e-05
4.887580871582031e-05
4.8160552978515625e-05
6.103515625e-05
4.553794860839844e-05
4.553794860839844e-05
