2.8469623807605936e-06 2.8535474421565345e-06 2.9563530277880123e-06 2.7563852120923915e-06 2.9418014030336074e-06 
2.840478172684435e-06 2.8471496045434176e-06 2.949835691933795e-06 2.749891928652241e-06 2.935263238518035e-06 
2.840534155075799e-06 2.8471966695948112e-06 2.9498870878202453e-06 2.7499439460010597e-06 2.9353181777100028e-06 
2.8367287697574558e-06 2.843226512366034e-06 2.945846227869973e-06 2.7459805118493413e-06 2.9313685206955294e-06 
2.841101138852146e-06 2.8476248202244e-06 2.9501202045050277e-06 2.750310619171642e-06 2.935650679731101e-06 
2.836901816198051e-06 2.8435986216771352e-06 2.945782362499007e-06 2.7460651576193107e-06 2.9312825764110017e-06 
2.841487444453589e-06 2.8458041843427653e-06 2.948526632394738e-06 2.7492626896001264e-06 2.935077192604202e-06 
2.8397636034815633e-06 2.8439925201560245e-06 2.9465394613797964e-06 2.747383659241569e-06 2.9331618173261323e-06 
2.8394520464359704e-06 2.8441248993682482e-06 2.9467701140127687e-06 2.747434457458607e-06 2.933163051212658e-06 
2.830142391835442e-06 2.8356883828409536e-06 2.9378180187436737e-06 2.738458268990895e-06 2.9238797066883087e-06 
2.830677813628857e-06 2.835670241872656e-06 2.938216351629997e-06 2.7388229765246965e-06 2.9244733035265842e-06 
2.8447718044621815e-06 2.85209519541341e-06 2.95181296644791e-06 2.753102166907349e-06 2.937426726090722e-06 
2.851081667735599e-06 2.8595147064683657e-06 2.959713571216633e-06 2.760451562181392e-06 2.94471359871326e-06 
2.8397594908880502e-06 2.8496708190128488e-06 2.9486321806036184e-06 2.749522380273105e-06 2.9331314645136015e-06 
2.839424057295179e-06 2.8489724192018435e-06 2.9485571031830946e-06 2.7492522498538198e-06 2.933126005998294e-06 
2.8454009656582394e-06 2.855130481840614e-06 2.9548670505507514e-06 2.755443520094739e-06 2.9393230323488735e-06 
2.8454550534664386e-06 2.8552825199832517e-06 2.954933431180494e-06 2.755522696752206e-06 2.9393567809487507e-06 
2.848066600874838e-06 2.85876308730523e-06 2.9591514164843177e-06 2.7591420205140075e-06 2.943033712099556e-06 
2.846946450552973e-06 2.8580061038653896e-06 2.9587776645770702e-06 2.758482216890463e-06 2.9424214352462222e-06 
2.850377271317533e-06 2.8618868391612923e-06 2.9619315583045734e-06 2.761856471935491e-06 2.9454811013474563e-06 
2.8461918221096045e-06 2.85803578884777e-06 2.9581150559599464e-06 2.7579242591705233e-06 2.9414986996959783e-06 
2.864441685092645e-06 2.8757152153884723e-06 2.9762712444020015e-06 2.7760361944728053e-06 2.9598469568653184e-06 
2.8698735419502565e-06 2.880433214923119e-06 2.980107315221895e-06 2.7805014334996778e-06 2.9641732646978704e-06 
2.864486175592981e-06 2.875785526735486e-06 2.9751180591994852e-06 2.7754577079010253e-06 2.958886714752317e-06 
2.863452466937829e-06 2.8756442986661355e-06 2.9745782655126914e-06 2.7748531243788513e-06 2.9579853928208667e-06 
2.8626659389957457e-06 2.876018936205903e-06 2.9742789934567112e-06 2.77454683918447e-06 2.9572416037306105e-06 
2.865984388930834e-06 2.8793964968096325e-06 2.9777051494460347e-06 2.777936715421659e-06 2.9606309098724857e-06 
2.8676528134698897e-06 2.881649197387449e-06 2.979515659784721e-06 2.779796426122175e-06 2.9622347257587076e-06 
2.864830734918079e-06 2.8788761924537497e-06 2.9763892636790597e-06 2.7768227489316776e-06 2.9591442022698742e-06 
2.8681959278390713e-06 2.8824039158140466e-06 2.9802630609597158e-06 2.780488533131606e-06 2.9628816738307402e-06 
2.858947281235625e-06 2.8728382727325033e-06 2.9708788845781075e-06 2.771096270481325e-06 2.953620278223815e-06 
2.858912887555374e-06 2.872800076350838e-06 2.9708229466241612e-06 2.7710498563303545e-06 2.953569140345248e-06 
2.8557527013236997e-06 2.8699304092990767e-06 2.968069967272347e-06 2.7681561226562764e-06 2.9506574415938112e-06 
2.859762421969694e-06 2.874098364168995e-06 2.972221368895582e-06 2.7722755883163648e-06 2.954735220054059e-06 
2.8599824291305102e-06 2.874350210164185e-06 2.972478787702829e-06 2.7725216913561042e-06 2.9549763939626634e-06 
2.8589657447571626e-06 2.8735674420654703e-06 2.971405438755194e-06 2.771520719470738e-06 2.953839462533017e-06 
2.8587982068577823e-06 2.8733396413493513e-06 2.971192095221017e-06 2.7713171124444567e-06 2.9536526562695517e-06 
2.8669981487740326e-06 2.8810631570397863e-06 2.9795032903573622e-06 2.7794898808226244e-06 2.9620934004386154e-06 
2.8620306247780116e-06 2.87614273892376e-06 2.974234884449551e-06 2.774368975440335e-06 2.956861154408806e-06 
2.8646076042966014e-06 2.8794484230032987e-06 2.978668026905803e-06 2.77806680481999e-06 2.960755265919784e-06 
2.8709261827507505e-06 2.884729712521662e-06 2.984360365177574e-06 2.7838592992900355e-06 2.9668761279770566e-06 
2.868538517212085e-06 2.8826303026154247e-06 2.9825863776956085e-06 2.7818494499526655e-06 2.964909415623209e-06 
2.8684007662166125e-06 2.8817306072740584e-06 2.9818297297547277e-06 2.7812368315767316e-06 2.964494617564719e-06 
2.86678710704589e-06 2.8807207292661957e-06 2.98087828461357e-06 2.780088550536762e-06 2.9632436550545213e-06 
2.860079559544371e-06 2.8742060889602978e-06 2.974551693528151e-06 2.773613250512748e-06 2.956793614714809e-06 
2.8735855344108374e-06 2.8876521347565683e-06 2.9877522883182224e-06 2.7869600450311344e-06 2.9700627302765434e-06 
2.8804624625527345e-06 2.8940846711301876e-06 2.994719912853334e-06 2.793806981343885e-06 2.9771532497624933e-06 
2.8797260381906747e-06 2.8931536139108678e-06 2.9942255912218306e-06 2.7931615132976154e-06 2.976679145425308e-06 
2.8725283823010866e-06 2.885751159984052e-06 2.9862011396012493e-06 2.7854774314393643e-06 2.968858148358187e-06 
2.8683405020042312e-06 2.8820227250026316e-06 2.9823797462162975e-06 2.7815676465049082e-06 2.964832196777871e-06 
2.86882884171071e-06 2.8825392051346627e-06 2.982723126588258e-06 2.7819850429632077e-06 2.9651910535570225e-06 
2.8668759818360377e-06 2.8802405740043063e-06 2.980726653598799e-06 2.779940501744503e-06 2.9633100929907366e-06 
2.866048175748404e-06 2.878125524011924e-06 2.9784146925486674e-06 2.7780804245437366e-06 2.961649209873484e-06 
2.8668998511522512e-06 2.8788004179157176e-06 2.979323227107393e-06 2.7789293277043616e-06 2.9626033068951386e-06 
2.8700580852847964e-06 2.8819588961026228e-06 2.9827130165508434e-06 2.782213388917308e-06 2.9659538453301546e-06 
2.871464891168184e-06 2.8833702691886743e-06 2.983765112275447e-06 2.7834352409058274e-06 2.967063934475507e-06 
2.8697865472494775e-06 2.882103816835713e-06 2.982095154534795e-06 2.781838268253837e-06 2.9652641188094872e-06 
2.8652766321565485e-06 2.8774572900469754e-06 2.976550624440531e-06 2.776754494899061e-06 2.9599362257221157e-06 
2.8612471048496177e-06 2.872937294895263e-06 2.9717378570956324e-06 2.772217078362278e-06 2.9554083892636538e-06 
2.8706021748997584e-06 2.8823609070387622e-06 2.981821699667316e-06 2.7819758585462567e-06 2.96534774665135e-06 
2.8570742857214615e-06 2.8688170964593758e-06 2.968320291974085e-06 2.768443934284225e-06 2.951848114302564e-06 
2.8668003128761816e-06 2.878118438681263e-06 2.9781231421509428e-06 2.7781394615049723e-06 2.9617697878063054e-06 
2.866098953333415e-06 2.877033493862503e-06 2.977001214202631e-06 2.77714369293521e-06 2.960838260976458e-06 
2.8530468789960324e-06 2.8640513611040558e-06 2.9641346518071306e-06 2.764187841292279e-06 2.9479198942793575e-06 
2.849027784948999e-06 2.8592439446408755e-06 2.959841258830557e-06 2.7598709977955403e-06 2.943918877880689e-06 
2.8489702451680506e-06 2.8595482827085925e-06 2.9602113518504997e-06 2.7601064283315944e-06 2.9441042763221615e-06 
2.843063594110408e-06 2.8541641433960753e-06 2.954808408487662e-06 2.7545572469490055e-06 2.938454284662794e-06 
2.847284379365436e-06 2.858680106479711e-06 2.959387379923547e-06 2.759027495659004e-06 2.942880635545092e-06 
2.8414309295105172e-06 2.8531027249983795e-06 2.952064763210638e-06 2.752449822008191e-06 2.9357188646661e-06 
2.8461771337265102e-06 2.8569449843882365e-06 2.95669704629777e-06 2.7569680628270637e-06 2.940652058647911e-06 
2.842304537492579e-06 2.8545818852224795e-06 2.9549388544838667e-06 2.7544903363870455e-06 2.9380682833929764e-06 
2.8486379164651173e-06 2.8618472494092593e-06 2.961294511187641e-06 2.761021727193783e-06 2.944128549582719e-06 
2.847915862361914e-06 2.861358137008074e-06 2.960686499287142e-06 2.76040408622853e-06 2.9434287186891327e-06 
2.8478773679270746e-06 2.861292169554577e-06 2.960633202211889e-06 2.7603524241416083e-06 2.94338649019232e-06 
2.8480635326848873e-06 2.8614318001842055e-06 2.960808787927559e-06 2.7605241901572736e-06 2.9435783690006186e-06 
2.8497203852195392e-06 2.8630670254507493e-06 2.962401196013526e-06 2.7621447706300957e-06 2.9451881688086446e-06 
2.8570390265117047e-06 2.8702396288144356e-06 2.969041911358689e-06 2.7690874179979355e-06 2.951987404959128e-06 
2.8520437450045246e-06 2.864919971204372e-06 2.9641622265985917e-06 2.7640840286444858e-06 2.9471901993757354e-06 
2.845461298110341e-06 2.858532259000965e-06 2.957531694986248e-06 2.7575069625921407e-06 2.9405075328064747e-06 
2.8477878491789666e-06 2.8606475732600436e-06 2.9597628639997493e-06 2.75974501827114e-06 2.9428204578525632e-06 
2.8447189720497584e-06 2.8571201951458386e-06 2.9566680884982725e-06 2.7565703928089476e-06 2.9398735414548957e-06 
2.846467035679984e-06 2.8585795112687084e-06 2.9583665271379996e-06 2.7582387461463472e-06 2.941670300739358e-06 
2.835475044030061e-06 2.846940744182682e-06 2.946091815752429e-06 2.746438543454293e-06 2.9298136869527907e-06 
2.8365850984442015e-06 2.847780498062102e-06 2.946834992064748e-06 2.747306526518769e-06 2.930702680919536e-06 
2.849143057222591e-06 2.861464250579731e-06 2.95940488458436e-06 2.7601039867136383e-06 2.9429176974276423e-06 
2.8502762225803336e-06 2.8630661359473126e-06 2.9605602202453293e-06 2.7613423612610775e-06 2.9439226639689735e-06 
2.855757167984282e-06 2.8688876752694366e-06 2.966468663006083e-06 2.7671180883201426e-06 2.9496524956621727e-06 
2.860258605488598e-06 2.8723026928642485e-06 2.9712109653518116e-06 2.7715365967628983e-06 2.9546936289616734e-06 
2.8599564650623358e-06 2.8720406831156552e-06 2.9708684186379825e-06 2.771220854994997e-06 2.9543453457189653e-06 
2.860818425333656e-06 2.873182263987568e-06 2.9720641048803625e-06 2.772312172572583e-06 2.9553976367374836e-06 
2.8619303097716235e-06 2.8740770149032844e-06 2.9729609226853607e-06 2.7732708756922395e-06 2.956398249659089e-06 
2.8625679017649566e-06 2.8746924579105734e-06 2.9734997798008986e-06 2.7738533942299508e-06 2.9569605203400767e-06 
2.8542082807401265e-06 2.8669000517566947e-06 2.9654711650390005e-06 2.7657676418035197e-06 2.9486999625030405e-06 
2.8509026345335275e-06 2.863537273444466e-06 2.9625127264015417e-06 2.76262847622431e-06 2.945701507139185e-06 
2.851051597873972e-06 2.8632999467161094e-06 2.9623707945467614e-06 2.7625505324473826e-06 2.9457290071074e-06 
2.850818059667513e-06 2.8630775173076625e-06 2.96214876379981e-06 2.7623249033072536e-06 2.9455015990048094e-06 
2.840972261021792e-06 2.8532116650051147e-06 2.9517950809547453e-06 2.752199342303525e-06 2.935240236411581e-06 
2.8427729719782833e-06 2.8537537785059395e-06 2.9536584505894037e-06 2.7537920272986856e-06 2.937485957403273e-06 
2.8454779805159395e-06 2.856419918979834e-06 2.9559193529073246e-06 2.7562604191835705e-06 2.939833264106184e-06 
2.8419089829845903e-06 2.852657669917514e-06 2.9521289167050896e-06 2.752534885214815e-06 2.9361406202066385e-06 
2.8416809831003243e-06 2.8516451913077835e-06 2.951659383340222e-06 2.752031071147509e-06 2.9359564514969344e-06 
2.83846066067125e-06 2.848404819244949e-06 2.9480615386619247e-06 2.7486064600123256e-06 2.932428504216681e-06 
2.824331931133753e-06 2.8332243738625824e-06 2.9323487040267814e-06 2.7334397513713073e-06 2.917310811185528e-06 
2.8243030462068125e-06 2.833196212699059e-06 2.9323093557207603e-06 2.7334055662349996e-06 2.9172729951288676e-06 
2.8247422902996164e-06 2.833585321394527e-06 2.9326695107920085e-06 2.733794907903125e-06 2.9176620284331192e-06 
2.8248517196012936e-06 2.8337421690674366e-06 2.9327757510474575e-06 2.733911860922068e-06 2.9177540006866776e-06 
2.8264789058519394e-06 2.835325228868736e-06 2.9343037032157948e-06 2.7354812733849558e-06 2.919312243115088e-06 
2.823129199342433e-06 2.8318405184161553e-06 2.9308822531643994e-06 2.7320649674832396e-06 2.9159452152231954e-06 
2.820293184811677e-06 2.829314060633831e-06 2.9281187184992407e-06 2.7293222234259264e-06 2.9130731584157656e-06 
2.823810264127862e-06 2.831993732011281e-06 2.9311895782921257e-06 2.73245364568013e-06 2.91647987189895e-06 
2.8224470985027075e-06 2.830025345873979e-06 2.929413008840855e-06 2.730761271429931e-06 2.9149615511844414e-06 
2.819083317360882e-06 2.826349783139508e-06 2.9256637042098184e-06 2.727136304033112e-06 2.911374437398525e-06 
2.818896471956298e-06 2.8261776085179935e-06 2.925450489353225e-06 2.726938450442158e-06 2.911161089419781e-06 
2.8190164419218394e-06 2.826314657980292e-06 2.9255949789745197e-06 2.727074392684425e-06 2.9112961280907557e-06 
2.8132296411571965e-06 2.820780286107773e-06 2.91927721980919e-06 2.7210564649041832e-06 2.904989180656669e-06 
2.8192194455195583e-06 2.8278861952636408e-06 2.926129285743614e-06 2.7277085775433007e-06 2.911347908142577e-06 
2.8079507296341345e-06 2.816924337828377e-06 2.9148676899315095e-06 2.7164896219687424e-06 2.899990214665834e-06 
2.8101571650584776e-06 2.8188517294368915e-06 2.9171285684379443e-06 2.718672711904603e-06 2.9023288864496996e-06 
2.8188744024964845e-06 2.8273901705738296e-06 2.9251771624160295e-06 2.72702352666285e-06 2.9105447324040406e-06 
2.8194123494338785e-06 2.828087034746499e-06 2.9257443034580696e-06 2.72760775058314e-06 2.9110573250796144e-06 
2.8175817830593923e-06 2.8262097439133027e-06 2.923988602094543e-06 2.72580422043348e-06 2.909303800203046e-06 
2.818340788845129e-06 2.8269523427371964e-06 2.9249205850449162e-06 2.7266493136344996e-06 2.9102118463221932e-06 
2.8196372550600595e-06 2.8272569790348274e-06 2.925924657639595e-06 2.727607450969859e-06 2.911574364718647e-06 
2.8259414724921736e-06 2.833754871057777e-06 2.933001810233228e-06 2.734352759341302e-06 2.9184609114567514e-06 
2.8267851647079783e-06 2.8342537245472582e-06 2.9335613320745504e-06 2.734985885023985e-06 2.919175622525952e-06 
2.8112984931473935e-06 2.819034121894965e-06 2.917468289425525e-06 2.719220919597556e-06 2.9031021787404396e-06 
2.8082453035497093e-06 2.816563952760948e-06 2.9153693021015833e-06 2.716764992473755e-06 2.900661460495764e-06 
2.807668774073795e-06 2.8159502628462367e-06 2.914770367821811e-06 2.7161691829389624e-06 2.900077920854238e-06 
2.8086006542834042e-06 2.8178928707276033e-06 2.916488196839885e-06 2.717700217958924e-06 2.901348503757134e-06 
2.82036948024662e-06 2.8286767911404405e-06 2.9266791067384324e-06 2.728483614187605e-06 2.9121104831822066e-06 
2.820915197528771e-06 2.829194580357746e-06 2.9274483910714295e-06 2.729138910183392e-06 2.9128509483761644e-06 
2.821515259140071e-06 2.829866282640844e-06 2.928022527917253e-06 2.7297401682187055e-06 2.913407029907629e-06 
2.8224973040291016e-06 2.8307096332936845e-06 2.9289415002032267e-06 2.730664424424929e-06 2.914379792899516e-06 
2.817231183521855e-06 2.8244722515281814e-06 2.9227233685015033e-06 2.724719889727311e-06 2.908624807819635e-06 
2.8263224845208878e-06 2.8352376699563867e-06 2.9329180696757283e-06 2.734707046257284e-06 2.918111277465901e-06 
2.8312961743179874e-06 2.8399960396368244e-06 2.93762415878192e-06 2.7395081591576805e-06 2.9229290832280163e-06 
2.8416364911004403e-06 2.8494896897182888e-06 2.9482066617734736e-06 2.7498213351664156e-06 2.933734479599644e-06 
2.8456444475507886e-06 2.853556301540049e-06 2.9523559805618347e-06 2.7539175397139008e-06 2.937841477835056e-06 
2.8353514014965076e-06 2.844170938040197e-06 2.9427559101158398e-06 2.7441423122332287e-06 2.9278426304894114e-06 
2.8281716569227615e-06 2.8374957109318348e-06 2.9348806849633313e-06 2.7366957663506853e-06 2.919927043734979e-06 
2.828582991928695e-06 2.837625866278317e-06 2.934925931993485e-06 2.7368661619249557e-06 2.9201214327315015e-06 
2.8284141451039198e-06 2.8376219194593952e-06 2.93507376659925e-06 2.7368906679870265e-06 2.920164705200296e-06 
2.8166156977954515e-06 2.824857837784481e-06 2.923209946404508e-06 2.7248585521691584e-06 2.9086142073079523e-06 
2.8167427981738926e-06 2.82489522998152e-06 2.923247039132193e-06 2.72492250438403e-06 2.9086943805674254e-06 
2.821616960890726e-06 2.829839055512327e-06 2.928037615796361e-06 2.7297728977885127e-06 2.9134768749961577e-06 
2.8214376684818174e-06 2.8296211055343903e-06 2.9278767145891453e-06 2.7295953828854e-06 2.9133249665546396e-06 
2.822215910192466e-06 2.8313342002629142e-06 2.929016878943773e-06 2.7307400550550123e-06 2.91411255735761e-06 
2.8206975088648255e-06 2.8298198903649166e-06 2.9276178560725057e-06 2.7292817281138743e-06 2.9126923661217886e-06 
2.8290675958879476e-06 2.837435157036551e-06 2.935899113117689e-06 2.737470447387901e-06 2.921223497783848e-06 
2.823331077476879e-06 2.8325166946091537e-06 2.9313222173455744e-06 2.7324805525911103e-06 2.9161972261789192e-06 
2.8155674459797886e-06 2.825750961661647e-06 2.924322566284761e-06 2.7252943982312855e-06 2.908758637477652e-06 
2.8169124269966216e-06 2.8263511705323444e-06 2.9248864551405184e-06 2.7260943217434384e-06 2.909685853600598e-06 
2.815398473726735e-06 2.823795006373513e-06 2.923386969827027e-06 2.724387300547665e-06 2.9085092025995425e-06 
2.814880875537211e-06 2.8230621932329367e-06 2.922565377099412e-06 2.7236711571847533e-06 2.9078057920459267e-06 
2.8175744694187506e-06 2.826109545394799e-06 2.925537679170953e-06 2.726578934463063e-06 2.9106207817480326e-06 
2.8143568275482534e-06 2.8229313951166192e-06 2.9223101420922475e-06 2.7233599701788556e-06 2.9073828412157984e-06 
2.8122780555394794e-06 2.820374322390646e-06 2.919987203583715e-06 2.721062022314473e-06 2.905250199345175e-06 
2.814354882576319e-06 2.8227499867361643e-06 2.9219612828252092e-06 2.723144729370118e-06 2.9071481769808916e-06 
2.8206708162476398e-06 2.8298307124574003e-06 2.9280342716090706e-06 2.7294893113007096e-06 2.913022786941569e-06 
2.819046084706857e-06 2.8267726161604674e-06 2.9246287007623087e-06 2.7266760756671327e-06 2.9103633619276617e-06 
2.8150633870359297e-06 2.8225550890954444e-06 2.9199598404250445e-06 2.7222948523233228e-06 2.905883138701342e-06 
2.8124276937643125e-06 2.8196955045196395e-06 2.917043379153441e-06 2.719470580467059e-06 2.903083818917945e-06 
2.8088465422231235e-06 2.815920749219048e-06 2.9129587188624526e-06 2.715593257382105e-06 2.8991442479383016e-06 
2.8114769257687728e-06 2.818653059615161e-06 2.915601078131703e-06 2.7182525411894834e-06 2.901752603851456e-06 
2.8059933730661316e-06 2.8128192148561686e-06 2.9093557436556235e-06 2.7123110240150226e-06 2.895744674698152e-06 
2.793943463412482e-06 2.8013548743928365e-06 2.89791066059779e-06 2.7006649224399327e-06 2.8840162372163675e-06 
2.7910354902163778e-06 2.797823541120105e-06 2.8954154401973396e-06 2.697841282532962e-06 2.881646573091468e-06 
2.793315334132663e-06 2.8003383332106814e-06 2.8978782783390385e-06 2.700261725553949e-06 2.884005271711815e-06 
2.7938243581147123e-06 2.8008518335816955e-06 2.8983669180508014e-06 2.700761887023157e-06 2.884495897753158e-06 
2.790862183624732e-06 2.7959336966285662e-06 2.8947198656201873e-06 2.697076737434107e-06 2.881573820747556e-06 
2.7917706065007684e-06 2.7968168001248963e-06 2.8957766899687362e-06 2.698056976927876e-06 2.8826135535016714e-06 
2.7905856264369273e-06 2.795783244150496e-06 2.8944880897283097e-06 2.6968463108249332e-06 2.8812952478390493e-06 
2.790669485885054e-06 2.7964078894849528e-06 2.8946437875822516e-06 2.6970688773628605e-06 2.8812703307049754e-06 
2.7874346297117833e-06 2.793011801086193e-06 2.8913947558392365e-06 2.693792435510858e-06 2.87807414138963e-06 
2.7876787726843095e-06 2.7931889806414932e-06 2.89165059929277e-06 2.6940301529027093e-06 2.878348876514139e-06 
2.7861099562483983e-06 2.7916403841404415e-06 2.889223084459216e-06 2.6920287589016583e-06 2.8760592622830718e-06 
2.7858114688638903e-06 2.7913931704884636e-06 2.888919407081914e-06 2.691737089236539e-06 2.87574048517362e-06 
2.7667096529971136e-06 2.773181572876554e-06 2.871174687637978e-06 2.6734688759052874e-06 2.8574917899466524e-06 
2.768945436486226e-06 2.7755844738611026e-06 2.8735835805833567e-06 2.6758271960263366e-06 2.859819392379424e-06 
2.762098664771767e-06 2.7704125996308437e-06 2.8675199054514103e-06 2.6696925925557805e-06 2.8531024989132135e-06 
2.761947616067025e-06 2.7701890049759985e-06 2.8673911148539346e-06 2.66953856745408e-06 2.8529926310098735e-06 
2.7620066824623083e-06 2.7702488145503554e-06 2.8674261930728282e-06 2.669585666982679e-06 2.8530314910489505e-06 
2.7621851370151756e-06 2.770035124981895e-06 2.86696234802258e-06 2.669362532224853e-06 2.852797596941156e-06 
2.7617292771504267e-06 2.769426534353296e-06 2.866781711654206e-06 2.669015991528488e-06 2.8526185411266905e-06 
2.7549314756054604e-06 2.7623018053940057e-06 2.85972852476535e-06 2.6620172059133816e-06 2.8457106282005636e-06 
2.758159524138795e-06 2.7663752494270336e-06 2.8641644045586154e-06 2.666026732827486e-06 2.849680162204186e-06 
2.7587116258267335e-06 2.766955534037611e-06 2.864720398157786e-06 2.6665869236484974e-06 2.850226669702351e-06 
2.7624892104726984e-06 2.7705379858559493e-06 2.8683120581255824e-06 2.670236621322283e-06 2.8539100682202192e-06 
2.758578465381149e-06 2.764888189977364e-06 2.8634519337407094e-06 2.665504879847226e-06 2.8497516270114754e-06 
2.75936715087388e-06 2.76509389306289e-06 2.8641078122892776e-06 2.666116851925598e-06 2.850611372228728e-06 
2.7575884624699355e-06 2.7636034942552507e-06 2.862407232405099e-06 2.6644301124293528e-06 2.84880799280257e-06 
2.7607680997993936e-06 2.766943889369381e-06 2.865732639599513e-06 2.6677183343263e-06 2.8520586349429275e-06 
2.7611233022738192e-06 2.7676789930488015e-06 2.8663353515280615e-06 2.6682721677361227e-06 2.8525014093700023e-06 
2.7564074959705305e-06 2.7624654782357976e-06 2.860945207776131e-06 2.663112532364702e-06 2.8473798306758725e-06 
2.779179680947916e-06 2.785800611487304e-06 2.884308431566024e-06 2.686320084538012e-06 2.8704668823238523e-06 
2.776732978603907e-06 2.7831017311137672e-06 2.8819004448593118e-06 2.6838424821349076e-06 2.8681311674403714e-06 
2.7772322114314827e-06 2.7835711088749157e-06 2.8823856418893567e-06 2.6843295025594406e-06 2.8686279905477305e-06 
2.7785249164933953e-06 2.784919408761841e-06 2.8835355059242188e-06 2.6855613346328665e-06 2.8697844133291546e-06 
2.783161595808796e-06 2.789264961159307e-06 2.8878896397073883e-06 2.6900043973186642e-06 2.8742763969869692e-06 
2.7717848817562827e-06 2.779375550150618e-06 2.877428991340091e-06 2.6793642904880794e-06 2.8631991563991883e-06 
2.7624625619944775e-06 2.7697932949271497e-06 2.867798092449589e-06 2.6698236101475706e-06 2.853701738422166e-06 
2.756569540280048e-06 2.7656600834153695e-06 2.8627477054478478e-06 2.6646928382840056e-06 2.8479615867228315e-06 
2.7572231534055455e-06 2.766354647954948e-06 2.863436462860116e-06 2.66537313105636e-06 2.8486316245044544e-06 
2.7515423483631897e-06 2.7606312967965357e-06 2.8572085327841585e-06 2.659399094676378e-06 2.8425090201181043e-06 
2.7542643657234956e-06 2.7630865692957582e-06 2.8601931567424344e-06 2.6622056262173876e-06 2.8455327319149683e-06 
2.747005628203364e-06 2.7562962145630433e-06 2.853028808855587e-06 2.6550775711437646e-06 2.8382069626614436e-06 
2.75755040897479e-06 2.7655032916470724e-06 2.862813316806993e-06 2.6649883556607684e-06 2.8485354395726504e-06 
2.760307070180367e-06 2.770264642606375e-06 2.8665210663993226e-06 2.668623505538904e-06 2.851457904916063e-06 
2.754651945270442e-06 2.7645666307909103e-06 2.8610339600046737e-06 2.663038318908363e-06 2.8459565588524265e-06 
2.7535281891378513e-06 2.7637444209481772e-06 2.860347618794568e-06 2.6621951773190725e-06 2.8451029537420437e-06 
2.754604169949139e-06 2.7648856087746767e-06 2.8625134322629717e-06 2.663842586492497e-06 2.847065921453137e-06 
2.7541905162530135e-06 2.763707287874707e-06 2.862007091803149e-06 2.6632325005093407e-06 2.846813751024872e-06 
2.7507505527628597e-06 2.7599277862057246e-06 2.8587517731525777e-06 2.6598184297312073e-06 2.8436336737912425e-06 
2.7563502737109854e-06 2.7655902245209993e-06 2.8648726014775757e-06 2.6657065262898546e-06 2.8496471073463637e-06 
2.7581698184541724e-06 2.7689657265027946e-06 2.8683396640373753e-06 2.6686822970266638e-06 2.8523526356894503e-06 
2.760558285191082e-06 2.7707867694440096e-06 2.8702360011084593e-06 2.670708491936566e-06 2.8545082018109743e-06 
2.766830031942733e-06 2.7768163063860182e-06 2.8758742926988405e-06 2.676611962225148e-06 2.8603276639425842e-06 
2.7778611198715476e-06 2.786810878613948e-06 2.8865869524796838e-06 2.6872934783410035e-06 2.8714159748398195e-06 
2.77872383592103e-06 2.7866701311064035e-06 2.886709525718617e-06 2.6875838655595365e-06 2.8719754314897715e-06 
2.7807548783591036e-06 2.7888541116528525e-06 2.8890871750201253e-06 2.689826037773089e-06 2.874247073416617e-06 
2.796454099413491e-06 2.8063094117444904e-06 2.9061313423882634e-06 2.706575021868766e-06 2.8905168110589562e-06 
2.8024725819036616e-06 2.81144899226878e-06 2.9119230738582347e-06 2.712316256104269e-06 2.8966201001203464e-06 
2.8006329025948243e-06 2.8092832155639174e-06 2.909871270237719e-06 2.710302566035164e-06 2.894705698776258e-06 
2.799627477839635e-06 2.808726475147038e-06 2.9090521079657067e-06 2.709477380632712e-06 2.893715505129964e-06 
2.7864081085433296e-06 2.796060048059932e-06 2.8968218070112058e-06 2.6968646206070054e-06 2.8811479463186507e-06 
2.783373304821115e-06 2.793067888021009e-06 2.8939284835037945e-06 2.6939086604820026e-06 2.8782178482679616e-06 
2.796227798741854e-06 2.806985147194256e-06 2.907497909348006e-06 2.707353901359355e-06 2.8913348354804663e-06 
2.7952247766845797e-06 2.8056556667220664e-06 2.9062987927752387e-06 2.7061849403714375e-06 2.8902705043796883e-06 
2.7942266944237345e-06 2.804707169945405e-06 2.905314559970552e-06 2.7052023461469943e-06 2.889268580015496e-06 
2.7959600532133776e-06 2.8065992588388117e-06 2.907147452291195e-06 2.707020006681898e-06 2.891035120408461e-06 
2.8030451913282738e-06 2.8140865173329796e-06 2.91559477454454e-06 2.7149088833132495e-06 2.899127737955226e-06 
2.8030122610859527e-06 2.813937971029833e-06 2.915513568802471e-06 2.7148286815715346e-06 2.8990906758497245e-06 
2.804378522736305e-06 2.8143043099658007e-06 2.9152962027222297e-06 2.7151719910589755e-06 2.899450782668936e-06 
2.799678114318421e-06 2.81029910914923e-06 2.9112472684891155e-06 2.7109400950385536e-06 2.895076190210562e-06 
2.794825221371685e-06 2.8047061575505073e-06 2.9048225404140273e-06 2.705116294215006e-06 2.889146452320956e-06 
2.7956814724623643e-06 2.805603573219353e-06 2.905750888755522e-06 2.706019025385131e-06 2.890049791521259e-06 
2.8056287984861727e-06 2.81568782809166e-06 2.915041216683239e-06 2.7156611572345664e-06 2.89940677244542e-06 
2.8045673265159973e-06 2.814313098308733e-06 2.914005969283174e-06 2.7145524271741387e-06 2.8984649345896683e-06 
2.801553230213609e-06 2.8112157903459682e-06 2.910743111424937e-06 2.71138958635325e-06 2.8952700243262133e-06 
2.8077322626307466e-06 2.8166813051975907e-06 2.916741292908836e-06 2.717346498542392e-06 2.901520540795339e-06 
2.7986153425421482e-06 2.8079657901365847e-06 2.9082808556665936e-06 2.7086372302755203e-06 2.89282551700105e-06 
2.7985654110631376e-06 2.807909000067374e-06 2.9082282860134592e-06 2.708584571809928e-06 2.892775532448139e-06 
2.7954510777608648e-06 2.8033900310852633e-06 2.90433208889716e-06 2.7047955826750397e-06 2.88944858524041e-06 
2.8024906057653726e-06 2.8106062150428684e-06 2.9110139663609133e-06 2.7116895067873964e-06 2.896134960961089e-06 
2.791384113140893e-06 2.799630283871847e-06 2.8991931346871906e-06 2.7002238323261213e-06 2.8843942495254e-06 
2.791449666285431e-06 2.799691908564885e-06 2.8992564711851132e-06 2.7002875728717757e-06 2.8844591775603078e-06 
2.7896140677797953e-06 2.7976240475142945e-06 2.8971189192741916e-06 2.698249809820937e-06 2.8824448510446063e-06 
2.791499164531418e-06 2.7995935885179423e-06 2.8991125583272668e-06 2.700209164824929e-06 2.884393802998173e-06 
2.7864318442328447e-06 2.7941667987829637e-06 2.893568238865001e-06 2.694821676154452e-06 2.8790419846223843e-06 
2.7866133916064533e-06 2.794368070518139e-06 2.893667540987349e-06 2.6949647475535154e-06 2.879148928645057e-06 
2.790899130213184e-06 2.798225410880752e-06 2.8977549639484383e-06 2.69907248794784e-06 2.8834028474646006e-06 
2.790365693612611e-06 2.7977637422312033e-06 2.897460927022267e-06 2.6986754604535887e-06 2.883046288937572e-06 
2.7949354231083728e-06 2.8016567954137962e-06 2.9015557968184994e-06 2.7028786721966532e-06 2.8874314202578878e-06 
2.793384418221793e-06 2.8007668785941198e-06 2.900120403146074e-06 2.7015095113373162e-06 2.8857707146288244e-06 
2.7979478431042955e-06 2.80478414530049e-06 2.904179700802828e-06 2.7057160442272072e-06 2.890084550120217e-06 
2.77968959912383e-06 2.7863619708350085e-06 2.8852736014204735e-06 2.687073003070861e-06 2.8713395830683073e-06 
2.7803246128403776e-06 2.7865213376842346e-06 2.8858238999810966e-06 2.6875758398051065e-06 2.8720522759986415e-06 
2.776903380368114e-06 2.783049337961517e-06 2.8820583873275166e-06 2.683964716488795e-06 2.868360616889855e-06 
2.7814156560422146e-06 2.789223627421106e-06 2.8873600837399924e-06 2.6892015390118006e-06 2.8730114052569365e-06 
2.8003190334488004e-06 2.8084638747339667e-06 2.90583909130472e-06 2.7079760631576606e-06 2.8914550382452664e-06 
2.801745138658318e-06 2.809398330087579e-06 2.9070767337817215e-06 2.7092130346371427e-06 2.8928776162504117e-06 
2.802050437046314e-06 2.8096371549200786e-06 2.9072626103302545e-06 2.7094451819246505e-06 2.8931042377588504e-06 
2.8004138199337286e-06 2.80750088459599e-06 2.9050773756357555e-06 2.7074319559427037e-06 2.891167020901343e-06 
2.809268033799097e-06 2.8155970162292583e-06 2.912325409393416e-06 2.7153399841803882e-06 2.89892035683708e-06 
2.8091576177967302e-06 2.815408771004293e-06 2.912210791069285e-06 2.7152122630271766e-06 2.898830742455787e-06 
2.8170018792341835e-06 2.8227429095627164e-06 2.9183825550536005e-06 2.722131482982419e-06 2.9054416341934765e-06 
2.817852759532208e-06 2.8234242601199037e-06 2.919426141701168e-06 2.723046083034893e-06 2.9065058118484746e-06 
2.816273544712287e-06 2.822197881161602e-06 2.918028067947146e-06 2.72162392883063e-06 2.9049672967027355e-06 
2.820875205040847e-06 2.8264709931513437e-06 2.922581076552773e-06 2.7261428001928456e-06 2.9096307776380676e-06 
2.821793392321068e-06 2.8270733082076693e-06 2.923510830023381e-06 2.727006585210605e-06 2.91065714664194e-06 
2.8220308524814022e-06 2.8273530241601795e-06 2.9238155861587745e-06 2.727286074137616e-06 2.9109374140495564e-06 
2.817865336658197e-06 2.8221935756282125e-06 2.9199207861607927e-06 2.7230608453164307e-06 2.907307496016545e-06 
2.83582661581691e-06 2.8395071496526373e-06 2.9376543485661283e-06 2.740806377224194e-06 2.925280286921572e-06 
2.845944270574527e-06 2.8500968296983086e-06 2.9483894478415933e-06 2.751335448852225e-06 2.935763954927293e-06 
2.858520069651668e-06 2.8628399174268163e-06 2.96167017965092e-06 2.7643132983518385e-06 2.9488733829493597e-06 
2.8591365501338025e-06 2.8620625728778233e-06 2.9607182117940163e-06 2.7638781268917025e-06 2.9486195312310454e-06 
2.8566816732416712e-06 2.8594375722217583e-06 2.958678287800367e-06 2.7615981402364594e-06 2.9465629390821006e-06 
2.8563366151177164e-06 2.8589417875252717e-06 2.9583721590053645e-06 2.7612445473776855e-06 2.946297227750287e-06 
2.853852908747248e-06 2.856439428186981e-06 2.9552523743503927e-06 2.7584335635208787e-06 2.9432903765901936e-06 
2.8598040376045794e-06 2.863371704452582e-06 2.9615187635430196e-06 2.7647334445455317e-06 2.9491976633520656e-06 
2.8589094136851027e-06 2.862344173175221e-06 2.959818908853802e-06 2.763409365381837e-06 2.947674598595213e-06 
2.8578188740091162e-06 2.86145207572395e-06 2.9588661775780794e-06 2.7624240417465684e-06 2.9466368738659054e-06 
2.8741579910033014e-06 2.8775546975170226e-06 2.9751680677156008e-06 2.7787184470768186e-06 2.9630179913929263e-06 
2.8741250454980514e-06 2.877636452693227e-06 2.975839873507389e-06 2.77906023807432e-06 2.963535586633975e-06 
2.887271852626484e-06 2.890651142036871e-06 2.9886660861183465e-06 2.792036147107905e-06 2.976456250297945e-06 
2.8876727045388836e-06 2.8918021369313747e-06 2.9893805364715185e-06 2.7927365203431808e-06 2.9768839556341932e-06 
2.891108832811543e-06 2.894602981638008e-06 2.9919461778742653e-06 2.795620735686225e-06 2.9797939108715516e-06 
2.8989404211212408e-06 2.9040498199706765e-06 3.000934304737094e-06 2.804347465386847e-06 2.9880831719812867e-06 
2.892454209732915e-06 2.8978679429037738e-06 2.9938094989335675e-06 2.797594826538583e-06 2.980970806988052e-06 
2.8898735566687442e-06 2.895475688474289e-06 2.991477464381584e-06 2.79517150059584e-06 2.978538345251352e-06 
2.889915436093625e-06 2.89552332301068e-06 2.9915252104310227e-06 2.795217465803321e-06 2.9785833066847456e-06 
2.8896622618875227e-06 2.894643340255001e-06 2.9908515807816333e-06 2.794633171713915e-06 2.978176054514144e-06 
2.890066655968727e-06 2.895345759178177e-06 2.9904316160059586e-06 2.7946883041076583e-06 2.977801193543429e-06 
2.895060576005576e-06 2.9004819391596206e-06 2.996751974950302e-06 2.800372721783604e-06 2.983854372445576e-06 
2.8976528871245034e-06 2.903955982400504e-06 2.999733570086805e-06 2.8033337541059996e-06 2.9864949784254684e-06 
2.889068179852473e-06 2.894399835342443e-06 2.991073523375518e-06 2.7945127309413195e-06 2.9781515955280695e-06 
2.8887342719583063e-06 2.8940196852960066e-06 2.9908446770020333e-06 2.794222012552173e-06 2.9779195771244796e-06 
2.8802106602434564e-06 2.8876544790352044e-06 2.9841861355992e-06 2.787042732123511e-06 2.9702743952771265e-06 
2.8755490146849667e-06 2.883780076965849e-06 2.97996736009513e-06 2.7827529064048867e-06 2.965735632823671e-06 
2.871106634102238e-06 2.8797787659425426e-06 2.9759069047447798e-06 2.7785846055065426e-06 2.96147359908523e-06 
2.877725156806687e-06 2.8873694023518616e-06 2.9837789352394334e-06 2.786035452795883e-06 2.9688311804565976e-06 
2.8818075327443153e-06 2.891758949610519e-06 2.988187295465701e-06 2.7903483054826423e-06 2.973088557285845e-06 
2.8756926676569033e-06 2.888025160859684e-06 2.982875669778884e-06 2.785111124795807e-06 2.9668977453628436e-06 
2.877101486797687e-06 2.8893425984734255e-06 2.9842702959291493e-06 2.7864957581229866e-06 2.9683232461050053e-06 
2.8855808761930384e-06 2.8974206660052353e-06 2.9921019183905534e-06 2.7945764162341698e-06 2.9763881580534715e-06 
2.88924450271213e-06 2.9022356191673175e-06 2.997295341971012e-06 2.7992513202683706e-06 2.9809648232254263e-06 
2.8811625589878238e-06 2.893584193882534e-06 2.9889978696880803e-06 2.79093538510145e-06 2.9728824832471837e-06 
2.8792338998744918e-06 2.8915682843322907e-06 2.986707861518977e-06 2.7888037851567324e-06 2.9706803937012265e-06 
2.8817199542244833e-06 2.8940055356880745e-06 2.9893289336141566e-06 2.7913510885727807e-06 2.973293956784892e-06 
2.8798903036285427e-06 2.8924484622475347e-06 2.9876543882019614e-06 2.789653284071259e-06 2.9715082664224665e-06 
2.892858674444415e-06 2.905260631096083e-06 3.0004567390971197e-06 2.8025202609741557e-06 2.9843861747705313e-06 
2.8894634302029467e-06 2.901872335601575e-06 2.996713517906348e-06 2.7989467237287886e-06 2.9806992537498578e-06 
2.8910345546237175e-06 2.9032794972850984e-06 2.997992311636076e-06 2.800338694390149e-06 2.9820781544032533e-06 
2.8972287186653255e-06 2.910317479260236e-06 3.0048609698322196e-06 2.807052592259279e-06 2.988569110304313e-06 
2.9024303195903544e-06 2.9145208220983195e-06 3.0101892681738726e-06 2.812120989863908e-06 2.994188517071767e-06 
2.890235701385954e-06 2.90066371979587e-06 2.996143552706869e-06 2.7986423661946176e-06 2.9809740593902793e-06 
2.8901285430105777e-06 2.900523969291958e-06 2.996058498431839e-06 2.7985396921059625e-06 2.9808955147775e-06 
2.8981740805254874e-06 2.9088454387087936e-06 3.0044636390249834e-06 2.806830861576718e-06 2.989153466335297e-06 
2.9070836175288758e-06 2.9167897627384964e-06 3.01271218369226e-06 2.815223991588861e-06 2.997814089678043e-06 
2.9030171612571608e-06 2.912327519750224e-06 3.0084614557362594e-06 2.810981544306473e-06 2.993718357553153e-06 
2.906364429724535e-06 2.9157663000371422e-06 3.0115968834921748e-06 2.8142439563982883e-06 2.996860399524002e-06 
2.9011715936695855e-06 2.9095940769450467e-06 3.0052173445743183e-06 2.8082551403672665e-06 2.990986429239046e-06 
2.9021714032159066e-06 2.910727596475299e-06 3.005830918969093e-06 2.809089687444495e-06 2.9916227922594733e-06 
2.8818610455382957e-06 2.8913565015642116e-06 2.9853866896578013e-06 2.7888789331276485e-06 2.9709083508963733e-06 
2.8952308240128527e-06 2.9029004196871162e-06 2.9964138881896848e-06 2.8007377323851016e-06 2.982898267260456e-06 
2.897323119926115e-06 2.9050952940421327e-06 2.9986159996561686e-06 2.8029070823809738e-06 2.985049755862973e-06 
2.896908195486253e-06 2.9051293141571477e-06 2.9984772835556215e-06 2.80271840830124e-06 2.9847242651729567e-06 
2.8983227041832925e-06 2.906520434718883e-06 2.999909296815027e-06 2.8041383670194673e-06 2.9861605852894065e-06 
2.90079487476809e-06 2.9090855643335776e-06 3.0011538082161775e-06 2.80603243218266e-06 2.98758107947244e-06 
2.896023543054581e-06 2.9048279549090447e-06 2.9963499671243767e-06 2.801346185584859e-06 2.9826219157234784e-06 
2.8985547089514083e-06 2.9058375354711893e-06 2.998578737108261e-06 2.803420188111699e-06 2.9853779341439452e-06 
2.913245817163404e-06 2.9211662271369615e-06 3.013211328597676e-06 2.8182301553097724e-06 2.9998196596500867e-06 
2.9132383551330255e-06 2.9211511142929277e-06 3.0132016890327233e-06 2.8182200527860642e-06 2.9998127826780347e-06 
2.911764121654572e-06 2.9210527197775313e-06 3.012887879629255e-06 2.81759271857925e-06 2.998873787747617e-06 
2.9116869626178766e-06 2.9211707048760884e-06 3.0127126810062953e-06 2.817508372851924e-06 2.9986537644295636e-06 
2.9079592112625776e-06 2.9182306925633064e-06 3.010170006700904e-06 2.8145184168085605e-06 2.995666344417424e-06 
2.9067458657269168e-06 2.9164280052555007e-06 3.0084286659983833e-06 2.812923093426538e-06 2.9941981093400667e-06 
2.909327140248482e-06 2.918182762176631e-06 3.0103281169966267e-06 2.815003500145456e-06 2.996470460660692e-06 
2.906201655508744e-06 2.9146388393908773e-06 3.007129012607002e-06 2.8117523829127523e-06 2.993415020730765e-06 
2.9166184375160764e-06 2.9236760011772553e-06 3.0168487882254632e-06 2.8215592371244533e-06 3.0036829712915596e-06 
2.9150140969714e-06 2.9225457194432387e-06 3.017516832374066e-06 2.821166859174435e-06 3.0038222332681706e-06 
2.912317076406964e-06 2.9199755567276892e-06 3.0154316407357705e-06 2.818796342823185e-06 3.001595012172404e-06 
2.9052926188443577e-06 2.9123487352527567e-06 3.007810570342905e-06 2.8113477896810265e-06 2.9942627727717587e-06 
2.8945523589207066e-06 2.9018480986341936e-06 2.997664884044805e-06 2.8009391225212264e-06 2.9839431700241943e-06 
2.8967692617982745e-06 2.904480961142863e-06 3.0004769186201368e-06 2.80353807841263e-06 2.986525252321684e-06 
2.896490709373765e-06 2.904213425393754e-06 2.999583217119321e-06 2.8029540530877346e-06 2.9857312038852924e-06 
2.8934515495369675e-06 2.90041564572954e-06 2.996298631608191e-06 2.7996393156243593e-06 2.982725168090707e-06 
2.888152668259514e-06 2.8962470020367014e-06 2.991594635595985e-06 2.794854679729241e-06 2.9775683864546013e-06 
2.8892359371313198e-06 2.8969335763139807e-06 2.992550243876564e-06 2.7957968064335386e-06 2.9786693824212325e-06 
2.8706147456929404e-06 2.8790088568984273e-06 2.9744102294242593e-06 2.7775330317328806e-06 2.9602321939774386e-06 
2.865859932301245e-06 2.87355251468889e-06 2.969193128956353e-06 2.7724027086634424e-06 2.955312214574588e-06 
2.8711177056733015e-06 2.8786490471842254e-06 2.9745742509572593e-06 2.7776963623868504e-06 2.9607227318364635e-06 
2.869460910142719e-06 2.8775267151708406e-06 2.9727454604407287e-06 2.7760575143535814e-06 2.958755745476044e-06 
2.863634614123887e-06 2.8710400226522084e-06 2.9668262002002465e-06 2.7700474238539324e-06 2.9530589315490437e-06 
2.881129169936707e-06 2.886027199821278e-06 2.982539314600153e-06 2.786184172013068e-06 2.969853127092994e-06 
2.880793679835383e-06 2.8855032632350277e-06 2.981864696267385e-06 2.785643173690918e-06 2.9692942865550725e-06 
2.8832287805864593e-06 2.8881997858271142e-06 2.9842512339515314e-06 2.7881075811843435e-06 2.9716071916398754e-06 
2.8820378559369013e-06 2.8880284350353306e-06 2.983883727919764e-06 2.787523080127445e-06 2.9707830905419095e-06 
2.881656496730595e-06 2.8874737568158765e-06 2.9832405045845506e-06 2.7869772464832776e-06 2.970237959699438e-06 
2.8680426681422915e-06 2.87449779349625e-06 2.970679175834825e-06 2.7739968039837415e-06 2.9573016433972616e-06 
2.8686099145107847e-06 2.874969089021721e-06 2.9709308801197294e-06 2.7743884804838275e-06 2.9576361960703388e-06 
2.8711977221879457e-06 2.877553717700619e-06 2.973435448675956e-06 2.776937146169602e-06 2.960155557359274e-06 
2.873826662095281e-06 2.8804415793377202e-06 2.9761588877177724e-06 2.7796669413072706e-06 2.9627820771697356e-06 
2.8735675529321563e-06 2.879836792899468e-06 2.9757387652374124e-06 2.7792595677588032e-06 2.9624969943630217e-06 
2.88303650536736e-06 2.8891852239535927e-06 2.984570400301364e-06 2.7883990030803908e-06 2.971472578241697e-06 
2.8701059779564444e-06 2.876423992910505e-06 2.9713940945258766e-06 2.7753654073071038e-06 2.9582852811448265e-06 
2.8633038011959173e-06 2.869323228548865e-06 2.964778510607021e-06 2.768588915498011e-06 2.951732160180164e-06 
2.8652975931972722e-06 2.86994413871356e-06 2.96582222655781e-06 2.7698460705950743e-06 2.9533639806321968e-06 
2.8695917452866944e-06 2.8733563423320205e-06 2.9705598985614617e-06 2.7741959063577023e-06 2.9583023141587414e-06 
2.868298888511391e-06 2.8716402151287253e-06 2.969050912860494e-06 2.772713307454137e-06 2.956961748491226e-06 
2.8694036749356775e-06 2.8727108111097073e-06 2.9702050504229446e-06 2.773837506566598e-06 2.9581182073035556e-06 
2.8673736920839174e-06 2.87071642893142e-06 2.9674814714682968e-06 2.771466739898221e-06 2.955500118642296e-06 
2.8694791598694434e-06 2.8727677516726804e-06 2.9695400656784985e-06 2.7735410238097665e-06 2.957583381854606e-06 
2.8603123119708635e-06 2.8631321166944385e-06 2.959912550420692e-06 2.7640457485434763e-06 2.948179919347501e-06 
2.858059666283003e-06 2.8607578282698356e-06 2.957169880063079e-06 2.7615248829681214e-06 2.9455575910341073e-06 
2.8404636316739787e-06 2.843126130604799e-06 2.9389351075417215e-06 2.7435867069791673e-06 2.9274419352613917e-06 
2.843542567702329e-06 2.8454087186219254e-06 2.942480054715333e-06 2.7467472822751473e-06 2.9311569024960303e-06 
2.855341378201122e-06 2.8597128845728717e-06 2.9574110236081406e-06 2.7605958402373103e-06 2.9447798311068167e-06 
2.8544682517951607e-06 2.8590927632156046e-06 2.956448092509633e-06 2.7597248315837137e-06 2.943753094371971e-06 
2.849116605279235e-06 2.8537073064230874e-06 2.951329038874821e-06 2.7544772541984072e-06 2.938605826335207e-06 
2.8536978835702217e-06 2.857804272397107e-06 2.9554657817199464e-06 2.7587487423742437e-06 2.9429680543131866e-06 
2.8529846595635327e-06 2.857303563752735e-06 2.9550231369328257e-06 2.758210778957987e-06 2.9424137133316507e-06 
2.8561497520824457e-06 2.8601824133854354e-06 2.9578488560946454e-06 2.76115495790836e-06 2.9453855532308184e-06 
2.8547227779228165e-06 2.8582283835594447e-06 2.9562925474753195e-06 2.7595618825356554e-06 2.9440154120841672e-06 
2.8606397795025342e-06 2.8639929533518526e-06 2.9608228148145395e-06 2.7647644172429424e-06 2.948825885469909e-06 
2.8603627178721224e-06 2.863768105661078e-06 2.9605529304696275e-06 2.7645005713978726e-06 2.948538516894755e-06 
2.8580109739374002e-06 2.8614598643594487e-06 2.958369633728109e-06 2.7622381071145183e-06 2.9463134736646347e-06 
2.8574865447860864e-06 2.8611016443334363e-06 2.957829965698549e-06 2.761737258236886e-06 2.9457245273884376e-06 
2.85165763421953e-06 2.8560953421506904e-06 2.9520400533967305e-06 2.7560793566206154e-06 2.9396715848355695e-06 
2.86729114819891e-06 2.872578057617485e-06 2.967523630312041e-06 2.771822916018704e-06 2.9549141872574935e-06 
2.8669014951060266e-06 2.872210644438855e-06 2.96728771726779e-06 2.771512946193035e-06 2.9546455777045723e-06 
2.8712870839653022e-06 2.8766498844449017e-06 2.971860391264837e-06 2.776006440314898e-06 2.959169889025914e-06 
2.872704173885129e-06 2.8779579780969125e-06 2.973157370015253e-06 2.7773444799258428e-06 2.9605209893540535e-06 
2.8903973348721553e-06 2.896629901397994e-06 2.9913191985081753e-06 2.7954822418050413e-06 2.9782972967769743e-06 
2.8929186725102817e-06 2.8985094809580882e-06 2.9939554450991805e-06 2.7979365622590343e-06 2.9811148021118594e-06 
2.891438673541811e-06 2.89729743202389e-06 2.9921316040470014e-06 2.7963378590950054e-06 2.9792649051811173e-06 
2.889473990624843e-06 2.8966729228736505e-06 2.9919206128641433e-06 2.7955041686249918e-06 2.97834107728138e-06 
2.8886491838741486e-06 2.896206652997003e-06 2.99146826985439e-06 2.794934747381999e-06 2.9777142514240857e-06 
2.892663351467064e-06 2.900387513086764e-06 2.9957554168993942e-06 2.7991224604687893e-06 2.9819032725432046e-06 
2.890383004670127e-06 2.897980920766278e-06 2.9937042800806694e-06 2.796928941931212e-06 2.9798533614239766e-06 
2.891420600619022e-06 2.898970135340898e-06 2.9947391505494235e-06 2.797956794509852e-06 2.9809037504083745e-06 
2.8912716214020997e-06 2.898853164629e-06 2.994605897513492e-06 2.797821821813237e-06 2.9807578626647444e-06 
2.892370617243291e-06 2.898784437257474e-06 2.994466146913119e-06 2.7980746536264497e-06 2.9811907631151723e-06 
2.8873956200671963e-06 2.892902214893488e-06 2.988424028237568e-06 2.7923865925976307e-06 2.9756114118722347e-06 
2.8933190236428078e-06 2.8983955662035842e-06 2.9939333264166405e-06 2.7980277118185193e-06 2.9813242365860756e-06 
2.8965403932257017e-06 2.9016447020746397e-06 2.9971903304249363e-06 2.8012757721348544e-06 2.9845664174185827e-06 
2.888158144292667e-06 2.8932283073647967e-06 2.9888204106122466e-06 2.792883439360299e-06 2.9762055423722646e-06 
2.8878397746237464e-06 2.892573900370418e-06 2.988187412886774e-06 2.7923436076826233e-06 2.9757303323149185e-06 
2.877055711226338e-06 2.8822828080209838e-06 2.977565345752162e-06 2.7817236316511327e-06 2.964927617520899e-06 
2.8732123588513045e-06 2.878705740706361e-06 2.973305416974472e-06 2.7777231424291255e-06 2.960654474496265e-06 
2.8731959853190714e-06 2.8786474378966838e-06 2.973369915217491e-06 2.777738217682399e-06 2.9607185319639894e-06 
2.8694813578695816e-06 2.8749342719164957e-06 2.969953816519497e-06 2.774166600203744e-06 2.9572521507114775e-06 
2.873063353305865e-06 2.8794304688829847e-06 2.9740786053161583e-06 2.778201180801413e-06 2.960999975734756e-06 
2.875047991096338e-06 2.8813654377495775e-06 2.97632095781754e-06 2.7803054984873155e-06 2.9632145723396418e-06 
2.8646093706358638e-06 2.8706004532459533e-06 2.9649180805202685e-06 2.7693149033475743e-06 2.952075862765055e-06 
2.851448081247694e-06 2.857794259540505e-06 2.9531361863113137e-06 2.756889577519171e-06 2.9399526564217907e-06 
2.8404099045101157e-06 2.8468670905424247e-06 2.942647119250852e-06 2.746133328905589e-06 2.9293375598866136e-06 
2.835820694440619e-06 2.8425260773795274e-06 2.9383181763740787e-06 2.741717158360958e-06 2.9248877464776355e-06 
2.8324152660180938e-06 2.837361440322138e-06 2.9350517700438977e-06 2.7380373773348383e-06 2.9221474034312224e-06 
2.819589102143099e-06 2.8256725452490067e-06 2.922965343862418e-06 2.7257862191363006e-06 2.909582798792897e-06 
2.8238996954931456e-06 2.829683664109585e-06 2.927660404622934e-06 2.7302386854915105e-06 2.9143065075482486e-06 
2.8307991628893183e-06 2.836003000444294e-06 2.934660845159016e-06 2.7370874779183614e-06 2.921470478586542e-06 
2.834605123728334e-06 2.8392419526336776e-06 2.937779113725794e-06 2.7404425029242445e-06 2.924880817951738e-06 
2.833999735558388e-06 2.83844138267702e-06 2.936978877713248e-06 2.739701127437312e-06 2.9241741970034396e-06 
2.827864319952672e-06 2.8322374035208427e-06 2.931827440728662e-06 2.7340455876364304e-06 2.9188790873974564e-06 
2.8296168922413835e-06 2.834010315337148e-06 2.9334131684632606e-06 2.7357189246777784e-06 2.920486430041514e-06 
2.820461329859489e-06 2.824210130828671e-06 2.9222148095224533e-06 2.7253986462647556e-06 2.909832736907439e-06 
2.8234165080080363e-06 2.828156045608743e-06 2.9260557711951153e-06 2.728990241779185e-06 2.91321589706272e-06 
2.8231292446139734e-06 2.8278433416180675e-06 2.925712417520616e-06 2.728669563701586e-06 2.9128899106794065e-06 
2.813621588900374e-06 2.8199519420966084e-06 2.917186344427485e-06 2.719954189253549e-06 2.903695508156011e-06 
2.8133891859206724e-06 2.819760751666872e-06 2.916955764938391e-06 2.7197303696330736e-06 2.9034517767686636e-06 
2.804645847342203e-06 2.811423134064595e-06 2.9076494378811696e-06 2.7107724976436608e-06 2.8941137392077424e-06 
2.805409548046301e-06 2.8121759475453482e-06 2.9086233558024596e-06 2.711640364124001e-06 2.8950557806743747e-06 
2.791059989562e-06 2.796899638195229e-06 2.8934616911057457e-06 2.6966867372155034e-06 2.8803204124019672e-06 
2.7980662364499416e-06 2.8033079943115856e-06 2.901008077814106e-06 2.7038579431646624e-06 2.887962284217303e-06 
2.7977948156704033e-06 2.8029386036195146e-06 2.9006408539314056e-06 2.703519259556659e-06 2.887641702623535e-06 
2.803584422985189e-06 2.8097359329581305e-06 2.906692723422093e-06 2.7096408962027055e-06 2.893334880339371e-06 
2.8177675985115193e-06 2.8237622136118267e-06 2.9207732601083516e-06 2.7237590149409476e-06 2.907480706355506e-06 
2.81497814248395e-06 2.8212964161609105e-06 2.917773094399117e-06 2.7209231778072133e-06 2.904415017476227e-06 
2.809044086325785e-06 2.8152414444929674e-06 2.9115163885362275e-06 2.7147971021180172e-06 2.8982505134170598e-06 
2.812224778307349e-06 2.8183053127369517e-06 2.914847364070786e-06 2.7180340818331445e-06 2.901592570585936e-06 
2.808500054943299e-06 2.814677518311419e-06 2.9117041223014674e-06 2.7146155255663454e-06 2.898321811346975e-06 
2.8167173945719343e-06 2.8218882770766495e-06 2.91951589313623e-06 2.7224454690991283e-06 2.906515154530995e-06 
2.817337883297445e-06 2.8230666139817214e-06 2.9204125861767408e-06 2.723312398514515e-06 2.907191444048579e-06 
2.8184003924504383e-06 2.8237552453966453e-06 2.921299901462287e-06 2.724216407683173e-06 2.9082247284784244e-06 
2.8159211952260853e-06 2.8211098228344264e-06 2.9185806692484504e-06 2.7215817562951916e-06 2.9055977748168455e-06 
2.814908184400432e-06 2.820140282668758e-06 2.9174568826529236e-06 2.7205201781996217e-06 2.904479076560417e-06 
2.8134621628212217e-06 2.818547916086265e-06 2.915906880738773e-06 2.71899222665267e-06 2.9029922571834336e-06 
2.810837848047627e-06 2.8163031329001444e-06 2.9135790301836985e-06 2.716586414968201e-06 2.9004964256200583e-06 
2.815109073791291e-06 2.820933272280114e-06 2.9177585749830356e-06 2.720885694393544e-06 2.9045791003166617e-06 
2.8202291633848373e-06 2.826542935957935e-06 2.9225683538292597e-06 2.7259516542236743e-06 2.909287744435673e-06 
2.8262664920603595e-06 2.832757817540998e-06 2.9284697459174924e-06 2.7319630941857234e-06 2.9151560835671636e-06 
2.828164800831715e-06 2.834705795457826e-06 2.9303761544359573e-06 2.7338774221625255e-06 2.9170455006538193e-06 
2.821702162689126e-06 2.8295971102543838e-06 2.9241045618313264e-06 2.7277704544733162e-06 2.910319142104742e-06 
2.82159598532847e-06 2.829501991241028e-06 2.9240197476335595e-06 2.7276769561544467e-06 2.9102273025849333e-06 
2.8233707268124065e-06 2.8312822048673314e-06 2.9256860041860875e-06 2.729401134275763e-06 2.911909878865664e-06 
2.8129146539956587e-06 2.82153156531778e-06 2.9160729793513686e-06 2.719492530302564e-06 2.9019359299200877e-06 
2.8101997948961707e-06 2.8191277644492372e-06 2.9133455614980902e-06 2.7168307727838674e-06 2.8991135113076397e-06 
2.8188154901823786e-06 2.82745131960222e-06 2.9222122948579775e-06 2.7255228692545337e-06 2.90802901752238e-06 
2.823719210363973e-06 2.832278074102496e-06 2.9273751424575557e-06 2.7305462454835367e-06 2.913172227426025e-06 
2.8155153263530415e-06 2.8244119437603423e-06 2.919424258010374e-06 2.7225264929358763e-06 2.9050739909876474e-06 
2.823176713946682e-06 2.8329154569618006e-06 2.927579662254511e-06 2.7306128211691677e-06 2.912882792496883e-06 
2.821880129638177e-06 2.8313528917094032e-06 2.9261392768810917e-06 2.7291893167256813e-06 2.9115497628770957e-06 
2.84364258554159e-06 2.853745480062035e-06 2.9476579259439817e-06 2.7509832008835803e-06 2.9329103238243432e-06 
2.8446728594752024e-06 2.855287799742401e-06 2.949059404421101e-06 2.7523037575154774e-06 2.934089348329159e-06 
2.8429226174140468e-06 2.8540337300283814e-06 2.948030030733129e-06 2.7510122239351947e-06 2.932784276493116e-06 
2.849752397324189e-06 2.861538817590866e-06 2.9553561921881307e-06 2.758236261819482e-06 2.9398154227070693e-06 
2.8478974314259568e-06 2.8594909927273098e-06 2.9533701242436626e-06 2.7562740471602567e-06 2.9379118260957107e-06 
2.8454578499847232e-06 2.856040253076491e-06 2.9502151002887797e-06 2.753267770531182e-06 2.935193220331402e-06 
2.8517985814730986e-06 2.862425487341008e-06 2.9563744417111508e-06 2.759534451878251e-06 2.9413684459557912e-06 
2.8539105906794653e-06 2.864565201073092e-06 2.95844810498311e-06 2.761635454906406e-06 2.9434396763231287e-06 
2.8529223037276034e-06 2.8639370274075846e-06 2.9575627223893564e-06 2.7607709524226148e-06 2.9424243801282958e-06 
2.8604838349696693e-06 2.871504513855317e-06 2.9658384453673383e-06 2.7686988291905203e-06 2.9505782859208778e-06 
2.861198705469926e-06 2.872651127599988e-06 2.9669321824230057e-06 2.7696922389648365e-06 2.951473423314135e-06 
2.8698482245069006e-06 2.8808242908906016e-06 2.9745009483957885e-06 2.77771452880869e-06 2.9593713259172436e-06 
2.8747990638510518e-06 2.8846510310962657e-06 2.9785562131567405e-06 2.7819962631357285e-06 2.9639280255716473e-06 
2.871220563919035e-06 2.8804366179434254e-06 2.9740969272187827e-06 2.7778479179623908e-06 2.9598154122624015e-06 
2.8706038279846353e-06 2.879938186688095e-06 2.973363202637615e-06 2.777196782293973e-06 2.95906423959384e-06 
2.875075557483367e-06 2.884624524863289e-06 2.9782542044290457e-06 2.781924629604821e-06 2.9638176155297945e-06 
2.865212886349852e-06 2.874474372580727e-06 2.9684421807984454e-06 2.772017278220931e-06 2.954087847263359e-06 
2.8746164508311025e-06 2.8830418517274828e-06 2.9788556119736466e-06 2.7817676672005316e-06 2.964593205844675e-06 
2.8724328760317663e-06 2.8813383967413556e-06 2.976679973348745e-06 2.779680975334815e-06 2.9622662243819232e-06 
2.8727537657512574e-06 2.88153172457584e-06 2.9769764164028006e-06 2.7799645744713888e-06 2.9626066412567925e-06 
2.87489463847584e-06 2.883605887962253e-06 2.9791949874994355e-06 2.7821335357996324e-06 2.964832916495136e-06 
2.878217550698022e-06 2.8872426490181723e-06 2.982767372260002e-06 2.7856477131821276e-06 2.9682651171792364e-06 
2.871910833179378e-06 2.881142726433494e-06 2.977044217725807e-06 2.7796682147762756e-06 2.962380014247861e-06 
2.874732523635672e-06 2.8828402165072287e-06 2.978408575992758e-06 2.7815389307247323e-06 2.9643398385903036e-06 
2.874151163200306e-06 2.882748778994862e-06 2.978010384906184e-06 2.7811458385041883e-06 2.963757777458219e-06 
2.868251666263963e-06 2.876739466142799e-06 2.9710458941532904e-06 2.7746875751478257e-06 2.957006307351273e-06 
2.8704326463346074e-06 2.8790710921084717e-06 2.973176454449718e-06 2.7768764541879003e-06 2.9590980044877183e-06 
2.8703822465899214e-06 2.8794768140264953e-06 2.973508391175535e-06 2.777107626400349e-06 2.9592232029466094e-06 
2.8668443702743443e-06 2.8754786958805845e-06 2.970152850622684e-06 2.7735634645332395e-06 2.955981453783718e-06 
2.8553031279770767e-06 2.8623528112868536e-06 2.957733875522774e-06 2.7612568087739808e-06 2.944205802851287e-06 
2.86494327106552e-06 2.8718793478837685e-06 2.968690361403524e-06 2.771544272792575e-06 2.954976544835032e-06 
2.871621353131724e-06 2.8788767874876464e-06 2.9752179871171193e-06 2.7782166297665377e-06 2.9614291899970086e-06 
2.8643947481181764e-06 2.8713369999654736e-06 2.967899736794512e-06 2.770874662672805e-06 2.9542246239737576e-06 
2.864141849112206e-06 2.871086197019697e-06 2.9676612011238385e-06 2.7706290947996547e-06 2.953983041269794e-06 
2.8515738792252474e-06 2.8577558295492155e-06 2.9546600634972345e-06 2.757681272659375e-06 2.9412934470380468e-06 
2.8508162132412555e-06 2.856982580557937e-06 2.953870894930893e-06 2.7569039044793656e-06 2.9405144746030432e-06 
