1.2978244772416857e-06 1.3848202238790072e-06 1.2162528649055134e-06 1.2172792087301809e-06 1.2023533355609304e-06 
1.2957738589879828e-06 1.3828112567272846e-06 1.2138839328274668e-06 1.215361393826079e-06 1.2000042023076135e-06 
1.2977196542009008e-06 1.3789153996500293e-06 1.2107100040087297e-06 1.2138187075257401e-06 1.1998223847399305e-06 
1.3013192469571225e-06 1.3800510710950737e-06 1.2138279430970386e-06 1.2154562669087425e-06 1.2039884760726525e-06 
1.3155790632809493e-06 1.3934081817769204e-06 1.2269582341168719e-06 1.229325409065525e-06 1.2176477278976387e-06 
1.3203555376712322e-06 1.3993967638266986e-06 1.2346128457302103e-06 1.234260407701731e-06 1.2244541376415447e-06 
1.3182078093537976e-06 1.3981508092815328e-06 1.2341172035398454e-06 1.2323792938615723e-06 1.2233826590306265e-06 
1.3181669606663885e-06 1.3980819326163752e-06 1.2336497839202185e-06 1.2324412370461542e-06 1.2229819443705997e-06 
1.3166590090709647e-06 1.3967148192249707e-06 1.2326467822782492e-06 1.2308996773458441e-06 1.2218548357009732e-06 
1.3158194961602107e-06 1.3956636649386486e-06 1.2315341928726419e-06 1.2299601336500476e-06 1.2208601583811796e-06 
1.3157129217949215e-06 1.39557466612086e-06 1.2314486548988776e-06 1.229861988054869e-06 1.2207647479488293e-06 
1.3160195306443603e-06 1.3969857913666843e-06 1.2324632906161204e-06 1.2308963226665136e-06 1.2212507433965076e-06 
1.3189488113513356e-06 1.40097893758314e-06 1.2361238135759307e-06 1.2345204099269929e-06 1.2244001233180403e-06 
1.3237970863897454e-06 1.4060684526076446e-06 1.2392717751252168e-06 1.2400989956328334e-06 1.2276813478199907e-06 
1.3328078462949238e-06 1.4146163759749747e-06 1.2483133302234116e-06 1.2487191481955473e-06 1.2369178914313784e-06 
1.326232757645583e-06 1.4090340063570126e-06 1.2416546253027952e-06 1.243013001682108e-06 1.2298649995831128e-06 
1.328276244594324e-06 1.4115072253613055e-06 1.2437541847141103e-06 1.2454150577022852e-06 1.231790271531607e-06 
1.3281157463851505e-06 1.4112142283575505e-06 1.2436043257483167e-06 1.2451360856966345e-06 1.2316913785530855e-06 
1.3288734434713834e-06 1.412201955647131e-06 1.2445579894296461e-06 1.2460336909163597e-06 1.2325297319384907e-06 
1.3359427292610787e-06 1.4182743013029607e-06 1.250672445879593e-06 1.2525494714013903e-06 1.2391756067226472e-06 
1.3382377649319348e-06 1.4214259364120145e-06 1.2532598903160103e-06 1.2554996150978332e-06 1.2413893141773965e-06 
1.3440203886701943e-06 1.4259316900795908e-06 1.2590618285201127e-06 1.2601829807748476e-06 1.2477048459954505e-06 
1.3407065807919297e-06 1.4209589157907959e-06 1.2534903457661766e-06 1.2561369950985158e-06 1.243078057604517e-06 
1.3285581238562899e-06 1.4126434188773233e-06 1.243068949138445e-06 1.2467478831100264e-06 1.2308902997607802e-06 
1.3303280831351834e-06 1.4143875109115753e-06 1.2448548213362033e-06 1.2484931269534752e-06 1.2326876310315956e-06 
1.3484870315221322e-06 1.4315766431240267e-06 1.261943775322545e-06 1.266177542884715e-06 1.2503320957116235e-06 
1.3477493642059126e-06 1.4304086987537076e-06 1.2608170741177947e-06 1.2651877667619399e-06 1.249425237729505e-06 
1.3490326542705792e-06 1.4319846868336866e-06 1.2620060419415474e-06 1.266759559447518e-06 1.2505122950463077e-06 
1.3447304264711183e-06 1.4286161666682406e-06 1.258248361375832e-06 1.2630926610614268e-06 1.246305705528965e-06 
1.3513970749223563e-06 1.4327564784923707e-06 1.2631823514754085e-06 1.2681220716819588e-06 1.2524785366350318e-06 
1.3391177963828947e-06 1.4198075123410787e-06 1.2499729780822085e-06 1.2555398745638153e-06 1.2396349951588445e-06 
1.3498931701115057e-06 1.42974095716202e-06 1.2606656959240082e-06 1.2656305090061861e-06 1.2506902417329067e-06 
1.3435565768159127e-06 1.42320915911476e-06 1.254873086904329e-06 1.2589394065174424e-06 1.244893942048124e-06 
1.3438694164944339e-06 1.4234714978000657e-06 1.2551199049266797e-06 1.259230327755285e-06 1.2451698670573816e-06 
1.3446796601834986e-06 1.4242952800180167e-06 1.2559256686512375e-06 1.2600551642031875e-06 1.2459721624823093e-06 
1.3513206287443996e-06 1.4316488614219851e-06 1.2638094904836395e-06 1.2669285173104777e-06 1.2534228227810803e-06 
1.3539872433862835e-06 1.4347342231646606e-06 1.2676701357142916e-06 1.2695870801840935e-06 1.256966755733425e-06 
1.3578366935734908e-06 1.4397445170240263e-06 1.2728603132412253e-06 1.274026991969625e-06 1.2615299328781132e-06 
1.3630364943539985e-06 1.4446158822090714e-06 1.277319241860861e-06 1.2791822923108392e-06 1.2662234236705034e-06 
1.3579244180495781e-06 1.4391270863018486e-06 1.2714999409779002e-06 1.2739566472454083e-06 1.26063669804541e-06 
1.3545622277523974e-06 1.437365069009757e-06 1.2699946706527018e-06 1.2713918130975181e-06 1.2582517399150686e-06 
1.3439774750598375e-06 1.4282450657273102e-06 1.261728115034212e-06 1.2613440180964581e-06 1.249087193830987e-06 
1.3311586210269166e-06 1.4136799256814586e-06 1.2465902985603866e-06 1.2477029833840363e-06 1.2349190951175065e-06 
1.3309418714042414e-06 1.4134954596519621e-06 1.2464154951729584e-06 1.2475007629888605e-06 1.2347256826756263e-06 
1.3476662310685947e-06 1.4276757729667629e-06 1.2621485884250708e-06 1.2623791351013026e-06 1.2516221486828183e-06 
1.353635465162721e-06 1.431966506773482e-06 1.2674726291109525e-06 1.267132265763525e-06 1.2577016977506704e-06 
1.3607936877506398e-06 1.4377722517030853e-06 1.2750521242033085e-06 1.2730466298179776e-06 1.2657679697003766e-06 
1.3607076842846618e-06 1.43809159058596e-06 1.2755906946407174e-06 1.27311677992438e-06 1.266064938746832e-06 
1.3714592132508322e-06 1.449295220076264e-06 1.28705662418745e-06 1.284060471178946e-06 1.277275000911603e-06 
1.3704153863623424e-06 1.447274034447194e-06 1.284482175947684e-06 1.2826437597156148e-06 1.2752842418009097e-06 
1.3706031565605032e-06 1.4479909636961286e-06 1.284237783905031e-06 1.2834009034560506e-06 1.2748895625880133e-06 
1.3712575005642579e-06 1.4484375960926995e-06 1.284546111665719e-06 1.283985100399643e-06 1.2753259946665084e-06 
1.366402271351047e-06 1.4455414713132296e-06 1.2824704014562377e-06 1.2799463723902299e-06 1.2721080231628671e-06 
1.3654333363459853e-06 1.444426666587201e-06 1.2816026548823136e-06 1.2788239869543953e-06 1.271282803605155e-06 
1.3669202882342898e-06 1.4449876271007622e-06 1.2821685876423985e-06 1.2798062275798627e-06 1.272335630869262e-06 
1.363381467405779e-06 1.4398732618513404e-06 1.2799725690782834e-06 1.2745736788276353e-06 1.2705741062071074e-06 
1.3765389069714803e-06 1.4525386388447905e-06 1.2944030232219429e-06 1.287009319223764e-06 1.2850457049277444e-06 
1.3756937499152406e-06 1.451863819356631e-06 1.293805338453077e-06 1.2862344598540098e-06 1.2843475652307906e-06 
1.372166136911983e-06 1.4461984092744536e-06 1.287876886565517e-06 1.281611907490331e-06 1.2795673005508649e-06 
1.3724769709299917e-06 1.446786972929208e-06 1.2884404001193372e-06 1.2820798862262195e-06 1.2799892988885962e-06 
1.3708263590559775e-06 1.4451039861381509e-06 1.2864339217673805e-06 1.2804965524422383e-06 1.2780407596848552e-06 
1.3730771401576332e-06 1.4482345147854818e-06 1.2903780896511839e-06 1.2830071222225455e-06 1.2814192556429177e-06 
1.370238673564645e-06 1.4447172498497484e-06 1.2884403169686473e-06 1.2793751852740137e-06 1.279621519083554e-06 
1.369214643771489e-06 1.4448380387424475e-06 1.2883989641949665e-06 1.27901422974762e-06 1.2790023066838733e-06 
1.3760987414948873e-06 1.4530544934050288e-06 1.2954475385232588e-06 1.2869495728973416e-06 1.285519676630181e-06 
1.374215122075038e-06 1.4521323569729826e-06 1.2939089562587562e-06 1.285754126322539e-06 1.2835578381956593e-06 
1.377565978910969e-06 1.4559809715743114e-06 1.2978807856848593e-06 1.2893537314556983e-06 1.2872579995987724e-06 
1.3794764031821794e-06 1.4579294872738917e-06 1.2998156816272574e-06 1.2912928338245251e-06 1.2891775121646438e-06 
1.3822696525404016e-06 1.4615374287049204e-06 1.3026592916825797e-06 1.2947463659412832e-06 1.2917005832616372e-06 
1.3846412216158823e-06 1.4640706787947139e-06 1.3051654770970342e-06 1.2972196349038347e-06 1.2941292886024536e-06 
1.388486767977215e-06 1.4667251290504314e-06 1.306971941274339e-06 1.300645507255305e-06 1.296675710488782e-06 
1.3812431685279485e-06 1.4609654551746053e-06 1.3008618763477586e-06 1.2943014807412317e-06 1.2898258264612757e-06 
1.3761567328397442e-06 1.4560593237394166e-06 1.295891436350739e-06 1.2893222582521987e-06 1.284762089274733e-06 
1.37101370854313e-06 1.4516507665851032e-06 1.291878326728865e-06 1.2844691187370812e-06 1.2803051738203223e-06 
1.367530699205379e-06 1.4472529553287212e-06 1.288047421180725e-06 1.2803169366869576e-06 1.2768727766965564e-06 
1.3812599808852262e-06 1.4624677003754028e-06 1.3023007795754591e-06 1.2951614024320648e-06 1.2904965718831775e-06 
1.3846400045798187e-06 1.4658510212651481e-06 1.3047887209064306e-06 1.2987956237362896e-06 1.2931054372346115e-06 
1.385079351266094e-06 1.4658927700328435e-06 1.3047350210726719e-06 1.2990410840846897e-06 1.29327282662873e-06 
1.3716709914846463e-06 1.4519428295608553e-06 1.2919949218394725e-06 1.2849722292879939e-06 1.2806368276975146e-06 
1.3807631550060083e-06 1.4619381566774746e-06 1.3030981069847836e-06 1.2942885062636194e-06 1.291135824792007e-06 
1.3764005794427921e-06 1.4568628109755147e-06 1.3001142754700568e-06 1.2889719483694738e-06 1.2882420420486384e-06 
1.3694295117495672e-06 1.447487306309874e-06 1.2907280977968375e-06 1.2806503623345096e-06 1.2801026062620393e-06 
1.3663272995068488e-06 1.4442452769852067e-06 1.2866910390890902e-06 1.2776722645081086e-06 1.2762396104975921e-06 
1.3603660859570372e-06 1.4399942412875573e-06 1.2809478368228533e-06 1.2730422675732177e-06 1.2697907169523828e-06 
1.3523722033860344e-06 1.432426758755122e-06 1.2731074533278456e-06 1.265342155856866e-06 1.261751029240554e-06 
1.3533607829884759e-06 1.433141601457434e-06 1.2740037388263853e-06 1.2661316550416065e-06 1.2627681954380875e-06 
1.3531374612616568e-06 1.4329259740193042e-06 1.2739324544523933e-06 1.2658732616945432e-06 1.262673535134231e-06 
1.3697971984638266e-06 1.4478471026235707e-06 1.2892513132923369e-06 1.2814995833114358e-06 1.278873876919938e-06 
1.3692326329982243e-06 1.44733289683573e-06 1.2886949370376601e-06 1.2809728841227522e-06 1.2782959426713613e-06 
1.3767687433190497e-06 1.4575470666761886e-06 1.2974390293207585e-06 1.2904057212878104e-06 1.285844804577813e-06 
1.3758784804913646e-06 1.4568931506576812e-06 1.2969207593442423e-06 1.2896085216169752e-06 1.2851837995921391e-06 
1.3976745645715093e-06 1.4797876184363295e-06 1.3185924066757656e-06 1.3123955724825563e-06 1.30647465694903e-06 
1.3984053098450495e-06 1.481867648041602e-06 1.3210370523101753e-06 1.3137857613881485e-06 1.3081678699248721e-06 
1.3984531100797668e-06 1.4816204963062e-06 1.3227396450106334e-06 1.3131455125246637e-06 1.3097691751304279e-06 
1.3917844788356683e-06 1.4760890012159688e-06 1.315589442942693e-06 1.3075390987486714e-06 1.3022269632897211e-06 
1.4134780218299842e-06 1.4998489384095545e-06 1.3389930865315377e-06 1.3305465109997767e-06 1.324632475537918e-06 
1.4143358259576211e-06 1.5004268969251334e-06 1.3396126373532526e-06 1.3312345130082357e-06 1.3253939228616644e-06 
1.393851372639092e-06 1.4803541285833182e-06 1.3201269691203657e-06 1.3107917582126434e-06 1.3055846549387906e-06 
1.382559685250108e-06 1.4694855706721266e-06 1.309546628409646e-06 1.2996461208474821e-06 1.2947276142979609e-06 
1.3824261371787722e-06 1.4695653825891301e-06 1.3094050672064615e-06 1.299693863526508e-06 1.2945031511744326e-06 
1.3750556614934227e-06 1.461442898140594e-06 1.3014580007948374e-06 1.291830085572111e-06 1.2869138465846219e-06 
1.374461244551251e-06 1.460342813918393e-06 1.3017889104456047e-06 1.290569136426976e-06 1.2873217753215492e-06 
1.3715838512984013e-06 1.4579746800699631e-06 1.2995817480488288e-06 1.287937797713091e-06 1.2848231371332545e-06 
1.360668343777223e-06 1.4408506063578117e-06 1.2833949911826097e-06 1.2732323655193177e-06 1.2717388983273961e-06 
1.3499972585550679e-06 1.433214814752866e-06 1.2766123201942422e-06 1.264031689894469e-06 1.263241790376299e-06 
1.3498509555552446e-06 1.4344917431275202e-06 1.2778366679652336e-06 1.264711891155221e-06 1.2637295100509621e-06 
1.3545363075333603e-06 1.4402179541783541e-06 1.2826255274602883e-06 1.2702425607028353e-06 1.2681047847539726e-06 
1.3614458911941371e-06 1.4491691696458346e-06 1.2923140368759976e-06 1.2781632920034541e-06 1.2766434618368709e-06 
1.3664489361671097e-06 1.45416517721728e-06 1.298955108585334e-06 1.2827700538597566e-06 1.2830828910745617e-06 
1.3621939195855748e-06 1.4515268781556189e-06 1.2963737576826937e-06 1.2794420577968178e-06 1.2796446459477253e-06 
1.3734530962964234e-06 1.4621928411039268e-06 1.305639855042188e-06 1.2907137597676647e-06 1.2894203586548315e-06 
1.3694267420639724e-06 1.4568551296335202e-06 1.3003257864571486e-06 1.2859076119653544e-06 1.2847800670731948e-06 
1.3820409549940473e-06 1.463753512387078e-06 1.3092874642977748e-06 1.2947584209100787e-06 1.296470167106991e-06 
1.3807834143207586e-06 1.4627539569239277e-06 1.3081935696327792e-06 1.293667485686866e-06 1.2952524586174142e-06 
1.39651494264592e-06 1.4762972213604544e-06 1.3258747102439368e-06 1.3072208556206548e-06 1.3135458945618865e-06 
1.3978119035783635e-06 1.4812189720781408e-06 1.3294267290841623e-06 1.3108994935931585e-06 1.3153976341926835e-06 
1.4137544214584948e-06 1.4991679530537966e-06 1.3472820992752357e-06 1.3280564091254127e-06 1.3322462604537177e-06 
1.4086220191414891e-06 1.494244630261313e-06 1.3411225795946127e-06 1.3233177298601407e-06 1.3261331279844178e-06 
1.4060848338735801e-06 1.4944974171659165e-06 1.3417409180344857e-06 1.3223217650565563e-06 1.325250363832027e-06 
1.4029005651786869e-06 1.4927379960611332e-06 1.3411307316073556e-06 1.3197171807702768e-06 1.3237455370618703e-06 
1.4033834766963864e-06 1.4933708764182536e-06 1.341563539297222e-06 1.3203343581591166e-06 1.324127342282265e-06 
1.402820883306234e-06 1.4937518171753536e-06 1.341000749413193e-06 1.3205426024071004e-06 1.3231965950441907e-06 
1.4023690431446588e-06 1.4950483380675664e-06 1.3415786245472449e-06 1.3212983928165292e-06 1.3229590255198743e-06 
1.3981429322864482e-06 1.4913200721601818e-06 1.3381856778055245e-06 1.3172885713658575e-06 1.3192571850770131e-06 
1.3867837867420774e-06 1.4796612096117623e-06 1.3264275083056344e-06 1.3057489396741142e-06 1.3076482597695964e-06 
1.3884502460870774e-06 1.4810447958421137e-06 1.3278167802549244e-06 1.3072471488704912e-06 1.3091865906260767e-06 
1.3830784553304219e-06 1.477649395884275e-06 1.3235893582723032e-06 1.3032466673611156e-06 1.304030084006948e-06 
1.3747340746211893e-06 1.469405902669778e-06 1.3151338514843396e-06 1.2949957970523509e-06 1.2955345053319275e-06 
1.3834830687465356e-06 1.4771921873273271e-06 1.3214383171574468e-06 1.3035229554281218e-06 1.3025454126562043e-06 
1.3821299703115135e-06 1.4750515848242378e-06 1.3194460212596857e-06 1.3016590491108694e-06 1.3009414006568507e-06 
1.3719921660980594e-06 1.4658462494952214e-06 1.310848062454911e-06 1.2919208501541662e-06 1.2917622920695116e-06 
1.3766539789984054e-06 1.4711250624089209e-06 1.3153285247103337e-06 1.2971509107805515e-06 1.296032466222149e-06 
1.3788406144333647e-06 1.4726003384676446e-06 1.3184281911550778e-06 1.2985351370345954e-06 1.2992975285604604e-06 
1.373398621565348e-06 1.4697972572784756e-06 1.315099424782779e-06 1.2948071550311508e-06 1.294654298521164e-06 
1.36062797170025e-06 1.4573819569033498e-06 1.3016995850100168e-06 1.28245726907336e-06 1.281171221101256e-06 
1.366909547169718e-06 1.464217117851579e-06 1.3085235180602016e-06 1.2890922505146317e-06 1.2877204132323085e-06 
1.3622108914360012e-06 1.4588000051080467e-06 1.3032837258966632e-06 1.28390359502164e-06 1.2828230229824537e-06 
1.3580641666932668e-06 1.4529322599923157e-06 1.2975675537960755e-06 1.2786653136214587e-06 1.2779755743951563e-06 
1.3633982883904763e-06 1.4554464074977714e-06 1.2989040505835232e-06 1.28259309980943e-06 1.2809416106918606e-06 
1.3636670022219829e-06 1.4556958692836062e-06 1.2990732981436308e-06 1.2828702784157812e-06 1.2811316840622566e-06 
1.3584484220295937e-06 1.4479851726279963e-06 1.2921677162660546e-06 1.2759686874286084e-06 1.2754119433153706e-06 
1.360953278162074e-06 1.4508602228097833e-06 1.29586504403341e-06 1.2785004168798148e-06 1.2788143377841873e-06 
1.3626562153667335e-06 1.4526048829625217e-06 1.297398055742317e-06 1.2802817642387519e-06 1.2803559346876557e-06 
1.3567482751471582e-06 1.4458665046309653e-06 1.2905920079420536e-06 1.2738878094215411e-06 1.2739811581967605e-06 
1.3768291252966756e-06 1.464928618189941e-06 1.30985318427591e-06 1.293363335124135e-06 1.2937809704234616e-06 
1.3734489509471005e-06 1.4618784908184357e-06 1.3063341127153491e-06 1.2902823619755556e-06 1.2901453678467188e-06 
1.3668293072848994e-06 1.4566274909944552e-06 1.3006877827664746e-06 1.2845500327802632e-06 1.2838260462609695e-06 
1.3752843796613118e-06 1.466690455145195e-06 1.307583971747065e-06 1.2947571066948604e-06 1.290307026548905e-06 
1.3816707282508276e-06 1.4739972663078059e-06 1.3140451562988675e-06 1.3019168414963668e-06 1.2964079729246827e-06 
1.3811336308208035e-06 1.4725549603614594e-06 1.3120745062175703e-06 1.3009806122153576e-06 1.2949764350170517e-06 
1.3775196628461532e-06 1.4690620893375692e-06 1.3081379078209534e-06 1.2975482248209004e-06 1.2910271221225239e-06 
1.382270325030853e-06 1.473188235631904e-06 1.3143299110901953e-06 1.3014043050508582e-06 1.2972878843518784e-06 
1.3855246449288673e-06 1.476051212402069e-06 1.3168426124087769e-06 1.3045233305205482e-06 1.3000554021659222e-06 
1.3767423815845787e-06 1.468621886316693e-06 1.309752188146105e-06 1.296437997630304e-06 1.2922004935347366e-06 
1.376287120209263e-06 1.468167196423833e-06 1.3092736900204933e-06 1.2959882765083684e-06 1.291723945989508e-06 
1.3551849044913903e-06 1.4466177091208231e-06 1.2912785492361401e-06 1.2737083697920863e-06 1.273467209689393e-06 
1.3544926155730334e-06 1.445654302518325e-06 1.2911081110991476e-06 1.2726662487429174e-06 1.2733345554154358e-06 
1.3533862529624648e-06 1.4452902042338783e-06 1.2912823744020656e-06 1.2718762842938122e-06 1.2730509409746252e-06 
1.3532373286126982e-06 1.4448002174062768e-06 1.2921964196913001e-06 1.271203260640601e-06 1.2739611334756316e-06 
1.3529688943916503e-06 1.444086346669249e-06 1.2914445163016364e-06 1.270676011360244e-06 1.2734454183429774e-06 
1.3527307737729437e-06 1.4439132378975001e-06 1.2912990301832728e-06 1.2704700805174182e-06 1.2732621201826188e-06 
1.3533892480828858e-06 1.4432168068893687e-06 1.29295207294785e-06 1.26980267016902e-06 1.275316401410999e-06 
1.359332733485808e-06 1.4486823536246913e-06 1.2980621719220652e-06 1.2755513075739266e-06 1.2807310872674683e-06 
1.3558513885363125e-06 1.4464603267888398e-06 1.2973076832067843e-06 1.2725016583684934e-06 1.279125794138768e-06 
1.3552410274071573e-06 1.4459336597574558e-06 1.2964736493827685e-06 1.2720048451942682e-06 1.2782871729881888e-06 
1.355125243531663e-06 1.4458108728109396e-06 1.2961129884942326e-06 1.2719349100176272e-06 1.2779608263221305e-06 
1.3625932538065044e-06 1.452844317448287e-06 1.3037958916573898e-06 1.2790218774448134e-06 1.2857975514131434e-06 
1.3622837337944513e-06 1.4525450217936114e-06 1.303475359967222e-06 1.2787222494224505e-06 1.285473959785864e-06 
1.3627284546675852e-06 1.4525646644963236e-06 1.303718488034273e-06 1.2788666159724902e-06 1.285909397728418e-06 
1.3646561640687798e-06 1.4541179087601656e-06 1.3036138460190518e-06 1.2809278463970798e-06 1.2862182320632161e-06 
1.3705903743686904e-06 1.4571891099031838e-06 1.306237862567654e-06 1.2852818452127316e-06 1.2903980870227785e-06 
1.3858646307076486e-06 1.4723248930500347e-06 1.3207624845394732e-06 1.3006445523029239e-06 1.305098606954581e-06 
1.3775309563069796e-06 1.4635050671305541e-06 1.3127643788086472e-06 1.2918255222625915e-06 1.2972324678949659e-06 
1.3739576120437883e-06 1.457851117393797e-06 1.3073379815361915e-06 1.2869842186187966e-06 1.2928520934851001e-06 
1.36647949122422e-06 1.4501455680650348e-06 1.3008565712786965e-06 1.279087612140751e-06 1.28631617423713e-06 
1.3667794238300785e-06 1.450515254789757e-06 1.3011657002921385e-06 1.2794418441977375e-06 1.2865974948492294e-06 
1.3689964000095713e-06 1.4527286408160783e-06 1.3030496359616907e-06 1.28173391816641e-06 1.288530102107782e-06 
1.3714816813857874e-06 1.454857194706075e-06 1.3054608483062281e-06 1.2839566593464842e-06 1.2910930964708433e-06 
1.3681029592174271e-06 1.4515141258191112e-06 1.3023910455325402e-06 1.2805311790906206e-06 1.2879636393795236e-06 
1.3512640143193871e-06 1.4350305755837258e-06 1.2863210898677616e-06 1.2637690728692457e-06 1.271628889715082e-06 
1.3495153250793585e-06 1.4330819650245006e-06 1.2843235273771698e-06 1.261910800053265e-06 1.2697390427574845e-06 
1.3483209971164993e-06 1.4311485541794834e-06 1.2829412527288127e-06 1.2601669358154198e-06 1.2686664412509273e-06 
1.3518549438506494e-06 1.4326294688768528e-06 1.2845220749448332e-06 1.2625069974897054e-06 1.2713067442422e-06 
1.3580163520768193e-06 1.4366030522872365e-06 1.2884132355659534e-06 1.2674571463186844e-06 1.2763553945934516e-06 
1.3577084425673133e-06 1.4362838088634525e-06 1.2880916227729837e-06 1.267142588001188e-06 1.2760395649057045e-06 
1.3605623500137962e-06 1.4389951269923105e-06 1.2909148105361394e-06 1.2698984483502178e-06 1.2789259147950318e-06 
1.3361059551352361e-06 1.4164131606537741e-06 1.2677260529059936e-06 1.2465787082251637e-06 1.2548076728210868e-06 
1.3205076390751102e-06 1.3995912101148735e-06 1.2514199611175725e-06 1.2301312762798843e-06 1.2390470563009734e-06 
1.3201545892997904e-06 1.3992831925358683e-06 1.2508835574868285e-06 1.2298531883650925e-06 1.238517043863981e-06 
1.3206528306497803e-06 1.3993352673565397e-06 1.2508759609363632e-06 1.2301130557625066e-06 1.2387506124325798e-06 
1.3208578138367712e-06 1.3994680706877888e-06 1.2510159181279328e-06 1.2302761339535628e-06 1.2389275331365933e-06 
1.32471689943916e-06 1.403667131894786e-06 1.2540975023991635e-06 1.234587495950285e-06 1.2419863340134065e-06 
1.3276302442477375e-06 1.404002043403845e-06 1.2550336761225983e-06 1.2359235425065972e-06 1.2441906671429442e-06 
1.3222600574270773e-06 1.3976591839667562e-06 1.2484952700596487e-06 1.2300424601351769e-06 1.238178130515886e-06 
1.3222759733942614e-06 1.3976807792718101e-06 1.2485195179869898e-06 1.2300609638737586e-06 1.2381990826767267e-06 
1.3258735197457647e-06 1.4012531893613402e-06 1.2527704631323013e-06 1.233499801003369e-06 1.2423771358010754e-06 
1.3265096704496695e-06 1.4021214143388998e-06 1.2531988896549024e-06 1.234366202064516e-06 1.2427444314518244e-06 
1.3300292443685883e-06 1.4059237172726952e-06 1.2577219473095593e-06 1.2378899228166775e-06 1.2470283752631352e-06 
1.3282133374455404e-06 1.404140993198609e-06 1.2555274592568742e-06 1.2361802248251297e-06 1.2448692674113928e-06 
1.3427576067992773e-06 1.419440352962314e-06 1.2702297466201993e-06 1.2513179088202338e-06 1.2592782315765375e-06 
1.3504164371465175e-06 1.4266558325088626e-06 1.2785602073973458e-06 1.258498322033802e-06 1.2677006078508098e-06 
1.346857260317358e-06 1.423000952862597e-06 1.2758731687285991e-06 1.2546637309865678e-06 1.2649286868539899e-06 
1.3517665758541934e-06 1.427944965514999e-06 1.280836302359609e-06 1.259600921086633e-06 1.2698777778167014e-06 
1.35206894866751e-06 1.4282983896079756e-06 1.2812109326296152e-06 1.2599280285850107e-06 1.2702234095667741e-06 
1.3527231349910964e-06 1.4294378294089381e-06 1.2820103388203459e-06 1.2609298228473303e-06 1.2708169189328996e-06 
1.362945597981639e-06 1.4392618332702252e-06 1.2916805152311962e-06 1.270988626284475e-06 1.2807285996820711e-06 
1.3729693564432884e-06 1.451427795153285e-06 1.3029440107394257e-06 1.2824388469242083e-06 1.2910126525822061e-06 
1.3763608405749157e-06 1.4535358155625192e-06 1.3058252139442125e-06 1.2849466324131455e-06 1.2944619003840798e-06 
1.3872493702335998e-06 1.463933323806231e-06 1.3163009631597684e-06 1.2955694282990219e-06 1.30519633218266e-06 
1.3823280106842875e-06 1.4592828153093457e-06 1.3127735861952968e-06 1.2905458292712346e-06 1.301371077146171e-06 
1.3730848676479045e-06 1.448650772479096e-06 1.3021707418976536e-06 1.2804952979496553e-06 1.2914738072203275e-06 
1.375976124829031e-06 1.4521692887211003e-06 1.3054434680402717e-06 1.2837972569420562e-06 1.2944574600561535e-06 
1.3692230990591085e-06 1.4453647365814957e-06 1.2987227920214708e-06 1.276980373530094e-06 1.2877435780619027e-06 
1.3711596068316683e-06 1.4473641168842033e-06 1.301227069077155e-06 1.278849066199744e-06 1.2901497674715142e-06 
1.359465302592665e-06 1.4343053864015688e-06 1.2881426258920698e-06 1.2663681485030568e-06 1.2777627626565048e-06 
1.3597078293871985e-06 1.4348203481860238e-06 1.288496281705681e-06 1.2667976960085173e-06 1.2779968547490686e-06 
1.3645981190786463e-06 1.4394627170463057e-06 1.2935948252572189e-06 1.2714647974121968e-06 1.2831689740792649e-06 
1.358805694885297e-06 1.4338426591612403e-06 1.2881797548582475e-06 1.265709792162676e-06 1.277629311210561e-06 
1.3592416939614086e-06 1.4343086382032163e-06 1.2885109653716356e-06 1.266192300089801e-06 1.277963672289225e-06 
1.3596766086426726e-06 1.4348804211001388e-06 1.2896974331423486e-06 1.2665748068929978e-06 1.2789966905476394e-06 
1.3594593201336467e-06 1.4347485908188175e-06 1.2895784783970558e-06 1.2664020214395392e-06 1.2788313262041043e-06 
1.3697434440386887e-06 1.4399099126392896e-06 1.2953910666795727e-06 1.273748596706857e-06 1.287229400321312e-06 
1.371034432742393e-06 1.440839426325222e-06 1.2953428680939522e-06 1.2750572256111246e-06 1.2875039364748124e-06 
1.3720163220379546e-06 1.440559254082654e-06 1.2984554718372216e-06 1.2746407282123825e-06 1.2908089039597175e-06 
1.3729851620122773e-06 1.4421383083142143e-06 1.2993407390750372e-06 1.2760864169452473e-06 1.2914736027187841e-06 
1.3729878851419494e-06 1.4421064055241406e-06 1.2993358818626736e-06 1.2760647316190574e-06 1.2914830180319084e-06 
1.378838917160101e-06 1.452504505099242e-06 1.3084584515203616e-06 1.2846935711945781e-06 1.2984262894666337e-06 
1.3789810135718486e-06 1.4526743496869406e-06 1.3086358143574214e-06 1.2848499020372397e-06 1.2985884055550214e-06 
1.3772355242917588e-06 1.4520448722713556e-06 1.3079065047124607e-06 1.2837421728105957e-06 1.2972914689341622e-06 
1.3866010624479612e-06 1.4597385601506729e-06 1.3159048337645667e-06 1.2921392844526323e-06 1.3061269914033455e-06 
1.3626609546262025e-06 1.437034758162452e-06 1.2933537370394272e-06 1.2687922728805576e-06 1.2828848811555832e-06 
1.3656264281641652e-06 1.43958205013169e-06 1.2953935054319027e-06 1.271636970151532e-06 1.2852140920091108e-06 
1.3591088489002386e-06 1.434694822662995e-06 1.2881622606660115e-06 1.2665061565761926e-06 1.2774440130141649e-06 
1.359020709791289e-06 1.43458196489314e-06 1.2879558325059818e-06 1.2664241746432903e-06 1.2772629151030529e-06 
1.363237463361654e-06 1.4394028391060015e-06 1.2924051376479673e-06 1.2710696642864249e-06 1.2814536321165927e-06 
1.3597184656625424e-06 1.4359685383724418e-06 1.288984235066031e-06 1.2675862338507426e-06 1.2779822743530102e-06 
1.3599971160181818e-06 1.4359033132943462e-06 1.2889295755273113e-06 1.2676709735320712e-06 1.2781053515552133e-06 
1.3605220636260613e-06 1.435675504378543e-06 1.288633241832465e-06 1.2677924274972572e-06 1.2782103405290516e-06 
1.3474571303876075e-06 1.4251890038437915e-06 1.2764242452458654e-06 1.2565169187747062e-06 1.2648732866956546e-06 
1.3446000756670655e-06 1.42206463020165e-06 1.27354891780316e-06 1.253446949685263e-06 1.2620998550191952e-06 
1.3573884852607182e-06 1.4357759684154931e-06 1.2856711628781504e-06 1.267143776029716e-06 1.2739716343558093e-06 
1.3599995989436418e-06 1.438611148771052e-06 1.2889140663627641e-06 1.2697947665398844e-06 1.2770471837257264e-06 
1.3568211099658317e-06 1.435272908693161e-06 1.2848263192897334e-06 1.266689445352415e-06 1.2731380656630233e-06 
1.3641446150779052e-06 1.4431204270143586e-06 1.2927143797047266e-06 1.2743161666819022e-06 1.280758190258024e-06 
1.3654873927834556e-06 1.444848967904658e-06 1.2950624549803691e-06 1.2757393781590838e-06 1.2828248886285007e-06 
1.3701014630220808e-06 1.4510802782251951e-06 1.3012665185183044e-06 1.281289098496586e-06 1.2881979137101346e-06 
1.351463067898472e-06 1.4324005249272201e-06 1.2817367213877997e-06 1.2627749964347883e-06 1.2687751563797925e-06 
1.3455072240960082e-06 1.4265125263793693e-06 1.2759513008228841e-06 1.256820318464864e-06 1.2629319289955483e-06 
1.3499722611381782e-06 1.4318819893059885e-06 1.2804934623773903e-06 1.2620014357376314e-06 1.2671191530728707e-06 
1.3490494274047362e-06 1.4307498500168533e-06 1.2797924396794172e-06 1.2608579864085307e-06 1.2664687812934978e-06 
1.3511738031886194e-06 1.43501204223074e-06 1.2815797266668454e-06 1.2647889859702077e-06 1.2674714862868567e-06 
1.3520991137358097e-06 1.4347287594629167e-06 1.2836143061871681e-06 1.2644829553688697e-06 1.2698321368564678e-06 
1.3503217890202775e-06 1.4322405130667743e-06 1.2818812181836082e-06 1.2621226115594984e-06 1.2683667424822828e-06 
1.3478812397181927e-06 1.4284355769606362e-06 1.2790361137864084e-06 1.2586815134548517e-06 1.266101068729613e-06 
1.349353597039514e-06 1.4313577608937005e-06 1.2827757533713778e-06 1.2608079727043676e-06 1.2689802218011657e-06 
1.3539894358352962e-06 1.4396525860647753e-06 1.2885351181629223e-06 1.268133981192859e-06 1.273177319387254e-06 
1.3439999509373821e-06 1.4315054227469062e-06 1.2801369617410399e-06 1.259258096287071e-06 1.2638368537828353e-06 
1.3412456545825653e-06 1.4289593677964105e-06 1.2774918071135635e-06 1.2566425134355885e-06 1.2610915915759623e-06 
1.3423579726021384e-06 1.4310509080797718e-06 1.2788088881976515e-06 1.2585098463208826e-06 1.2620015077853548e-06 
1.3203910444524e-06 1.4132439749760608e-06 1.259086457025215e-06 1.239418279825097e-06 1.2403189427965548e-06 
1.31577979040663e-06 1.410010886580034e-06 1.2545199483543524e-06 1.2359419989529324e-06 1.2351950447383053e-06 
1.313553168996989e-06 1.4070714727330127e-06 1.2508470541051322e-06 1.2334552678776866e-06 1.231983295186713e-06 
1.3266822682793582e-06 1.4180742609268157e-06 1.2617862581647725e-06 1.245352160908486e-06 1.244066006416258e-06 
1.3175357041288767e-06 1.4081131487944902e-06 1.2516804380214168e-06 1.2357381426880321e-06 1.2343868876580838e-06 
1.3178195555552091e-06 1.4085788952225024e-06 1.2516495288378154e-06 1.2362525828097913e-06 1.234325253783215e-06 
1.3409629270219922e-06 1.431215260143689e-06 1.274759490408104e-06 1.2590259035215715e-06 1.2576819465212658e-06 
1.3404590120949404e-06 1.430911183902372e-06 1.274422691297248e-06 1.2586472561881644e-06 1.2572441708737265e-06 
1.3369599043871507e-06 1.4260122970273128e-06 1.269931633318985e-06 1.2542151862581924e-06 1.253424700502539e-06 
1.3361959790857758e-06 1.4249965472860557e-06 1.26908073998548e-06 1.2532613809632459e-06 1.2526825686554963e-06 
1.3359563164691505e-06 1.4247627818447892e-06 1.2688354749628939e-06 1.2530274920649258e-06 1.2524352859210997e-06 
1.3281222063043801e-06 1.4167700764524113e-06 1.260801814059642e-06 1.2450939177473348e-06 1.244475686210395e-06 
1.3366277547277065e-06 1.424842652682841e-06 1.2709328383861614e-06 1.2528697553085328e-06 1.2545811203447894e-06 
1.3273341518825462e-06 1.4143739119284674e-06 1.2595615836714278e-06 1.2430820234083577e-06 1.243923843797113e-06 
1.3313125100116506e-06 1.416259911810761e-06 1.2609333080696206e-06 1.2459799369315523e-06 1.246461788356509e-06 
1.3314640915021116e-06 1.4164508242073188e-06 1.2611298550477105e-06 1.2461531502640154e-06 1.2466373157279069e-06 
1.3270896472906877e-06 1.4110134087178382e-06 1.2562082300797057e-06 1.2410309568543622e-06 1.2421961329066817e-06 
1.3257233031783297e-06 1.4099993323200802e-06 1.254956583133404e-06 1.2399221598962644e-06 1.2407892561760406e-06 
1.3229148100005904e-06 1.4067593969038268e-06 1.2528350285688996e-06 1.2365876854464713e-06 1.2387420649710843e-06 
1.314792014298746e-06 1.3982751666734712e-06 1.2444329211381464e-06 1.2282188143289806e-06 1.2305043982726233e-06 
1.3186928485871525e-06 1.402851825962212e-06 1.2481896620785385e-06 1.2327156340101043e-06 1.2340218970875335e-06 
1.3071587583000996e-06 1.3925854251668286e-06 1.2375976700203811e-06 1.2219667757924717e-06 1.222789929577708e-06 
1.303377704606771e-06 1.3901009074643209e-06 1.2348901453746583e-06 1.2189850172866851e-06 1.219426828704969e-06 
1.2941406567964108e-06 1.3835870316907173e-06 1.227780002457576e-06 1.2114714756777144e-06 1.2109525981067684e-06 
1.290893033853701e-06 1.38041918061959e-06 1.225283849398732e-06 1.2081012071039284e-06 1.20832209464655e-06 
1.2892449264054668e-06 1.378703428446448e-06 1.2235617616216662e-06 1.2064109875464268e-06 1.206633007110787e-06 
1.2909773421769242e-06 1.3779101360760207e-06 1.2237405572679973e-06 1.206427741941989e-06 1.2080100517570796e-06 
1.278074648084677e-06 1.3680543452646522e-06 1.2138135665859795e-06 1.195310133752432e-06 1.1964747297862435e-06 
1.2875111869438203e-06 1.3755611512000004e-06 1.2235038284989923e-06 1.2031169707702432e-06 1.2069097171973591e-06 
1.2959215065185784e-06 1.3848542797613345e-06 1.2322920173760934e-06 1.212184778952368e-06 1.2153180395568483e-06 
1.3047489943486913e-06 1.393078304586067e-06 1.242679590379077e-06 1.2201892856028985e-06 1.2257562887198012e-06 
1.3046251934112906e-06 1.3929271600614784e-06 1.2426153172621588e-06 1.2200299056216783e-06 1.2256947666846672e-06 
1.3263967669344017e-06 1.415409280654494e-06 1.2658582226558147e-06 1.242109852062925e-06 1.2485073503853953e-06 
1.3283621822688683e-06 1.4185045054378123e-06 1.2696625213538344e-06 1.2446050926549453e-06 1.2516354817318175e-06 
1.3178448907779982e-06 1.4086645448787682e-06 1.259844329833757e-06 1.2344661502602443e-06 1.2414436542315585e-06 
1.3170339411852042e-06 1.4080377482565958e-06 1.2587250288034602e-06 1.233867819603646e-06 1.2402908021304061e-06 
1.3282111381644788e-06 1.4177317073541825e-06 1.2677219848582164e-06 1.244329973116104e-06 1.2501695224915454e-06 
1.3281170318300121e-06 1.417578064032295e-06 1.2675512064067513e-06 1.2442038190180478e-06 1.250031778110123e-06 
1.3270850727861978e-06 1.4155833754380547e-06 1.267600641662393e-06 1.2421623920059778e-06 1.2503142727380677e-06 
1.3297506253419037e-06 1.4194444517287845e-06 1.2698488642825671e-06 1.245887586993664e-06 1.2521552286607546e-06 
1.3417755238887428e-06 1.4303066503058489e-06 1.281512688920895e-06 1.2570765572675015e-06 1.264339803296385e-06 
1.3304987206423568e-06 1.420698880874885e-06 1.27259097051424e-06 1.2466286117446023e-06 1.254442340819175e-06 
1.3463286225148406e-06 1.4400983551029188e-06 1.2919973536262427e-06 1.264657005754351e-06 1.2720222466842384e-06 
1.3537859085349625e-06 1.4467561590116556e-06 1.2992050768854033e-06 1.2715322681420048e-06 1.2795867130573087e-06 
1.3603316673225784e-06 1.4532712161681052e-06 1.3049434486979283e-06 1.2782303349551548e-06 1.285452752315312e-06 
1.3645758309725211e-06 1.4550560110192008e-06 1.3071780995672927e-06 1.2809046414341816e-06 1.2889118404992251e-06 
1.369643218466281e-06 1.4591964670147457e-06 1.3120728573963644e-06 1.285274152499811e-06 1.2941971785580757e-06 
1.3731956498820514e-06 1.461852178786826e-06 1.3155824286127948e-06 1.2881273898200924e-06 1.298065509454123e-06 
1.3721313256058035e-06 1.4613163967224e-06 1.3151411472377674e-06 1.2873581867174832e-06 1.297336296110995e-06 
1.379245653997814e-06 1.4690577390277765e-06 1.3238359775538993e-06 1.2946796386226377e-06 1.3055928106951216e-06 
1.3786483800368728e-06 1.4686970402410286e-06 1.323149050122323e-06 1.294286426865902e-06 1.3048251346219537e-06 
1.3816914879381252e-06 1.470779263800519e-06 1.3237847266714259e-06 1.2970450660336167e-06 1.3061525327673355e-06 
1.3655407719831542e-06 1.4543372621825128e-06 1.3080513693458752e-06 1.2805416734063894e-06 1.2904519397972873e-06 
1.3666311141661057e-06 1.4558121648918054e-06 1.309384206595112e-06 1.2818929618473482e-06 1.2916057542015627e-06 
1.3684477378286538e-06 1.4561909539818984e-06 1.3085217011557932e-06 1.2831076364279649e-06 1.2916542390997877e-06 
1.3541308981805325e-06 1.4428865368320445e-06 1.2955282779386714e-06 1.2692966734848467e-06 1.2780718699377233e-06 
1.35420640481032e-06 1.4428673670710928e-06 1.2954659424965513e-06 1.2693246519327781e-06 1.2780644288341536e-06 
1.354394833021135e-06 1.4429640986202407e-06 1.295538261463117e-06 1.2694638034711335e-06 1.2781878317676303e-06 
1.372969012564218e-06 1.4615807895593894e-06 1.3129248801721762e-06 1.2883597507825972e-06 1.295743046225231e-06 
1.3748852654596695e-06 1.4632927146996573e-06 1.314853709759513e-06 1.2901135391849243e-06 1.2977525735142929e-06 
1.3760549724731356e-06 1.4641324117854202e-06 1.3149208365440212e-06 1.2912524066529415e-06 1.2980938759142067e-06 
1.366048473164547e-06 1.454059500132985e-06 1.3035177543375934e-06 1.2814709162813294e-06 1.2868831410019804e-06 
1.365042546962973e-06 1.4526580385296987e-06 1.301658073919259e-06 1.2803301071092062e-06 1.2852872605616525e-06 
1.3664758485040145e-06 1.4540743230807929e-06 1.3030292593474974e-06 1.2817664944097657e-06 1.2866754980336945e-06 
1.3673951820811704e-06 1.4553207977885015e-06 1.3038640398717703e-06 1.2829720117116358e-06 1.287395445668518e-06 
1.373166363258791e-06 1.4622116700378513e-06 1.3113277717784617e-06 1.2892915525548207e-06 1.2942119427233464e-06 
1.3729098423924985e-06 1.4599591655118565e-06 1.3092374394754661e-06 1.2878201069412851e-06 1.2931370892331292e-06 
1.3747382456119553e-06 1.461988434810944e-06 1.3113976788188027e-06 1.2897418443610674e-06 1.2951787042265059e-06 
1.374101075866693e-06 1.4605981750667556e-06 1.3101329122882113e-06 1.2886334356564472e-06 1.2942877855661605e-06 
1.3654825521269672e-06 1.4518872600013592e-06 1.3023958113568748e-06 1.2797295212822376e-06 1.2864574841005335e-06 
1.3641142107870263e-06 1.450639477399351e-06 1.3013474932803905e-06 1.278386008299908e-06 1.2853182218719087e-06 
1.3649515621296834e-06 1.4520931789650266e-06 1.303059757361632e-06 1.2795330139874253e-06 1.2866777776688893e-06 
1.3631086750402783e-06 1.4511767075162849e-06 1.3017160024923305e-06 1.2783247533472096e-06 1.2849058170452083e-06 
1.3648728085469454e-06 1.4535327045958205e-06 1.3043838784500618e-06 1.2803777576238634e-06 1.2872284457126468e-06 
1.362134725862618e-06 1.4505118787816446e-06 1.3017293316339349e-06 1.2773882564475142e-06 1.284668438305074e-06 
1.361126922851803e-06 1.4497345326105828e-06 1.3008533178890802e-06 1.276535921511085e-06 1.283684016325464e-06 
1.3623728921182466e-06 1.4510188086595606e-06 1.3021311288408552e-06 1.2778088363491008e-06 1.284944806028232e-06 
1.3709519836467722e-06 1.4567790545014482e-06 1.3089143046771837e-06 1.2845270678893992e-06 1.293070680456634e-06 
1.375106278689043e-06 1.4617753197735353e-06 1.3140175380286593e-06 1.289164237992788e-06 1.2977293232114218e-06 
1.3795229177292463e-06 1.4676530035705023e-06 1.318947182434369e-06 1.2946526042724802e-06 1.3020321686487965e-06 
1.383772951822127e-06 1.4722529335951848e-06 1.3228515305636469e-06 1.2992662604708391e-06 1.3058526557244846e-06 
1.3894451327088834e-06 1.4771166585623666e-06 1.327527602073742e-06 1.304512252356945e-06 1.3109816296018872e-06 
1.3888020056671713e-06 1.4727794940595956e-06 1.3239831490485779e-06 1.3015354006860487e-06 1.309248925524887e-06 
1.3770826231430652e-06 1.4600735131683221e-06 1.3125304153338936e-06 1.2889506575024704e-06 1.2981254162429439e-06 
1.383890720388419e-06 1.4665680933152151e-06 1.3193591669955823e-06 1.2955232656797193e-06 1.3050822950264048e-06 
1.3646455315932662e-06 1.447167318495047e-06 1.301206829801463e-06 1.2758835441703205e-06 1.2868174283568791e-06 
1.3657520281044927e-06 1.4473728902828173e-06 1.301556144326886e-06 1.2764422153628203e-06 1.2876167287711808e-06 
1.364771494584018e-06 1.4468116667086735e-06 1.3003532333865002e-06 1.275833585920493e-06 1.2862800658088812e-06 
1.3697742626364896e-06 1.4519114856377303e-06 1.306034437914601e-06 1.2807850730239785e-06 1.2918408536027331e-06 
1.3740613478285079e-06 1.4560068786071423e-06 1.3099959509958665e-06 1.2849992000545318e-06 1.29592569224405e-06 
1.3745748399566443e-06 1.456409614868362e-06 1.310343285169514e-06 1.285461342437517e-06 1.2963385734161323e-06 
1.3707021517423068e-06 1.4545530658588568e-06 1.3073260606025568e-06 1.2829882168918574e-06 1.2924235427086872e-06 
1.3632281756225956e-06 1.4468200480366947e-06 1.2996769819605272e-06 1.2753282031884083e-06 1.2848867533777175e-06 
1.3608350317648488e-06 1.444943846679303e-06 1.298885340316194e-06 1.2730074616523536e-06 1.2836798461403094e-06 
1.3644384179544555e-06 1.4483644251769013e-06 1.3022322159482996e-06 1.2765278121524889e-06 1.287136676157272e-06 
1.351221344545487e-06 1.4346097563253227e-06 1.289690736826395e-06 1.2627199401695552e-06 1.274693906612253e-06 
1.3360018484288334e-06 1.4180188125702921e-06 1.2728263447290937e-06 1.246718942367078e-06 1.2585549712637681e-06 
1.339331457892256e-06 1.4186098967134238e-06 1.276352460284779e-06 1.2478959444997336e-06 1.2631162741364434e-06 
1.3395306785595935e-06 1.418188558084731e-06 1.2762101392596357e-06 1.2476856248886677e-06 1.263258750185895e-06 
1.3512559336281455e-06 1.4334283624862417e-06 1.2913717086414927e-06 1.2614900841193424e-06 1.2766253113253883e-06 
1.3526300390219566e-06 1.4346005471428449e-06 1.2933430628771313e-06 1.262600666877149e-06 1.2785967711291318e-06 
1.3653644331180515e-06 1.447282063879197e-06 1.3070578991512132e-06 1.2751489682636562e-06 1.292218917087906e-06 
1.3640986877519082e-06 1.446971331636993e-06 1.3063472503028215e-06 1.274511639765254e-06 1.2910658010705048e-06 
1.3760392255191492e-06 1.4558504992919231e-06 1.3144470753119604e-06 1.284845677377489e-06 1.3008701934296254e-06 
1.3759979879867754e-06 1.455846568034654e-06 1.3143725384524051e-06 1.2848391085504477e-06 1.3007857596136642e-06 
1.3850933826579288e-06 1.4631793984437494e-06 1.3221165181360144e-06 1.2928685336669836e-06 1.3093984157304736e-06 
1.3744371695790414e-06 1.45381838095049e-06 1.3138083724929358e-06 1.2827335047243138e-06 1.3002648896398418e-06 
1.372153885141432e-06 1.451538203404367e-06 1.3102273070686821e-06 1.2806867190360595e-06 1.2968539005575377e-06 
1.3714188487589482e-06 1.4510161298319635e-06 1.3097065223916323e-06 1.2800721887221737e-06 1.2962217237423214e-06 
1.3728815126469492e-06 1.4515678522268499e-06 1.3101161257237089e-06 1.281041730476172e-06 1.2971239533970048e-06 
1.3770776372927547e-06 1.4552505850728468e-06 1.3152817534237624e-06 1.284678168899356e-06 1.3023611529572435e-06 
1.3764731480318051e-06 1.4551065774645638e-06 1.3150441311347812e-06 1.284353703896308e-06 1.3018971503941602e-06 
1.3632381489862035e-06 1.4396467910902661e-06 1.299129976964136e-06 1.2698958307573654e-06 1.2871790336338055e-06 
1.3643820877930026e-06 1.443478862808694e-06 1.3025952403201953e-06 1.2726487529710804e-06 1.289303092096905e-06 
1.3657018640299442e-06 1.4409538435299345e-06 1.30121161825427e-06 1.2715655619645604e-06 1.2897579612307116e-06 
1.364576995262641e-06 1.4399249802542462e-06 1.2998803012386526e-06 1.2705484324338298e-06 1.2884165143988858e-06 
1.358210323686142e-06 1.4346532457653653e-06 1.2942511799154057e-06 1.2648520910788792e-06 1.282260612555104e-06 
1.3657606132251016e-06 1.4420162693424592e-06 1.3019990579987163e-06 1.2722446979076743e-06 1.2900630068109843e-06 
1.3681860558528834e-06 1.4446479672494403e-06 1.304412395580454e-06 1.2748347559333632e-06 1.29240209598487e-06 
1.3679458868331118e-06 1.4453586484916729e-06 1.3050407304088966e-06 1.2751511431082233e-06 1.2925489650248644e-06 
1.3615942139291105e-06 1.4404350624709623e-06 1.2986335895545155e-06 1.269879637622931e-06 1.2855934955441656e-06 
1.3637418448327254e-06 1.4427709937503773e-06 1.3006816814880424e-06 1.272196104080315e-06 1.2875855054497065e-06 
1.3874377505802616e-06 1.467891837489186e-06 1.3275715557059343e-06 1.2964455371497822e-06 1.3135318215233704e-06 
1.3764791583505432e-06 1.4553585305765328e-06 1.315841829152351e-06 1.2844019505500704e-06 1.3024942072844104e-06 
1.368276511791668e-06 1.4459166894020114e-06 1.307128559671181e-06 1.2753332198457431e-06 1.2943132091314836e-06 
1.3724917999024899e-06 1.4504074270048845e-06 1.3110119165878405e-06 1.279827694998713e-06 1.298141344347774e-06 
1.3956056218090916e-06 1.4692636625229935e-06 1.330412236815065e-06 1.3004882841637918e-06 1.3196974301933474e-06 
1.3810009356813157e-06 1.4549495583880322e-06 1.3171010757051365e-06 1.2858246671470617e-06 1.3060827583436214e-06 
1.3739206480747168e-06 1.4464373565315371e-06 1.3090968004478307e-06 1.2778282853639703e-06 1.298741590538566e-06 
1.3785151985479436e-06 1.450482591147251e-06 1.31406213402087e-06 1.2819647043333128e-06 1.303870287865726e-06 
1.3760166207539508e-06 1.4464344604816806e-06 1.3108244388093954e-06 1.2784517992115955e-06 1.3013196809096545e-06 
1.3766487191199097e-06 1.4493579454117553e-06 1.313250011333594e-06 1.2804543840472432e-06 1.302629956674191e-06 
1.3748545690016674e-06 1.4482198538337609e-06 1.3113472483985336e-06 1.279158412751708e-06 1.3004904657252062e-06 
1.3767762072061387e-06 1.4477286584149277e-06 1.3120042613066717e-06 1.279531412130187e-06 1.3022397133447928e-06 
1.383081352609132e-06 1.4529052356749708e-06 1.317524245799632e-06 1.2851671851152973e-06 1.3083024072224709e-06 
1.3874321832175032e-06 1.4570195647578866e-06 1.3212999295507421e-06 1.2894589166868302e-06 1.3122514109260175e-06 
1.390241818273977e-06 1.459731280161585e-06 1.3246932820590166e-06 1.292103441784116e-06 1.3156043756527696e-06 
1.3896990087616364e-06 1.4591636859383908e-06 1.3242835324747973e-06 1.2915180167620001e-06 1.3151851266690167e-06 
1.3936990574671683e-06 1.463254393456758e-06 1.32822391367974e-06 1.295605922598905e-06 1.3191034787646318e-06 
1.3951151227502573e-06 1.465087785651263e-06 1.3298345518768668e-06 1.2972961980453995e-06 1.320530732690417e-06 
1.3930730902159348e-06 1.4637658989819814e-06 1.3273549025086887e-06 1.2958514404952415e-06 1.317836134942422e-06 
1.392802501717281e-06 1.4631985507201134e-06 1.3271965039486389e-06 1.295342911449798e-06 1.3177745967948626e-06 
1.4033956698332196e-06 1.473885905121571e-06 1.3364391832892935e-06 1.3062764000330765e-06 1.3271780966416022e-06 
1.4038879941768093e-06 1.4727113557686884e-06 1.3358831633090698e-06 1.3057380081642753e-06 1.32739884080527e-06 
1.406626050850263e-06 1.4773862654766295e-06 1.3400075686480139e-06 1.3096530830110011e-06 1.330600993670853e-06 
1.4129418784459304e-06 1.4810092575248774e-06 1.3436672755946586e-06 1.3144963491515739e-06 1.3356533912657394e-06 
1.4104446767674107e-06 1.4795247700227787e-06 1.3419148813366337e-06 1.3125966779727318e-06 1.33341213959441e-06 
1.4058163380261358e-06 1.4727268869951752e-06 1.3373592497104872e-06 1.3063619112615186e-06 1.3296631453916252e-06 
1.4031569075873276e-06 1.469697852770886e-06 1.3345567686176213e-06 1.303452961947976e-06 1.3270176588883231e-06 
1.3934216752748787e-06 1.4607101375928168e-06 1.323836157278744e-06 1.294409652748315e-06 1.3161412445912717e-06 
1.4007337613559905e-06 1.4680652785472758e-06 1.3316018456679828e-06 1.3016912552460664e-06 1.3238350412370916e-06 
1.408784645516448e-06 1.4733265162211431e-06 1.3396314221048823e-06 1.3077575233875078e-06 1.3329286577882695e-06 
1.3884836619756283e-06 1.455399959057181e-06 1.3200060943903136e-06 1.288986705916688e-06 1.3122940457810635e-06 
1.392494003295166e-06 1.4592705100950942e-06 1.3257666425625673e-06 1.2926032888510722e-06 1.31786880786951e-06 
1.3933537893841488e-06 1.459821886577077e-06 1.326873694544888e-06 1.2932024667418634e-06 1.3190587783900923e-06 
1.3919480073002322e-06 1.4590517915825309e-06 1.3252914618761816e-06 1.2922789656498383e-06 1.3172596838513177e-06 
1.4034135218535564e-06 1.4690034756925746e-06 1.335039019618246e-06 1.3029861743255754e-06 1.3278278837726538e-06 
1.4165586066304186e-06 1.4798763183597468e-06 1.3462768043180777e-06 1.3148770524214523e-06 1.340199246489355e-06 
1.4187149435798948e-06 1.4809827898067288e-06 1.3483958574838574e-06 1.316300781041511e-06 1.3427201238551616e-06 
1.4206647593676246e-06 1.4825927142797962e-06 1.3510800468293858e-06 1.3178918833195938e-06 1.345430553415595e-06 
1.4266473934184058e-06 1.488385132301637e-06 1.3564304464794678e-06 1.3238648248219038e-06 1.3509458197379693e-06 
1.4281491042145852e-06 1.489937920547642e-06 1.3588152655259624e-06 1.325258755237371e-06 1.3531886946093302e-06 
1.4193390567977298e-06 1.4830273582414378e-06 1.3513057575415665e-06 1.3175457976689122e-06 1.3447769186553968e-06 
1.4184990504490632e-06 1.4817979099163385e-06 1.348797986106407e-06 1.3167092049308557e-06 1.3426479904854086e-06 
1.4176783719250851e-06 1.4809804849681284e-06 1.3478989421539815e-06 1.3159019179668346e-06 1.3417579880731988e-06 
1.4154920942909287e-06 1.4789883400589006e-06 1.345972099829068e-06 1.3138025825420503e-06 1.3397200130900474e-06 
1.405848658290847e-06 1.4704193407009411e-06 1.336130588533287e-06 1.3049322076545892e-06 1.3294930513198176e-06 
1.4004088541325074e-06 1.4683190934607695e-06 1.3317019591303437e-06 1.3017097448979137e-06 1.3236569676481725e-06 
1.4066773583721613e-06 1.4748253812141807e-06 1.3380993218130726e-06 1.3081459972971969e-06 1.3299526312473688e-06 
1.4085492208701372e-06 1.4770506591999731e-06 1.340255733552924e-06 1.3102294399715507e-06 1.3319377772426765e-06 
1.4138231458256336e-06 1.4807880837936493e-06 1.3446198273676011e-06 1.3145643770128625e-06 1.3370140606814474e-06 
1.397973250841092e-06 1.4669667740247158e-06 1.327947632465308e-06 1.300306636324072e-06 1.3196710292616564e-06 
1.4184050865242785e-06 1.4852127839661206e-06 1.3462742769727748e-06 1.3195892081052373e-06 1.3391374169696564e-06 
1.4319278614741364e-06 1.500257884856967e-06 1.3625650489759748e-06 1.3337426151075672e-06 1.3544821506347821e-06 
1.435449302107668e-06 1.5046281885529104e-06 1.3663987127712895e-06 1.337837853570685e-06 1.3579548301325624e-06 
1.4369361216919025e-06 1.505859083157344e-06 1.3674801365110154e-06 1.3392160997036342e-06 1.3591904533799805e-06 
1.4479093399951782e-06 1.5167662639232229e-06 1.3785668348045187e-06 1.350148806344726e-06 1.370296916515379e-06 
1.4395828105603198e-06 1.5075336884027781e-06 1.3706297510398172e-06 1.341066595626738e-06 1.3626407756370546e-06 
1.4328170925951766e-06 1.5012237626357388e-06 1.364025417180039e-06 1.3345855622901118e-06 1.3558355123723585e-06 
1.4347000734935044e-06 1.5002099108936939e-06 1.3623067600490714e-06 1.3350308482985474e-06 1.3557122817248541e-06 
1.4352413324360835e-06 1.5008330062642006e-06 1.3629056668901318e-06 1.3356222240677225e-06 1.35627274434254e-06 
1.4347478390338443e-06 1.5011378166509832e-06 1.361461880681193e-06 1.3358931504690692e-06 1.3546582211111175e-06 
1.431080506527396e-06 1.4976823825386087e-06 1.3582959291565964e-06 1.332274027287647e-06 1.3513392832796638e-06 
1.4470466585063664e-06 1.5133416276895326e-06 1.3754944498166468e-06 1.3478238786206802e-06 1.3684976439785432e-06 
1.4549183175242343e-06 1.5209825539720328e-06 1.382053271482138e-06 1.3557969450669163e-06 1.3753325917602182e-06 
1.4530429346249293e-06 1.5198070425513068e-06 1.3808809827739865e-06 1.354293707366418e-06 1.3737967432169076e-06 
1.4562791610157813e-06 1.5251712082609062e-06 1.3878455123574975e-06 1.3583996021032326e-06 1.3794446976455061e-06 
1.4609479148678132e-06 1.5296909335849516e-06 1.3924623474598e-06 1.36298122813597e-06 1.3841292757792966e-06 
1.4519091747314537e-06 1.524261957363255e-06 1.38518069600946e-06 1.356252723137655e-06 1.3752316509872618e-06 
1.4514365540960677e-06 1.5239348456492537e-06 1.3849209577324008e-06 1.3558475207269993e-06 1.3748871216835958e-06 
1.4500312222412569e-06 1.523688606235033e-06 1.383962571552065e-06 1.3552177214759707e-06 1.3734264798002745e-06 
1.4510127663941334e-06 1.5248587834754124e-06 1.3853439152896328e-06 1.3562683033828453e-06 1.3746826694336075e-06 
1.4430093064584878e-06 1.516899146805561e-06 1.377724018744965e-06 1.3482065662591654e-06 1.3669853723441883e-06 
1.4439826096247346e-06 1.5177068544914455e-06 1.378622226783936e-06 1.3490728708371076e-06 1.3679577146847766e-06 
1.4437781681980148e-06 1.5181952008495887e-06 1.3769823118423304e-06 1.3496547056082667e-06 1.3662500277494563e-06 
1.449970698389277e-06 1.5251159013057687e-06 1.3843600089535749e-06 1.3561847920307102e-06 1.3731961762131975e-06 
1.44934116915297e-06 1.5248496351747217e-06 1.3839891190914976e-06 1.3557780403180198e-06 1.3726512802764973e-06 
1.4452006943788701e-06 1.51960522869629e-06 1.3804921161743752e-06 1.3506814590678234e-06 1.3694817202943225e-06 
1.4404147432303303e-06 1.5131318410296292e-06 1.3736340564305182e-06 1.3450090261264806e-06 1.3635421734853773e-06 
1.4530333684333897e-06 1.5298541509567854e-06 1.3878433156124374e-06 1.3604391438444844e-06 1.375988024022775e-06 
1.4506860440441312e-06 1.524029755570242e-06 1.382226386862207e-06 1.3560945597021394e-06 1.3721364429982247e-06 
1.4608180152731157e-06 1.5356907550567861e-06 1.3926591595841772e-06 1.3673452192352414e-06 1.381957171376408e-06 
1.4578844744918674e-06 1.5339871010317808e-06 1.3891930189853372e-06 1.3654478391340702e-06 1.3780911687637308e-06 
1.4579110290920478e-06 1.5340108680692709e-06 1.3892186064235566e-06 1.3654725211101211e-06 1.3781179808584266e-06 
1.4570861312043988e-06 1.5324184362964612e-06 1.3879505091570994e-06 1.3641499528775851e-06 1.3772019211199198e-06 
1.4522094429738886e-06 1.5287251068667338e-06 1.3821472954293119e-06 1.3603620843401414e-06 1.3710664755836268e-06 
1.4492129077592373e-06 1.5268920275461778e-06 1.3811253479241696e-06 1.3578426849608377e-06 1.3693295055821913e-06 
1.447732615468698e-06 1.5253634976536855e-06 1.3796526123667108e-06 1.3563202256557147e-06 1.3678724765889693e-06 
1.4481359599317388e-06 1.5270396493108544e-06 1.3801774183293967e-06 1.3576840233887618e-06 1.3678939578412071e-06 
1.4507662236544773e-06 1.5284837471289289e-06 1.3830761295832479e-06 1.359347294883905e-06 1.3712138310996678e-06 
1.449266603227158e-06 1.5260718195130017e-06 1.3793106565406526e-06 1.3576135394421764e-06 1.3681012865685479e-06 
1.448180961960613e-06 1.5247054228233473e-06 1.377431718502158e-06 1.3564777922320527e-06 1.3664356177692426e-06 
1.4522994942869533e-06 1.5279992850485922e-06 1.3799268582664668e-06 1.360319704324087e-06 1.3694704947553222e-06 
1.460988038372123e-06 1.5398565288231207e-06 1.3914354701656217e-06 1.3708776178980606e-06 1.3793949542769033e-06 
1.4612867164582296e-06 1.5402139822367643e-06 1.3911877885539755e-06 1.3713421324767244e-06 1.3791983913347752e-06 
1.4645129966432644e-06 1.5441423384098043e-06 1.3929850899465505e-06 1.3754479956745537e-06 1.380921217862705e-06 
1.464946027765202e-06 1.5462095071518688e-06 1.393823349279362e-06 1.3770877885326752e-06 1.3810767436913252e-06 
1.465612043903533e-06 1.5468698283867557e-06 1.3945512049539323e-06 1.3777362742557108e-06 1.3817994053478871e-06 
1.4732035046844748e-06 1.5545024977960803e-06 1.4019531633631522e-06 1.3854199452692573e-06 1.389220275178258e-06 
1.4660095832764368e-06 1.5480739534061304e-06 1.3951552486144126e-06 1.3787318760042265e-06 1.382065498597549e-06 
1.4666248237325594e-06 1.5484913589901992e-06 1.3956474043182974e-06 1.3792185212577424e-06 1.382651106577134e-06 
1.464805185990228e-06 1.5478510958937512e-06 1.3951820765289104e-06 1.378026503700279e-06 1.3815486595301345e-06 
1.471470456506373e-06 1.5554495305752786e-06 1.4020176361959123e-06 1.3854163189783728e-06 1.3880102062843962e-06 
1.4778526693388426e-06 1.5614018450190112e-06 1.4087547411134815e-06 1.3913827212803538e-06 1.394874534908684e-06 
1.4777176027970967e-06 1.5607167760739307e-06 1.4077215096055052e-06 1.391013349146855e-06 1.3941723312744965e-06 
1.476377325024711e-06 1.5593475046523206e-06 1.4081025737956445e-06 1.389254177714594e-06 1.394334274425239e-06 
1.4553721165723968e-06 1.539000562414342e-06 1.3884921653616413e-06 1.3684204598372352e-06 1.3742578715218823e-06 
1.4548490021040319e-06 1.5381237440523992e-06 1.3879291465650395e-06 1.367623502371648e-06 1.373835748975581e-06 
1.4548443059939416e-06 1.5381004959606348e-06 1.3879097491544257e-06 1.367607275580841e-06 1.3738254443492934e-06 
1.449780593985998e-06 1.5325274807074795e-06 1.382492310360072e-06 1.3622060523773578e-06 1.3686445591508988e-06 
1.4493981744935015e-06 1.5316675141798217e-06 1.382583897953697e-06 1.3613413633616604e-06 1.3688564447523255e-06 
1.4460327317661632e-06 1.5281593020325265e-06 1.3796197968315415e-06 1.3577697609110908e-06 1.3658894655300755e-06 
1.4482559862267026e-06 1.5307781750056823e-06 1.3814853479738977e-06 1.3603871627047252e-06 1.3676532972877097e-06 
1.4493431928805628e-06 1.5330568287565242e-06 1.386318917575632e-06 1.3616277071976545e-06 1.3715316755299995e-06 
1.4486742483830395e-06 1.5331406189281674e-06 1.3872597462266587e-06 1.361223057645808e-06 1.371968446426553e-06 
1.4452311930538272e-06 1.529235281399079e-06 1.3846264316462447e-06 1.3572519314320996e-06 1.3694002666968723e-06 
1.4429248571996792e-06 1.5259155002934588e-06 1.3812915753629996e-06 1.3543526282128153e-06 1.3665881284937453e-06 
1.4432738691884112e-06 1.5283500822203597e-06 1.3818678480489432e-06 1.3562878973850498e-06 1.3663339658730883e-06 
1.4501053624390215e-06 1.5378349167750245e-06 1.3904931532165407e-06 1.364869484884069e-06 1.3737103563531305e-06 
1.4372297425097278e-06 1.5252600270252958e-06 1.3775048218770151e-06 1.3522287698210212e-06 1.3606028956853864e-06 
