-34.95441846060446 -35.037605564437825 -35.66628093895601 -34.69216499161671 -35.54891641423954 
-34.95215831676458 -35.03511213467581 -35.66410695852343 -34.68983119336599 -35.54680167933911 
-34.953315433180094 -35.03627927437995 -35.665256755828736 -34.69104735385088 -35.547947280441676 
-34.95881176103033 -35.04210354630624 -35.670952465652476 -34.69703686679139 -35.55350039692438 
-34.84678850570165 -34.92939173313637 -35.56181056776295 -34.581068987443444 -35.44431356282533 
-34.889955866047 -34.973080798977534 -35.60532247747268 -34.62696660028533 -35.48752010704854 
-34.879754564980345 -34.96352548573252 -35.596244344080986 -34.617162808216506 -35.4780823622431 
-34.88766611912746 -34.973597180292316 -35.60581617142422 -34.6270418315341 -35.486716747213805 
-34.8973512468699 -34.983027769547775 -35.615243641474564 -34.6370374640445 -35.4962423731894 
-34.93409305306959 -35.01991177767445 -35.64849062623918 -34.67298419485492 -35.529960920618834 
-34.94595411854134 -35.03068118846221 -35.65926652733809 -34.684533324697654 -35.541218506190404 
-34.95967767797367 -35.046889448372056 -35.669572156623786 -34.69644893898274 -35.55133787335593 
-34.98602136140323 -35.067508625778416 -35.695152125167226 -34.72316284865502 -35.57868654286628 
-34.9751480825752 -35.05776626412485 -35.685739383480296 -34.71296444274364 -35.56871456543995 
-34.96809800755872 -35.0512085137978 -35.67929653258433 -34.706056680640785 -35.56203807208087 
-34.92268709663938 -35.003203842329626 -35.6328789445394 -34.65710494505072 -35.516655575882226 
-34.95411381770069 -35.0309232535662 -35.65952248953441 -34.68610707116544 -35.54514023872251 
-34.93178840808882 -35.009996919974284 -35.63759461362544 -34.662980248062766 -35.52277847014352 
-34.934678768287284 -35.01265151559814 -35.64020462385476 -34.66578538309946 -35.525499637438685 
-34.92636051890793 -35.00120555902299 -35.63086808093391 -34.655938454155546 -35.51727871390476 
-34.97606140580393 -35.04811678070777 -35.67802583411854 -34.70611527266689 -35.565587446792264 
-34.967224012661646 -35.03823929057606 -35.66880033570453 -34.69639780496226 -35.55675404238376 
-35.008152704133124 -35.07262177864203 -35.70404588399771 -34.734507129520395 -35.594813030490315 
-34.96382553834107 -35.030427008716586 -35.66252828305498 -34.690162007265 -35.552281623197004 
-34.98205111670072 -35.047111094744565 -35.67946587241772 -34.7082395509065 -35.56985487073591 
-34.967967548722115 -35.030877538605324 -35.6633303720519 -34.691570598231706 -35.55473309121646 
-34.96645383163016 -35.029463492486016 -35.66063508488587 -34.68903258833579 -35.55221258349751 
-34.96423240601392 -35.02603570428519 -35.65823704959219 -34.68645780582568 -35.55020548669923 
-34.96882189325892 -35.03024453923713 -35.662625129031724 -34.691109933945214 -35.55473051001671 
-34.96192214594386 -35.024719954949674 -35.65524143400367 -34.6835458924583 -35.54703765999986 
-34.94051186803844 -35.008596340388294 -35.63643110196921 -34.663446468720934 -35.52626848819702 
-34.925411157493926 -34.992212345794925 -35.62567142661874 -34.65089764073454 -35.51518248275073 
-34.9127680221398 -34.98178908603401 -35.614282659125735 -34.63873320263451 -35.502951742426276 
-34.914770200930676 -34.98396338936534 -35.61627571992848 -34.64085179686404 -35.50489124693361 
-34.881310011793445 -34.95174763439921 -35.58270245491785 -34.60554765526949 -35.471040532311264 
-34.88335916405089 -34.953889807099685 -35.584523263884975 -34.607534298723536 -35.47286824457488 
-34.89968335949449 -34.97081990692179 -35.600277830736886 -34.624351053534255 -35.48850569840977 
-34.7945993648151 -34.86359061650755 -35.49620284185163 -34.514093392329926 -35.38511697128551 
-34.798219956387214 -34.866964786733035 -35.50003081312245 -34.5180604683663 -35.38897488932638 
-34.79666497334476 -34.86407531641402 -35.496565957881984 -34.51479063265863 -35.38623167346056 
-34.80513688913675 -34.87177138012075 -35.504024769681735 -34.52286306933922 -35.39407362548464 
-34.816289060322845 -34.879771500869055 -35.51557375520544 -34.534703927000294 -35.40646252117213 
-34.751582458868896 -34.81371247286323 -35.45366361903419 -34.46853912241758 -35.34461431048206 
-34.74613951963448 -34.809938990206646 -35.448834004106615 -34.46340944177466 -35.33919957841721 
-34.76564563115318 -34.83296165057055 -35.47076454477988 -34.48621337706963 -35.35963874604546 
-34.75467026461368 -34.822235689892594 -35.460564422781076 -34.47526775870769 -35.34925686452411 
-34.722957656845 -34.79179626311492 -35.432032200617314 -34.44443820110155 -35.31987691732728 
-34.74872977207046 -34.81618808077542 -35.45802958809546 -34.47173308802584 -35.346187882240855 
-34.77739800954278 -34.841844151776456 -35.481185209811485 -34.49733481688773 -35.371107455702955 
-34.77858106934957 -34.84284324234517 -35.482203296722304 -34.49843750802103 -35.372205326486096 
-34.77652315036845 -34.83752623079292 -35.477255016467865 -34.49370346517827 -35.36871417650249 
-34.76142472500214 -34.823982089781566 -35.46354352884829 -34.478991632768015 -35.35434071384246 
-34.745202912309125 -34.810037598819505 -35.449645653155955 -34.46390019452281 -35.33941079017352 
-34.733884092980375 -34.79849545720167 -35.439718732910464 -34.45305118006617 -35.32933753264891 
-34.75686587829702 -34.82816442280905 -35.46976381690283 -34.48352434343336 -35.356160304746865 
-34.771243825445865 -34.84132283619495 -35.48158167053121 -34.496541384251046 -35.36874197574329 
-34.85611634290926 -34.92730985792163 -35.561082926090975 -34.58188991143389 -35.448644562379215 
-34.85796538068442 -34.930587264013226 -35.56179369820052 -34.58303778273235 -35.4491224058024 
-34.8797156194307 -34.95030043911949 -35.581117046448824 -34.603883933694405 -35.469413474677324 
-34.88061445630807 -34.95126084041888 -35.58203572261806 -34.60485318055609 -35.47030867627649 
-34.904190582670765 -34.970919331801085 -35.60419035097861 -34.62828911778402 -35.493812168975666 
-34.91191714378921 -34.97875950604903 -35.61175191283451 -34.63631848737714 -35.501351807035235 
-34.92263422540918 -34.990828625917686 -35.62310693900561 -34.648243002800825 -35.51217630328394 
-34.88530142934118 -34.95866627526735 -35.59144590184411 -34.61381166701419 -35.47810371727188 
-34.89469663264559 -34.965835368364225 -35.59909559987928 -34.62214808728156 -35.48668755233122 
-34.86806246620503 -34.93965038594945 -35.574472454198485 -34.59569455356569 -35.461646971970964 
-34.923347423048554 -35.005152403143626 -35.63709890477587 -34.66079905690833 -35.51988925941187 
-34.927714253991866 -35.01013979572686 -35.641916357509416 -34.66582485942655 -35.52443738145668 
-34.89623889484332 -34.977104104163885 -35.613408168318884 -34.63490505381721 -35.49595430153231 
-34.89249837948992 -34.97211985730196 -35.60852122116107 -34.62992222779884 -35.49163755104928 
-34.94631830387135 -35.02732892486016 -35.66029606773796 -34.68517414747717 -35.54323362162633 
-34.95502715890515 -35.03593321763795 -35.669220947661856 -34.69453755380938 -35.55213404086136 
-34.94290653168747 -35.02127223090913 -35.65492568851249 -34.67977142325937 -35.53898491076184 
-34.897606605037964 -34.97400065948952 -35.611739762277324 -34.63353065046982 -35.49611932940279 
-34.89679876007652 -34.97455445410597 -35.6117981553226 -34.63348689051999 -35.495630175981944 
-34.898033128324116 -34.975678090842365 -35.61287761380004 -34.63465516150676 -35.49676600415172 
-34.893396786951485 -34.971389382670964 -35.608684009994434 -34.630147978359474 -35.492404480561035 
-34.893941219813826 -34.9720610527274 -35.60931354304762 -34.630801978679685 -35.49298080613019 
-34.87717728381689 -34.960088520606064 -35.596661502707505 -34.61682965795593 -35.478251128322384 
-34.89932073984238 -34.98289516082545 -35.61683402772512 -34.63864470073902 -35.4985144637494 
-34.9696993855337 -35.04891408018416 -35.683619555528196 -34.7096785750157 -35.56704742838943 
-34.918270173717474 -34.999409027096306 -35.635322958355914 -34.65809389555065 -35.51776059047346 
-34.921812756580266 -35.00032365455145 -35.63750896052839 -34.660527564642564 -35.5209456962192 
-34.90493779889353 -34.98312805591269 -35.62073020503823 -34.642764217410814 -35.50428159895645 
-34.922753459189536 -35.00117625336394 -35.63781714996573 -34.66099433924735 -35.52138540178153 
-34.90801678787332 -34.9853774146282 -35.62243121776075 -34.64482363121326 -35.50645518831081 
-34.9102371978115 -34.98841763499118 -35.62467514442257 -34.64724714278769 -35.5084482361022 
-34.9055548658698 -34.982962436998406 -35.619971758502004 -34.64222949099404 -35.503986742983656 
-34.90061788444105 -34.97723639865697 -35.6147032327999 -34.63668733348986 -35.499018179368505 
-34.87428200464173 -34.95173612726819 -35.588892984331736 -34.60937005332177 -35.47292851070701 
-34.861587290334555 -34.938575878408415 -35.57892619664274 -34.5981687946403 -35.462662900083586 
-34.86262132426499 -34.93927567020209 -35.579308253841035 -34.59870082698103 -35.46325221588073 
-34.85768332065646 -34.93471946486133 -35.57511303641019 -34.594123623314516 -35.45882869862993 
-34.855204482960914 -34.93414019913844 -35.573112290832825 -34.59203532178448 -35.456191318217606 
-34.88559235962494 -34.96474652316728 -35.60221166268147 -34.623084852827375 -35.48537956256537 
-34.8195611275992 -34.89519251914692 -35.53709962299784 -34.553847595289795 -35.42129370177386 
-34.84505597576975 -34.91740565932207 -35.56011433915954 -34.57850791053173 -35.44564313920257 
-34.841077811769665 -34.91270781252949 -35.55578576060121 -34.57396855733016 -35.44159499681041 
-34.85710152517488 -34.92711482683475 -35.571134633664286 -34.590227483548574 -35.45750074221736 
-34.90394961073267 -34.97176940511142 -35.61520991857115 -34.63727513663274 -35.50259383068408 
-34.90617685832426 -34.97618471567556 -35.6165644581842 -34.63905765761709 -35.50344723832647 
-34.83576362654662 -34.90948236672011 -35.548261798123676 -34.56669633240426 -35.43384206064398 
-34.83596492671367 -34.909968292808955 -35.5487613090846 -34.56717291733541 -35.43420644678122 
-34.830770041969444 -34.906355609790424 -35.54408448472776 -34.562226492215544 -35.42898564739254 
-34.86244806916312 -34.93869982671163 -35.5709745194785 -34.59183768392185 -35.45642358188985 
-34.88959470185881 -34.961960233422076 -35.58987980769004 -34.61355724858633 -35.47781805880989 
-34.8507390413515 -34.9242816517026 -35.55418840321231 -34.575181419743316 -35.44132448111684 
-34.84950089626423 -34.92254965610145 -35.552651693146686 -34.57359599630156 -35.439987077588256 
-34.90391321815012 -34.97680264032323 -35.60464510857304 -34.62906428855874 -35.49232228444015 
-34.844139457101875 -34.921855869273045 -35.54806311245213 -34.568940807250485 -35.43389770193441 
-34.88815016408988 -34.96512539906321 -35.58674109086307 -34.611073700415076 -35.473604472502814 
-34.91949428522503 -34.9941562531568 -35.618019317383485 -34.64388748942865 -35.50551296950732 
-34.91655457244315 -34.99145953097772 -35.61502491699457 -34.64076337328409 -35.50246208228482 
-34.91703797311614 -34.991935671696126 -35.61795088095559 -34.643219962659316 -35.5049753338226 
-34.914515536982265 -34.987733098809855 -35.61450986166551 -34.63968737147579 -35.50219256939373 
-34.91796952241519 -34.9919022097191 -35.61726585632472 -34.64283269729226 -35.504847944431546 
-34.84316606817923 -34.91358483120504 -35.5419060861481 -34.5631801973349 -35.430780493952355 
-34.850790354973384 -34.92149580284075 -35.54879419468463 -34.57066352118606 -35.43769241184221 
-34.861398472630086 -34.93197899244659 -35.55894688809771 -34.58148366166523 -35.44793681154954 
-34.892115039553914 -34.96170654080197 -35.58844153101106 -34.61283722617419 -35.477866296434385 
-34.898808608871036 -34.969174749335366 -35.59511041725486 -34.61994234795611 -35.48429604467111 
-34.87125450159135 -34.94233732777633 -35.571505360202465 -34.59407486631632 -35.45986768768867 
-34.96174826669538 -35.03366572847622 -35.66302121894755 -34.6904444774344 -35.55077141424535 
-34.94554134582367 -35.01717437215609 -35.64865465522173 -34.674806219317205 -35.53621073093767 
-34.90893402933776 -34.98311256609624 -35.613226421409124 -34.63732274318751 -35.499907708713934 
-34.88660182565695 -34.962811921615824 -35.594294931071445 -34.61665610824208 -35.479846111059075 
-34.879226277328925 -34.955441965194055 -35.58674653290659 -34.60873217130596 -35.47234111766598 
-34.89345559614421 -34.965962674885674 -35.598552137090635 -34.62150591379037 -35.48562396579733 
-34.89324490505926 -34.966583289158976 -35.59794732842536 -34.62102998866672 -35.484840809657214 
-34.96290815430882 -35.03273941975846 -35.66135131879197 -34.68923082572816 -35.550196373718364 
-34.93835927250042 -35.00955720867637 -35.638227029542534 -34.66458094563134 -35.52647810575259 
-34.92201695658562 -34.99363795901644 -35.62213060467258 -34.647569044368055 -35.51024946380515 
-35.000949978188416 -35.07397233167222 -35.70024196704222 -34.730294797247424 -35.58791879079125 
-35.04860928527165 -35.12038476977408 -35.74648532100804 -34.779331913979945 -35.6346707596751 
-35.06337203718962 -35.134109878150326 -35.75861604078915 -34.792704739533065 -35.647524426338464 
-35.07239891960185 -35.14029608787861 -35.763671592546274 -34.79881997731752 -35.65407597634808 
-35.08870433711327 -35.155069689941996 -35.779866512569 -34.81580660356512 -35.670708482332685 
-35.09451143402754 -35.160768347385684 -35.78551539432479 -34.821795028693714 -35.67640414430872 
-35.04808663308374 -35.11672019731735 -35.74033555819888 -34.77402065780568 -35.630407279350806 
-35.0384853371213 -35.10586153232171 -35.730665855078314 -34.7637418160885 -35.62114127360624 
-35.09615760614281 -35.16496412414145 -35.79052531703415 -34.826428422035704 -35.680084803108215 
-35.109820618457405 -35.17578331718465 -35.803010059397124 -34.83967549998397 -35.69358177127815 
-35.1150789332942 -35.183795789828864 -35.807750602437736 -34.845010446284775 -35.697585232062224 
-35.119631194928616 -35.189505321892284 -35.81302979818376 -34.85048424622501 -35.702389016329036 
-35.12478498653496 -35.19495032922336 -35.81664463009287 -34.85470518855119 -35.70616843786365 
-35.13061327690123 -35.19989091210796 -35.82243961450479 -34.86075465175318 -35.71221950856757 
-35.13599433956358 -35.20507402739598 -35.827391108020635 -34.86606819848703 -35.717291306340954 
-35.13924180522834 -35.20836846988709 -35.83030934183708 -34.86923162113763 -35.72024480661241 
-35.13926399885142 -35.206519729718764 -35.82964182595555 -34.86855739640913 -35.72024791081479 
-35.09714295804818 -35.160541755481404 -35.78902094477212 -34.82505982299226 -35.68059998880439 
-35.09574618405496 -35.15910889991686 -35.787776891856794 -34.823707222411784 -35.67934352263707 
-35.09519925338914 -35.15857161756507 -35.78726116966443 -34.82315626091835 -35.67882078715574 
-35.10510031289624 -35.16692901083917 -35.79615198578851 -34.832672387554126 -35.6883186786397 
-35.07271488657351 -35.13211828317104 -35.763664106749516 -34.7982608522901 -35.656632290138305 
-34.94778196486763 -35.01043375342533 -35.64698364740096 -34.67334947643205 -35.5378518879062 
-34.912082289774006 -34.980558034826046 -35.617402025722086 -34.64104743088848 -35.50558667023516 
-34.94190810475561 -35.01035264701767 -35.64595227873602 -34.67149032722115 -35.53429947879043 
-34.911364556783084 -34.98019065382928 -35.61841719953746 -34.64172533327391 -35.506205134419645 
-34.88172061962615 -34.95185089280456 -35.58799186389956 -34.60989080787169 -35.475591216387286 
-34.91904558211266 -34.99558622860371 -35.625557744380686 -34.649969868531414 -35.51114237543317 
-34.89493226458303 -34.97199775365006 -35.603276495219575 -34.62604218076733 -35.48844651114075 
-34.91252051590354 -34.990443583132105 -35.622312943336524 -34.64584739953743 -35.50694610477362 
-34.91883839335884 -34.999364366365256 -35.629612502117254 -34.653515854846376 -35.51329587285363 
-34.951748890582536 -35.03343301655178 -35.66011416212572 -34.68639002439514 -35.54379307669545 
-34.94959113063938 -35.03134716404091 -35.65818287134074 -34.68430195072099 -35.54180670579058 
-35.00082454464341 -35.08361072930701 -35.709684184108 -34.7386668712835 -35.59284864047481 
-34.97196553257375 -35.05342745317337 -35.681241286694814 -34.70844510452423 -35.56478854843773 
-34.945387090382894 -35.02774697291859 -35.65711301130267 -34.68245616700686 -35.54003570319048 
-34.95714051441523 -35.04248582819126 -35.66960098740894 -34.69569646716003 -35.55149046506142 
-34.936233986497996 -35.02198352083438 -35.64911354069935 -34.67400367455602 -35.53085695967948 
-34.93756184933076 -35.023459409562165 -35.65045725283797 -34.675430090395835 -35.532151320614076 
-34.92757644371633 -35.012834684661286 -35.640143754243724 -34.66457245576251 -35.52210402326969 
-34.919423987435025 -35.00963311314804 -35.630101076013574 -34.65486219635228 -35.51093118033853 
-34.898321520211354 -34.98672878212831 -35.605790221071146 -34.62986873147614 -35.4877416136834 
-34.90277653462218 -34.99159372915997 -35.61029056514566 -34.63464197214394 -35.49210321970398 
-34.902940040401774 -34.99173332590013 -35.610424454288264 -34.63478870134121 -35.492248858697096 
-34.88958627679605 -34.982725280802114 -35.601098805095816 -34.62431005850789 -35.480981701116264 
-34.911507955624785 -35.002480290016024 -35.621876441078 -34.646329596918974 -35.502549029593894 
-34.851041538436434 -34.944401851698956 -35.56511782283201 -34.585707589209264 -35.444584440620275 
-34.80382758524031 -34.90428279109811 -35.52250318552619 -34.54021544916334 -35.399188311957445 
-34.78765543965443 -34.88913998787754 -35.50761623314004 -34.52427117181921 -35.3838136785852 
-34.76576100754218 -34.858016580340944 -35.482874952291084 -34.49802656375449 -35.362338966403826 
-34.767091622254625 -34.860720978718334 -35.48470667274813 -34.49995655411239 -35.36367579139525 
-34.74631935515539 -34.840619527016884 -35.46508176812981 -34.47900716613191 -35.34370288222516 
-34.78323378684216 -34.882694540691716 -35.50517789714088 -34.521006774263796 -35.38165192393684 
-34.78044956919656 -34.880377886293346 -35.50276593997347 -34.51840984564765 -35.37904439291657 
-34.81634335721401 -34.916211277332536 -35.53660134654193 -34.55464106105207 -35.41316766505183 
-34.830353552341066 -34.92655044575007 -35.54750214203749 -34.566594538899636 -35.42565268184187 
-34.82112472974336 -34.91346043997582 -35.535407171482575 -34.55420557671482 -35.415206836116425 
-34.81777935513574 -34.9133210589431 -35.53413918765621 -34.55262991996749 -35.41264407841446 
-34.782632025880474 -34.87718245128832 -35.500583862173954 -34.51671558542262 -35.37918962951916 
-34.78317420804531 -34.87768788662514 -35.50069083969893 -34.51693549364259 -35.37937974651322 
-34.79093885445397 -34.88828904031904 -35.5092767612184 -34.526049979722586 -35.38696863691591 
-34.79870938578523 -34.89569857445835 -35.51656331454865 -34.53383124491248 -35.39442732849926 
-34.731240628603075 -34.83272374034175 -35.45381568522676 -34.46680768313368 -35.32969441038405 
-34.772692060597265 -34.87412447474628 -35.49532978540252 -34.5106171960188 -35.37112408999248 
-34.79984567414658 -34.90209569287312 -35.52129424245864 -34.538404383711494 -35.39698769753156 
-34.79849893083794 -34.900648570953436 -35.51978140170779 -34.53683990143678 -35.39553553016859 
-34.79685345679198 -34.8984993831053 -35.5180077384631 -34.53495261862574 -35.39393663882876 
-34.88600662048135 -34.984780919522166 -35.60219530760773 -34.62479729331966 -35.47962359286062 
-34.87860300339456 -34.978761740191345 -35.59545892026627 -34.61764840520692 -35.472379172385516 
-34.94481686496189 -35.042855988413265 -35.65220544449765 -34.679753915476425 -35.53121017373651 
-34.943235094516965 -35.041217912523834 -35.650720014405934 -34.6781564737514 -35.52972860910839 
-34.92742146424274 -35.02461266657656 -35.63444930654252 -34.66103879060108 -35.51380366760583 
-34.933068318674685 -35.03032350111992 -35.63987585497482 -34.66682644692803 -35.51923637518455 
-34.93246398512895 -35.027618656746924 -35.63928195088447 -34.66599413695006 -35.51926673223009 
-34.935470987808216 -35.03026728905546 -35.6416925499266 -34.66865869744511 -35.52187802863959 
-34.93508151273964 -35.029633037889454 -35.640900722785446 -34.66790575341136 -35.521227588734064 
-34.94491031337823 -35.03990536219577 -35.650543205734024 -34.67816708154565 -35.53074887909426 
-34.89573941201162 -34.988910262205536 -35.602520770773424 -34.62703887061417 -35.483178911860335 
-34.818509839728975 -34.91233559541158 -35.52923389104957 -34.54874814506603 -35.409196612974014 
-34.814205298102635 -34.908421897899984 -35.52685650004783 -34.54577371050358 -35.40638758529708 
-34.805863684282784 -34.90003950410144 -35.51862520419692 -34.537054776839085 -35.39816755284579 
-34.80245742015805 -34.90482053022875 -35.519761655754934 -34.53785841308165 -35.396113243952314 
-34.79521764633577 -34.89690447339862 -35.51147322581609 -34.52931803488556 -35.38821770016666 
-34.79906511068026 -34.89987361852762 -35.51767086480908 -34.53516634440008 -35.394272921539155 
-34.75640156896159 -34.85351826518577 -35.477274900627336 -34.49160206223671 -35.35468276200521 
-34.76573765309499 -34.86143798187284 -35.4869486493472 -34.50160359109023 -35.364699765993066 
-34.851673950562315 -34.951021285473004 -35.572222215953005 -34.592123243475825 -35.44881856034873 
-34.88582491075971 -34.98597401512592 -35.606830693473455 -34.62861565887363 -35.48303872268312 
-34.88808605406055 -34.98747192989923 -35.60970983766542 -34.63143606091275 -35.486035277661145 
-34.9110101764568 -35.01121572741921 -35.63189647021581 -34.6551089898563 -35.5080540010384 
-34.88739458146989 -34.98501409735266 -35.607120909383895 -34.62901114503086 -35.48429232527812 
-34.868827464664705 -34.95868961335796 -35.585362449725324 -34.6061569326626 -35.46541309669328 
-34.924783365181156 -35.0115688263421 -35.64183074629037 -34.66539599718736 -35.52258573140894 
-34.910928847390906 -34.99745922649319 -35.62727155633074 -34.65017345966608 -35.508251186021795 
-34.90224948428707 -34.98939420485142 -35.61926590948565 -34.641609052467544 -35.499968166602 
-34.920918110595196 -35.00654112205723 -35.63492313816437 -34.65874178086433 -35.516546068527646 
-34.92816320964238 -35.014527597775924 -35.64281848955403 -34.666978353987915 -35.52409627209404 
-34.950796682349065 -35.03481044901929 -35.663853166428765 -34.689379887237095 -35.54604928038721 
-34.943300180018014 -35.028846587799165 -35.65751808511149 -34.6825349289968 -35.53907973838545 
-34.94696579704117 -35.033673514294534 -35.662331886791804 -34.687433407570055 -35.5433473341854 
-35.03028121519222 -35.117696008654306 -35.742411172460024 -34.77278365192929 -35.623587902443816 
-35.05447841867273 -35.13955969344978 -35.76159368226678 -34.79404760202884 -35.64426026822679 
-35.05195577558811 -35.13967389641866 -35.760624237783006 -34.7928625197287 -35.64225158701251 
-35.10333861752659 -35.18443386805191 -35.807049859983934 -34.84250958179484 -35.69137098699511 
-35.1177939166909 -35.20277870604501 -35.82528728743941 -34.86114416111678 -35.707784170339266 
-35.16986892221759 -35.25378777523298 -35.874157655553276 -34.91337834879549 -35.757403993055874 
-35.170927193693984 -35.254722042436555 -35.875191228503766 -34.914464629362655 -35.758476256763274 
-35.19028497715473 -35.27440788874702 -35.89423617056731 -34.93465243025349 -35.77743627436254 
-35.16374403229926 -35.24597496572014 -35.86917021172103 -34.90771517077961 -35.75273615146526 
-35.23218277529668 -35.310857367041535 -35.93522243617815 -34.97768454037477 -35.82010171934961 
-35.27043683251492 -35.3518236816884 -35.97398896178511 -35.01865282411137 -35.8578978299998 
-35.20488066583833 -35.28307239574124 -35.91000240575502 -34.95056315639033 -35.79472780198873 
-35.18610924986942 -35.263259371269726 -35.88986933155172 -34.92956494362829 -35.775174254434205 
-35.138521735350196 -35.218582029629175 -35.845670932158356 -34.88235533186824 -35.729639682820505 
-35.14403901257742 -35.22199652417794 -35.85201438203161 -34.88870584532873 -35.73645238507511 
-35.18561044044222 -35.26098627855582 -35.89229640648712 -34.93132859026433 -35.77762814645709 
-35.1669043321578 -35.24266276418642 -35.874755754694476 -34.912580641898785 -35.75981567861221 
-35.15878631378051 -35.23466765500133 -35.86571074858283 -34.90325498916626 -35.75090967332331 
-35.173091789531014 -35.249857318014165 -35.88149796579785 -34.91963848349312 -35.7661527575022 
-35.23347472512859 -35.30456249589611 -35.93491320174557 -34.97719978138565 -35.822304349331915 
-35.24984869687458 -35.31848129263692 -35.95012145913988 -34.99334865914996 -35.838401470211736 
-35.232359933676676 -35.30303521057847 -35.93438304934358 -34.97648002320412 -35.821798520090596 
-35.27177028392806 -35.34455416367925 -35.972805493336836 -35.01737741738228 -35.85968359130946 
-35.27853280511901 -35.351639347777024 -35.981317041402306 -35.02598175772761 -35.86778703630846 
-35.366048688860005 -35.435476223402816 -36.06338695456597 -35.11353292327814 -35.95168818088885 
-35.37100766556841 -35.44149200660668 -36.06823957343157 -35.11874229878907 -35.95623656417709 
-35.39271731450506 -35.46601714194017 -36.093233376225086 -35.144550682216746 -35.97979209470856 
-35.37723658581727 -35.4496325196823 -36.077014031237766 -35.12754986162035 -35.963998538204365 
-35.42378756433426 -35.495557558741226 -36.11658644254784 -35.17081400357819 -36.004849877661826 
-35.369508607702386 -35.44041973190018 -36.06570509252758 -35.11633217336737 -35.953756083334554 
-35.37602404517415 -35.447747812518074 -36.072442539251455 -35.12344005320762 -35.96020188113371 
-35.359178110331726 -35.43653107090357 -36.060023427548074 -35.10972085558363 -35.945399303142764 
-35.32433757217372 -35.40303773590355 -36.028286102668986 -35.07564156707768 -35.91280810670284 
-35.32642442132118 -35.410221514810374 -36.03410620562893 -35.08130099735544 -35.91648040448466 
-35.40031809100688 -35.47855276864129 -36.09790242114799 -35.15046688009791 -35.98348698982363 
-35.382499387627504 -35.460569408134745 -36.08030079494871 -35.13184765714742 -35.965934467002086 
-35.368277706678754 -35.446101804583876 -36.06590518464752 -35.11669252760669 -35.95167109333694 
-35.37479990085811 -35.450457076442945 -36.069636405569796 -35.12112008657557 -35.95650529547176 
-35.37211769230963 -35.448879688566905 -36.06869492707938 -35.1198010295487 -35.95494596176489 
-35.377508018958096 -35.453951444591496 -36.073403541761806 -35.12490082486005 -35.95985369126757 
-35.38062145808016 -35.45566917971638 -36.073569460714495 -35.12566644417939 -35.96092824858653 
-35.36586002335149 -35.44937309012407 -36.06424228407549 -35.115187625810265 -35.948200243112396 
-35.35074537430975 -35.43516884005895 -36.050897055587924 -35.100772859541735 -35.93431609408657 
-35.35009073862169 -35.43488966229336 -36.050468569729404 -35.10029703683442 -35.933739278528805 
-35.35984520854238 -35.44234102524699 -36.05697053287396 -35.10774074247877 -35.941456206859684 
-35.35894175801957 -35.44028051984249 -36.05524967986533 -35.10603152025989 -35.9402190681908 
-35.33944941169128 -35.41727499293826 -36.03272965021333 -35.08274855023214 -35.9192953651618 
-35.321476325604124 -35.40160952602574 -36.016379092285945 -35.0653015163888 -35.90202281136975 
-35.32442133016505 -35.40487089355287 -36.0185554319513 -35.067807180898384 -35.904229841160344 
-35.326735842995234 -35.40597586349048 -36.0186767175705 -35.06837535207008 -35.90507739638598 
-35.340183587139194 -35.42032942969115 -36.0315655882975 -35.08216942002275 -35.917764635070924 
-35.35801482075058 -35.438760602739606 -36.04948892518213 -35.1010831148637 -35.93545736665895 
-35.33252674637082 -35.409359129538274 -36.02601922026521 -35.0755479246309 -35.9128574410999 
-35.31734258220973 -35.3942182814105 -36.01215043568165 -35.06061552558768 -35.89878378834361 
-35.31954957899684 -35.396085614677844 -36.01395520788796 -35.06258885827532 -35.90075293713933 
-35.29641244204491 -35.370319935345194 -35.98724586454537 -35.035100851830165 -35.87547779141178 
-35.250565499710575 -35.32907360441105 -35.945259196260494 -34.99025413397497 -35.83156810642748 
-35.267665616255584 -35.34410224827384 -35.96026694264668 -35.00642560574806 -35.847509272565844 
-35.24298779331848 -35.32159897253182 -35.93678696922417 -34.98155254022025 -35.82323304953401 
-35.23244648359005 -35.30965082915698 -35.92240657914941 -34.967244905131224 -35.80994314129461 
-35.22902648223044 -35.30598314774049 -35.923111915443 -34.96693314102036 -35.810028788457885 
-35.229153064328 -35.30613004482322 -35.92332875523496 -34.96714103301602 -35.810224015665 
-35.179864679168375 -35.26003180809785 -35.87997036860958 -34.92022286157824 -35.76501703894145 
-35.11257907616006 -35.19582128034284 -35.81810948791768 -34.853905478015434 -35.70146658928361 
-35.1023617710964 -35.18889471565677 -35.81148837230124 -34.84631892316125 -35.69328234428153 
-35.097355356199046 -35.185095907611384 -35.807436970034175 -34.84191307435441 -35.688721859021115 
-35.06388227647341 -35.15229716459281 -35.7744956040076 -34.80708384039586 -35.655561639213204 
-35.06665715067204 -35.15481494382411 -35.776906316415435 -34.809694071863404 -35.65810435678908 
-35.063478957207664 -35.153934055480974 -35.774781918487676 -34.807387384766216 -35.65512726940575 
-35.082181905808255 -35.17284806876076 -35.79290431957885 -34.82666507645416 -35.67324572296191 
-35.08263482412141 -35.17415279043199 -35.79149979276028 -34.82570616363209 -35.67190204906781 
-35.08497110975186 -35.17773800630967 -35.79506082405115 -34.82927019453085 -35.67488032679242 
-35.082788037411774 -35.175380139366126 -35.79298900941008 -34.827042580897086 -35.67284617228117 
-35.09401204872705 -35.19136209501056 -35.80797033698782 -34.84234636342683 -35.685756039297615 
-35.08571991540286 -35.18246262898735 -35.800338263096606 -34.8340838256305 -35.678210190276474 
-35.10540724885308 -35.198588895625576 -35.81684173823686 -34.85195767049788 -35.6962672912593 
-35.1142139051544 -35.202926326236664 -35.82335729251693 -34.85901192681021 -35.704477504041236 
-35.068920194255355 -35.15475859807596 -35.77951254119063 -34.812176345332745 -35.661334604918835 
-35.05387883580988 -35.13753017561484 -35.76199769693804 -34.79411513262396 -35.64491890807122 
-35.04583553527371 -35.12982044746515 -35.75494635174361 -34.78646240299277 -35.63761761798297 
-35.037562031951154 -35.122330339698735 -35.747416527716624 -34.7784002044566 -35.62974730048887 
-34.98342924496977 -35.068603359828884 -35.69452960654739 -34.722321697161576 -35.5766442255928 
-34.96282132492435 -35.047908232794455 -35.67426928107116 -34.70084839528623 -35.55639473509167 
-34.96400726392267 -35.04352382609029 -35.6723749323621 -34.699156254878616 -35.556668768235085 
-34.965479695226165 -35.04400740028764 -35.674604534312905 -34.701249276199874 -35.55905916625086 
-34.9484768111534 -35.02550389867022 -35.655835529104564 -34.6817539241206 -35.541069952359734 
-34.94357981694718 -35.02283022740241 -35.65238434303431 -34.67793119022649 -35.53672632255778 
-34.933686212090706 -35.01128521232205 -35.640033880731394 -34.66537120848133 -35.5253022130119 
-34.9416653540591 -35.01958683375376 -35.64772556696373 -34.67358492615004 -35.53293028145559 
-35.00105728241493 -35.0823628116506 -35.70671355865282 -34.7361987800511 -35.59085903151693 
-35.002504138824534 -35.083215186625694 -35.7083243217935 -34.73780982851966 -35.59261494989775 
-35.03153525329539 -35.113060289092275 -35.73962021567519 -34.770344183907 -35.623224054910864 
-35.04087377662256 -35.12256235678667 -35.7499820834537 -34.78104555079483 -35.63334395288845 
-35.03845902700223 -35.122549843699886 -35.75198501682972 -34.782299596917326 -35.63389123436207 
-35.062133306824904 -35.14613041490345 -35.77266393161209 -34.80482064072348 -35.6550559714039 
-35.06394772566661 -35.14628068498085 -35.77440020466844 -34.80654437696106 -35.657294020036375 
-35.059782140322895 -35.14266760409477 -35.77073968621298 -34.80260427873169 -35.653393155673186 
-35.09572901757619 -35.1769102001152 -35.80582869730563 -34.839708178330156 -35.68905534825501 
-35.08260064435035 -35.16296380659146 -35.793484294672794 -34.82643883638718 -35.6768474607298 
-35.13464011638591 -35.21737855442586 -35.84379942318155 -34.88011038420741 -35.726642526765716 
-35.14648734940026 -35.22711484884498 -35.85443648475723 -34.89145945036219 -35.73808452182158 
-35.11290987874844 -35.19502100636049 -35.82464557806999 -34.85925680445817 -35.707282411979946 
-35.08030316142697 -35.16586212860163 -35.79449375475009 -34.82712298395201 -35.67576334463122 
-35.074451312614 -35.160129585269274 -35.789080112921354 -34.821317001351176 -35.67025247574267 
-35.054258599630245 -35.14168988982159 -35.77151943288024 -34.802307729410586 -35.65176938389777 
-35.06369331578232 -35.147178614085576 -35.77625784798968 -34.80809737313429 -35.65845255549752 
-35.11492504243623 -35.19709459692244 -35.82500312282015 -34.860020587616276 -35.707900269282106 
-35.08727557312001 -35.16893281416185 -35.79659855429111 -34.8301846669693 -35.67983444895789 
-35.09983664061781 -35.18600705641873 -35.81077991824195 -34.845112604597276 -35.6923783556301 
-35.08033065318523 -35.16663855664045 -35.79327985829519 -34.82618609431364 -35.67453862907317 
-35.06226811363945 -35.14843731567328 -35.776064781515444 -34.807809375097335 -35.6572592732239 
-35.09678225703533 -35.1865567298741 -35.81014058772763 -34.844153164162464 -35.690268451421815 
-35.11318499494425 -35.20450035739027 -35.82430716045222 -34.859753557198644 -35.7043225916625 
-35.142856031101516 -35.23542621748636 -35.853075846451546 -34.89042216247013 -35.732809140408776 
-35.10450971974569 -35.19796844394739 -35.816634662281515 -34.85159688515962 -35.69586302876391 
-35.09689327193536 -35.19015883738085 -35.80955946932794 -34.84398678227505 -35.688769643879795 
-35.15455793518636 -35.25203573446335 -35.86490390408437 -34.903286541683116 -35.743134380267264 
-35.148628929094244 -35.24611023615893 -35.8596097995061 -34.89754930648829 -35.737744395188955 
-35.18189147388986 -35.28165533839403 -35.89298583381519 -34.93292404929677 -35.770352907188666 
-35.18099330163568 -35.280750115688875 -35.892114302049904 -34.931997828559645 -35.769480862176906 
-35.15544178362413 -35.254945687724145 -35.867853607202406 -34.90607635098014 -35.74513106041496 
-35.091949029532245 -35.18840473621735 -35.807921743121994 -34.841739552447194 -35.685636385332344 
-35.09267069199278 -35.18983016954772 -35.808371748373105 -34.84233768907093 -35.68592203708202 
-35.07451455617533 -35.173757221904225 -35.794564906403295 -34.82692049528339 -35.67079980754231 
-35.07914704550359 -35.17857773711776 -35.79806121465265 -34.83089137541391 -35.67442271269559 
-35.079008639538756 -35.180833010427506 -35.80051905767981 -34.83308124480786 -35.675731309973926 
-35.10877640892906 -35.21155876595009 -35.82936418068462 -34.86381849663532 -35.704384578236656 
-35.171293226652296 -35.2744380506755 -35.88878659511701 -34.92727036181341 -35.76408963224203 
-35.148856162711 -35.25067937000168 -35.864440173379805 -34.90192038959715 -35.74050627799579 
-35.14886708505189 -35.250689555759095 -35.86445134091292 -34.90193204836818 -35.7405175997372 
-35.169007419976566 -35.271943435410265 -35.882494922264016 -34.92156455434652 -35.758541951240986 
-35.171278005257804 -35.274365996071126 -35.88779760906942 -34.92645023564906 -35.763282231096824 
-35.17417797625566 -35.27759591522425 -35.88932816749242 -34.92841742665668 -35.76494008071559 
-35.17249415201822 -35.2763145888877 -35.882818633747846 -34.922757275293634 -35.75912922283385 
-35.1747367223287 -35.27826982695245 -35.88481037961475 -34.92489266349796 -35.76124407346691 
-35.16606514040609 -35.267355437897066 -35.87582824090816 -34.915290741891766 -35.7529997946136 
-35.165440654104216 -35.2665390022656 -35.87503276000875 -34.91447640919324 -35.75229158333188 
-35.18215121895359 -35.287652843593264 -35.89381169623846 -34.93417757763754 -35.76937625733936 
-35.146094710958096 -35.25037283572675 -35.85869262735777 -34.896798402862984 -35.73453907258714 
-35.15182305739019 -35.25637791310032 -35.86430996608442 -34.90277545314434 -35.74008072968843 
-35.15160009428536 -35.25616207521885 -35.864108460506756 -34.902558342169826 -35.73987395411035 
-35.16433562563067 -35.26515459432727 -35.875459210428005 -34.91452618824128 -35.75254478952617 
-35.26611789571564 -35.36548050076006 -35.970143618422114 -35.01596771274403 -35.848647692463146 
-35.27904793728001 -35.38210280794058 -35.98317477099731 -35.03002098119579 -35.86053577139124 
-35.29176786654182 -35.394425589211124 -35.99655179550717 -35.04392027128128 -35.873893603028066 
-35.28640372505721 -35.38860650347925 -35.99314876482316 -35.03981056436328 -35.87030598409655 
-35.29626830237997 -35.39680146807548 -36.00154373170713 -35.04886687692088 -35.8794253690552 
-35.36266530359829 -35.45629027321593 -36.061464816125934 -35.11299109597384 -35.94235760484776 
-35.38456940935271 -35.47634688619863 -36.080987634801716 -35.13398659518022 -35.962787259994755 
-35.41193482802022 -35.50227942590496 -36.107259976434634 -35.161814180004825 -35.989613789865174 
-35.4169002343432 -35.506368037465265 -36.11122382301325 -35.1661606672252 -35.993997608366314 
-35.42148096488748 -35.510335101465614 -36.11597960014002 -35.17107685475639 -35.998896497992675 
-35.45265821291511 -35.54276106334247 -36.14394574368312 -35.201436358008976 -36.026971344097376 
-35.50278684839708 -35.58798454469893 -36.19042569410718 -35.25087544840706 -36.07542436203606 
-35.46724664388992 -35.55064763351142 -36.153754364093544 -35.212380096136116 -36.03955183067605 
-35.45634294018089 -35.538334973191894 -36.14233333691409 -35.20036092226542 -36.02865946945364 
-35.42881189540665 -35.51193259042934 -36.115239577035155 -35.17180955404079 -36.00121301683838 
-35.40445732765332 -35.48788804434966 -36.09423687885041 -35.14887278504993 -35.979599982571585 
-35.465086401822205 -35.548428469238644 -36.148144938179854 -35.20733868451164 -36.03454924003489 
-35.41705255425582 -35.49996591050129 -36.100897641960785 -35.157344036357145 -35.98739461728111 
-35.36673805213651 -35.448935178611706 -36.05214567903873 -35.105532171808434 -35.93869420525013 
-35.38752061215466 -35.475562654083575 -36.06973129668984 -35.12542583561476 -35.95503936884408 
-35.35450417414454 -35.4435349533006 -36.03888053272418 -35.092459677903335 -35.92359591417309 
-35.35425303620217 -35.45009411605314 -36.0420836036395 -35.09557987857862 -35.92418728262767 
-35.352799845746986 -35.44838309543373 -36.04062659308755 -35.09402096432308 -35.92281076966658 
-35.38930922426384 -35.481886511945504 -36.07271720917933 -35.128691580812756 -35.956468116143725 
-35.390784464142 -35.48449945154783 -36.073992227785794 -35.13020118844544 -35.957434634857975 
-35.33187135213163 -35.428528729119364 -36.01813692974849 -35.07086642701732 -35.90030664887048 
-35.33200768700031 -35.4286625288963 -36.01827959205461 -35.07101466983032 -35.900448723192994 
-35.331135424398 -35.430257409894494 -36.019195582111934 -35.071749605024365 -35.90032916684483 
-35.30225393304781 -35.39868584182646 -35.990621269837604 -35.04130186917976 -35.87256492069987 
-35.31460430038972 -35.40585253351951 -35.99896577800456 -35.050649302956316 -35.88310474047398 
-35.316811188061365 -35.4066139862949 -36.000199859376735 -35.052068770475515 -35.884929126797715 
-35.30473936989216 -35.39486543021013 -35.98807318135226 -35.039346528559776 -35.872740064326806 
-35.25478230695022 -35.34822682523219 -35.941585562412314 -34.989781437033855 -35.82478088738213 
-35.27148663514038 -35.36482648202376 -35.955923569017926 -35.00551680130749 -35.839514413836085 
-35.29203534428703 -35.38456527376211 -35.97418129463314 -35.025288906910504 -35.858357518135804 
-35.320964466244774 -35.414744732556784 -36.00157787551073 -35.05468611097382 -35.88558002789169 
-35.39835605394627 -35.488312566088084 -36.07091421170048 -35.12951742635492 -35.95725714625935 
-35.390819671380115 -35.4810825950247 -36.06335303746637 -35.12160107476632 -35.949623839875 
-35.44548148192287 -35.539648313302024 -36.12114704203857 -35.18194449118435 -36.00561424938327 
-35.443524510674436 -35.53780440943842 -36.11927234487757 -35.17996092435456 -36.003695875827916 
-35.47524599008142 -35.57459616308918 -36.15377795551653 -35.216035322567606 -36.03615368534034 
-35.46868308271988 -35.56220395022612 -36.141454988712596 -35.2040526188986 -36.02655551888118 
-35.46337732123662 -35.557442514156705 -36.13630851989704 -35.19865182133351 -36.02123023952535 
-35.449796978814476 -35.54365365887557 -36.12122012907439 -35.18318401011177 -36.00648516039158 
-35.445934478364094 -35.53812716707 -36.1140523352709 -35.176411395175464 -36.000378448476155 
-35.39622499295791 -35.48609751096616 -36.06294269509128 -35.1228042967134 -35.95029752148574 
-35.343618365110544 -35.43304792579703 -36.010387161961845 -35.067457483718044 -35.89797127911976 
-35.356015367132514 -35.4451440057955 -36.02257653785908 -35.080307475025066 -35.910260656759604 
-35.31776852190572 -35.40791173411253 -35.98600271637558 -35.041452435745896 -35.87317917546959 
-35.31459616739673 -35.404774964451846 -35.982954502044294 -35.038212929319755 -35.87010584416923 
-35.33631212319091 -35.43116259598884 -36.0051066290454 -35.06191776769967 -35.89074354191676 
-35.38413595225039 -35.47927644726528 -36.05021226570922 -35.11020260245063 -35.93612252408472 
-35.42486598608755 -35.51706398145129 -36.08728597617464 -35.14994115814969 -35.97460961498837 
-35.418662172340504 -35.51229589620938 -36.07991274801849 -35.14270860192282 -35.967014806698714 
-35.42976961763621 -35.52181689483848 -36.089675879645455 -35.15319395745078 -35.97745664630408 
-35.43315927060732 -35.5238456333838 -36.091533826337866 -35.15545282950126 -35.979972494510946 
-35.42535915256032 -35.51597007295858 -36.08334579220943 -35.14695425379945 -35.971887587656894 
-35.44475536540243 -35.53301454043424 -36.09966693638917 -35.16477606797244 -35.98939073232813 
-35.382241869231095 -35.471550764714664 -36.038461556459154 -35.10015763756421 -35.92777514579494 
-35.41338325561277 -35.50099183629587 -36.07007456018253 -35.13304683957085 -35.95975663705157 
-35.42591852559842 -35.514064171162985 -36.082354338618785 -35.14609691565654 -35.971893635550174 
-35.43026698865309 -35.520270048996025 -36.08631209047927 -35.15059550061356 -35.975351909165525 
-35.44359399073781 -35.53312876260355 -36.100476818271176 -35.165173721293314 -35.989490050848005 
-35.32412283089589 -35.420468036293215 -35.987271367552964 -35.04504436625736 -35.87343072202488 
-35.35136467591494 -35.44903489218785 -36.01896032935106 -35.07717691536159 -35.903923539784586 
-35.3334326724533 -35.43470555553611 -36.00168273210272 -35.059241060605785 -35.8854921279152 
-35.33463790200278 -35.43598037668919 -36.00205527718151 -35.05989429255328 -35.885980667841736 
-35.32120710701393 -35.421358609034044 -35.988413634748625 -35.045466595173764 -35.87275835057507 
-35.36504189356181 -35.46635554646544 -36.030179948408446 -35.09016122000759 -35.91443458516116 
-35.36327373209417 -35.46215801707919 -36.02452721654561 -35.08511416802399 -35.9101640391611 
-35.36299860942124 -35.46139854233016 -36.024120589396276 -35.084667316837354 -35.90992532091387 
-35.3318906575726 -35.43535444481097 -35.99530320234305 -35.054294708237066 -35.87926633850837 
-35.436468652665184 -35.5388715857316 -36.094928680145586 -35.16043034714774 -35.97983073279143 
-35.424752412940734 -35.527308094301446 -36.08360614693905 -35.148426809667114 -35.96841963380686 
-35.46441100958343 -35.570010471679424 -36.12355512538852 -35.19071176534102 -36.007326806075966 
-35.54104959583756 -35.641275638398795 -36.194173028090106 -35.26610768394039 -36.080415705618634 
-35.544398992276854 -35.64625931738878 -36.199044866356445 -35.27095798627667 -36.08453518377296 
-35.58244144216269 -35.67736319979737 -36.23157939204512 -35.305984336095406 -36.1200018115826 
-35.653497427747126 -35.74639871592177 -36.296445786584016 -35.375807299677646 -36.18637331708317 
-35.64833743910815 -35.74165717025748 -36.29184620039862 -35.37085247766254 -36.18156415345658 
-35.63716957259487 -35.73072326031338 -36.281081331999445 -35.35945007254162 -36.17068317024409 
-35.63718226090674 -35.730885040999596 -36.281218572577956 -35.35957350754752 -36.17075472808688 
-35.64570625573748 -35.737994821400264 -36.288630557722044 -35.367531486722385 -36.17876134946174 
-35.66707341886145 -35.75954471887643 -36.309290271710296 -35.389472267373066 -36.19944321066495 
-35.75165553350598 -35.83812800782728 -36.38906101873687 -35.47400229464611 -36.28165898305453 
-35.77362139686767 -35.86102927738514 -36.41135473335849 -35.497416181030246 -36.30357446623434 
-35.70860015387902 -35.799130027417874 -36.35114850082968 -35.43307916757989 -36.24174868531908 
-35.705894913160435 -35.796872098270924 -36.34831636783123 -35.4301999356464 -36.23880872993796 
-35.69443967906551 -35.78788665377259 -36.33811184321243 -35.41939835525689 -36.22767482615396 
-35.67536795205004 -35.77046292963058 -36.319633700727024 -35.4000153948804 -36.208638926489314 
-35.67347435549628 -35.768847924554834 -36.31797572157561 -35.39823527906512 -36.20686142691963 
-35.68125077826558 -35.775915886641684 -36.32753513026121 -35.407626166548454 -36.21632010138383 
-35.71133828241457 -35.80473799704997 -36.35442328766007 -35.436703761460436 -36.24406610498575 
-35.71435887164502 -35.80905452569398 -36.35823377625428 -35.44061859520471 -36.24734894626319 
-35.70946793785237 -35.80780041440792 -36.3554180373048 -35.43746962129802 -36.243101799417104 
-35.70999710562795 -35.808695087187374 -36.35564058517812 -35.437845941701696 -36.24326468491286 
-35.76248812836184 -35.85858004693556 -36.40426417135862 -35.48977961440963 -36.29321795778475 
-35.723796636355246 -35.82130024751912 -36.36836679681559 -35.45139313357804 -36.25650303414365 
-35.71730568370387 -35.814073762807766 -36.36066215512601 -35.44359266019606 -36.24923528235804 
-35.659101524334886 -35.76017522271516 -36.30835537857368 -35.387363664565314 -36.194759740143354 
-35.671540690623104 -35.77132893552795 -36.31852304546811 -35.39858986223291 -36.205669763343934 
-35.638560801048 -35.74020323114908 -36.2879667639849 -35.36597700204979 -36.174214524324086 
-35.68446674839308 -35.790992026244396 -36.33774648722475 -35.41767729713456 -36.22178808399144 
-35.63716616866435 -35.745194907785034 -36.29190621510617 -35.36927366182607 -36.17534345228283 
-35.685775283654806 -35.795942813923006 -36.340734964590766 -35.42076945074217 -36.223396658079054 
-35.68744225127155 -35.79812228204807 -36.34333890529679 -35.423281478469335 -36.22568656877051 
-35.70871222222456 -35.813304455061754 -36.362481223395534 -35.44325742511835 -36.246975493845156 
-35.71274067339027 -35.81718328635347 -36.366219905920104 -35.44725387468242 -36.25079980467909 
-35.70011826980314 -35.803829171606694 -36.354090849929776 -35.43427170591343 -36.23883289342413 
-35.7303213030178 -35.83965289811496 -36.386372142038596 -35.46825552846573 -36.26901656167354 
-35.73688032564503 -35.84618635929829 -36.39304908287994 -35.47522881561342 -36.275668707657985 
-35.72945437006139 -35.836916186133905 -36.38497191279019 -35.46670866604464 -36.26826995849365 
-35.74959030948938 -35.856804536269706 -36.40348781814964 -35.486617055449756 -36.287092045361106 
-35.78722398641908 -35.89659366673935 -36.43987961252287 -35.52548881899315 -36.322969292802924 
-35.816949259747716 -35.9206592333032 -36.46507059666074 -35.55260467631007 -36.350565058636604 
-35.805797681227745 -35.91237331632131 -36.45550814652539 -35.54244274628033 -36.33989562388054 
-35.800568304697194 -35.91018898243857 -36.45177726856346 -35.53845865504154 -36.33500716202121 
-35.80770093151122 -35.91758495268982 -36.45876154942327 -35.54587147051092 -36.34192306405356 
-35.813712312168064 -35.923935718334775 -36.4641085737904 -35.55173490964833 -36.347267133622836 
-35.80185152420576 -35.91160286562604 -36.452501467080225 -35.53940891928701 -36.3357828716922 
-35.795495242032445 -35.906568067072 -36.44820092089543 -35.534432388831675 -36.33075305839658 
-35.8506888418339 -35.96003532701812 -36.50143889057402 -35.59070081982374 -36.384731141058566 
-35.850075841505344 -35.959499070316156 -36.500666128559004 -35.589948489340316 -36.383963143933315 
-35.84796934787775 -35.958520714232606 -36.49871801066814 -35.588001637993656 -36.381652667238626 
-35.850962681376984 -35.96271304193277 -36.50252539423765 -35.591905395054766 -36.38495688121077 
