3.9869292127945926 -0.4700077877026274 -2.587956733130852 9.101708498562303 -1.0258240257799969 
3.7670979272245972 -0.3752015041525283 -2.6577031110481215 9.063075425032025 -1.1828109097522628 
3.5240904238370376 -0.7753173297817426 -3.1437015063863356 8.038521688695894 -1.6243013646828928 
3.504537342224836 -0.4995575654082103 -3.058515189553205 8.324593146587631 -1.6208177800730823 
4.126336755124882 -0.2075399878151245 -2.5739750857993755 9.263270464076214 -1.0518835355107825 
4.053088631220049 -0.046821938425239296 -2.574423945494047 9.354911612473401 -1.1165844418840152 
4.027480498896793 -0.05728643908842912 -2.5840902069115117 9.33499136780032 -1.130050672835381 
3.9829648321062905 -0.0874563876832326 -2.6148794474702726 9.268803260992534 -1.1642376532737586 
4.033828278863538 -0.06872441869627721 -2.683234307568881 9.144543867573546 -1.22516295271096 
3.548516686184499 -0.7616798807403882 -3.135928067263265 8.05581024250602 -1.6139751672669576 
4.264264089695928 -0.6928542995359805 -2.951409686724091 8.30020870810614 -1.2631525751769885 
4.271785115131536 -0.7427055639647193 -2.9819120894759408 8.216750492906755 -1.2781199387136013 
4.285148727537887 -0.9376275736257611 -3.0922852728099457 7.908545099848112 -1.331197784723372 
4.253808829164996 -0.8776844930135894 -3.0639300334702995 7.99927694157082 -1.3274472606894108 
4.183013594871085 -0.937203094646307 -3.0889669370734367 7.9354049202367705 -1.353032332680698 
3.957223974114328 -1.0923678618016766 -3.292035283289124 7.541132796842142 -1.5738403361469722 
3.409883133961486 -1.2531475179818727 -3.349568267643761 7.445503425687242 -1.7240022588617308 
3.488288032094232 -1.2040741255540013 -3.2384790752600594 7.642942356008668 -1.6038917263693975 
3.387176152969431 -1.2771432174800026 -3.0055012684298106 7.962261263310282 -1.36740469131081 
3.4166619479955926 -1.2385138682502372 -2.9773795951102784 8.028707382376112 -1.3425790307447727 
3.4723489004276615 -1.128121021760677 -2.7957593396917844 8.370115785762287 -1.1748595038587695 
3.768260426089981 -0.9157733212021242 -2.6032937870232615 8.787946450479943 -0.9624869555954945 
3.936591111803793 -0.9529242998968357 -2.471932588356438 8.932802063733114 -0.7675724453087582 
4.176456281715929 -1.0034347572675557 -2.397163873505619 8.968411672071362 -0.6064175772042404 
4.059671005865212 -1.0271365940819948 -2.446946326168714 8.891488099220723 -0.6827665922473898 
3.9645908326143626 -1.0928507919914097 -2.529116026603532 8.730081396974036 -0.773076821841201 
3.7334398437019303 -1.104945368851375 -2.4087406113415852 8.90407802505343 -0.7071598300370425 
3.6518911122883537 -0.7420074023699499 -2.2408728459852227 9.454034079715846 -0.6775118024656166 
2.9063725722496514 -1.5016779470307426 -2.997338035429763 7.835685440645925 -1.4213131129882015 
3.062442253810403 -1.4349128740158932 -2.925938813291083 7.976607435248006 -1.3249178381314266 
3.506092099140261 -1.3182587686997351 -2.7856372215362057 8.230486246952367 -1.0928228860586273 
3.979619624334049 0.3684576028433355 -1.9118381249590044 10.771832400086375 -0.5893085643015041 
4.251533523951295 0.2670159783496473 -1.938202109017567 10.654013877168502 -0.5118654325804073 
3.6408957309088947 0.467623834853768 -1.9385141137684911 10.776897359687553 -0.7385310383768768 
3.226719616586621 0.19806594259806332 -2.3644402926558428 9.883840083156407 -1.1989138088975295 
2.8193443652500747 -0.2378646583691051 -2.8493651950592636 8.840261307609019 -1.6699985372780617 
2.64923686374334 -0.1100174252010504 -2.7192527251869336 9.106845586336632 -1.6261276393588417 
2.6380794998910346 -0.42957066738516403 -2.9649279037267178 8.555781237139435 -1.7826842040014697 
3.675203917461758 -0.5855522900702397 -2.3437459875403306 9.431659769329457 -0.8260315585551865 
3.9280840561645363 -0.5351946201940052 -2.301283062283048 9.51978742721051 -0.7278587864725949 
3.814541607168721 -0.6998636960144751 -2.4220836959437264 9.219548222346198 -0.8314815428178406 
3.615806241514349 -0.6238687644561765 -2.329477002440015 9.425428861150586 -0.8162717888553317 
4.863117615412719 -0.23691008501363342 -1.6233271493508 10.705470184151807 0.13724707472881903 
3.5110936260757057 -1.0147603141487025 -2.7076728758295445 8.580672576983204 -1.109514580079363 
3.4443534192894276 -1.1608105250301861 -2.7781117675403664 8.372403745983519 -1.1538680158368209 
3.402343501389595 -1.502677662393154 -3.246126315821172 7.444185326187565 -1.5410453573850447 
3.3336942253715733 -1.5495785424812851 -3.3278862165830105 7.298914086742826 -1.6295178072995782 
3.88398028604675 -1.801267093955417 -3.4534283195764033 6.8365523673967985 -1.5372625909599265 
3.274274085879867 -2.059395047971151 -3.78274965866143 6.279378454022712 -1.957552969007196 
3.312932423760543 -1.9028926928808971 -3.7140242762542215 6.48152810505497 -1.9259191097038553 
2.644857844858734 -1.9631434408796338 -4.1721047511383915 5.841429184544964 -2.5557525675354356 
2.846600824880909 -1.835735649626315 -3.9414936586536413 6.2467125325084325 -2.304406849052171 
2.9077179531360002 -1.8261741559005173 -3.8367231059307016 6.407308386493725 -2.183245862663341 
3.4527944504999653 -2.2216193026904847 -4.116434099198898 5.622617871091208 -2.2141683035977167 
3.417171524740141 -2.3257228679627104 -4.141932767644434 5.5255563094246725 -2.2162383297709027 
2.5301990531913106 -2.9630841145745848 -4.594201639832377 4.627316714187785 -2.710893578584873 
2.5442535567977274 -3.0247305793367047 -4.615061585187831 4.552811637385588 -2.7087487113034285 
2.5018408347256553 -3.0973237717103927 -4.781551256260698 4.274256206621146 -2.8728470933876764 
2.1178977478438554 -3.4095633221000696 -5.068822055235273 3.7425684036076916 -3.1727571092385887 
1.8573140742106347 -3.723797640380866 -5.3177785946273985 3.24425299714116 -3.399480097261261 
1.8584172859613375 -3.730605844654349 -5.318503582885953 3.2385372061141595 -3.3976609819543597 
1.817330816600773 -3.701510192324008 -5.239362692491156 3.376693931432584 -3.333814553406839 
1.6872683343512165 -3.3234189180393514 -5.036361636090319 3.9276050258119 -3.2797869294922606 
2.4924853476248217 -3.0154321706157816 -4.833178292901621 4.251050859568878 -2.9571365394047575 
2.2620140739146564 -3.1160386687672883 -4.998755072839401 3.992865533739689 -3.157973733216295 
2.720166645476894 -2.9786441335674567 -4.7922099477803926 4.28155295468062 -2.8687044246631785 
2.7287599281759043 -2.9730780452828753 -4.788822981871249 4.288011544378946 -2.8647879655096773 
2.477071091316887 -3.2113079085384584 -4.928514466297898 3.9907676514671238 -2.9979957933905155 
2.768437165928532 -3.0893075253030275 -4.829812729945047 4.1435703924244365 -2.860406923246387 
3.0912226597889116 -3.1654888025864807 -4.672930508411355 4.240758928885626 -2.585092868224393 
2.570215553351588 -3.217112931554553 -4.826855689534014 4.1136023213383055 -2.8636664202983724 
2.4444963650192335 -2.863201462505259 -4.870204215291196 4.292191229812644 -3.057011079389227 
1.627367840297353 -3.0179104503723693 -5.259210885479931 3.770204872944973 -3.6214341559317944 
1.6489623600679408 -2.9698950741465353 -5.245175077859059 3.8100860342027403 -3.6156782321392313 
1.2125040743857198 -3.3014920145999582 -5.556323686734217 3.2514663132520667 -3.9494478861731324 
1.4893304957861062 -3.0310602185689817 -5.298807112932792 3.727132727940031 -3.693841193617942 
1.226043502749718 -3.093347480437501 -5.326432123603581 3.7002162422125906 -3.772851435120387 
1.3209097055100898 -2.898866093695844 -5.216547348756819 3.942973965199144 -3.692905471704492 
1.5725109569652602 -3.013343859845534 -5.188575293207535 3.8936402351347823 -3.564538855936192 
1.5726885480676316 -2.9649713647874876 -5.177910605472135 3.9330726525832063 -3.567979354434371 
2.326368300919924 -2.4140583909356934 -4.861826757244145 4.545502211930767 -3.21299523654136 
2.392307641349092 -2.532822932649765 -4.987486633189903 4.26456817047216 -3.2918710441276176 
1.8315023702457438 -2.539228054640816 -5.305686373033026 3.8267492731470583 -3.753241730245392 
2.0919653489829244 -2.5567367737387343 -5.08896424867865 4.148157148017432 -3.4633008133538112 
2.0313910147135203 -2.988975224836409 -5.192022232027696 3.80676711437431 -3.458023013472186 
1.9434444781498001 -2.9280733553213025 -5.190402366579278 3.8570214296202323 -3.496719601517853 
2.0048389570493867 -2.9964714058730664 -5.196977936075626 3.801228098435814 -3.4675636396764986 
2.040952727625168 -2.9257486094830227 -5.164827741656481 3.878330759037297 -3.4464422046601157 
1.9692544879843865 -2.9403599750601472 -5.201997787645098 3.826756888182274 -3.4985561145555977 
2.280512231100957 -2.9197945274755455 -5.079684927160969 3.964851286816156 -3.2999116081920477 
2.2485486139906357 -3.2080576343508227 -5.266439178702143 3.5258710387600587 -3.414592617099828 
2.061014924628168 -3.6385593513435737 -5.454676937626161 3.0457273642431346 -3.5223482576010525 
2.465821591995862 -3.145599881570732 -4.966735856180122 3.976422027299364 -3.0632596813633626 
2.8180963782427426 -3.1373127256063498 -4.900633020800484 3.992347468561377 -2.9083414313102196 
2.4885577232542744 -3.1220919590112715 -5.0130414597770425 3.9132082734472675 -3.1145037948438414 
2.760089075921144 -3.1049104204899436 -4.957446562461627 3.939175297689829 -2.994196991212263 
2.629529624304169 -3.2802753635222928 -5.20597118745242 3.4802727998188345 -3.2347348404111926 
2.9551477905564667 -2.9985323081703967 -4.9835773055876444 3.9019126352248747 -3.009994627604371 
3.5541664298569913 -2.9088105854416852 -4.756315575595181 4.143691000394597 -2.6539587466778727 
3.363261584501714 -2.8864568639160098 -4.916253554853213 3.9486518605771437 -2.878637697645445 
2.895372427749507 -3.023825501869254 -5.1020959194625135 3.7082597426994113 -3.1428327012535817 
2.942646085920046 -2.8445179902041104 -4.961526377803935 4.022548907156619 -3.038391752554702 
3.1056486097171074 -2.988023531790418 -5.027039405542112 3.7888400830758684 -3.024708067109273 
2.992485594594399 -2.470474368325597 -4.835332673839105 4.400734886300583 -3.0078061570182086 
2.9966389284774237 -2.4651962277911252 -4.839119846083207 4.395020729295382 -3.012382952883172 
3.0006023464886766 -2.4624654096259633 -4.8377470490583505 4.397497682930904 -3.0108246019989053 
2.495038174447572 -3.0736818262773653 -5.192460004843653 3.6480973071523835 -3.31849340249029 
2.5095952279480542 -3.112626147850875 -5.238885060598591 3.5473942559209206 -3.351958669249086 
3.166527674582028 -2.7035942975084737 -4.9770179065497615 3.9936106223546943 -3.046464306909229 
3.663889594118686 -2.645693731691864 -4.717286340643483 4.320620137927108 -2.6727949014054246 
4.157562835854023 -2.617275662288179 -4.566388631170099 4.431635241328252 -2.4075300133449957 
3.9556292521059078 -2.8245903793847162 -4.746339307781398 4.073825545961711 -2.5805650388849983 
3.833172533940285 -2.9926970981363894 -4.7471522316581485 4.015487116567073 -2.5519187281606577 
4.614265344184389 -2.5679690703937297 -4.367926309433912 4.640904589661943 -2.1052425548161864 
4.526559861787234 -2.638281024270725 -4.4115894034154906 4.554323427843215 -2.148613694158115 
4.41742914946137 -2.577029106145517 -4.57143157844601 4.350697411448223 -2.369905612652474 
4.86291771941508 -2.4025640010485176 -4.4144859363374565 4.5597758291975765 -2.160115658657787 
5.133642468517934 -2.2188248157450943 -4.220457434322 4.911378859332444 -1.9497174753832098 
5.42479858320614 -2.120324753043562 -4.2625872465424095 4.76370943421081 -1.9700325412580781 
6.243182518942497 -1.8826797456924709 -3.9695054530193943 5.106346605125921 -1.5610457211744233 
6.205146541605117 -1.8882501283398483 -4.0091263657146925 5.040900066800873 -1.6111009618097967 
6.062541987525442 -2.078426025763264 -4.113281961206965 4.801890612944135 -1.691898485540392 
6.412511120972887 -1.942019867630279 -4.006053425081262 4.926898979778784 -1.5505137974083425 
6.661931857183838 -1.9177602673814533 -3.974126740213052 4.888035388449552 -1.4763409062398978 
6.661807041929045 -1.917448470117293 -3.9739218878019926 4.8886677276169905 -1.4762365066861065 
7.30183593364351 -1.315219103312728 -3.876172608792885 5.013375172609585 -1.4493232938554712 
7.392384319401664 -1.311660643953502 -3.8383031261598006 5.057259093236624 -1.39243310733508 
7.364160078316999 -1.3165328086742534 -3.8075813929202553 5.143966558719114 -1.3610800056522407 
7.9366090626598265 -0.9924320926226216 -3.3852438897354773 5.940048879040873 -0.8895011553110379 
6.947515880624749 -1.1854234511775843 -3.645536938384467 5.765643039227214 -1.2935425300024974 
7.40019258581831 -1.0567284420242373 -3.5031352492801915 5.913712754810021 -1.0942053559210052 
7.413265321219569 -1.0642692078484544 -3.496868447929529 5.918915011816054 -1.0824640863236965 
7.544105837581888 -0.9723870569606419 -3.4709172230219423 5.945056185384388 -1.0596583467222302 
7.5164831003601265 -1.0084787620170061 -3.537331874647208 5.79305344636829 -1.1277881355572674 
7.809293336545636 -1.2527493775031928 -3.5268318965603385 5.585118346256863 -0.9872389728241728 
7.846162395854165 -1.2533908278106338 -3.4809452569868 5.66895796313311 -0.92821638700768 
7.49554131513932 -1.5325246679959719 -3.892891634363224 4.806428821988348 -1.3659554050946383 
8.193979662347658 -1.5483507203905305 -3.707897077909223 4.854641803766114 -1.0326362967134486 
8.791447451891337 -1.1454265639936523 -3.5444839645142707 5.047359839817744 -0.8847458308296154 
8.58628600315459 -1.1714185732749343 -3.6082592507483326 4.997814014208117 -0.9814154467314893 
8.515548275448168 -0.9155265106768695 -3.5840497468883683 5.1537201237173065 -1.0462745707447993 
8.945652477912013 -0.675098038067631 -3.4581137215485285 5.264770353692327 -0.9116551163954796 
9.355474720106379 -1.1042989328198587 -3.6070970272953105 4.536692605455869 -0.8859197968238135 
8.885120078738098 -1.4194435674032206 -3.8084142241694536 4.230368670624017 -1.084694801257882 
11.336025938015013 -0.7731792160473532 -3.076668471016646 4.784780893734776 -0.10438546413057281 
11.34886677117202 -0.7923824171109004 -3.0937175005001905 4.720010447007397 -0.1162856792176683 
10.436546170188478 -0.8545670585067597 -3.36243513944072 4.536306801337744 -0.5315546127719273 
11.851507848050154 -0.7024371650767165 -2.9524311463849386 4.807936534687087 0.0841872011703515 
11.781707644842975 -0.7041920929803922 -2.896944822940739 5.03015919597982 0.14229593522010475 
11.509613574640234 -0.8764719456615353 -3.048888259041121 4.731330251221422 -0.012880835552309122 
11.34039670921429 -0.9692264769801824 -3.111509049413712 4.644885808241341 -0.07650993201536949 
10.785945325787011 -1.2680023617686658 -3.434364276552202 4.00452651787846 -0.42772268090438104 
10.193913567216605 -1.7329814025411423 -3.6619889772377263 3.649131408104452 -0.6117409000426619 
10.281031100239197 -1.7367121479012582 -3.6270828378033144 3.6838832415024143 -0.5562666043056765 
10.465916551398522 -1.6596344959927762 -3.528995560353877 3.8561451902084656 -0.44149582246686236 
11.033463105738448 -1.6082099929609086 -3.298679378580701 4.111545138215192 -0.10393408721645869 
10.57766683824508 -1.7641862003886928 -3.3492797185606094 4.201888903583779 -0.16649564666930416 
10.471615915109261 -1.715649059962601 -3.3680586589825765 4.249897952040456 -0.22361460757338136 
10.651230387807793 -1.5424134646656 -3.271671823283782 4.464055118157944 -0.1485938089460035 
10.72935466792503 -1.576950602769088 -3.209422538880702 4.5501351447833684 -0.04803217657433834 
10.677822031619371 -1.7783119599863397 -3.1974648654844913 4.485941736913674 0.041196424002819754 
12.452459601247803 -1.3949490392294024 -2.8462216856726315 4.459626747165601 0.5545803951042103 
12.093189879209554 -1.5922593212851552 -3.0321998612415655 4.095485173046342 0.3586986747639571 
11.89321100521687 -1.4802407704511324 -3.112364572774851 4.075622869650843 0.187291423322975 
10.99790455919377 -2.1055108543314702 -3.5831438868114702 3.0767256034294945 -0.25720806529741935 
10.294548903797853 -2.754472310860791 -3.7856911233568837 2.623119558837786 -0.3281640401290815 
10.245930368117286 -2.7389101975190044 -3.7973520869550867 2.646651431700377 -0.3572421916385906 
10.158559468340918 -2.6401495802191874 -3.775015610378574 2.853988036607845 -0.3865302622264295 
10.156019278262718 -2.967960070830628 -3.6887489240083653 2.7364517170532423 -0.1241243526583986 
8.910053573793931 -3.1131596052576924 -4.01340733896771 2.7709803738638783 -0.6664937187242828 
9.578222305450787 -2.887257026440878 -3.822372217908594 2.9369830842566813 -0.4224456387394042 
9.446609898067976 -2.9468772857516683 -3.8735590470440115 2.861931131539336 -0.4804663792683357 
9.20266333131373 -2.9911942831295733 -3.935471621840847 2.853694635633218 -0.5769415763174379 
9.336962650090342 -3.151314652855646 -3.9090540702462704 2.658896412930403 -0.4472184162485888 
9.344314493859542 -3.148680896361995 -3.906081362323519 2.6625978130675634 -0.44349301724233214 
9.113777834496162 -3.1525900135055167 -4.040181842746463 2.544399969019153 -0.6494108401998773 
10.19893999663087 -2.8773858826280474 -3.699166627172957 2.7795815847333785 -0.17476826650792532 
10.38964911264776 -2.812231897669264 -3.6341361121383073 2.8509418596445357 -0.09359928524209238 
11.139800476344597 -2.6211395228814496 -3.475383681039176 2.844194135100139 0.1291607533902237 
12.075714385088595 -2.2772347393178762 -3.160648348887591 3.2331283633257755 0.5009109593439689 
12.377941518897046 -2.280467936542081 -3.0385615739841114 3.2970332627593564 0.702351941175678 
12.615308607654775 -2.412411710901182 -3.052648811692393 2.897776886028055 0.7831853202143577 
12.687759288673256 -2.363677275460944 -3.0153911680197325 2.994740740102145 0.8168942472965028 
12.267445061306375 -2.5945448928573 -3.2156490411808676 2.5355012095213993 0.6154156472219654 
12.189375060889752 -2.5924947980861504 -3.2462241943806305 2.5299930434262876 0.5631424805644798 
11.89245603645292 -2.7606797421572082 -3.259893714162999 2.5625634522803153 0.590291526130656 
11.869064882789573 -2.7640455557356347 -3.2758309799287417 2.5389028443738653 0.5675944454651045 
10.568579648084814 -3.2193570879774853 -3.8617669487825736 1.6302705145610616 -0.1567261388562855 
10.527307102330909 -3.230754064524916 -3.8777096072074784 1.614765226305181 -0.1780018339756282 
9.984754541274945 -3.5223163650442757 -3.9647793934977074 1.5631676657100826 -0.22773966813288382 
10.168200349671096 -3.458662427280416 -3.901862016423081 1.6257341242852732 -0.14911851955677946 
10.35400966639061 -3.346530504143388 -3.793554113833821 1.8727027499644606 -0.03700670915620208 
10.406451577312254 -3.3608295753966075 -3.746356335122641 1.9132343517352126 0.041196108107982354 
10.639350508955815 -3.264755964779283 -3.7005255882358483 1.9398643998751481 0.0872803676709566 
10.645663999969543 -3.2394211149230188 -3.718401182953315 1.925603310916685 0.05133063152324269 
10.466040173853138 -3.510592834318942 -3.7493280132132725 1.6038001744958734 0.13016800110554527 
9.628403496786262 -3.9917777792791753 -4.0331060425157546 0.970049055427566 -0.1152636589067697 
10.301009857113385 -4.043842576196809 -3.581843651677275 0.9711652327781337 0.6641123123389718 
9.604686036330492 -4.178782158533124 -3.9121368071221667 0.851722113800264 0.160192853494749 
11.177546173501007 -3.6346331762253072 -3.307112267102241 1.525469622544989 0.9333958054087645 
13.07453223831699 -3.062324542644191 -2.656608445006313 2.091993836559311 1.7889949937357272 
11.848350253967347 -3.5359586009927853 -3.0175559235795646 1.5106935360067837 1.3980106769090526 
12.223092955817599 -3.396695384553041 -2.8849565089416984 1.7160893530568018 1.5546346581933363 
12.763467008085357 -3.4332903686346015 -2.434427051241883 1.5185121885949684 2.357274756103621 
12.762069389578379 -3.4897686970981567 -2.2600945472886593 1.5107557235520659 2.676997941237019 
12.222936393896028 -3.6045950983991304 -2.6330756164018965 1.3499710198639292 2.093144995436731 
10.330291195831961 -4.303660766254865 -3.293444527130802 0.3977519367793576 1.2923791004108978 
10.164033658372162 -4.375448076315095 -3.350133959883962 0.220559938391375 1.2342683976832376 
9.738784793681823 -4.602319922551175 -3.1854646742227004 0.29545659853850736 1.5730741440525833 
9.707141902298453 -4.61532901016183 -3.1679929080974176 0.3182620321574774 1.6033590060798133 
9.726441896999283 -4.608638282197873 -3.1550154805365054 0.32993711198855635 1.6220247939144485 
9.700226760956866 -4.619452771037388 -3.1637610563033007 0.3139220762161443 1.6120357202483007 
9.495998712375496 -4.730830126639148 -3.0933219616876073 0.13802040129959892 1.7781458726247763 
8.742614980851165 -5.042105006401215 -3.282905094732328 -0.25618297447347516 1.5818813498172375 
8.850609927556775 -4.967343303563538 -3.4155929817065527 -0.10588437764602077 1.3278949202484966 
8.759451566063852 -5.00823566455594 -3.4133316956397834 -0.1403002381029239 1.3454077788236276 
8.546181017960066 -5.0641057894011965 -3.708970989415363 -0.31634281967724576 0.8892504759234896 
8.374301141266713 -5.131816238584392 -3.8094811203726238 -0.4457948812807331 0.7542240382403236 
8.257015421694454 -5.181237900598788 -3.8340111508653365 -0.4737233910128822 0.7293347409194411 
9.226898811144203 -4.726055295058174 -3.629872365653199 0.10550027920814387 0.8846801812154723 
9.852394490913113 -4.497211555629647 -3.329503127756155 0.4416138787182007 1.2860744170431957 
10.039357634944523 -4.4307644657092595 -3.233529789440013 0.5468679961144147 1.4167382341085641 
9.862418096940779 -4.485693209822529 -3.288169518625395 0.548372241753242 1.3392528535959656 
10.589312764719132 -4.253980372249529 -2.978153675713685 0.7051618195810931 1.7792053933197565 
10.854227647666981 -4.143715339121783 -2.929868502288258 0.822725147332207 1.815488029940724 
10.38758973529277 -4.316234829378502 -3.07320802311213 0.6619459468144271 1.641516842535708 
10.554199316469322 -4.2769188413981 -2.984740082217172 0.6241356374496547 1.783148696529409 
10.2193511948269 -4.396690377744477 -3.175457200657263 0.3524127060801021 1.5237565206283676 
10.220256830141231 -4.396204787393003 -3.1756567901214936 0.3527839467293319 1.5232382303970553 
10.21290428644064 -4.372769813058582 -3.266674851471251 0.3439103144030895 1.3639592694723035 
10.029229898735686 -4.45673896546171 -3.277744481917864 0.2975020755623916 1.3757796603330235 
10.072665483289072 -4.319425080015307 -3.5470441313936334 0.3714510414737333 0.8748869148858063 
10.475539468179576 -4.255287731199772 -3.246857547569661 0.21259175210222736 1.3647262250885461 
9.726690762490819 -4.569276473435707 -3.437230193421456 -0.18171916273990973 1.1771765829104908 
9.783130413264836 -4.54233672270189 -3.4272890141667034 -0.18099586956078895 1.1839523724784868 
10.93533149016303 -4.149056590585019 -2.8649149615428513 0.5613377694375572 1.9485329615378362 
11.54198885298549 -3.9378355994577703 -2.610215131903985 0.7333159129429987 2.293153706840073 
11.477863634542345 -3.9441059798011935 -2.6566255779825383 0.9930291508834017 2.199482495656639 
9.854217680231535 -4.571140649078444 -3.175051594412963 -0.12318024158444985 1.6098217954033345 
9.449949524558576 -4.701122204862173 -3.4617890393027295 -0.2824736433732795 1.186400272671733 
10.698858715161194 -4.2692383939086085 -2.7042411071174683 0.6651266876177999 2.250568624393125 
10.795706212003104 -4.231865538702024 -2.677660376485477 0.713341040171457 2.2798208271552056 
10.796273029868416 -4.232802192801984 -2.699025834426223 0.6605621214832951 2.2486381319547206 
10.286445079179522 -4.4278218630337705 -2.601684193639855 0.6774038932970541 2.4664571262725588 
10.554927896110158 -4.331878607261515 -2.560143265376169 0.7234915499906833 2.506449726515598 
11.021478360178229 -4.134678844908265 -2.6951248079833334 0.7960908861097948 2.2128023380775232 
11.048604320685591 -4.118275548259845 -2.7116137011399104 0.8245821632369257 2.1771448426764977 
11.036318344334113 -4.121680955044539 -2.728492126050881 0.8043943309655219 2.151448398251077 
11.626311402329371 -3.895177769471985 -2.550049723044694 1.1388038981398694 2.3515633276767005 
13.12424667609821 -3.365754315975309 -2.1261122207200884 1.729732779362763 2.844662404717937 
13.11859395424446 -3.369759015861149 -2.128882279358379 1.7037543513623206 2.843552263545618 
13.101111765742282 -3.3733482932417616 -2.166394127477119 1.6243790565707599 2.786646147820278 
12.056214423573053 -3.665324128515394 -2.730346499102666 1.0317656747854613 1.972802973696119 
11.72607493283244 -3.800247690168632 -2.7857463316659903 0.7103526227735841 1.9454859397868915 
11.674445800309506 -3.82849595004744 -2.789403211620794 0.8156354573854827 1.9459418589906363 
12.380510280189164 -3.5470697678369163 -2.6346743501732846 1.116376212089719 2.0849436243064474 
12.300240841677642 -3.5766621971600756 -2.657382966597467 1.1070326426276864 2.058435970040037 
12.179765750902 -3.5901133979128304 -2.7590915895179933 1.0965916841787617 1.8919436177956044 
12.042116445081774 -3.6806636558972343 -2.71023424090599 1.009325438253569 2.013882188790433 
11.67492547320468 -3.8296366749738837 -2.782380505927719 0.8869487956239794 1.9542940763195986 
11.196762133870585 -4.004904720332107 -2.9431928332781183 0.6420896223119712 1.7610593118444058 
10.220869600083269 -4.349352104355958 -3.3425403175224915 0.23622519418030663 1.237078966335531 
11.966634630872015 -3.6982894124160453 -2.758632993918141 0.949144375626986 1.9418838414693766 
10.45523768704765 -4.263048523837966 -3.2537547578785535 0.3135312012100684 1.350878926441439 
10.449285797901432 -4.2653534982416375 -3.254830461775782 0.3217765864293938 1.3493913739894623 
10.4938180501183 -4.242474606937279 -3.2523961927621485 0.3644777042155596 1.342885252480329 
10.761746774295275 -4.130560549480336 -3.1887787871965827 0.4439503749149054 1.405219206457673 
10.73003816937716 -4.134119902731513 -3.2193272086392994 0.43435169225067227 1.3558915044775546 
10.718123753497146 -4.139566388416597 -3.2215090509693027 0.4249094308622432 1.354725027462166 
10.82675868615388 -4.06017115456082 -3.206848334588571 0.7763141208633613 1.3255519761365946 
10.829921926481788 -4.080511070077563 -3.09549668628037 0.9266390345487849 1.5044454266390375 
11.228999905190243 -3.910414982824335 -2.948136031610119 1.2339660230554017 1.6669593104019498 
11.043922681440158 -4.004510221609451 -3.033214953986189 0.9804098852665675 1.5807895290137566 
10.939462613957474 -4.040679630575056 -3.0934975545048644 0.8909118833012144 1.4994902066540874 
11.08589657499774 -3.9750061348980665 -3.0449044452325182 1.0167002615266085 1.5478136365674544 
10.95548348333034 -4.038735759966272 -3.0641524161159026 0.9311041559679012 1.544314549786563 
10.942397017463605 -4.051845963122361 -3.0373272801548126 0.9473691151670351 1.5920212560824183 
10.627721919703639 -4.222218329500393 -2.976612985576736 0.8154457823651455 1.7603158900285507 
10.69910081898594 -4.188572327158866 -2.981382178397922 0.8398380951406637 1.7397190793112145 
11.141742407369158 -4.024216719071589 -2.801099752238926 1.0894517725117225 1.9686537229313075 
11.028937228234938 -3.9704450410190333 -3.135624420983561 0.956128542000684 1.3991101827696184 
11.018149872265369 -3.9786451086369965 -3.1305346932230407 0.9512271611064023 1.4108549383641957 
11.434696189908891 -3.8746832652278727 -2.8685815141058697 1.149858095502637 1.8013935970883068 
11.203631115542464 -3.9422636985664496 -2.9273406812360747 1.1725111937870025 1.719505564983777 
10.17537422334906 -4.301119933418491 -3.281241220450468 0.8237561963810549 1.2651431844582248 
10.02872302950167 -4.167956710595021 -3.5321731643295067 1.0709232744130759 0.7673344812480991 
10.242493233987055 -4.08610913560851 -3.4304636907210977 1.2117070083468917 0.8964329064715741 
10.114360837983114 -4.283758367853167 -3.3504407144043 0.8786483358056358 1.135453732587294 
10.63325947545497 -4.115227514872842 -3.128271306364809 1.0725001061397847 1.4398986710945678 
10.278672306671439 -4.213224923195 -3.35144692713169 0.8851664122131382 1.1141177077898021 
10.272165434140469 -4.21623541586392 -3.3503943953423345 0.8860563341879555 1.1165969595020755 
10.240503794960404 -4.256775335564626 -3.3324613569228916 0.810225968102614 1.168423644233755 
12.326866319451788 -3.487010089862551 -2.7882616564535283 1.3123226990703785 1.7896999558322477 
12.580293735902174 -3.3339589618497456 -2.8195105044667486 1.2843503509987926 1.679866627654647 
12.783184628053846 -3.2274109368627393 -2.8002805481043396 1.3108203583789333 1.6682655535978768 
10.956602421955445 -3.689151346433306 -3.602614366748057 0.39464163281701303 0.547366032474784 
11.298119730668468 -3.6158018708580215 -3.4443681129037884 0.6091613771996407 0.7740192406187987 
11.693702932371913 -3.3981409949999772 -3.3619796843966014 0.7920239933159934 0.816537047849863 
11.868251525656142 -3.301665113954911 -3.327976495976827 0.9350113933780761 0.828923223435055 
10.817979292075528 -3.703984388170454 -3.6835081550986644 0.6757393354468775 0.4072373624243397 
10.356771106774978 -3.7915125515789754 -3.898519365684166 0.6003773801276253 0.08614197576001459 
10.258393766044499 -3.8955664796868206 -3.876925999953329 0.610248010098914 0.15864630950217418 
10.883825887284921 -3.6401911293534255 -3.5921704050209513 1.1910983958707249 0.4930424012040078 
10.455499269863516 -3.8697664860352887 -3.573632005168321 1.2618640203014735 0.5864424467558536 
9.324578592607487 -4.259381863610585 -4.028349951658015 0.7664538814382524 -0.0014571424791398613 
9.3923316599478 -4.229075460344589 -3.9979747872920512 0.8176248853173149 0.03378227386707522 
11.680764679594795 -3.4175327975257943 -2.9907809438136894 2.113130608770817 1.3218407196032445 
10.937519828541632 -3.6257446313627497 -3.279390028606585 1.866445028486993 0.9237259799343036 
9.625399056770895 -4.049066515551004 -3.7821216801286113 1.362502094984066 0.25990082329427366 
9.616489397513497 -4.050464425160158 -3.7847748980910865 1.3635542702215133 0.25547935785800746 
9.157845714536293 -4.192717109741395 -3.920837965346834 1.2758007148794945 0.07190130495997948 
10.863267951767568 -3.8726423183896372 -2.9429582776356398 1.8104399368694004 1.5713059629041481 
11.009194899271527 -3.757254946399854 -2.741844984456847 2.196311685525515 1.8125537302626498 
10.854959855701175 -3.86590301655626 -2.851090551881839 1.9356212990980026 1.7020142635061006 
11.434475675942238 -3.659491230609774 -2.521585303364148 2.3118114463992896 2.1500836266418872 
10.077361239082606 -4.186885651799969 -2.947742066698808 1.6551575468609343 1.6528713431359563 
11.079925070293797 -3.815037337045055 -2.3830199981123315 2.2746642792785536 2.423453974652645 
10.87767879794113 -3.9361865682276544 -2.3550120669738845 2.102328175745953 2.530222535231559 
10.363255910859003 -4.153603561395229 -2.6768006530284794 1.698044583081753 2.1025988813893406 
10.859847343108157 -3.9454120693311694 -2.364647645144089 2.084128744378134 2.5192523495167762 
11.471633396101154 -3.6944422399200505 -2.166953237126876 2.4428242573752357 2.7398532344201243 
11.266341153627785 -3.7925679432612043 -2.2088812023366415 2.293216265052976 2.717298372291765 
12.077586497659595 -3.573292568313221 -1.9606793486675826 2.4231182966470755 3.083901228764674 
11.463233723197455 -3.848357376262072 -2.392949450615859 1.805121094852666 2.5142321255909366 
10.924462428818202 -4.04390066326917 -2.3154953042679978 1.7216095598103607 2.7012602793359832 
10.639533936713555 -4.134306169782789 -2.488928793210775 1.6058749622656023 2.44254557131336 
10.463423210206109 -4.196620033622736 -2.39122478000354 1.6113023899518453 2.6177616187296167 
9.224608500427522 -4.685751263209937 -2.90284847148952 0.9400122521787324 1.958197521417219 
10.803237196291384 -4.078750843625983 -2.136010647370739 1.785434744749466 3.0008554593806878 
11.192273852574893 -3.7875714145173163 -1.9279245457099563 2.4887291044322097 3.152378405311893 
11.52740537293218 -3.6259687940760728 -1.7874655162412836 2.773969561486993 3.3040811190073214 
11.39630778190908 -3.668096288547801 -1.802792074340445 2.738478402005967 3.2904757929982935 
11.399714943233178 -3.6737330780236874 -1.7953206938876036 2.7215801169737546 3.308690948890515 
11.361998533868721 -3.682626475986197 -1.8413875100627166 2.707444563973155 3.2333153372809704 
11.205083407405269 -3.748661978451892 -2.0271140887606123 2.5579303633615638 2.958179115065903 
10.767663891349713 -3.964873941379409 -2.258970324699348 2.1537323273421265 2.685835998714282 
10.640533064634994 -4.029891884307077 -1.9296170729128477 2.1528033888796614 3.257946294799922 
10.493362313581386 -4.073207266771519 -2.0129950985958374 2.1154158123930955 3.127045767307578 
10.929187920972495 -3.914552475422852 -1.8171346777505448 2.3189723432920175 3.399464130292259 
10.91379061489878 -3.9161403841155646 -1.8145119127485003 2.3266601962445748 3.401895610039105 
10.384369493031329 -4.103735756601665 -1.9895754240414192 2.108787117249477 3.170094783465643 
11.255018986453898 -3.7529551361688362 -1.596668314762212 2.6265694068000585 3.685107354574882 
11.923270927578628 -3.4738821022540805 -1.3712119437133623 3.058165536199567 3.937704699004385 
11.83666895071731 -3.5496210387981506 -1.227381159623178 2.8859187738227376 4.243274777349299 
11.600176000945801 -3.6292821330240344 -1.385432608820011 2.7916786846559916 3.9987161891659326 
10.74393250798287 -3.8767383695485336 -1.6806561859092426 2.6014074806314937 3.548783121323538 
10.740234016486923 -3.877505309032486 -1.6633957540822166 2.6037412878291235 3.577757113944699 
10.629460057571208 -3.90324993914507 -1.6466055327832407 2.6046910491457 3.605593011666585 
10.25107473740767 -3.982835508064099 -1.6875314242586512 2.6207931593299065 3.5247921332210126 
10.252118244030079 -3.9876851391402397 -1.6888877506516025 2.6054229981366746 3.527561981811118 
10.393645397321585 -3.9348787073595304 -1.8203036952550917 2.6483260616073636 3.2907246524386977 
9.953608769145305 -4.027973471811748 -1.9840996091910625 2.6388685170824715 3.0067086991254115 
9.97673492910112 -3.997666392884497 -2.0210301023749366 2.6969974813155346 2.9246895779338473 
9.560456033372574 -4.178816305502508 -1.959527641548405 2.475687724734726 3.0931680542722404 
9.542261316526897 -4.1811122728142465 -1.9516406632610028 2.481965527634557 3.103810421395451 
9.916782929481926 -4.015805518444225 -1.8648966580103234 2.7193726980409707 3.181532219502472 
9.966977822768271 -4.093883091942772 -1.8186766606053624 2.46997320690906 3.344873172426574 
10.27410332126918 -4.003769220323974 -1.5673363148263633 2.5456603816388252 3.7554171442002655 
10.749775274427101 -3.7615198365681124 -1.2788474022298715 2.9736637856626515 4.118822670635197 
10.557690790255883 -3.882109818851731 -1.5172233185002142 2.7286648156459137 3.786681325365109 
10.681773754339524 -3.8666134209421585 -1.519656749084703 2.6904651355315394 3.7968057008213805 
11.785101709577631 -3.362087327503147 -0.8071469088405507 3.5227433230428034 4.770743033973972 
11.25590960821608 -3.4813464036127755 -0.7463299916259558 3.4769339476570593 4.880179790798337 
11.791418748806976 -3.3118280073192494 -0.604474806698633 3.6553581064436997 5.0793917464931155 
11.690722379869527 -3.3620262379237147 -0.49137909987113915 3.533108780971631 5.3171822797761905 
11.736664705311952 -3.410631912511491 -0.9830773517693245 3.4096812722118557 4.501329252333761 
11.848823222441496 -3.3780078068668757 -0.8187363723855015 3.430886781260824 4.782355216764344 
11.778720202092437 -3.412629545132745 -0.825360067257634 3.3657607669291707 4.791704552044919 
11.848098496122404 -3.4682767431570767 -1.1636936159604545 3.14970105365623 4.2718684542069525 
10.522187017639126 -3.9917113993136013 -1.850393700078783 2.3820756126731055 3.325191836206912 
9.225330923680211 -4.472729858013551 -2.2794443384202197 1.8027068750920705 2.7644648215907353 
8.966702270709241 -4.612438116722586 -2.5821338957757547 1.5185512920920985 2.339201835432405 
8.820672689701802 -4.678519959576562 -2.6080147728805514 1.4269223402270796 2.3222239504522406 
7.992718236575364 -4.985715586492688 -3.000111117097262 1.0659848658138316 1.7654853099030703 
6.832151746976223 -5.446270398138964 -3.5097823074408723 0.5088075583541212 1.0691101428782304 
7.13321284996357 -5.3744016243228 -3.44068578498063 0.495609667667793 1.19486492792565 
7.205349760370552 -5.372368559517781 -3.4392081319920322 0.44195162453634396 1.2149599971065328 
7.275559454689521 -5.35272849463324 -3.383476221128987 0.4574351052031318 1.3032112813950363 
7.2176084530713425 -5.427445420149368 -3.5111626478373807 0.23945914396097123 1.1559010520944781 
7.101976260645202 -5.447794915156464 -3.501795486106559 0.28481871783310453 1.156880339138354 
7.343832443060911 -5.292566247661526 -3.3404087905665136 0.591979657999488 1.3349915212530306 
7.567736500679814 -5.255668519442622 -3.264737512989555 0.5336510927982516 1.48070830283811 
7.643372486751794 -5.188202791024381 -3.2113434821066704 0.6906389531584693 1.523600356036198 
7.55567970257637 -5.2037389856833585 -3.2509414999511534 0.7058375431223993 1.4521107444797536 
7.564507816493027 -5.210491960210675 -3.349173595199346 0.6469284968036675 1.30758425606615 
7.633741082260229 -5.181705409361385 -3.3014208414975883 0.6901472539889397 1.3745562813558934 
6.757069552734414 -5.4909388384597975 -3.7839845049102507 0.3444385514555677 0.6697380743161006 
6.383411665125685 -5.655978387465183 -3.945690175655727 0.12834447437320762 0.4634602016313636 
6.2765486725520105 -5.7162543859053585 -4.0633607660739415 0.00022801805124572638 0.30843277335168295 
5.9895327608581255 -5.9692530526704815 -3.853532580355207 -0.4182242836798906 0.7639592036762082 
5.379255740941261 -6.227774638834347 -4.104400376123337 -0.7130153768475225 0.4268227448120143 
5.506103147573754 -6.163657396425791 -4.0492681762619895 -0.6192361837277645 0.4923298994667391 
5.261462116271616 -6.300803412571639 -4.067824615055798 -0.8302765207199343 0.5132776527392338 
5.653203693259059 -6.0566943503594075 -3.8012678084058535 -0.37921318101649604 0.8223649313760575 
5.652418369090171 -6.0569838981535185 -3.8014888516778313 -0.3794522544878447 0.8220453104938343 
5.09185120261003 -6.291543317003104 -4.014410056328046 -0.6396684110405175 0.5323119520479054 
4.506084719311602 -6.559293601403766 -4.265995873067595 -0.9748132510628551 0.20180809799718702 
4.424024503707628 -6.602182164729726 -4.282999513483162 -1.0355525981055536 0.18792029735551807 
4.696687251682334 -6.45166128807719 -4.1715394271176365 -0.8042534765333045 0.3102225337715794 
4.579938736825156 -6.531517197924728 -4.26882624051261 -0.9547907387689065 0.1965145158348065 
4.749807330482142 -6.468602027377827 -4.186679392976842 -0.9023055343860165 0.3200432792552732 
4.7028452819563284 -6.469521387596146 -4.122022001599532 -0.8588045346560307 0.40452910343283577 
4.835788917576508 -6.400206648619758 -4.064777945640216 -0.756620214428807 0.47205417208385825 
4.6551531481451605 -6.538886918697557 -4.079475624312579 -1.0352973633845863 0.5200696846350894 
5.11970481780142 -6.271851407354987 -3.7379838036684987 -0.5920613680929137 0.9531474949933738 
5.187777206223913 -6.198632620614035 -4.0529432528742575 -0.4514526708137083 0.4196132076353365 
4.72204593761802 -6.41378732249629 -4.257845501353657 -0.7278123254839954 0.15352653111128234 
4.963106910952504 -6.307948475804466 -4.0975568505825635 -0.5923640251002382 0.3788013799958918 
4.620382281071954 -6.487120381771035 -4.3587543630950165 -0.8724003249247545 0.03380849216351578 
5.152037448683984 -6.298401611543994 -4.070431981990566 -0.7200784635220998 0.47183013183666844 
5.1404034231916995 -6.3034162860360965 -4.057088579610749 -0.7235907111909796 0.49324864670381885 
5.091783991279868 -6.323267147042429 -4.0022129167075775 -0.7368985198927192 0.5806890566966842 
5.084731689061599 -6.328612023916321 -4.006253104769442 -0.7477909140658738 0.577159979183449 
5.0352577276193955 -6.375011619776103 -3.9133951140978525 -0.8509473815240796 0.7499476990645917 
5.0482404083367385 -6.341051515284633 -3.9122358411440104 -0.7504422245146856 0.7230799506506855 
4.22508057607746 -6.804916337741659 -4.593654618469884 -1.5224365020504962 -0.16418372823359562 
4.000939250929719 -6.9318234033301 -4.72349453387281 -1.7290823916142557 -0.3195874632148872 
4.40060285114113 -6.706885034503529 -4.591855630863037 -1.3804048435565193 -0.1923697130360864 
4.220752308468732 -6.800422609480421 -4.662166367476175 -1.5134535733146919 -0.2731190399246941 
4.430078187155388 -6.695766085299709 -4.5886984119674565 -1.3736233010729677 -0.18796934305561308 
4.461344794813172 -6.681010495759125 -4.570027608085894 -1.3539741341764824 -0.1629206808696324 
4.424972305898663 -6.651741722499153 -4.535815415321011 -1.2211900318991127 -0.14952817348252267 
4.518018082549531 -6.603811954344778 -4.494758987427062 -1.152988732217537 -0.10035364548419068 
4.4247699603996296 -6.670340489774432 -4.540311377751337 -1.279045891856029 -0.13973631631532157 
4.907676623167134 -6.431218953036506 -4.298492564504386 -0.9452125312253514 0.1665583089716023 
4.9150220581408774 -6.42519680296293 -4.303251758080833 -0.934288906885385 0.15624730606768367 
5.533022841629261 -6.183439898466489 -3.979696039753179 -0.6975300283325083 0.6263013965139379 
5.524786343687367 -6.205562980860435 -3.954400493447892 -0.7613875150410792 0.6839583546590688 
5.489971849498403 -6.373037317034402 -4.241125835937126 -1.421913818848438 0.39134514131613685 
5.546972411756045 -6.362573321371741 -4.289995624459465 -1.4806470202185267 0.32510741504555085 
5.733011207490264 -6.278559125709833 -4.169670390946507 -1.3694845365287591 0.4906622326174386 
5.687639343810815 -6.307790630414814 -4.151597874288342 -1.4395009888564374 0.533757656624104 
6.208064733276018 -6.079421901009653 -3.8487360011031058 -1.1729256830763717 0.9535590854917757 
6.210665149468824 -6.0782955544883635 -3.8479140556171103 -1.171639340807701 0.9545689382616871 
6.213305109751197 -6.0771464475394055 -3.847626716943708 -1.1702812787457901 0.954712849296115 
6.442479296080009 -5.984401432988449 -3.884081829186073 -1.1045380290606772 0.8775414026793555 
6.107302849840451 -6.125255777925219 -4.073656544228825 -1.2525629014782993 0.6119351331804808 
5.744225355819509 -6.29111086582175 -4.156695067160484 -1.463435014061261 0.5287931711866065 
5.723019894093454 -6.307015263360228 -4.168776371994468 -1.5161207220730262 0.5195865675420777 
6.391662764972423 -5.97788620991264 -3.9282181408280366 -0.9721746732955694 0.7829007625850579 
6.82172816660831 -5.7761748094624465 -3.8278321390586 -0.6909777573613667 0.8754120288579514 
6.702830517995736 -5.808241540500532 -3.909951909677602 -0.6787247884272176 0.7420985645353113 
6.72260562427369 -5.835257092976477 -3.9145885511332636 -0.8393818088279943 0.7680747810662751 
6.291519115828564 -6.00041631289433 -4.156983789810823 -0.9861438449669464 0.41878997945219965 
6.50415350691582 -5.91137820741217 -4.063389458288285 -0.8884708765993992 0.5435611673170939 
5.770717562040943 -6.218240663747309 -4.450822035670853 -1.2460227288504342 0.01389560801928269 
5.952276377469232 -6.114056834883215 -4.33077840943632 -1.0324505150021395 0.15543015142640115 
6.747671386308333 -5.659746796260052 -4.2122334028314725 -0.3645331846678914 0.16672584653314004 
6.038336576788616 -5.9737141869441075 -4.651999759098558 -0.8665051171100089 -0.41290069089681936 
5.873493366991312 -6.041701440239393 -4.7585822927599395 -0.9704156246735778 -0.557591780606586 
5.6679324861756015 -6.140827164440523 -4.896573524022102 -1.1489705955525977 -0.7337752656761865 
5.654132892463522 -6.152528113141628 -4.898949952995125 -1.170531764169894 -0.7318195478692644 
5.471295421630003 -6.274854497382734 -5.009980708884143 -1.4330394530704496 -0.8446702951662957 
6.201586823967091 -5.892532410398047 -4.824808127611931 -0.9911954548645951 -0.6790251066770878 
6.316800153945437 -5.853500834941343 -4.788007190732515 -0.9832932321899506 -0.6261506803588048 
6.272562386290126 -5.830378103190128 -4.770960882210275 -0.8295511448678639 -0.6315428202188968 
6.653862943013628 -5.6831156202129876 -4.650916193879894 -0.7347642889850334 -0.4742096296379259 
6.342163915547246 -5.8520410436128145 -4.790767605408561 -1.0201543796571855 -0.6242632347371995 
6.46807371069292 -5.837928681278427 -4.635565105711677 -0.9783443570420332 -0.38006984917939235 
5.873895621703028 -6.0896599930549655 -4.97845714147266 -1.3629136435962295 -0.8320779577150859 
6.786421242649077 -5.733559564577163 -4.51032344450519 -0.9601917134532982 -0.19638590567761582 
6.335750349741922 -5.955415774179784 -4.681960455937855 -1.290688153323316 -0.3856576648052936 
6.384715155022896 -5.9301300980013565 -4.652706951026346 -1.2352058080768415 -0.35088872373509616 
6.370002441593826 -5.939534816418359 -4.641408911309341 -1.234568106770766 -0.33095528963431775 
7.692237400280227 -5.302836866848196 -4.238040924893895 -0.4401763754380852 0.08638487874071643 
7.275091403190949 -5.469905855079006 -4.3881654651680435 -0.591113725779195 -0.10399867130685436 
7.2606885092535975 -5.475468950254552 -4.398262313994977 -0.6021426509874885 -0.11778622686207996 
7.241674908408129 -5.453487670736607 -4.418893291362238 -0.5194969647351257 -0.1698109905977674 
7.395424457950931 -5.381195176487807 -4.375920978760917 -0.4422161857943081 -0.12557899570505526 
7.422876038954904 -5.367058175657604 -4.376242181901546 -0.43513669934527854 -0.1300362732105924 
7.189755753002558 -5.4591450709405365 -4.448011972074994 -0.5004483493474083 -0.2202598321601954 
7.034949346800218 -5.5406501277252715 -4.594088724384363 -0.7517835333903946 -0.40367024870062096 
8.216303962054276 -4.803903394741241 -4.424539619739164 0.045505473549312114 -0.4147074305282388 
8.270376862653798 -4.789382412394403 -4.4037766107625345 0.049694936267329126 -0.38428908914909243 
8.103006436859829 -4.7645227833831285 -4.49506384377905 0.15542933527976288 -0.5602774204864573 
8.033987830670824 -4.790609046250978 -4.520833783730879 0.13021043551906075 -0.5930129348871134 
7.827891503328388 -4.872420766542604 -4.593155556623998 0.05580815891003965 -0.6822996616856898 
7.55843319849469 -5.026681648140595 -4.777633796593577 -0.34338000621183085 -0.8891850891181576 
7.970512082865731 -4.793620795629778 -4.648352435066471 -0.07072505150800623 -0.7745540663214712 
7.995307494545493 -4.747093649334204 -4.66019723270162 -0.0236183652059907 -0.8137505278239132 
8.01441586600685 -4.740193022712901 -4.651864880153369 -0.01492891338290292 -0.8029402618620622 
7.899296219737678 -4.9160372880523795 -4.513617599408022 0.011287266483421377 -0.5311033757586472 
7.8216686966176425 -4.938773264510729 -4.613133751454441 -0.14047750680825288 -0.6676238033006854 
7.13543997274131 -5.281454571089384 -4.941901543616396 -0.7517450820092648 -1.0386358688397905 
7.404652461876509 -5.148721754745324 -4.868320493305092 -0.6626391411539743 -0.9643001120896457 
7.723324319182332 -4.794912286775428 -4.838775324074959 -0.18405770947335043 -1.076171189919819 
7.766888147774409 -4.74663279594246 -4.840533405596631 -0.14810525524310947 -1.097638770976232 
7.654845777746928 -4.77049481779359 -4.889597137350179 -0.16276312984382457 -1.170858549037618 
6.3998413591434655 -5.321862351189452 -5.415413307518435 -0.831213795079222 -1.8006159653145204 
6.431152091288531 -5.322849699026506 -5.375648621093262 -0.7793611196707673 -1.742316312171809 
5.692348478375436 -5.652936937519527 -5.651384094735846 -1.0716183581421177 -2.073238864069438 
5.585590648628838 -5.644605390042173 -5.710109199282471 -1.044828570854861 -2.177517631660095 
7.302954972300967 -4.955637090575763 -4.763517156781589 0.1550096497520883 -0.9699841677100238 
7.528744165248916 -4.95641486297329 -4.631240509098319 0.143713364945242 -0.7443982906155355 
7.59142708622521 -4.885396697539875 -4.67952790068577 0.1411988310979524 -0.8401368771683053 
8.314845471001838 -4.664716847748991 -4.388360190857256 0.33592657835053785 -0.4354445153874025 
8.310357998887625 -4.6557031347857105 -4.411561505029965 0.31650179847198956 -0.4734105092156824 
9.005441030515513 -4.36966884213885 -4.217202661001991 0.5010292533100511 -0.25004152979768435 
9.007053104568243 -4.503498255662535 -4.189227776316585 0.1910714991215201 -0.12357117265419504 
