0.0001049041748046875
4.744529724121094e-05
4.76837158203125e-05
4.792213439941406e-05
4.696846008300781e-05
4.696846008300781e-05
4.673004150390625e-05
4.601478576660156e-05
9.489059448242188e-05
4.8160552978515625e-05
4.553794860839844e-05
4.601478576660156e-05
4.553794860839844e-05
4.553794860839844e-05
4.553794860839844e-05
4.57763671875e-05
8.487701416015625e-05
7.963180541992188e-05
6.699562072753906e-05
7.319450378417969e-05
4.6253204345703125e-05
4.57763671875e-05
4.6253204345703125e-05
4.601478576660156e-05
4.673004150390625e-05
4.792213439941406e-05
4.673004150390625e-05
4.553794860839844e-05
4.673004150390625e-05
4.6253204345703125e-05
4.6253204345703125e-05
4.601478576660156e-05
5.9604644775390625e-05
4.673004150390625e-05
4.601478576660156e-05
4.744529724121094e-05
4.601478576660156e-05
4.6253204345703125e-05
4.696846008300781e-05
4.57763671875e-05
4.76837158203125e-05
4.6253204345703125e-05
4.601478576660156e-05
4.7206878662109375e-05
4.6253204345703125e-05
4.601478576660156e-05
4.8160552978515625e-05
4.7206878662109375e-05
4.6253204345703125e-05
4.57763671875e-05
9.679794311523438e-05
4.696846008300781e-05
4.57763671875e-05
4.553794860839844e-05
4.6253204345703125e-05
4.57763671875e-05
4.744529724121094e-05
4.601478576660156e-05
4.7206878662109375e-05
4.601478576660156e-05
4.6253204345703125e-05
4.696846008300781e-05
7.224082946777344e-05
4.7206878662109375e-05
4.673004150390625e-05
4.601478576660156e-05
4.649162292480469e-05
9.72747802734375e-05
4.696846008300781e-05
4.601478576660156e-05
4.6253204345703125e-05
4.601478576660156e-05
4.935264587402344e-05
4.601478576660156e-05
4.601478576660156e-05
4.696846008300781e-05
4.792213439941406e-05
4.792213439941406e-05
4.744529724121094e-05
4.696846008300781e-05
4.649162292480469e-05
4.6253204345703125e-05
4.6253204345703125e-05
4.601478576660156e-05
8.034706115722656e-05
9.989738464355469e-05
4.887580871582031e-05
6.079673767089844e-05
4.601478576660156e-05
4.744529724121094e-05
4.7206878662109375e-05
4.696846008300781e-05
4.673004150390625e-05
4.649162292480469e-05
4.6253204345703125e-05
4.7206878662109375e-05
4.792213439941406e-05
4.6253204345703125e-05
4.57763671875e-05
4.792213439941406e-05
4.696846008300781e-05
5.9604644775390625e-05
4.649162292480469e-05
4.696846008300781e-05
4.673004150390625e-05
4.6253204345703125e-05
4.863739013671875e-05
4.696846008300781e-05
4.601478576660156e-05
4.673004150390625e-05
4.839897155761719e-05
4.673004150390625e-05
4.601478576660156e-05
6.341934204101562e-05
4.887580871582031e-05
4.7206878662109375e-05
4.6253204345703125e-05
4.673004150390625e-05
0.0018968582153320312
5.221366882324219e-05
6.318092346191406e-05
4.839897155761719e-05
4.76837158203125e-05
4.649162292480469e-05
4.649162292480469e-05
4.57763671875e-05
4.6253204345703125e-05
4.649162292480469e-05
4.7206878662109375e-05
4.744529724121094e-05
4.649162292480469e-05
4.696846008300781e-05
4.7206878662109375e-05
4.649162292480469e-05
4.601478576660156e-05
4.6253204345703125e-05
4.601478576660156e-05
4.649162292480469e-05
5.888938903808594e-05
4.8160552978515625e-05
4.673004150390625e-05
4.553794860839844e-05
4.601478576660156e-05
4.601478576660156e-05
4.6253204345703125e-05
4.57763671875e-05
4.57763671875e-05
4.57763671875e-05
4.863739013671875e-05
4.601478576660156e-05
4.649162292480469e-05
4.5299530029296875e-05
4.553794860839844e-05
4.57763671875e-05
4.57763671875e-05
4.5299530029296875e-05
4.6253204345703125e-05
4.982948303222656e-05
4.601478576660156e-05
4.6253204345703125e-05
4.5299530029296875e-05
4.5299530029296875e-05
4.553794860839844e-05
4.5299530029296875e-05
4.5299530029296875e-05
4.601478576660156e-05
4.506111145019531e-05
4.553794860839844e-05
4.5299530029296875e-05
4.553794860839844e-05
4.553794860839844e-05
4.6253204345703125e-05
4.744529724121094e-05
4.887580871582031e-05
4.649162292480469e-05
0.00011277198791503906
4.76837158203125e-05
4.57763671875e-05
4.601478576660156e-05
4.553794860839844e-05
4.6253204345703125e-05
4.601478576660156e-05
4.6253204345703125e-05
4.553794860839844e-05
4.553794860839844e-05
4.553794860839844e-05
4.5299530029296875e-05
4.5299530029296875e-05
4.5299530029296875e-05
4.506111145019531e-05
4.57763671875e-05
4.6253204345703125e-05
4.553794860839844e-05
8.368492126464844e-05
6.031990051269531e-05
4.57763671875e-05
4.506111145019531e-05
4.5299530029296875e-05
4.506111145019531e-05
4.5299530029296875e-05
4.5299530029296875e-05
5.0067901611328125e-05
4.553794860839844e-05
4.553794860839844e-05
4.553794860839844e-05
4.5299530029296875e-05
4.5299530029296875e-05
4.553794860839844e-05
4.601478576660156e-05
4.601478576660156e-05
9.632110595703125e-05
4.696846008300781e-05
4.553794860839844e-05
4.553794860839844e-05
4.5299530029296875e-05
4.57763671875e-05
4.5299530029296875e-05
4.57763671875e-05
4.553794860839844e-05
4.553794860839844e-05
4.553794860839844e-05
4.553794860839844e-05
4.506111145019531e-05
4.57763671875e-05
4.6253204345703125e-05
4.6253204345703125e-05
4.553794860839844e-05
4.673004150390625e-05
9.679794311523438e-05
4.696846008300781e-05
4.553794860839844e-05
4.57763671875e-05
4.553794860839844e-05
4.935264587402344e-05
4.553794860839844e-05
4.57763671875e-05
4.57763671875e-05
4.553794860839844e-05
4.601478576660156e-05
4.57763671875e-05
4.57763671875e-05
4.649162292480469e-05
4.482269287109375e-05
4.57763671875e-05
4.553794860839844e-05
4.57763671875e-05
0.00013208389282226562
5.078315734863281e-05
4.863739013671875e-05
4.863739013671875e-05
4.8160552978515625e-05
6.0558319091796875e-05
4.57763671875e-05
4.57763671875e-05
4.57763671875e-05
4.744529724121094e-05
9.5367431640625e-05
8.893013000488281e-05
6.341934204101562e-05
6.604194641113281e-05
0.00011563301086425781
4.649162292480469e-05
4.601478576660156e-05
4.601478576660156e-05
4.601478576660156e-05
4.792213439941406e-05
0.0001285076141357422
4.887580871582031e-05
4.649162292480469e-05
4.696846008300781e-05
4.5299530029296875e-05
4.601478576660156e-05
4.553794860839844e-05
4.553794860839844e-05
5.888938903808594e-05
4.744529724121094e-05
4.5299530029296875e-05
4.57763671875e-05
4.601478576660156e-05
4.7206878662109375e-05
6.341934204101562e-05
4.601478576660156e-05
4.57763671875e-05
4.601478576660156e-05
4.57763671875e-05
4.5299530029296875e-05
4.57763671875e-05
4.673004150390625e-05
4.6253204345703125e-05
4.7206878662109375e-05
4.57763671875e-05
4.57763671875e-05
5.793571472167969e-05
4.7206878662109375e-05
4.553794860839844e-05
4.6253204345703125e-05
4.601478576660156e-05
4.6253204345703125e-05
4.601478576660156e-05
4.6253204345703125e-05
4.57763671875e-05
4.6253204345703125e-05
4.601478576660156e-05
4.553794860839844e-05
4.553794860839844e-05
4.673004150390625e-05
4.601478576660156e-05
4.57763671875e-05
4.6253204345703125e-05
4.57763671875e-05
5.841255187988281e-05
4.7206878662109375e-05
4.553794860839844e-05
4.553794860839844e-05
4.57763671875e-05
4.506111145019531e-05
4.57763671875e-05
4.57763671875e-05
4.57763671875e-05
4.506111145019531e-05
4.863739013671875e-05
4.553794860839844e-05
4.553794860839844e-05
4.6253204345703125e-05
4.553794860839844e-05
4.553794860839844e-05
4.553794860839844e-05
4.5299530029296875e-05
5.888938903808594e-05
4.7206878662109375e-05
4.6253204345703125e-05
4.601478576660156e-05
4.57763671875e-05
4.553794860839844e-05
4.5299530029296875e-05
4.57763671875e-05
4.5299530029296875e-05
4.553794860839844e-05
4.5299530029296875e-05
4.696846008300781e-05
4.601478576660156e-05
4.6253204345703125e-05
8.0108642578125e-05
4.887580871582031e-05
8.821487426757812e-05
0.00012731552124023438
6.604194641113281e-05
4.863739013671875e-05
5.888938903808594e-05
4.57763671875e-05
4.553794860839844e-05
4.57763671875e-05
4.601478576660156e-05
4.553794860839844e-05
4.57763671875e-05
4.553794860839844e-05
4.601478576660156e-05
4.553794860839844e-05
4.57763671875e-05
4.6253204345703125e-05
4.57763671875e-05
0.00010156631469726562
7.867813110351562e-05
4.57763671875e-05
4.601478576660156e-05
4.6253204345703125e-05
4.6253204345703125e-05
4.601478576660156e-05
4.601478576660156e-05
4.57763671875e-05
0.00492405891418457
5.14984130859375e-05
4.6253204345703125e-05
4.839897155761719e-05
4.601478576660156e-05
4.649162292480469e-05
4.553794860839844e-05
4.649162292480469e-05
6.031990051269531e-05
4.696846008300781e-05
4.649162292480469e-05
4.649162292480469e-05
4.6253204345703125e-05
4.649162292480469e-05
4.6253204345703125e-05
4.57763671875e-05
4.649162292480469e-05
4.601478576660156e-05
4.57763671875e-05
4.57763671875e-05
4.57763671875e-05
4.553794860839844e-05
4.5299530029296875e-05
4.553794860839844e-05
4.553794860839844e-05
4.6253204345703125e-05
5.888938903808594e-05
4.744529724121094e-05
4.6253204345703125e-05
4.57763671875e-05
4.57763671875e-05
4.57763671875e-05
4.57763671875e-05
4.649162292480469e-05
4.57763671875e-05
4.744529724121094e-05
4.57763671875e-05
4.57763671875e-05
4.553794860839844e-05
4.601478576660156e-05
4.6253204345703125e-05
4.5299530029296875e-05
4.553794860839844e-05
4.57763671875e-05
4.553794860839844e-05
5.91278076171875e-05
4.7206878662109375e-05
4.57763671875e-05
4.553794860839844e-05
4.601478576660156e-05
4.57763671875e-05
4.5299530029296875e-05
4.57763671875e-05
4.553794860839844e-05
4.553794860839844e-05
4.553794860839844e-05
4.5299530029296875e-05
4.553794860839844e-05
4.5299530029296875e-05
4.5299530029296875e-05
4.57763671875e-05
4.553794860839844e-05
4.5299530029296875e-05
5.7697296142578125e-05
4.7206878662109375e-05
4.673004150390625e-05
4.5299530029296875e-05
4.57763671875e-05
4.553794860839844e-05
4.57763671875e-05
4.5299530029296875e-05
4.57763671875e-05
4.57763671875e-05
0.0004723072052001953
6.604194641113281e-05
4.6253204345703125e-05
4.57763671875e-05
4.601478576660156e-05
4.601478576660156e-05
4.553794860839844e-05
4.649162292480469e-05
4.7206878662109375e-05
4.601478576660156e-05
4.649162292480469e-05
4.744529724121094e-05
4.744529724121094e-05
4.76837158203125e-05
9.870529174804688e-05
4.9591064453125e-05
4.839897155761719e-05
0.00010919570922851562
8.463859558105469e-05
0.0001068115234375
8.58306884765625e-05
4.887580871582031e-05
6.318092346191406e-05
4.6253204345703125e-05
4.601478576660156e-05
4.57763671875e-05
4.601478576660156e-05
8.893013000488281e-05
4.887580871582031e-05
0.00010251998901367188
6.842613220214844e-05
6.246566772460938e-05
4.57763671875e-05
4.57763671875e-05
4.6253204345703125e-05
4.792213439941406e-05
8.535385131835938e-05
4.601478576660156e-05
4.601478576660156e-05
4.57763671875e-05
4.5299530029296875e-05
4.6253204345703125e-05
4.601478576660156e-05
4.553794860839844e-05
4.6253204345703125e-05
4.5299530029296875e-05
9.608268737792969e-05
4.6253204345703125e-05
4.5299530029296875e-05
4.7206878662109375e-05
4.649162292480469e-05
4.553794860839844e-05
4.553794860839844e-05
4.57763671875e-05
4.57763671875e-05
0.00011372566223144531
