-22.157860636035082 -22.07024729249852 -21.238799157870076 -20.568086522290045 -21.4824657105667 
-21.975605518604922 -21.891526645689893 -21.04701081928286 -20.367051081607613 -21.291869427730262 
-21.96643113307664 -21.887488913941837 -21.040438695414707 -20.35935962187179 -21.283033966548174 
-21.950106548447152 -21.87410925711977 -21.025664622334347 -20.34257908205693 -21.26700010985951 
-21.950873742676706 -21.87435397945096 -21.02576790918731 -20.343202668819714 -21.26740425282904 
-21.957642159388755 -21.882590763033605 -21.032424137384794 -20.35156338086442 -21.273521871780105 
-21.798682305602057 -21.730483330488994 -20.83014824431025 -20.18063978781288 -21.077051881745987 
-21.788866262690007 -21.724846574397887 -20.82675739864098 -20.171410308353046 -21.0710658700704 
-21.74465169787821 -21.67484533978407 -20.760137282826392 -20.120546985985044 -21.010665497398534 
-21.751132088906004 -21.68189371360458 -20.766990733924047 -20.128088659824726 -21.017218210155534 
-21.805576885241905 -21.730221978740033 -20.82533983703712 -20.185420808402952 -21.076857593618044 
-21.80927505411603 -21.73937301743554 -20.822834947965873 -20.193064935270172 -21.073445362397464 
-21.611684530242712 -21.53352442653886 -20.618999735573126 -19.967570864763005 -20.874594066834817 
-21.600096885298328 -21.522638760072383 -20.60864094523484 -19.954850445573072 -20.863817022179248 
-21.611566649551733 -21.52384816540878 -20.599536529401604 -19.96387502933341 -20.862007531671978 
-21.634736065598716 -21.556592511147528 -20.610641193867934 -19.9962060410802 -20.871652990435493 
-21.457362607140965 -21.390580029282432 -20.410164054250174 -19.80547410149059 -20.671910836221684 
-21.503648481347028 -21.435873363256306 -20.46004963438969 -19.856593477381963 -20.721311919290372 
-21.347373653189493 -21.285509850552415 -20.297749176573433 -19.684746708277274 -20.558633469945946 
-21.316922340419396 -21.267601057620737 -20.268582585369685 -19.65738569858418 -20.524782456683198 
-21.33845052611622 -21.300134825630707 -20.298557693680664 -19.68698558083942 -20.549133341515002 
-21.31290353595672 -21.26691154091087 -20.266314209091377 -19.65456385335483 -20.52100302972127 
-21.251652686835968 -21.21358781644608 -20.209797386382718 -19.589610238310456 -20.4610310157548 
-21.31560220388971 -21.272878799324232 -20.266730692487656 -19.65967550651969 -20.52060467529475 
-21.35499404264405 -21.311943485930186 -20.307548866488915 -19.703681280871024 -20.561108921904236 
-21.366038870952806 -21.374255116048133 -20.35866845811627 -19.741366829073158 -20.586309243343948 
-21.386318516881303 -21.4032375834435 -20.38756004193138 -19.76834969628044 -20.61040411364725 
-21.40188402562589 -21.422815659228704 -20.404832034309095 -19.788005542415547 -20.625824538142055 
-21.401313722931818 -21.422412658691997 -20.404275823014984 -19.787459760832235 -20.62520658507549 
-21.40906615919822 -21.44870816490048 -20.417943532273313 -19.806375687060324 -20.630945093843707 
-21.47773883433176 -21.517924562212627 -20.482489204583374 -19.884306539492897 -20.695672163501598 
-21.460703053248395 -21.503538734176658 -20.473063629902924 -19.865939698373992 -20.68404341201547 
-21.45687851283253 -21.49864508435732 -20.46707229802712 -19.861233813734614 -20.67883660200397 
-21.420802504896244 -21.4725268178844 -20.43852219638474 -19.82576446144668 -20.64546926173648 
-21.4599844649279 -21.487916921211053 -20.452274148262006 -19.85847156258697 -20.672224488572297 
-21.361937071619423 -21.398933533013945 -20.355653949168314 -19.753363517487543 -20.572448522436332 
-21.311184579411588 -21.338103866228423 -20.303346602216962 -19.69052859814751 -20.524392275748298 
-21.30464589335648 -21.33132008083267 -20.29580718025548 -19.683128008667566 -20.517146206216495 
-21.3752792914905 -21.397661331400812 -20.37052563988962 -19.75969242971958 -20.59242584721879 
-21.422142804233076 -21.468462935142256 -20.430627815063772 -19.825029011275006 -20.64115109043088 
-21.359592836486016 -21.40327557761364 -20.36737157513727 -19.75321251525645 -20.579289295113114 
-21.297234596973567 -21.350294187951874 -20.297559438725713 -19.68931657321376 -20.50754641365674 
-21.379382318754026 -21.422089438546053 -20.37956943642368 -19.77567026380609 -20.593051867629455 
-21.285321048581253 -21.337509730087532 -20.28045996579607 -19.67592925950609 -20.49171075548584 
-21.34306175365795 -21.431014597347485 -20.37674051455994 -19.758189263108918 -20.567830331589903 
-21.342486783851314 -21.43030261664434 -20.372965282854125 -19.75778351860866 -20.564647372590485 
-21.345447773935504 -21.438862773751325 -20.377035007782553 -19.7643500484116 -20.566419118212252 
-21.295640852872623 -21.362150223206754 -20.292585667948927 -19.695847327224854 -20.498128093362027 
-21.09222683749094 -21.16039879805804 -20.072897084377743 -19.46937631191382 -20.281547863079396 
-20.946994250219873 -21.011885923352736 -19.886911205196967 -19.308032184133822 -20.10443138516618 
-21.073099967936187 -21.13133233157467 -20.01603427301329 -19.446080995537628 -20.23493212147048 
-21.065916419968545 -21.116233311141258 -20.019488524790546 -19.432023054575197 -20.23957716397973 
-21.085801783965877 -21.135053786198384 -20.03915336372191 -19.453851309235077 -20.259582895974276 
-21.159051086212145 -21.21973261691295 -20.1255224125441 -19.541815367119156 -20.339075727632135 
-21.05159249309004 -21.125111039552408 -20.046685270075216 -19.425207128355225 -20.251079953768482 
-20.97022674271338 -21.05193108264622 -19.968614626422436 -19.33794364872034 -20.16977349885559 
-20.957116411792626 -21.060484935326244 -19.968663971110473 -19.334801496530417 -20.15952742873617 
-20.957208513613736 -21.060522863679836 -19.968820513383648 -19.334866154077602 -20.159693078958327 
-20.853939018716332 -20.958226086720302 -19.836411947492664 -19.221906216676345 -20.032321330119487 
-20.87668415257771 -20.94974906940368 -19.840965398475618 -19.230743238056462 -20.051606704732563 
-20.884046684068792 -20.963051897551182 -19.84562099624405 -19.24293766932692 -20.0544504180684 
-20.886637272655733 -20.964946255745105 -19.847973788417818 -19.245472175177454 -20.057093121193063 
-20.961630455354722 -21.006847096731562 -19.899314106057247 -19.31303524128913 -20.124540185305193 
-20.91812586492695 -20.975635340248914 -19.852311578610326 -19.271636210259317 -20.07373002506229 
-21.001515581173848 -21.05829886632293 -19.93719705953862 -19.365238692229468 -20.15822580869292 
-21.103275483076118 -21.144362597699327 -20.0392158071204 -19.470692368935346 -20.265602216392338 
-21.098349156706902 -21.14102779402924 -20.038629158130334 -19.465579933942422 -20.263698992543098 
-21.148227331280196 -21.170379534588108 -20.070007568426348 -19.51181736062908 -20.30570427813896 
-21.188347479355556 -21.22190723297213 -20.12764941529575 -19.5617828038734 -20.355869713090286 
-21.117695051376586 -21.14553152901503 -20.062694779543733 -19.478073577687113 -20.292416111681263 
-21.131867633564852 -21.167737154715297 -20.077086512437745 -19.498783806931826 -20.303698646932276 
-21.102715259524217 -21.133865313479347 -20.052761574669773 -19.462570967543087 -20.2804497853772 
-21.10981097407668 -21.141355606876544 -20.060366187300332 -19.47075163133063 -20.287785474150823 
-21.10510106410794 -21.135447160680343 -20.02689651415315 -19.46801776514934 -20.259730087235994 
-21.055813732175338 -21.081643123828613 -19.97700587204966 -19.40977400506327 -20.211874559484457 
-21.05931230518202 -21.07735988066591 -19.97033888097917 -19.41031037231258 -20.209857873452748 
-21.139677972061293 -21.165758491099282 -20.04621730975893 -19.506338251475313 -20.28310919130439 
-21.127190495776674 -21.169639629689854 -20.037968138650427 -19.50152105778885 -20.268040305394322 
-21.157371201716614 -21.19500015475326 -20.059944047702444 -19.53371274236659 -20.293091518874988 
-21.29742414466655 -21.333722817875596 -20.204886941624395 -19.690249362253425 -20.437017212848346 
-21.311950530802747 -21.347178026995792 -20.208850695824125 -19.707342075261934 -20.443126472711327 
-21.493107403139177 -21.521168747841827 -20.42640274237948 -19.902451757853242 -20.65625828119643 
-21.51387585067866 -21.535626572727622 -20.445308297233126 -19.922292152765237 -20.677747270619406 
-21.47539902319548 -21.502662092150658 -20.398837527758715 -19.883267342116724 -20.63076740819571 
-21.635947496031193 -21.676081401833045 -20.573032506737405 -20.069791305153828 -20.797038146166898 
-21.575010021859995 -21.562660816697132 -20.476705530625935 -19.974610776971986 -20.726725345671497 
-21.55761489303036 -21.550642256510145 -20.45411548644097 -19.958866947211504 -20.70311233219897 
-21.637365190253064 -21.61270622754965 -20.569880944484282 -20.03381869885898 -20.818829099238087 
-21.541018832504434 -21.50291675555644 -20.45470690254166 -19.91997751188987 -20.712365433440027 
-21.536508391961235 -21.495623677477838 -20.44646737482705 -19.913742074656184 -20.705829058606128 
-21.560639294628245 -21.526049255288996 -20.473301073834506 -19.94418049388115 -20.729746098790798 
-21.639865962650262 -21.61980615372393 -20.548864186407542 -20.04210085855081 -20.800181563910115 
-21.628326510095448 -21.607786152573496 -20.535075736696157 -20.029129578649048 -20.787016959018615 
-21.642464727999 -21.622238602805382 -20.55208942756859 -20.04484715101883 -20.8033475876817 
-21.641376621304474 -21.623841691356205 -20.55338593347514 -20.044900533246974 -20.803234006956842 
-21.607854721428964 -21.596451581375618 -20.52978034876982 -20.00960057332658 -20.77578442367424 
-21.599095876644895 -21.586483999471028 -20.516502521882757 -19.999596499326643 -20.763780916686144 
-21.668468710011396 -21.629443551367245 -20.573955209370823 -20.06366819026364 -20.832791576952303 
-21.644922403544598 -21.60036116975128 -20.538412108754272 -20.035484138099648 -20.801508605758812 
-21.61454281713779 -21.576921149705257 -20.514852662712798 -20.004509552486866 -20.774325705903507 
-21.50437127043506 -21.46310929129737 -20.383190461130482 -19.88115629931501 -20.648294821697306 
-21.681839222955816 -21.608660923189404 -20.580634307095366 -20.059962879445237 -20.85319926285007 
-21.68509216311304 -21.615777854649806 -20.572786351041188 -20.067138559866407 -20.84586853493552 
-21.653529592639387 -21.583913352579955 -20.526909661864266 -20.03326454634997 -20.802774622312043 
-21.640239020294885 -21.566846998798425 -20.523950052676767 -20.014900244866794 -20.79944895614669 
-21.856308611078575 -21.77878374564365 -20.732181330215738 -20.25617944116337 -21.009581483725043 
-21.832567678745036 -21.76633197284488 -20.714825049575524 -20.235175672986884 -20.987040367976036 
-21.856589601396806 -21.797023964405355 -20.74694927691661 -20.264934282461553 -21.015163091081533 
-21.808417706138087 -21.758818554018774 -20.707645896812835 -20.215493932024955 -20.970841052038097 
-21.778448804284935 -21.699941502281817 -20.640209583662454 -20.170017587446708 -20.92082708557156 
-21.945629341279428 -21.847926300210887 -20.813800625580768 -20.345915950549667 -21.09958620942716 
-21.936470165856647 -21.838503673249477 -20.805155389232013 -20.335429321188286 -21.090989027847144 
-21.90826589160784 -21.810122034858665 -20.77593134467611 -20.303821854778306 -21.06214140611668 
-21.978158548922153 -21.88217267599221 -20.872213959039243 -20.380143512947143 -21.15263269597915 
-22.014121740766484 -21.922742018021367 -20.913706744917405 -20.42236281380309 -21.191292750056363 
-22.076711038318138 -21.96654922148953 -20.97104470081385 -20.482599443138596 -21.256158652144777 
-22.075942467737036 -21.965419799551995 -20.97040309549763 -20.481522819592087 -21.255629997855806 
-22.183195117818997 -22.05090780580548 -21.082482938430203 -20.588984278421748 -21.374307710883755 
-22.194288154954222 -22.04240975797505 -21.061633515847703 -20.594481973991677 -21.366256470537238 
-22.33699492692989 -22.155434387774264 -21.199032743688036 -20.738652236187903 -21.51474409762922 
-22.282914190523726 -22.12374682155118 -21.15410010685285 -20.689187082015025 -21.460284285309612 
-22.21380458289879 -22.04979587079012 -21.073772381120023 -20.610611604742672 -21.38404523943987 
-22.218005204558352 -22.040221362102002 -21.07163468690395 -20.608620802295334 -21.388032487433478 
-22.099299989004933 -21.93623862539917 -20.97194775320699 -20.48142027315228 -21.280109579542938 
-22.091472749728098 -21.923797534275664 -20.960556433498013 -20.470576224708978 -21.27106947368361 
-22.154227421248876 -21.986061634167385 -21.017647258431467 -20.541249361674872 -21.329076260164257 
-22.243106063929332 -22.04116362033261 -21.106506849848074 -20.622604723859553 -21.429751536928478 
-22.3731561811979 -22.15594792477114 -21.233953008806864 -20.760250444432813 -21.562584902696372 
-22.44079747197621 -22.22523727276588 -21.299939088294607 -20.8368887928153 -21.62798048625089 
-22.346008268075337 -22.135970083616527 -21.19630773782889 -20.734935558153538 -21.524394046196946 
-22.341802092755188 -22.132200014693822 -21.194564830660028 -20.73016842162899 -21.522064082748898 
-22.468149387853785 -22.266705436379524 -21.329677535255357 -20.87462995717867 -21.652080921267867 
-22.466402709831257 -22.26492101279908 -21.327547241219264 -20.872705437079418 -21.650041618459454 
-22.372404572480377 -22.21490766111438 -21.24924532712994 -20.789452897220457 -21.553406415504725 
-22.500219658976576 -22.33159241039958 -21.38355586887249 -20.925394562168933 -21.690018800181605 
-22.500691974453787 -22.332608144985755 -21.36722750715589 -20.928288370750167 -21.67651335217647 
-22.474188677808158 -22.329971965034005 -21.348533054325813 -20.910748898126897 -21.647856042186717 
-22.488691995221117 -22.349281515552875 -21.372297381649034 -20.928418098758414 -21.668150123912312 
-22.57101109481995 -22.45379767562413 -21.48510008168519 -21.028769486638268 -21.76707602891038 
-22.420548827752313 -22.307114168191916 -21.32309786665087 -20.864327441445838 -21.606405064146912 
-22.49529348424501 -22.378831883710532 -21.394361142232796 -20.946542856272544 -21.67905940417866 
-22.613150486653467 -22.488351887642935 -21.523885300222048 -21.071990125858633 -21.809035852724378 
-22.73034158873118 -22.610732573253912 -21.64629017717516 -21.204851767882047 -21.928111961542626 
-22.694427492895088 -22.57712111132321 -21.606090320493138 -21.166635932409335 -21.887987820205865 
-22.681873344398937 -22.563054456181476 -21.589233953869098 -21.15234228296262 -21.87250026905349 
-22.68353796733868 -22.56445468349628 -21.590864256155626 -21.154055665934393 -21.874225859124437 
-22.680665546207322 -22.555797578742784 -21.580524687755187 -21.148591453615907 -21.867333885558963 
-22.633807307967032 -22.48527534064894 -21.51781074905196 -21.085312628062283 -21.816271300820432 
-22.545947737063827 -22.408710463964084 -21.422742757085956 -20.99441081943418 -21.71876368894533 
-22.382410407962155 -22.2119071152907 -21.244055527361922 -20.795443888300497 -21.55562709728767 
-22.26917891051565 -22.122855243433037 -21.153942340980805 -20.67919015831761 -21.45308409249924 
-22.25987637664757 -22.112319323271777 -21.142472241048864 -20.668372823517274 -21.44249247059328 
-22.25993429054239 -22.11295474746659 -21.14301427095188 -20.668695006891156 -21.44273750932861 
-22.250352523747154 -22.1057293146483 -21.135815542879016 -20.658981257062834 -21.434298073190064 
-22.299105671112542 -22.160577724333663 -21.175517474680618 -20.717952578863688 -21.473180482187573 
-22.284806567106116 -22.14480992467722 -21.177807222768507 -20.699142152489273 -21.47310431189169 
-22.2453821967421 -22.104433398708466 -21.138720289453374 -20.65449778879926 -21.434479836017573 
-22.11534896175067 -21.967597213576084 -20.98805753365258 -20.507718722916934 -21.290573057510812 
-22.133954613796803 -21.98968769358649 -21.020982257407837 -20.528755741333015 -21.31957866211455 
-22.125853585279827 -21.9636570373965 -21.015294603634302 -20.509684786578603 -21.319999150669858 
-22.148239848451993 -21.992810454027833 -21.010488178127417 -20.541618860772644 -21.317527584302397 
-22.132151046355702 -21.97657922430679 -21.00038428680682 -20.52279927410622 -21.30647218929424 
-22.140223806992964 -21.98395224760597 -21.011127742728988 -20.5311352020085 -21.316953237952077 
-22.129311605515042 -21.96995849688284 -20.981428209272707 -20.519532344198055 -21.291804804829354 
-22.12225378460225 -21.958762234975822 -20.974382804150594 -20.509366194390125 -21.28629502900263 
-22.080226936152258 -21.908140528583715 -20.914506412643036 -20.45983665336881 -21.23295992713507 
-21.95642765185137 -21.79203335551557 -20.800551823015212 -20.324013623644532 -21.114994344552727 
-21.982514574987164 -21.824503388684505 -20.831716605212748 -20.356128401312702 -21.142799802082777 
-21.989804567765148 -21.830760927567567 -20.83784946790729 -20.36387982561574 -21.149483806493393 
-21.93092443261382 -21.788672205403273 -20.79935271589001 -20.30458844059197 -21.101473622214954 
-21.951598057726017 -21.82665369851027 -20.83135642395787 -20.335954738166024 -21.125039809512742 
-21.94380561243402 -21.815897546681285 -20.829641166047878 -20.324867591525148 -21.12335659754163 
-21.872498639383963 -21.74856416564394 -20.74013882116516 -20.24926041526021 -21.035980678290727 
-21.88330239217288 -21.75229161588338 -20.74833383984324 -20.25777661123189 -21.047179901030418 
-21.875407858948734 -21.728629099571023 -20.757010515335068 -20.2383256747555 -21.058667360663975 
-21.910110393730506 -21.75086402575124 -20.791342762598816 -20.2705174826624 -21.097433130058278 
-21.722697579790562 -21.577976806984623 -20.598422317150693 -20.068733022267054 -20.90108882399096 
-21.743161518410517 -21.602213608857454 -20.624047421023675 -20.09319048728841 -20.924319773387893 
-21.601681068477262 -21.457643199409006 -20.472151595683385 -19.933732732396408 -20.77607535951404 
-21.602246071353733 -21.45085467997329 -20.475290751356923 -19.93007773247811 -20.7814219899754 
-21.546293902207452 -21.382145317455524 -20.449650810198506 -19.857181101027166 -20.75518828093668 
-21.477306247512303 -21.337296885533817 -20.385039131589764 -19.79215450608082 -20.68137721892461 
-21.41118612127289 -21.28110481137837 -20.309426252606357 -19.72412427052879 -20.60417181574215 
-21.471533969745337 -21.33610934162776 -20.37389910649192 -19.788685840180662 -20.669564811596572 
-21.48236442403214 -21.345023151648164 -20.394893057464827 -19.798809715823225 -20.68937954269127 
-21.47953636861638 -21.33583784239393 -20.379745955160786 -19.793422154124627 -20.67876332963891 
-21.490532839131475 -21.347471869532967 -20.39265388926306 -19.805939791041155 -20.691045382904278 
-21.508729624188632 -21.366061344598506 -20.414632608315742 -19.826232015335336 -20.712117576380948 
-21.69274750650004 -21.586082609053037 -20.616059572436697 -20.050800276776116 -20.896501169205365 
-21.664580359498757 -21.555893787566106 -20.58048716363082 -20.01884156680532 -20.863112033677425 
-21.67821607383297 -21.571472262065186 -20.59567578016089 -20.03505813682203 -20.87725323676571 
-21.674214126656537 -21.563585463650412 -20.58762226903231 -20.028854490547744 -20.871355534550517 
-21.780994046040632 -21.691585126680778 -20.75145745233951 -20.154576783161843 -21.016863802607816 
-21.778615882986955 -21.6886526140745 -20.748696550141943 -20.151643079897937 -21.014382809374823 
-21.750600167948846 -21.65319399398166 -20.71945873608955 -20.116276502539208 -20.98819232496116 
-21.70594913160558 -21.599095821671213 -20.63928179346364 -20.064482560552193 -20.917950980320512 
-21.770276950585682 -21.66774490190697 -20.692019195769717 -20.14024988671366 -20.97087693192418 
-21.78657707979481 -21.693458318255807 -20.717318803653157 -20.162784274356653 -20.99107083774291 
-21.590728746344396 -21.480437051255635 -20.54683091166747 -19.93106357467815 -20.823229549351183 
-21.6677672494573 -21.567393405582706 -20.62694668093566 -20.022649795931443 -20.8988481298243 
-21.655778362412335 -21.5574913328214 -20.614356533432115 -20.01039270481357 -20.88566093213359 
-21.635472706464384 -21.54772017666984 -20.598701027581896 -19.992936203790464 -20.86544387066492 
-21.58648991966365 -21.498919152361907 -20.548708837533354 -19.938141439090145 -20.81578795316642 
-21.714147165418396 -21.631576171556034 -20.66913179373715 -20.084879312713227 -20.935081914478474 
-21.650839533395214 -21.578222429936034 -20.610492225872846 -20.018891571119937 -20.87227521143953 
-21.672758485748915 -21.601071298962637 -20.637235724635786 -20.043533013078218 -20.897730132472816 
-21.663726328008593 -21.583874525447797 -20.61979897091328 -20.029697486320728 -20.88479542361128 
-21.615036530614105 -21.534039213641364 -20.56371966009179 -19.975137449226025 -20.830660941794605 
-21.536231880864435 -21.45055056789836 -20.48116377222442 -19.88440076835529 -20.750840654995628 
-21.537219406232154 -21.438784871206025 -20.479595301528164 -19.87873543274013 -20.75436914900834 
-21.55330522281237 -21.459955990205145 -20.497872693982927 -19.89938893980377 -20.770331648683523 
-21.633719759574802 -21.520499142667205 -20.56933729017898 -19.979693149466797 -20.850246463037166 
-21.67106896184842 -21.546020206333466 -20.596156541050988 -20.016230462552272 -20.883067335965293 
-21.65528872487988 -21.5198872662815 -20.57123322339787 -19.993817276006496 -20.863607172336884 
-21.68518388010763 -21.55040175194597 -20.599090994745524 -20.02792355534517 -20.891468252541515 
-21.636053904474608 -21.503440457706517 -20.54650319657115 -19.974288088364432 -20.838938415228085 
-21.622811720034036 -21.499012100137122 -20.553711157416828 -19.96215258910702 -20.839351992285273 
-21.833909585949428 -21.72509660041615 -20.77571259800186 -20.206074091197593 -21.053007619167076 
-21.833136322076328 -21.72625909974198 -20.768592007549103 -20.206915317674586 -21.046313026781817 
-21.83709526231344 -21.75949144874849 -20.825806076034596 -20.22222025529568 -21.083451875346654 
-21.837173573866863 -21.7596116621867 -20.825907993355173 -20.222328833447847 -21.08353404887758 
-21.815375648855692 -21.72736043245665 -20.783197323752276 -20.19413360224614 -21.04840722100613 
-21.830016655216056 -21.724688123299643 -20.80243917267717 -20.200652325684047 -21.07305709156344 
-21.70987270512026 -21.61489680752301 -20.682779211398767 -20.07155444113637 -20.950099050841516 
-21.69535225616417 -21.600428929005105 -20.666772233529656 -20.055432957119166 -20.93440172590512 
-21.722041511218734 -21.64193930058616 -20.70370411161437 -20.092538822545166 -20.964018160178725 
-21.81443078314652 -21.72985558184547 -20.798380406805364 -20.19344072798188 -21.059500758250877 
-21.83936490022495 -21.746980280125086 -20.82035246866498 -20.21738127432475 -21.084719305790472 
-21.76299340797972 -21.659492968248415 -20.727853285785187 -20.1272249350488 -20.99945073785429 
-21.811719266816354 -21.721581319849804 -20.764491864625782 -20.190348773164914 -21.033147571448097 
-21.775982220806313 -21.68067788898213 -20.733380766678607 -20.14698128074683 -21.0032624176242 
-21.704239614542658 -21.619060300049952 -20.669236668371425 -20.071347094747793 -20.934416704699643 
-21.704520335232047 -21.634078938824686 -20.685123611230935 -20.07831042854758 -20.942184829972888 
-21.799639115177982 -21.71101904429098 -20.785637962349526 -20.17446590095112 -21.047933038846736 
-21.751642479757777 -21.66998258115406 -20.720086191330182 -20.126121036206982 -20.983161051489986 
-21.76568653694585 -21.656020549504007 -20.716875513134852 -20.128189439100964 -20.993123353830185 
-21.765314985831154 -21.654499307587983 -20.71449498099234 -20.12734138943307 -20.991518652900908 
-21.772773484491424 -21.652319398546936 -20.728521404384793 -20.129850692792743 -21.007836824030832 
-21.778036479826838 -21.65373325221168 -20.757503460530444 -20.131551970641112 -21.03396275393021 
-21.78792535372756 -21.663806200002156 -20.766609873473556 -20.142800507642974 -21.043097699234252 
-21.787845871125484 -21.663506759408293 -20.766590917890795 -20.142588544990588 -21.04314764353211 
-21.78310162897293 -21.651764808616946 -20.75603104942425 -20.13403689530422 -21.03616794730752 
-21.704986453952145 -21.55754843836992 -20.672554056047815 -20.03836767961802 -20.959794557799356 
-21.67875456893664 -21.53320429264457 -20.63635682625231 -20.01079815801488 -20.924823553837825 
-21.683024526599283 -21.537886144442297 -20.6413707075222 -20.015742292765097 -20.929536525848036 
-21.66018422415442 -21.50946282555715 -20.609031758820237 -19.987986637629447 -20.901014573425698 
-21.654790104830454 -21.501065113688156 -20.602301897777537 -19.980459282189713 -20.895629822563023 
-21.554974015931535 -21.422349893323002 -20.48844782793138 -19.880940854370806 -20.77713671894628 
-21.521793930752708 -21.363486729990115 -20.424326404956318 -19.832845190187683 -20.728016588256324 
-21.360321584398108 -21.179166434826925 -20.28672685927218 -19.636977479107287 -20.595062326832462 
-21.367941027351918 -21.159616102246503 -20.292428950450827 -19.631616480375513 -20.610788782681368 
-21.291206410057782 -21.057213527002915 -20.211370109756658 -19.532509958753067 -20.540001254006597 
-21.56106682371525 -21.30480023070068 -20.47577911617371 -19.8251596002074 -20.8120691745646 
-21.57648640535791 -21.310860482127595 -20.497865729769998 -19.8372934521895 -20.836156132293837 
-21.667317147558848 -21.361142989145705 -20.543375841300275 -19.92289713747573 -20.903962198561743 
-21.68430573504233 -21.386396044508743 -20.56284323131638 -19.945827728783556 -20.919982583356116 
-21.83576686125933 -21.544384313429234 -20.715798001409055 -20.11886630000984 -21.069677997407027 
-21.838284924457852 -21.552868168151463 -20.711378419961974 -20.125276977442226 -21.06443355162233 
-21.80331496669791 -21.51531180534147 -20.66829996269351 -20.085506906699976 -21.023935996525125 
-21.83572188872691 -21.540140604285327 -20.700583471233685 -20.118098926033454 -21.058772481482904 
-21.810901129375424 -21.48064700317073 -20.64667105256933 -20.07586418245687 -21.02263795710809 
-21.743796419123598 -21.40102563210742 -20.58950293349423 -19.99354312823411 -20.968289865389252 
-21.791632711643217 -21.455443870847347 -20.628016604401992 -20.05128129650437 -21.00603978607782 
-21.84282280883579 -21.509868228515472 -20.678190659786964 -20.11040015050399 -21.055038303092545 
-21.82951669425441 -21.493932645741182 -20.665478554764277 -20.094130029354517 -21.043197906154745 
-21.76346021688188 -21.428519687543357 -20.615872459427777 -20.018819346730112 -20.99056225911947 
-21.770229621117736 -21.438524527061944 -20.623090504217316 -20.027949288524155 -20.996531051628196 
-21.75183222148074 -21.421527596332666 -20.599946387700527 -20.008404718888343 -20.97387271053877 
-21.71612650283619 -21.38805520643524 -20.548958842579296 -19.970810461269465 -20.925141154689967 
-21.695853093854524 -21.36540956642098 -20.50969986845307 -19.94870082134473 -20.8903899150758 
-21.710571130490152 -21.37533964691785 -20.522706642124405 -19.963048887328483 -20.90533933066061 
-21.68318504864594 -21.348777455201144 -20.489119969170446 -19.933299448654353 -20.872759211510385 
-21.650996368784718 -21.326877576690748 -20.454728747735288 -19.902433361481656 -20.835300549561666 
-21.620713159678004 -21.293653450048083 -20.424132127669225 -19.866958349829346 -20.805941164421057 
-21.62674071169637 -21.297824800972492 -20.427290249661382 -19.873107303171636 -20.81026866164632 
-21.634086699854564 -21.30542232964821 -20.440200864937324 -19.880928612069454 -20.822006079416653 
-21.657042814048552 -21.319463119956723 -20.456710262013118 -19.902983601722596 -20.842772622934916 
-21.647870211255963 -21.31507200979297 -20.462141362166776 -19.89357615478771 -20.84380049188846 
-21.589054506922977 -21.23872059185254 -20.389303702322053 -19.82021853423241 -20.780057899309455 
-21.57015801722271 -21.219861867558777 -20.36807957734952 -19.799209918436887 -20.759349401981467 
-21.518043287726528 -21.159949352385354 -20.310406554601343 -19.737310189514005 -20.70571371063366 
-21.532902325023727 -21.166700031658465 -20.329379686701586 -19.74969870871982 -20.72667941481295 
-21.588043768278425 -21.20307536199161 -20.358838305250032 -19.80520354226273 -20.767366576100656 
-21.597252397801086 -21.219829287005325 -20.37746211471635 -19.818260308073192 -20.781502806644042 
-21.690938552381226 -21.318106844066662 -20.480107723176985 -19.92493506716889 -20.880398305088363 
-21.69451773256081 -21.322683642401373 -20.486339173655452 -19.92917736315958 -20.885757932340397 
-21.73128818447374 -21.352124088646733 -20.519888885365845 -19.967284397655078 -20.922320939266754 
-21.780115076120225 -21.417220911639347 -20.570319093185233 -20.029847459507565 -20.9665193077398 
-21.79799389431149 -21.443200687220937 -20.585636743339705 -20.054145813740575 -20.97939471966619 
-21.67649291788588 -21.346976495435115 -20.467219597741973 -19.929764589745147 -20.852036168938227 
-21.66043075922839 -21.340118172674522 -20.44966589680469 -19.916455152410805 -20.831580855775897 
-21.703264816382145 -21.38535158357547 -20.501465540079337 -19.964850416719216 -20.880644397126687 
-21.66277952638275 -21.361429325967222 -20.470860163911283 -19.926616156807555 -20.84249817304881 
-21.703958436717826 -21.40335732309741 -20.504806059657668 -19.97404595896772 -20.877344604039607 
-21.799275673305573 -21.511250268975573 -20.63437336321529 -20.083862219310234 -20.995606706950156 
-21.841406595172174 -21.59598585506359 -20.708449634760896 -20.149584924878994 -21.048417518736926 
-21.84733305890323 -21.60112939758018 -20.725565571467016 -20.154733163216974 -21.063723518569773 
-21.62068361359377 -21.383377066992338 -20.505035865444697 -19.90432827001908 -20.839927010796544 
-21.648405347694677 -21.417826509980742 -20.550743857378322 -19.937278173096033 -20.87980671871472 
-21.558016060161847 -21.32772104334653 -20.46614406357564 -19.83540312681511 -20.79445372937623 
-21.359777315303276 -21.13849724628932 -20.30291372172809 -19.614374198112543 -20.622504426736114 
-21.46631260106065 -21.22567067631445 -20.43007679948127 -19.72295510208339 -20.75224340248994 
-21.499177978141233 -21.25185395519881 -20.445794920903154 -19.757718807729944 -20.773322947181498 
-21.478019563282544 -21.2265034804919 -20.423493841346158 -19.731942924702807 -20.75280551325845 
-21.44417142277439 -21.18951366218836 -20.368627074616995 -19.693858652822883 -20.703079217321246 
-21.47404727997113 -21.205331306739566 -20.384922610479563 -19.721468866217478 -20.726712190778883 
-21.463794531651047 -21.20023510096682 -20.380185789944647 -19.71208721448683 -20.719181368147375 
-21.330351768682533 -21.074008895758084 -20.258463438694264 -19.564746445965994 -20.59335305425178 
-21.30745068428145 -21.07322326170106 -20.281147136058337 -19.546946844227435 -20.59994792819235 
-21.396901146062845 -21.13362424051138 -20.381649925130674 -19.63255387373188 -20.708208146715748 
-21.39001019684835 -21.119721702002067 -20.376315187379802 -19.621321237135277 -20.705066615286796 
-21.45750327509245 -21.163503424144068 -20.434796269790738 -19.68621875243278 -20.773179861313253 
-21.47634463607406 -21.18390992613658 -20.456819901788947 -19.707957636781757 -20.793983416379618 
-21.46289944586991 -21.169491256916913 -20.438556492155357 -19.692650825222856 -20.777014425128712 
-21.409003706520693 -21.13480391648598 -20.39237718020985 -19.64092867770927 -20.722951141585625 
-21.594194664886828 -21.31274885599285 -20.587304204953725 -19.844820934708565 -20.91777707807826 
-21.6920381988421 -21.423482520030007 -20.703282448110727 -19.9597719066021 -21.025485501116165 
-21.714097893699787 -21.456905604224147 -20.755435439662634 -19.98850635472168 -21.06805089156805 
-21.773159278216667 -21.505450833481476 -20.781995259494238 -20.051185701459488 -21.10399179213509 
-21.852834962155214 -21.59471269331415 -20.866958787715873 -20.14473652887041 -21.184291606737887 
-21.790733123406312 -21.518357269114247 -20.75685517368973 -20.071135318717722 -21.08828620110694 
-21.775946632315325 -21.50625544997179 -20.741086952800103 -20.055941151396922 -21.071824450997198 
-21.875182983744665 -21.611971385049145 -20.860972778793467 -20.16892746095658 -21.185197713119493 
-21.805529574750793 -21.525221348012735 -20.771292855541844 -20.083879554154606 -21.105499702877893 
-21.923600801988485 -21.655417044003897 -20.88718142565567 -20.222147709256575 -21.21702905014267 
-21.88777589181214 -21.63959115373015 -20.8553474883025 -20.1916131526618 -21.17759424258746 
-21.820189851166745 -21.578347790540747 -20.78366259000515 -20.119361135309504 -21.104726055555687 
-21.838065086679634 -21.59838335288387 -20.805600426624082 -20.14017126261082 -21.125078620568203 
-21.840221073685825 -21.601079627374617 -20.807369298538703 -20.14288270426509 -21.126718480621193 
-21.783429867566156 -21.573152995745275 -20.749372402965435 -20.093868776873464 -21.058987312410892 
-21.809363730570325 -21.589514766004825 -20.77381017491608 -20.118191516251827 -21.08697447411734 
-21.78368999048233 -21.562748617052577 -20.741947042551104 -20.089336194161334 -21.056741906704943 
-21.849384110806582 -21.631178607553352 -20.807931357826106 -20.164304840285723 -21.121412012284637 
-21.82773561913794 -21.622391810335586 -20.807527489574767 -20.144984344667904 -21.112678319715428 
-21.852996414875903 -21.65926943284653 -20.83811943737126 -20.17879628794026 -21.138070361395478 
-21.774879580263132 -21.590079651058716 -20.748838629774795 -20.096708471619834 -21.04798143801318 
-21.78899609727064 -21.59868996464732 -20.768096703406258 -20.109306397164445 -21.068206063291356 
-21.727441610872745 -21.53856741548867 -20.71331978168803 -20.040560180770143 -21.011967110410765 
-21.578339501102448 -21.418880561079703 -20.557151174484645 -19.889057955915163 -20.847253430025958 
-21.51850603863936 -21.34705597730334 -20.506136455520988 -19.815010782943503 -20.799202080897587 
-21.513346797937075 -21.34208381602687 -20.474775720402448 -19.811285243759343 -20.772527821171764 
-21.356701988479344 -21.182263012267214 -20.260876524030024 -19.63841028694854 -20.570850881876396 
-21.297518109028417 -21.123558008109967 -20.20472888235915 -19.571761007826822 -20.514255157020273 
-21.32743669513269 -21.16877441248154 -20.250908643551057 -19.612080636465805 -20.551846107073843 
-21.307686101804705 -21.15199922986224 -20.23729617030324 -19.59088832729357 -20.53614575972574 
-21.307351951477102 -21.15162292849844 -20.236762676390143 -19.59050729384697 -20.535664957839884 
-21.31160955011825 -21.156251360089712 -20.247154117186525 -19.5949639139495 -20.54479677872476 
-21.43922954235515 -21.290557920304437 -20.37899347218729 -19.741699307586543 -20.672879813771644 
-21.326908754266455 -21.159841462504275 -20.257705004794104 -19.606401943822334 -20.560344449785035 
-21.339381684821063 -21.176753591895704 -20.27410929614382 -19.62244170408934 -20.574385465636112 
-21.545038501567788 -21.455389211033605 -20.516971136557487 -19.88955731906573 -20.783279371693126 
-21.66331329703523 -21.56931679394893 -20.652881265776074 -20.018379309834984 -20.917111754771426 
-21.616255284545232 -21.521637213651857 -20.610365782978278 -19.964861796384497 -20.874231723119223 
-21.592540248531023 -21.5055401189735 -20.587815978471667 -19.942286351375486 -20.84882371409445 
-21.641297993791284 -21.544767486688897 -20.629212763134646 -19.992450091085573 -20.894753213674747 
-21.871712774999224 -21.756941681267165 -20.84837082700389 -20.24187096208223 -21.12146805886792 
-21.98043520018942 -21.862995236908873 -20.969662494585464 -20.361032200207703 -21.24100829665599 
-21.953079436615667 -21.813680952006848 -20.93446747331879 -20.319392915231276 -21.21523727285829 
-21.937051323341848 -21.8025838565771 -20.922872228599317 -20.303691229504892 -21.201149557944092 
-22.057596878834076 -21.90943854411195 -21.023507985026896 -20.433052376902054 -21.309729602922488 
-21.977860177138993 -21.846425657162797 -20.968938626935383 -20.350523219028844 -21.245007689137466 
-21.94152702042213 -21.806034977867867 -20.92453935579141 -20.308396288369934 -21.203666063651212 
-21.95869782927656 -21.82483997143136 -20.953750080147657 -20.327465659099673 -21.230067216166887 
-22.08299935290802 -21.934814432150645 -21.09052902497328 -20.457926352286762 -21.369209529439033 
-22.05492903046978 -21.89668435178767 -21.055411347368135 -20.42185348976625 -21.339070787321987 
-22.187346372179235 -22.006209705659188 -21.214384322954928 -20.55605593460696 -21.500847420269835 
-22.018923684414958 -21.86449815141883 -21.03065310153994 -20.382724100418585 -21.31109308162607 
-22.165769990707133 -22.004817144806225 -21.172510995035765 -20.543813925977602 -21.455532792982964 
-22.160901320183058 -22.00285362464652 -21.168839229627437 -20.539791660705404 -21.450631183350623 
-22.235303443582183 -22.07434899623803 -21.244780754994707 -20.621240900891237 -21.527011752473314 
-22.31943321223575 -22.15259081802907 -21.34390412980362 -20.71093605567026 -21.62518593033137 
-22.327652973958692 -22.15634333989088 -21.357003642302203 -20.717456708980777 -21.638963650605078 
-22.30294558069417 -22.13498721217168 -21.330046197587052 -20.691780525508662 -21.611324558842085 
-22.266506243573133 -22.115104757621964 -21.313916262902808 -20.658220248373425 -21.58583509267359 
-22.262651314785955 -22.110659542862308 -21.30786072852642 -20.653767190777643 -21.58039834647319 
-22.192145999438665 -22.023454943098514 -21.22410607618049 -20.567425941300257 -21.50525025145454 
-22.307087526856606 -22.141998503668887 -21.358559846572348 -20.6961872830705 -21.63444097942393 
-22.24191392961717 -22.063099369544105 -21.28138628657041 -20.61730007022443 -21.564558377407806 
-22.241141861867945 -22.050234474816847 -21.24223031129766 -20.612997099987695 -21.53659967674858 
-22.236992841095827 -22.043312029922276 -21.23772529457014 -20.6069795076305 -21.5331606299617 
-22.236338077523428 -22.042948715527544 -21.238069771055024 -20.606322195990145 -21.53322420600867 
-22.233803913649197 -22.036897580259165 -21.245098826300975 -20.601011824789737 -21.539783529469773 
-22.150598647749774 -21.965612962139474 -21.168613688398807 -20.513690697980223 -21.45822311971365 
-22.400500736445835 -22.217541041415842 -21.446193646990423 -20.791616849079148 -21.729039926263155 
-22.429684157005468 -22.235086775866904 -21.475805278937045 -20.81824663767489 -21.762560135803298 
-22.41537314908527 -22.21600138422643 -21.455762034674507 -20.800278797035077 -21.74529342172694 
-22.53695926953364 -22.331528774976704 -21.58277247182869 -20.932312139623292 -21.872947705367594 
-22.529794117450848 -22.320904673126535 -21.572314754953553 -20.922825000499202 -21.864331326771122 
-22.4857039578321 -22.27530513963137 -21.534294668939694 -20.872607726843924 -21.825930609733874 
-22.450592011816113 -22.22099794757301 -21.497425432979966 -20.82415797191581 -21.796258765762914 
-22.522005512830304 -22.28859106709959 -21.572336112160812 -20.901604931274235 -21.87157190964828 
-22.31406307976188 -22.086404108044476 -21.350619811644847 -20.67356271033438 -21.651217658742354 
-22.37576500618134 -22.136592387160547 -21.411063740330917 -20.736782690724596 -21.715661094239692 
-22.389000411356832 -22.14984093381581 -21.433864080468325 -20.75099026314085 -21.73665927907902 
-22.401378825459886 -22.159626607919392 -21.44880655422618 -20.763380940507915 -21.75198823015461 
-22.467854673730628 -22.225385557411357 -21.51815792115866 -20.836918565185655 -21.820787505497705 
-22.43522431397203 -22.21044671824879 -21.504723705745363 -20.80815409539089 -21.797826201646387 
-22.376088933968745 -22.151399350417876 -21.43988180269959 -20.742626183003438 -21.73423548065564 
-22.353971059776583 -22.17053033549969 -21.420165310859275 -20.738252664698976 -21.69969844333349 
-22.496800143436218 -22.312791077899362 -21.60782951493414 -20.894641902147697 -21.878929168543948 
-22.48046179936408 -22.297741712305807 -21.592234617814597 -20.87706543843028 -21.862817081075505 
-22.37966976492703 -22.167279597098712 -21.46061295078424 -20.751749679681524 -21.747547713282884 
-22.320879526794144 -22.10302430512003 -21.399484634186578 -20.683694694300627 -21.68899897798005 
-22.364935304475523 -22.15220651776852 -21.411624184032632 -20.737033622842475 -21.70493108524653 
-22.231017730730542 -22.030477682381658 -21.290782830796417 -20.593007236252248 -21.578012536949586 
-22.177931280336793 -21.979746559069582 -21.247548571426748 -20.5344191228954 -21.53239979879271 
-22.18793052108451 -21.96775850914092 -21.23019004269372 -20.536211474195866 -21.52766347582083 
-22.02163956703825 -21.79299961912011 -21.048265217894993 -20.347223235831407 -21.35226430470192 
-22.15285701098462 -21.92818735850618 -21.180846174627817 -20.495678264323473 -21.482639633093356 
-22.15371882058338 -21.92902291491548 -21.181684451308328 -20.496628933524434 -21.483487710192932 
-22.201139456959993 -21.973485735178627 -21.241507224868116 -20.5473811999654 -21.541890553603665 
-22.227038627657038 -22.009988805935535 -21.2657793356548 -20.581597164302423 -21.56262839330043 
-22.226849818437756 -22.008029850804917 -21.26621437656803 -20.580475031580562 -21.563572617583134 
-22.168274566840978 -21.95217494766841 -21.221170560179957 -20.51568835197486 -21.5153710432067 
-22.189127413794694 -21.97804004248877 -21.260977386111207 -20.540433874268928 -21.549902329182288 
-22.16774100212703 -21.955254846732117 -21.246610584046223 -20.51554903207027 -21.534846302473298 
-22.29765364395199 -22.075021095892623 -21.380529436528732 -20.655285215668997 -21.671036085880957 
-22.309573311797067 -22.086296097352502 -21.389697234897795 -20.668384397637013 -21.68087725747597 
-22.2940853998182 -22.061032039946312 -21.370888180920602 -20.646543868685 -21.66614406458889 
-22.225433467669276 -22.00663788010128 -21.3070776002791 -20.576692855108732 -21.596772078613597 
-22.301247764485097 -22.07469786122546 -21.373438401672388 -20.657894578021924 -21.667233612373437 
-22.268188564004234 -22.06006074211072 -21.348462681532908 -20.629640731879178 -21.63449530115963 
-22.220740154016468 -22.02122878771125 -21.302367052076406 -20.580905544279602 -21.585337741504134 
-22.234609916804075 -22.036208098255656 -21.330569716653883 -20.596239744427464 -21.610511789785605 
-22.142182547113833 -21.94481303693901 -21.246186037248677 -20.49331643369476 -21.524708989220485 
-22.158714612669996 -21.96625939921404 -21.291742595299255 -20.513050862695465 -21.563261964399615 
-22.215005274214434 -22.017682604076228 -21.35011580982996 -20.573370187061954 -21.622722022543016 
-22.248128328435058 -22.054931261522043 -21.37692559318198 -20.61251030613724 -21.649088827661274 
-22.37371566267639 -22.188112990027733 -21.496544210439723 -20.756346682284644 -21.766600485265656 
-22.36709761132491 -22.18444803164978 -21.492626289196636 -20.750317760814937 -21.76119342357589 
-22.24725202232797 -22.065907919560203 -21.36381888468499 -20.61782532320798 -21.634034215277325 
-22.082381976602107 -21.893531564781412 -21.20291911786373 -20.430111403018955 -21.475744046616867 
-22.1005181149184 -21.907026033193688 -21.22101500087274 -20.4480795190687 -21.495392273397087 
-22.099418923073515 -21.922430638852987 -21.225545771330005 -20.454737114690218 -21.493146502190044 
-22.160853649893795 -21.99682912928988 -21.288563486022923 -20.529616329316596 -21.55107643111515 
-22.145109763986795 -21.970065394813446 -21.26920020797246 -20.50674386641552 -21.53629139840045 
-22.163721752799844 -21.971119401184296 -21.257806746816925 -20.520122603880935 -21.536354217989356 
-22.16856695506226 -21.97561284634203 -21.261861670292873 -20.52539045019006 -21.54065405406783 
-22.200971401413796 -21.99938197228724 -21.287790479747855 -20.557585297965417 -21.570637082085923 
-22.2064327572551 -22.006408632683687 -21.294064538612517 -20.564407541487824 -21.57619339850669 
-22.211397640520715 -22.044214482012507 -21.329715699708828 -20.58479866232996 -21.594800443587232 
-22.20634180767253 -22.037013603834623 -21.327500530325537 -20.577973946655348 -21.592852739420692 
-22.272078338076014 -22.123640633410673 -21.40592716304404 -20.661120098485327 -21.66140032805977 
-22.244165018131582 -22.116047599613154 -21.39181708802211 -20.639665511646356 -21.63780196610064 
-22.35455648507508 -22.22874519809453 -21.49953781249394 -20.76390870532647 -21.744717145587884 
-22.374013358990965 -22.253362337654053 -21.519424769133764 -20.788173945240615 -21.76262307019954 
-22.34367140734078 -22.216962791773753 -21.489105864349497 -20.751313478973913 -21.734567755064973 
-22.387557353607548 -22.25330847851305 -21.540934781219363 -20.79602234963953 -21.787472006826775 
-22.447575731645884 -22.33159143845627 -21.62304282337604 -20.871135178330135 -21.85900429654886 
-22.433274490199693 -22.317156431543083 -21.60882179789907 -20.85515697163632 -21.844875477970533 
-22.484798504680157 -22.364908069246496 -21.670780437883437 -20.910173473097757 -21.906118752462405 
-22.597769437245972 -22.468154828270897 -21.77209671040295 -21.031274822374286 -22.012442408790562 
-22.56217922386803 -22.443670554918384 -21.75222809479014 -20.99673139751785 -21.986049034786575 
-22.550768418198686 -22.471219195349065 -21.78327959535312 -21.00239379673461 -21.996011904519918 
-22.523893466778162 -22.46954922453199 -21.778880389965266 -20.984797669199168 -21.978934104347573 
-22.480795086052737 -22.427714807638296 -21.727808965858927 -20.93777983163787 -21.928963625526833 
-22.37823977680108 -22.29640499815588 -21.590206758265865 -20.810072282758938 -21.808020508310136 
-22.36131414206585 -22.27782891373019 -21.565985363229487 -20.790640402230636 -21.785721291776014 
-22.332065675312975 -22.249553652207823 -21.535844421656122 -20.758620757675814 -21.755512524630745 
-22.335210614972667 -22.256262152194694 -21.53919964208083 -20.763939512155474 -21.757556702882454 
-22.317611934680244 -22.25348980044906 -21.534028565278234 -20.75155653642284 -21.745049769606567 
-22.45343149227135 -22.396136646308733 -21.658412801038565 -20.90660857621262 -21.868422407776407 
-22.471271634729078 -22.419547749767077 -21.686153348793567 -20.928959872743874 -21.8923997162844 
-22.421527016156332 -22.368671680950385 -21.62792097249246 -20.873384472822707 -21.836238942119664 
-22.36982722097038 -22.32789003575641 -21.572182414425626 -20.82175419676696 -21.777518596712213 
-22.338072700428597 -22.2956723412115 -21.540203661686704 -20.786180117572485 -21.745876237267638 
-22.34607352943165 -22.314523146396965 -21.552206843401635 -20.800638601355132 -21.753281850673986 
-22.360715684096434 -22.33811501985906 -21.577102347561336 -20.821242399514503 -21.773158288865915 
-22.42594586544034 -22.405834283172965 -21.633939204835286 -20.895499630490946 -21.83026733734671 
-22.3827024036365 -22.353748482002914 -21.57421842658306 -20.8434451154033 -21.776718103456517 
-22.37062035578805 -22.343147140310833 -21.55584299814626 -20.831097242491495 -21.75894150824014 
-22.367153504989034 -22.33799879086152 -21.550650544829907 -20.82642687211667 -21.75466303859622 
-22.334061974425268 -22.316248069732282 -21.533793503565136 -20.79486235170937 -21.731094006770135 
-22.278517162921204 -22.263699805188168 -21.477515601657245 -20.734654929319873 -21.674098952318417 
-22.27675491166444 -22.24203030812876 -21.48628636194249 -20.72165504970272 -21.6882022805559 
-22.322020949308126 -22.2837376519049 -21.526862586172157 -20.770366938885246 -21.730665999430258 
-22.284100095137234 -22.240856151726405 -21.48524642678545 -20.72569145699076 -21.691615296943453 
-22.305163728056982 -22.269074167183405 -21.508944337242013 -20.752801845326516 -21.712216936888126 
-22.30460695874568 -22.298704430569273 -21.54273016027706 -20.766818802823494 -21.72933410098703 
-22.2003566341957 -22.19813502250919 -21.43669131730337 -20.652769456705286 -21.622717438838436 
-22.182670341559287 -22.156347171234756 -21.39846037259443 -20.62104676129384 -21.596695439949386 
-22.147614941265473 -22.12350744073447 -21.36408698936313 -20.583127570629458 -21.56156072326135 
-22.245195187276906 -22.19029201379115 -21.455574616090928 -20.675917301588257 -21.66466740105615 
-22.242250912991636 -22.159959752563836 -21.438800238925353 -20.65898840794084 -21.66002200069954 
-22.160776247744735 -22.07016952389945 -21.359405147367482 -20.563896670083366 -21.583547097755996 
-21.827864654085076 -21.72501648157659 -20.96458271302997 -20.18837661737244 -21.20532187961885 
-21.825391445621236 -21.723782292492444 -20.96055572005845 -20.18631884518163 -21.20113873490405 
-21.81194312390602 -21.72977368185137 -20.969767223585478 -20.180363652201706 -21.199527168276987 
-21.774915032121697 -21.68757500154409 -20.9300248989112 -20.136394744178887 -21.162257699128872 
-21.99614157462419 -21.884601416502306 -21.18348906571721 -20.370042591681752 -21.417684497840455 
-21.996316834361167 -21.883122831961614 -21.183036522296774 -20.369423685909865 -21.417923988581293 
-22.058904972607777 -21.96657529301193 -21.26015342174918 -20.449369142137584 -21.484874539298772 
-22.061964518413745 -21.973148612983437 -21.267945763591726 -20.454428581061734 -21.490587191806725 
-22.058635320534435 -21.966655670970738 -21.25047466233788 -20.44953968475174 -21.476716792415885 
-22.021995958111347 -21.917330267556935 -21.203368581856324 -20.402556204870336 -21.436079315110305 
-22.019394081010546 -21.90440968957185 -21.18874871614034 -20.394832375199215 -21.42722321053519 
-22.020987319871026 -21.916219578555868 -21.19905566779161 -20.401489675025076 -21.432386283111214 
-22.220371409331506 -22.124742542097152 -21.426042558729932 -20.627522962267832 -21.650479335987427 
-22.23106494224848 -22.145314859380434 -21.437511143808848 -20.64443096480548 -21.658280247800562 
