8.749961853027344e-05
4.744529724121094e-05
4.696846008300781e-05
4.601478576660156e-05
4.57763671875e-05
6.532669067382812e-05
8.106231689453125e-05
4.649162292480469e-05
4.553794860839844e-05
4.601478576660156e-05
4.601478576660156e-05
4.5299530029296875e-05
4.5299530029296875e-05
4.57763671875e-05
4.506111145019531e-05
4.553794860839844e-05
4.5299530029296875e-05
4.57763671875e-05
4.553794860839844e-05
4.553794860839844e-05
4.553794860839844e-05
4.792213439941406e-05
0.00013828277587890625
4.696846008300781e-05
4.57763671875e-05
4.792213439941406e-05
4.553794860839844e-05
4.553794860839844e-05
4.553794860839844e-05
4.553794860839844e-05
4.57763671875e-05
4.57763671875e-05
4.553794860839844e-05
4.57763671875e-05
4.601478576660156e-05
4.673004150390625e-05
4.673004150390625e-05
7.128715515136719e-05
0.00016951560974121094
9.369850158691406e-05
6.4849853515625e-05
4.839897155761719e-05
4.839897155761719e-05
8.869171142578125e-05
7.009506225585938e-05
0.00010704994201660156
0.00011754035949707031
8.893013000488281e-05
6.651878356933594e-05
8.916854858398438e-05
4.9114227294921875e-05
6.341934204101562e-05
4.601478576660156e-05
4.57763671875e-05
4.57763671875e-05
4.649162292480469e-05
4.57763671875e-05
4.6253204345703125e-05
4.8160552978515625e-05
4.553794860839844e-05
4.553794860839844e-05
4.601478576660156e-05
4.601478576660156e-05
9.393692016601562e-05
4.673004150390625e-05
4.57763671875e-05
4.57763671875e-05
4.601478576660156e-05
4.57763671875e-05
4.57763671875e-05
4.601478576660156e-05
4.57763671875e-05
4.673004150390625e-05
4.7206878662109375e-05
4.601478576660156e-05
4.601478576660156e-05
4.5299530029296875e-05
4.57763671875e-05
4.553794860839844e-05
4.601478576660156e-05
4.601478576660156e-05
0.00012755393981933594
9.655952453613281e-05
6.175041198730469e-05
4.7206878662109375e-05
4.696846008300781e-05
4.601478576660156e-05
4.57763671875e-05
4.7206878662109375e-05
4.744529724121094e-05
4.601478576660156e-05
4.8160552978515625e-05
4.6253204345703125e-05
4.601478576660156e-05
4.649162292480469e-05
4.7206878662109375e-05
4.6253204345703125e-05
9.393692016601562e-05
4.887580871582031e-05
4.7206878662109375e-05
4.6253204345703125e-05
4.76837158203125e-05
4.649162292480469e-05
4.863739013671875e-05
4.673004150390625e-05
4.6253204345703125e-05
6.747245788574219e-05
4.792213439941406e-05
4.673004150390625e-05
4.649162292480469e-05
4.696846008300781e-05
4.76837158203125e-05
4.696846008300781e-05
4.6253204345703125e-05
0.002140522003173828
5.626678466796875e-05
6.031990051269531e-05
4.696846008300781e-05
4.673004150390625e-05
4.6253204345703125e-05
4.7206878662109375e-05
4.6253204345703125e-05
4.696846008300781e-05
4.649162292480469e-05
4.673004150390625e-05
4.6253204345703125e-05
4.6253204345703125e-05
4.6253204345703125e-05
4.673004150390625e-05
9.560585021972656e-05
4.696846008300781e-05
4.673004150390625e-05
4.673004150390625e-05
4.696846008300781e-05
4.673004150390625e-05
4.673004150390625e-05
4.649162292480469e-05
4.673004150390625e-05
4.696846008300781e-05
4.7206878662109375e-05
6.842613220214844e-05
4.863739013671875e-05
4.649162292480469e-05
4.696846008300781e-05
4.649162292480469e-05
4.792213439941406e-05
0.00014591217041015625
6.175041198730469e-05
4.935264587402344e-05
4.8160552978515625e-05
4.649162292480469e-05
4.76837158203125e-05
4.744529724121094e-05
4.673004150390625e-05
4.7206878662109375e-05
4.649162292480469e-05
4.673004150390625e-05
4.6253204345703125e-05
4.76837158203125e-05
4.673004150390625e-05
4.696846008300781e-05
4.839897155761719e-05
0.0001277923583984375
7.915496826171875e-05
4.6253204345703125e-05
4.696846008300781e-05
4.7206878662109375e-05
4.673004150390625e-05
4.76837158203125e-05
4.673004150390625e-05
4.601478576660156e-05
4.601478576660156e-05
4.696846008300781e-05
4.649162292480469e-05
4.7206878662109375e-05
4.649162292480469e-05
4.8160552978515625e-05
4.649162292480469e-05
0.00011301040649414062
4.839897155761719e-05
4.6253204345703125e-05
4.601478576660156e-05
4.6253204345703125e-05
4.673004150390625e-05
4.696846008300781e-05
4.649162292480469e-05
4.7206878662109375e-05
4.7206878662109375e-05
4.792213439941406e-05
4.696846008300781e-05
4.7206878662109375e-05
4.6253204345703125e-05
4.8160552978515625e-05
4.696846008300781e-05
4.649162292480469e-05
9.465217590332031e-05
4.696846008300781e-05
4.6253204345703125e-05
4.601478576660156e-05
4.553794860839844e-05
4.57763671875e-05
5.078315734863281e-05
4.5299530029296875e-05
4.57763671875e-05
4.649162292480469e-05
4.57763671875e-05
4.6253204345703125e-05
4.553794860839844e-05
4.553794860839844e-05
4.601478576660156e-05
6.67572021484375e-05
9.822845458984375e-05
5.1021575927734375e-05
4.9114227294921875e-05
6.0558319091796875e-05
4.6253204345703125e-05
4.649162292480469e-05
4.649162292480469e-05
4.673004150390625e-05
4.696846008300781e-05
7.677078247070312e-05
4.8160552978515625e-05
4.649162292480469e-05
4.7206878662109375e-05
4.601478576660156e-05
4.649162292480469e-05
4.601478576660156e-05
4.601478576660156e-05
9.465217590332031e-05
4.696846008300781e-05
4.6253204345703125e-05
4.6253204345703125e-05
4.601478576660156e-05
4.887580871582031e-05
4.649162292480469e-05
4.6253204345703125e-05
4.696846008300781e-05
4.696846008300781e-05
4.673004150390625e-05
4.696846008300781e-05
4.7206878662109375e-05
4.696846008300781e-05
4.673004150390625e-05
4.601478576660156e-05
4.57763671875e-05
9.465217590332031e-05
4.744529724121094e-05
4.649162292480469e-05
4.649162292480469e-05
4.6253204345703125e-05
4.649162292480469e-05
4.673004150390625e-05
4.696846008300781e-05
4.7206878662109375e-05
4.673004150390625e-05
4.601478576660156e-05
4.6253204345703125e-05
4.649162292480469e-05
4.553794860839844e-05
4.673004150390625e-05
4.649162292480469e-05
4.696846008300781e-05
4.649162292480469e-05
0.00012564659118652344
4.9114227294921875e-05
5.030632019042969e-05
4.9114227294921875e-05
4.8160552978515625e-05
4.8160552978515625e-05
4.982948303222656e-05
4.9591064453125e-05
4.9591064453125e-05
4.839897155761719e-05
4.839897155761719e-05
4.792213439941406e-05
4.863739013671875e-05
4.863739013671875e-05
6.031990051269531e-05
0.000133514404296875
0.0001239776611328125
8.320808410644531e-05
4.9114227294921875e-05
4.863739013671875e-05
8.916854858398438e-05
4.9114227294921875e-05
7.152557373046875e-05
0.0001285076141357422
7.009506225585938e-05
4.6253204345703125e-05
4.57763671875e-05
0.00016450881958007812
5.030632019042969e-05
6.389617919921875e-05
4.673004150390625e-05
4.6253204345703125e-05
4.601478576660156e-05
4.673004150390625e-05
4.6253204345703125e-05
4.57763671875e-05
4.553794860839844e-05
4.673004150390625e-05
4.6253204345703125e-05
4.601478576660156e-05
4.601478576660156e-05
4.649162292480469e-05
6.461143493652344e-05
8.869171142578125e-05
4.982948303222656e-05
5.9604644775390625e-05
4.6253204345703125e-05
4.553794860839844e-05
4.601478576660156e-05
4.6253204345703125e-05
4.601478576660156e-05
4.57763671875e-05
4.7206878662109375e-05
4.649162292480469e-05
4.6253204345703125e-05
4.57763671875e-05
4.601478576660156e-05
4.553794860839844e-05
0.0001494884490966797
5.14984130859375e-05
5.0067901611328125e-05
4.863739013671875e-05
4.9114227294921875e-05
4.839897155761719e-05
4.863739013671875e-05
4.839897155761719e-05
4.863739013671875e-05
4.792213439941406e-05
4.9591064453125e-05
4.935264587402344e-05
4.839897155761719e-05
4.839897155761719e-05
7.915496826171875e-05
0.00010037422180175781
4.696846008300781e-05
4.553794860839844e-05
4.601478576660156e-05
4.601478576660156e-05
4.601478576660156e-05
4.5299530029296875e-05
4.6253204345703125e-05
4.6253204345703125e-05
4.649162292480469e-05
4.57763671875e-05
4.696846008300781e-05
4.649162292480469e-05
4.57763671875e-05
4.57763671875e-05
4.57763671875e-05
4.792213439941406e-05
6.461143493652344e-05
5.793571472167969e-05
6.008148193359375e-05
4.601478576660156e-05
4.6253204345703125e-05
4.57763671875e-05
4.6253204345703125e-05
4.553794860839844e-05
4.57763671875e-05
4.649162292480469e-05
4.57763671875e-05
4.673004150390625e-05
4.673004150390625e-05
4.57763671875e-05
4.649162292480469e-05
4.57763671875e-05
9.72747802734375e-05
4.649162292480469e-05
4.601478576660156e-05
4.553794860839844e-05
4.5299530029296875e-05
4.553794860839844e-05
4.553794860839844e-05
4.506111145019531e-05
4.6253204345703125e-05
4.673004150390625e-05
4.57763671875e-05
4.57763671875e-05
4.57763671875e-05
4.57763671875e-05
4.553794860839844e-05
4.6253204345703125e-05
4.6253204345703125e-05
4.57763671875e-05
0.0001289844512939453
8.249282836914062e-05
6.246566772460938e-05
4.839897155761719e-05
4.8160552978515625e-05
4.9114227294921875e-05
4.839897155761719e-05
4.839897155761719e-05
4.839897155761719e-05
7.176399230957031e-05
5.030632019042969e-05
4.982948303222656e-05
4.9114227294921875e-05
4.8160552978515625e-05
4.839897155761719e-05
9.608268737792969e-05
6.270408630371094e-05
5.0067901611328125e-05
4.982948303222656e-05
4.887580871582031e-05
6.079673767089844e-05
4.57763671875e-05
4.649162292480469e-05
4.601478576660156e-05
4.57763671875e-05
4.6253204345703125e-05
4.649162292480469e-05
4.601478576660156e-05
4.7206878662109375e-05
4.673004150390625e-05
4.6253204345703125e-05
4.57763671875e-05
0.00015854835510253906
6.175041198730469e-05
4.6253204345703125e-05
4.601478576660156e-05
4.696846008300781e-05
4.649162292480469e-05
4.696846008300781e-05
4.553794860839844e-05
4.57763671875e-05
4.601478576660156e-05
4.553794860839844e-05
4.649162292480469e-05
4.553794860839844e-05
4.5299530029296875e-05
4.57763671875e-05
4.57763671875e-05
0.00010538101196289062
4.7206878662109375e-05
4.553794860839844e-05
4.6253204345703125e-05
4.506111145019531e-05
4.5299530029296875e-05
4.601478576660156e-05
4.649162292480469e-05
4.553794860839844e-05
4.601478576660156e-05
4.553794860839844e-05
4.553794860839844e-05
4.553794860839844e-05
4.601478576660156e-05
4.553794860839844e-05
4.601478576660156e-05
4.553794860839844e-05
4.553794860839844e-05
0.00017523765563964844
6.437301635742188e-05
4.553794860839844e-05
4.553794860839844e-05
4.506111145019531e-05
4.57763671875e-05
4.601478576660156e-05
4.6253204345703125e-05
4.649162292480469e-05
4.744529724121094e-05
4.57763671875e-05
4.5299530029296875e-05
4.601478576660156e-05
4.5299530029296875e-05
4.553794860839844e-05
4.553794860839844e-05
0.0013582706451416016
5.125999450683594e-05
4.57763671875e-05
4.57763671875e-05
4.57763671875e-05
4.5299530029296875e-05
4.553794860839844e-05
4.553794860839844e-05
4.57763671875e-05
4.6253204345703125e-05
4.6253204345703125e-05
4.649162292480469e-05
0.0001327991485595703
6.580352783203125e-05
4.839897155761719e-05
4.57763671875e-05
4.553794860839844e-05
4.601478576660156e-05
4.553794860839844e-05
4.57763671875e-05
4.57763671875e-05
4.553794860839844e-05
4.57763671875e-05
4.553794860839844e-05
4.57763671875e-05
4.553794860839844e-05
4.553794860839844e-05
4.6253204345703125e-05
0.00010538101196289062
4.649162292480469e-05
