-10.639830071553348 -14.820795308279017 -10.824903113393603 -11.787208283067159 -8.783859874545811 
-10.22270325859644 -14.555073426863814 -10.519080638102878 -11.482777840138866 -8.377471566217025 
-10.246251980381999 -14.58826704799975 -10.561538623719429 -11.540886113916997 -8.413249254040252 
-10.036140070788989 -14.420572502958024 -10.381840635137038 -11.28341501715633 -8.210329228732235 
-9.999941303439542 -14.391728532569545 -10.336968529604462 -11.257765109958271 -8.158375298283346 
-10.015221067680116 -14.396769915841887 -10.347970394113702 -11.250760131915158 -8.177572014169016 
-10.068847629289337 -14.432475403714434 -10.387065076821287 -11.296681486363681 -8.22806652215867 
-10.05941588634191 -14.386463696486544 -10.28606163228261 -11.255245690925307 -8.143539951300369 
-10.278896627312946 -14.525098092224042 -10.412387914640448 -11.46034968109474 -8.31712617897395 
-10.282968173975178 -14.528393219455282 -10.417412986345866 -11.463369499901688 -8.32288802961763 
-10.25317564316937 -14.412176288653484 -10.184625235593899 -11.34436523034313 -8.134156251317663 
-10.220524131056663 -14.378243642557678 -10.1334434476519 -11.305353967908843 -8.082207837796574 
-10.225506137544272 -14.380644560712028 -10.132252686136496 -11.312884278878599 -8.082012820844824 
-10.204919008536407 -14.368480928716522 -10.142771118207193 -11.265820375056009 -8.091717385016224 
-10.195678351933836 -14.340228438333384 -10.074145094281121 -11.255778906371418 -8.030146938726645 
-10.174125938460989 -14.329605697478513 -10.07067233762173 -11.234507361949795 -8.020793578002426 
-10.190628669041388 -14.34540743721736 -10.075507134635373 -11.27825222254215 -8.02302319474353 
-10.136685842595284 -14.345838146946264 -10.126501352049758 -11.24938950007909 -8.045203337907665 
-9.9772179426231 -14.209774225230689 -9.948358952577223 -11.0756957629972 -7.848778093705306 
-9.92859208857368 -14.226040782929744 -10.011567589823969 -11.090944073939951 -7.874391616993407 
-9.97036410641229 -14.258856398978992 -10.03938284703014 -11.151516008988693 -7.9057316686799055 
-9.964407425458973 -14.251235062456814 -10.027890619042182 -11.141421887553037 -7.895026300888503 
-9.745775473087463 -14.113736687878216 -9.873090773086602 -10.975975425880307 -7.68566340729862 
-9.699618689046261 -14.081770329130237 -9.838229302935972 -10.931879933835006 -7.641748049084526 
-9.650529390295063 -14.05016797543432 -9.794963819056079 -10.903916912634855 -7.584983836128956 
-9.558123908733648 -14.005709025125952 -9.790638015161065 -10.80488707391764 -7.5579605168045845 
-9.225335842282107 -13.76863221394376 -9.457024651598658 -10.57507640234381 -7.146031893488953 
-9.158987775888363 -13.7004755095018 -9.346321901087606 -10.503963392820665 -7.030236587665925 
-9.112105148546618 -13.661561194723333 -9.292005888766951 -10.458316592530167 -6.968636753000013 
-9.10834520746117 -13.657469016439649 -9.286406196136682 -10.452194794438682 -6.963166155036561 
-9.16214355998541 -13.701440975928676 -9.349307681911597 -10.50062010653501 -7.035298006405029 
-9.01329305324559 -13.619454593680075 -9.252796806772253 -10.42668564046788 -6.890967353182418 
-8.98861900295826 -13.59893494094004 -9.224387666222086 -10.402047329073554 -6.858776429741681 
-8.9892002629731 -13.579993226380907 -9.16835973733842 -10.404262408422781 -6.808536835031433 
-9.07349356263748 -13.659876475921806 -9.29418033539082 -10.486945988646426 -6.944460154341854 
-9.062345429155414 -13.700917494445378 -9.389390841758797 -10.539236216858214 -7.012633522599046 
-8.978655723913917 -13.630638099963491 -9.281055895780895 -10.473561588356631 -6.888789837297978 
-8.852972612004251 -13.525110970508692 -9.101480728410678 -10.410895990207152 -6.680268940177754 
-9.093932688037086 -13.648347786327392 -9.23348697971825 -10.513087112863147 -6.8950509421591875 
-9.121235379598915 -13.683378268535208 -9.304505745218435 -10.531600501046583 -6.967609743539342 
-9.074716681284343 -13.604704939924702 -9.163541274869502 -10.440326083661944 -6.839661648017284 
-9.092176349800411 -13.62070851633041 -9.181823167218226 -10.468180390821644 -6.858471874048405 
-9.319071339817157 -13.784110951107621 -9.406056146560516 -10.633851356261886 -7.134908207220931 
-9.298505666242008 -13.769128565001466 -9.38642923685056 -10.616850086183703 -7.1109490227566425 
-9.329026665557421 -13.831906846305458 -9.513606779386123 -10.671241395361761 -7.226465174020987 
-9.446253672250748 -13.953357760525407 -9.693330457203942 -10.825660471056437 -7.409805459081809 
-9.358798262853952 -13.898931491476858 -9.636095900452105 -10.755367287252838 -7.331260097900227 
-9.29892251863835 -13.851429125470418 -9.580817257529773 -10.685171449779546 -7.268103066379524 
-9.269858145013814 -13.834859014497908 -9.560017201131458 -10.671676126206421 -7.238141161182398 
-9.554541495020345 -14.052755339773626 -9.809983343046596 -10.991858625874869 -7.530407780608783 
-9.246155609473874 -13.830098071327072 -9.518966564115871 -10.749375569453946 -7.17317981692409 
-9.414199307174485 -13.921574078810934 -9.607745054406593 -10.855105601605686 -7.31184588434833 
-9.671047580623338 -14.076673900568878 -9.765363256277965 -11.058499589975185 -7.534947667450169 
-9.700943636826679 -14.097099181892347 -9.791850519342702 -11.078979310845725 -7.568660512296972 
-9.752404450750177 -14.119675319576885 -9.801006942973743 -11.118302567664017 -7.594308932563166 
-9.619906311569139 -14.016403309263836 -9.666052956000996 -10.993078860252965 -7.436683568820129 
-9.588418023471661 -13.999372405185525 -9.658225446896111 -10.956030554962538 -7.421731892958931 
-9.56793705770967 -13.967934783365322 -9.60633463789432 -10.914671470316023 -7.375064796707136 
-9.812553031424898 -14.225777255038139 -10.016051809724758 -11.19358460448693 -7.795689219221799 
-9.725821671218938 -14.224743057136408 -10.075772129574347 -11.185996690581106 -7.808007080924725 
-9.743603361655957 -14.228275580107606 -10.075803536187635 -11.181952747733845 -7.8173756465201905 
-9.598155105682835 -14.124092069815902 -9.950390140123119 -11.051740995746755 -7.663524236590561 
-9.609531220147446 -14.141228603322816 -9.980729180532649 -11.07137860861134 -7.691884794830614 
-9.569397539724648 -14.140887076930284 -10.008856617706158 -11.069879422823277 -7.69839818050022 
-9.312521556277389 -13.898489211509428 -9.684051441011675 -10.725994667269546 -7.3582601883511956 
-9.369594178826503 -13.931410398523198 -9.715714044906576 -10.768402511448059 -7.404999665052927 
-9.394934632431116 -13.950029772082942 -9.73702159173412 -10.794312557888333 -7.430657760911174 
-9.392799865755592 -13.948629172737228 -9.735384664292667 -10.792655313692762 -7.428518348383051 
-9.493458550532694 -14.041607024120893 -9.86579011268499 -10.911508225771911 -7.567901637596364 
-9.476770813754342 -14.031214405385128 -9.855755240855942 -10.896871000966428 -7.554077423716066 
-9.809755439042789 -14.306137831518484 -10.221335865590575 -11.240060528628433 -7.966344726677292 
-9.778455150023959 -14.295669318135296 -10.216227058856802 -11.234176310157096 -7.948210337359001 
-9.888305122783962 -14.352583522270152 -10.257880304024397 -11.314087861673968 -8.0205046100196 
-9.308882229731012 -13.948781729615817 -9.783308795947733 -10.809466734319841 -7.427658847974655 
-9.293128642397946 -13.948305544293333 -9.795301631653658 -10.805902324681725 -7.431905730486363 
-9.339601295776532 -13.998845215757001 -9.882590682544986 -10.854478907419974 -7.522573507866156 
-9.221018186210372 -13.880451522882325 -9.69598104656339 -10.722747468336635 -7.325774553923338 
-9.434225456845269 -14.041741884286012 -9.933490567421018 -10.870871846248065 -7.609935421225373 
-9.486238836513252 -13.998652294515125 -9.831746515145355 -10.781608454735832 -7.564337019443201 
-9.622207717237188 -14.108637855555173 -9.956530697031752 -10.945272717220547 -7.704764288289397 
-9.88702842109501 -14.301968209318389 -10.193960079058371 -11.183869685913848 -7.992132617460754 
-9.938383421817463 -14.337039419476213 -10.249941738001866 -11.206003645623596 -8.062392575708657 
-9.996456138343689 -14.396868643890429 -10.347225401436802 -11.267776448471068 -8.16340977227901 
-9.970479935858947 -14.385562615778738 -10.340893693280734 -11.252940695279605 -8.14847887656363 
-9.78714704045079 -14.257171468349554 -10.205595177532715 -11.072797423584603 -7.98007563658966 
-9.669124934891926 -14.170325672269271 -10.082031087865573 -10.987069533405261 -7.831089216665532 
-9.57849584203106 -14.06809887044328 -9.978314410739316 -10.794770762746424 -7.74047028561192 
-9.425313413234306 -13.952723312737874 -9.873445071275171 -10.60786279118632 -7.6171937357487 
-9.228338923128547 -13.79870233153099 -9.66257496572861 -10.429512075845835 -7.371722320987288 
-9.4328108532861 -13.931019779612527 -9.834385503266418 -10.570219251440747 -7.595543208245914 
-9.600878495022556 -14.061401138338951 -10.018808850084227 -10.714086278705139 -7.810972268152113 
-9.623143268212672 -14.118300655411389 -10.120781956410553 -10.786413959924758 -7.895997517492887 
-9.396874666100146 -13.993287883943552 -9.977668254524119 -10.657591349830497 -7.685925488127637 
-9.249418988985411 -13.886678740697505 -9.866152471671711 -10.505917364052152 -7.550497990996945 
-9.343997612229913 -13.94530377113827 -9.929959128625882 -10.577562818925685 -7.637155845360525 
-9.30663567028681 -13.936760711535626 -9.937678784926206 -10.565677883531052 -7.629217083041411 
-9.253659025625183 -13.920056961228553 -9.910483045056651 -10.573394964583372 -7.575855738184103 
-9.253495511505037 -13.912885191950096 -9.89167048595931 -10.56814921616504 -7.5595608339043565 
-9.402215976832409 -14.028012780199859 -10.033349397324258 -10.717338346281693 -7.724498973213585 
-9.524126175160646 -14.093636497822217 -10.108563823451277 -10.780789907639416 -7.837012952653012 
-9.290948349729433 -13.959267184407992 -9.920026391930335 -10.67948108678057 -7.57526347629026 
-9.359576242575002 -14.014134680070612 -10.000629597517104 -10.737080068534894 -7.668478242858441 
-9.178907402519883 -13.887378548537868 -9.866158580363916 -10.560780125366975 -7.501719471007348 
-9.046143086212282 -13.816683593024663 -9.809422105019792 -10.46786251566229 -7.409400557023673 
-8.793950653664453 -13.61960885981479 -9.527472517712496 -10.252541875313455 -7.079269017639405 
-8.78468582865844 -13.599702711175354 -9.497254957110869 -10.218910713034745 -7.054951435645933 
-8.734072828398638 -13.56969317544619 -9.484367340514027 -10.16129096930483 -7.033670576045708 
-8.891315449575359 -13.688647476028109 -9.629814837477909 -10.316287017979093 -7.205690575004738 
-9.00331913783748 -13.76184924299426 -9.732196863786001 -10.38445948266542 -7.337889380887532 
-9.031079049166024 -13.781695042604994 -9.763752309173142 -10.4009688135705 -7.376592026144735 
-9.02913082394322 -13.7805277807459 -9.763438031792603 -10.398568609334674 -7.376001830956483 
-9.069174967226374 -13.807719845528268 -9.787827625222377 -10.440155470659604 -7.4071521821685735 
-8.997989008538767 -13.752762419388247 -9.72874932781366 -10.359275521476818 -7.3387725664285455 
-9.312460161869907 -13.995395909388009 -10.053862810068253 -10.645711114480534 -7.719589783701252 
-9.331470004026471 -14.001348018368077 -10.01504839943722 -10.69488538821841 -7.6792963168694826 
-9.343093791246318 -14.012419598769839 -10.031941465861166 -10.707693546940988 -7.697335717339328 
-9.336628383317986 -14.01149731679449 -10.03545037499201 -10.705483243635541 -7.69811694499306 
-9.324359959967595 -14.008620022722084 -10.03426576635043 -10.706018220603568 -7.691054722960018 
-9.155402313749448 -13.92759972451013 -9.98382709137202 -10.598276396722682 -7.59200926733817 
-9.154372264260758 -13.915110801762665 -9.960014443433522 -10.578823333759132 -7.573951425472529 
-9.137847763653355 -13.90226670190718 -9.946172352400055 -10.559841490218503 -7.558029424316587 
-9.20173588967198 -13.942011762969003 -9.99466374956711 -10.601814931495156 -7.622925634829443 
-9.214883980548294 -13.952440883690002 -10.009063419581608 -10.61391150395967 -7.639562871375617 
-9.160261529242618 -13.869516258434643 -9.88421912182082 -10.490366876528341 -7.528354012359344 
-9.150030130415644 -13.860210995677164 -9.857221837768876 -10.493379764946042 -7.497175067938343 
-9.087313269050625 -13.816467433714038 -9.811539983481325 -10.4324172721833 -7.440276379546361 
-9.091033716459435 -13.815270687243697 -9.800820810805561 -10.436763633391365 -7.430780535787704 
-9.103606341231355 -13.82862602834318 -9.821831757403146 -10.45277614399211 -7.452361869797926 
-9.32526461387691 -14.005086652262321 -10.048236308773738 -10.676707320098927 -7.712192874805552 
-9.252107797019292 -13.968478273449819 -10.030178614151794 -10.62025076389007 -7.675366059129601 
-9.270117920931696 -13.973555923043975 -10.03057460990334 -10.62428134742784 -7.683189766469539 
-9.24904099370535 -13.957797944315402 -10.011476919990898 -10.604109942158573 -7.660506600446695 
-9.260993771242 -13.962817870075554 -10.011493636889881 -10.61298762969706 -7.663840309149464 
-9.409147524650479 -14.059948498829954 -10.12847592430279 -10.724260180701648 -7.815041140989479 
-9.502292616920101 -14.150720615824824 -10.270838143545305 -10.827061694009359 -7.965971911236451 
-9.300365572428689 -13.984295454505713 -10.039053919121017 -10.630901354103017 -7.70381178261627 
-9.341539125276569 -14.007390735227844 -10.068297500452232 -10.651627662339223 -7.745504086235272 
-9.205989966952359 -13.903880046679546 -9.952976060922225 -10.507039795983488 -7.610802350149797 
-9.32732424786009 -13.96648910117598 -9.99841316633929 -10.59169124646479 -7.6891728452129655 
-9.31975209644061 -13.958950960673903 -9.987504927209216 -10.582131324239086 -7.677857243527015 
-9.315468600782282 -13.955843898093804 -9.982218860830457 -10.579770957404051 -7.671450217539885 
-9.140727064065857 -13.825943638448763 -9.862735679822265 -10.377527176066323 -7.529805456600172 
-9.13280480785177 -13.8181620881154 -9.856928083077506 -10.362660488347146 -7.524654180379542 
-9.046366265426286 -13.776777824590596 -9.82748329751648 -10.310013577467885 -7.469518738480005 
-9.046144888896578 -13.776654559533029 -9.827386206689397 -10.30984315693722 -7.46936730590177 
-8.98432156394614 -13.734477816719448 -9.77835499000787 -10.257208281620478 -7.407583854397885 
-8.983779068560878 -13.736635950175398 -9.783447551324386 -10.25989119948754 -7.41142709581905 
-9.330657402083233 -13.966334370468488 -10.023407916228777 -10.56456563831432 -7.721846493830995 
-9.375906318950385 -14.037798729169594 -10.125166586567843 -10.674649879257615 -7.809373371234557 
-9.581498038623636 -14.15014228061537 -10.181519183189096 -10.861084219511469 -7.911425911450081 
-9.317120134852857 -13.958674958563378 -9.998091918278575 -10.572455478965551 -7.689194226796232 
-9.354954227296659 -13.976857458500334 -10.0319288563783 -10.57550486404405 -7.738704681054614 
-9.376208547718988 -13.990024008417905 -10.045879352945732 -10.591893502685537 -7.757663230619414 
-9.392613685317855 -13.98822491433674 -10.04145840565468 -10.580077270105491 -7.764938548064137 
-9.443593891070279 -14.02429699615027 -10.085959512535439 -10.623623733847452 -7.819604575604998 
-9.444702109911304 -13.997564439673695 -10.021073561831528 -10.597837165597838 -7.766745483803447 
-9.297740109816488 -13.916980781392283 -9.92699313359283 -10.515578850953915 -7.62870030291613 
-9.270158885875347 -13.888835626383113 -9.8875434629158 -10.478371665255182 -7.588472808157789 
-9.238688594891428 -13.86806652342976 -9.862467688524788 -10.45400351663227 -7.55617838318507 
-8.882775713767629 -13.624961325632981 -9.642752057069245 -10.091608242236745 -7.276241384553387 
-8.916138151754836 -13.658515366838287 -9.692290984081637 -10.133774205499066 -7.327695693393167 
-8.975466101838421 -13.710756748864952 -9.745225639812716 -10.21643910567309 -7.383313182692419 
-8.51913042270094 -13.367351677120212 -9.329558594317191 -9.770372016538516 -6.891001711614166 
-8.178633065888377 -13.141637856930544 -9.095137310608422 -9.465213951268169 -6.587782123196064 
-8.278047101584065 -13.201760856823086 -9.167422739833768 -9.5332994670854 -6.686415788690297 
-8.2499616661417 -13.170559925894992 -9.11326215600576 -9.498439526863834 -6.63034315440062 
-8.349883362795097 -13.270850233098528 -9.30617311595769 -9.59026104933811 -6.8399562373047615 
-8.423119039950677 -13.2963240460505 -9.29605510852619 -9.63462307681634 -6.852247859694188 
-8.423975488759453 -13.299372095656096 -9.304525601470672 -9.636492635723357 -6.860355197243621 
-8.591410219106763 -13.424275113751477 -9.521234205917608 -9.747673732283289 -7.119841727543317 
-8.633325384870332 -13.46403557518056 -9.577727200931406 -9.798494259732394 -7.179773424273819 
-8.603636240163695 -13.44183832284341 -9.552615518945089 -9.768542425061511 -7.150027182040162 
-8.32640217356952 -13.25300976883726 -9.279066687077389 -9.571190816371185 -6.80778861386203 
-8.207169043162807 -13.14529201247943 -9.128568489608199 -9.43309420512233 -6.6443660558674935 
-8.157204429372385 -13.11321279206362 -9.09184692674522 -9.393311315048138 -6.596105571751835 
-8.171173169835257 -13.122516739072296 -9.103309053725425 -9.404493051888878 -6.610756335792772 
-8.457772658149594 -13.308957182768268 -9.32240156010333 -9.632854902886606 -6.895584745117986 
-8.264874428986431 -13.086466941831276 -8.928613003206394 -9.389148511370564 -6.492621389656321 
-8.186711776292668 -13.036640755784049 -8.869351695033373 -9.32876326521874 -6.414182642552703 
-8.240334244264943 -13.067998576101346 -8.957743897375693 -9.323768745474709 -6.52888077913093 
-8.017153797792247 -12.926712848988345 -8.844431481433105 -9.111076617573119 -6.3728073114825605 
-8.098932895870476 -12.960976140872347 -8.839955154694948 -9.17378646328062 -6.389958390968573 
-7.959569045738007 -12.892725300583436 -8.770058755584344 -9.097068197571232 -6.275062830258946 
-7.657702946553698 -12.659305216036998 -8.48448527235432 -8.786359310710424 -5.941063655917944 
-7.46030956217804 -12.544142817646005 -8.359876554290011 -8.64312106667684 -5.763998131678733 
-7.76561182810218 -12.706329963614607 -8.712671442777477 -8.713863788797624 -6.247623685312476 
-7.580720817433473 -12.562209548967616 -8.561660286848948 -8.507105185692467 -6.073711214587036 
-7.386437293585942 -12.456938116570356 -8.329621969656813 -8.454266466180584 -5.759416279683805 
-7.164125893569761 -12.38413477070418 -8.195770285906463 -8.448760046232863 -5.51483693680423 
-6.9759144817981 -12.260029721955746 -8.09344015835157 -8.257984317325636 -5.380864588855729 
-6.989160133918816 -12.269961634400829 -8.104606585405122 -8.271954953905507 -5.394127446939663 
-6.995846825542017 -12.272486689153794 -8.105048609960832 -8.275576297656798 -5.396668655976995 
-6.985288645732737 -12.255763442633992 -8.078120495540418 -8.252075907541922 -5.371850048526625 
-7.099688795012071 -12.34070016631074 -8.20142468504703 -8.350551511110964 -5.5209401115957775 
-6.960497600918558 -12.257974037392913 -8.089843851948402 -8.262547749256669 -5.368143659986089 
-6.959089257317572 -12.257636208851665 -8.088892213333665 -8.262993062707366 -5.366339254033676 
-6.983148291570544 -12.271676879461495 -8.081186274725667 -8.29763424955408 -5.358954301822038 
-6.605097245703419 -12.016066782894328 -7.809515518330414 -7.943857695279263 -5.012805965139293 
-6.421438310467977 -11.856035394497098 -7.622146619695954 -7.707172527543719 -4.809044125263284 
-6.4164459935417995 -11.858926545525705 -7.639558163667658 -7.705673481226654 -4.825127060431768 
-6.386022640824976 -11.831053491508001 -7.592645091001501 -7.67371480166446 -4.772452829426655 
-5.895876048922062 -11.499822036066746 -7.16227900738329 -7.265513698113921 -4.222497870459037 
-5.790305440264817 -11.399475430200411 -7.062585648580665 -7.0979631245766655 -4.123844439900552 
-6.292657501086865 -11.69721573383967 -7.3832729456214 -7.484756618393803 -4.574650714484605 
-6.365632042007476 -11.804315842207188 -7.504696103078913 -7.669644512007167 -4.6728491456198356 
-6.719724032923168 -12.016222026204616 -7.757598702714674 -7.925274385039245 -5.022740929280872 
-6.901447288614094 -12.150143655251426 -7.903141403480319 -8.116501674906289 -5.197680178586211 
-6.37163901922915 -11.838955223541063 -7.543279702037992 -7.740236218946848 -4.691920346600284 
-6.250114794609416 -11.77318930014168 -7.495800229724267 -7.644241104967236 -4.615427769840366 
-6.428598113976761 -11.863619210062083 -7.5025154519008055 -7.81630662838154 -4.6530155376009645 
-6.36302205745443 -11.787000288316179 -7.381501968447935 -7.7140124407807065 -4.530243067085223 
-6.472703289964642 -11.820055085177572 -7.401257878824083 -7.7409113672323855 -4.597056054825757 
-6.440952922924993 -11.850359435835173 -7.430531334538344 -7.827465773275392 -4.5821058684760345 
-6.448415571256348 -11.855871275089171 -7.438094102225506 -7.834208932658612 -4.5913423093178665 
-6.418460834787055 -11.817203115601998 -7.369092831939511 -7.787604045478844 -4.521352510894829 
-6.413514581072562 -11.882884501173379 -7.498748846692209 -7.8897043094868735 -4.618131707989505 
-6.664852977662065 -12.049897904445544 -7.684586303526714 -8.115295527202505 -4.8590306057839 
-5.917280882946031 -11.544064256270659 -7.0029898761851825 -7.527455303000849 -3.981698743111039 
-6.092058123968215 -11.667831687315896 -7.1515811994918295 -7.6953420399786125 -4.167304594379559 
-6.141234426501427 -11.690146186249564 -7.156257271817083 -7.734901198650036 -4.183914424975043 
-6.472091741316476 -11.828976573525722 -7.262667148139002 -7.890137928174141 -4.408539088271567 
-6.530517607394273 -11.842743006044117 -7.234614338922199 -7.927327902477515 -4.398979402813893 
-6.51155063180363 -11.829571246500564 -7.209537000440562 -7.9190192028089115 -4.366862067053148 
-6.493488023930283 -11.818798865816689 -7.19611285291117 -7.906834223625083 -4.347985749843417 
-6.5238867386630375 -11.80724073707718 -7.169964352184621 -7.873981512527578 -4.348220795763268 
-6.428473411066136 -11.76213789353676 -7.156754203768827 -7.793265341073948 -4.310922230170959 
-6.624580862056163 -11.895192137585326 -7.330013536793942 -7.9544948415748 -4.533979183060595 
-6.630307089806038 -11.764699514298258 -7.02033164009417 -7.816097973660021 -4.27748439663506 
-6.536323510925868 -11.703843627690418 -6.9359892746453795 -7.748833247253714 -4.1653531629883815 
-6.292940118269655 -11.58707428976632 -6.871222578881358 -7.562606025378599 -4.029848780783794 
-6.448297028938484 -11.680311859728874 -6.941615795128982 -7.71490761479356 -4.133651214566015 
-6.385680150994119 -11.64254641050664 -6.879920811969015 -7.6849874151266135 -4.048686309696052 
-6.137672491021959 -11.357461882160194 -6.595411959520121 -7.169516664376928 -3.8053366724142563 
-5.899784890501408 -11.228881330679215 -6.428881469318739 -7.028876824448048 -3.555053457367009 
-5.95010381107592 -11.269256314978492 -6.486012639427756 -7.079931568494416 -3.6223864325422426 
-6.471832911989026 -11.74505901841573 -7.2629402986912055 -7.627492142685966 -4.495420170157772 
-6.041283032265142 -11.414304969842476 -6.764470632511561 -7.24506343548029 -3.8947577116260845 
-6.181592573830812 -11.492672729523122 -6.9224564304386575 -7.287390928792448 -4.115385715569516 
-6.241576329088431 -11.521342992492535 -6.9437385382017 -7.327574675668032 -4.155181541548657 
-6.243050793838023 -11.522034781351337 -6.9440463762750255 -7.328689419576435 -4.155899236607894 
-6.2420960010838655 -11.515750839197722 -6.93369693231088 -7.318959107134248 -4.148416210630401 
-6.20344665442434 -11.504163453796934 -6.93993427893011 -7.2976970543096655 -4.141231271924326 
-5.993093966485262 -11.368245639403554 -6.756024284864438 -7.137757969341521 -3.8978546101468368 
-6.347503683227117 -11.653726494923802 -7.135030399097815 -7.517043039578013 -4.33863428488327 
-6.310733642436404 -11.64530500899538 -7.142683835628347 -7.5036180284565575 -4.33154697492823 
-6.219300092472906 -11.56857851782209 -7.047350773209075 -7.395087452645512 -4.224208591166274 
-6.574962552601178 -11.708807767258335 -7.154714323983455 -7.561923910220585 -4.466171153080126 
-6.673993391534438 -11.723365810409817 -7.197413011283885 -7.53437646677321 -4.573968249425917 
-6.582482448551474 -11.671982010367373 -7.158249340694468 -7.456449389781298 -4.512064458064529 
-6.526280511627803 -11.580945213035463 -6.9699779645942925 -7.364454262273469 -4.327466276597306 
-6.3101976421703085 -11.415297893348978 -6.786082560608818 -7.124474365112491 -4.110164819992363 
-6.348186392960258 -11.445661716691077 -6.828206568075387 -7.163229727619353 -4.159398036537283 
-6.385595277966658 -11.47130516694395 -6.862556018144275 -7.19504430257183 -4.203147842952632 
-6.23444604153643 -11.365977757580893 -6.769089379376993 -7.031164792527818 -4.084774620876715 
-6.240184143743278 -11.382117112030826 -6.798308405209525 -7.051873225711148 -4.109459994398776 
-6.258039930002269 -11.369858935236778 -6.78554610548494 -7.023040914574267 -4.11789200269277 
-6.374047698321803 -11.457037647722899 -6.90610432372452 -7.132649834564035 -4.2633471693438025 
-5.910207918555116 -11.117503102978233 -6.539630602928327 -6.641814332981852 -3.817007720778946 
-6.095763933940717 -11.211825297060287 -6.640812498746342 -6.762903348768035 -3.9792377518131588 
-6.015300643618843 -11.15741196614087 -6.573771719243453 -6.690960414230702 -3.8931089234646237 
-5.989064630244016 -11.127325828387825 -6.519227686741814 -6.6569244661949085 -3.8362583746079224 
-5.89063118113863 -11.099144047297145 -6.470324432156531 -6.64460302623641 -3.734512050086167 
-5.941861079991767 -11.16890167973483 -6.638409115107237 -6.70083161286351 -3.9124298190128 
-5.949190061726384 -11.174854942625586 -6.644549653380906 -6.709850211333148 -3.9193409802070818 
-5.959531868407524 -11.185772011362502 -6.660048290893258 -6.724707504556434 -3.9352149908755365 
-5.766555287632059 -11.148537327639033 -6.66660742972212 -6.687110177295011 -3.8489459307497214 
-5.806919162156959 -11.213553261396527 -6.783249059427362 -6.769037340122267 -3.9604896362780835 
-5.511558211538855 -10.984349265051975 -6.519631476074494 -6.4409118269148 -3.6517408343118234 
-5.3112440059463495 -10.822575306497228 -6.325942346080552 -6.21032447190818 -3.429362780855655 
-5.480770117154847 -10.942663094352284 -6.468548165787951 -6.375397632685434 -3.606921822562441 
-5.378485700489136 -10.772130292303018 -6.145539628556776 -6.169902608895214 -3.294750910315642 
-5.745249799641286 -11.061805850236041 -6.602040448674174 -6.5136563339360265 -3.8374043257049237 
-5.798295397449834 -11.098832445130498 -6.620343366882864 -6.579084140891638 -3.86034713829045 
-5.818315758167245 -11.116725234367664 -6.650762856386464 -6.599681880153327 -3.894784062541248 
-5.706366976402336 -11.043673372419093 -6.5598843178145785 -6.504832086230763 -3.7757105932078474 
-5.704709772395773 -11.04261107693327 -6.559047158682915 -6.503174379623914 -3.7745697050859235 
-5.499527184478268 -10.939949443038842 -6.424265676219235 -6.389006950604951 -3.565768984974625 
-5.397724472080824 -10.878324805981634 -6.360109411768121 -6.303692308943312 -3.4760911777075734 
-5.466379058409387 -10.993687819795454 -6.654754787854031 -6.400992573105583 -3.784967103643581 
-5.418866736374596 -10.959195364422087 -6.6286725612840485 -6.345112677926835 -3.753903071974648 
-5.440002085943007 -11.064009509206727 -6.802753930610606 -6.504388253773797 -3.8891042011556465 
-5.22000174353235 -10.830539287862749 -6.471708278164115 -6.176676531993252 -3.547843025514524 
-5.375553438477738 -10.872543666495176 -6.477310072281256 -6.228191810825919 -3.6164041899661328 
-5.364805914024771 -10.863548634420766 -6.449818778999017 -6.22463130690214 -3.583044819957493 
-4.801045996729684 -10.521794602600565 -6.148168885477006 -5.721753862259874 -3.1593250586240345 
-4.831741730561973 -10.514554461457351 -6.145626864726182 -5.695858413911722 -3.1830329830987836 
-4.799941515726729 -10.500504938218867 -6.139902443440334 -5.674317196480985 -3.168665631377536 
-4.817305165351087 -10.549810438889523 -6.1659336574087575 -5.7763967312943265 -3.16544169415819 
-4.734684656738935 -10.537878472264566 -6.076972283147256 -5.824986354109143 -3.007375382006998 
-4.6980876658393385 -10.487878249245341 -5.956380728336001 -5.7794882796366664 -2.87576742430808 
-4.885280587414428 -10.637763305986581 -6.145713526940213 -5.989726581268442 -3.0962585273357917 
-5.489237974957462 -11.06191405785593 -6.754271633495094 -6.5088658815252245 -3.8610346899397427 
-5.927385435211619 -11.327316348605109 -7.082278705013422 -6.840834207349104 -4.308619487277781 
-5.898103099975259 -11.343390707810798 -7.159971537014584 -6.847579690980126 -4.372375855278122 
-5.464437123354045 -11.035659751078882 -6.745769396085592 -6.455931159793309 -3.8593329334659643 
-5.440451341752549 -11.04098973175104 -6.77774824553066 -6.459890156943189 -3.8795195101341022 
-5.287292392708125 -10.964500384936798 -6.721560727875641 -6.3523430319901735 -3.7824519505271326 
-5.222686090940982 -10.93551470513819 -6.733752641741731 -6.296005012875554 -3.784620137753649 
-5.14796798142082 -10.934448487020305 -6.6892837224234825 -6.346061964878032 -3.6805973881269125 
-4.981135393329268 -10.81089496326048 -6.545379070100282 -6.171910242596539 -3.507553440162326 
-4.779926827911439 -10.696948231258986 -6.41090231874125 -6.03066026798588 -3.315216639689183 
-4.871939648677085 -10.764910293548425 -6.509334465312705 -6.115864964342862 -3.4358392853764173 
-4.454027619901794 -10.54884229562785 -6.309428356685856 -5.832795720360579 -3.1212204291493464 
-4.52112092480634 -10.57734438918527 -6.297877307699494 -5.8865598052259855 -3.11997214055323 
-4.614704125892189 -10.658795191582925 -6.265423815766468 -6.089201220313996 -3.054105232893761 
-4.62657577143095 -10.662140090710949 -6.271511612118658 -6.088948387235391 -3.0665603462205695 
-4.812799823584015 -10.791106757190661 -6.449154473187761 -6.249565735695569 -3.2921552650610693 
-4.629395280938155 -10.693637344036091 -6.419131404166592 -6.083006855047827 -3.232940854364756 
-4.276826829529824 -10.520414697350219 -6.269213252559581 -5.8611998899356195 -2.984017744057468 
-4.27976765347637 -10.51668817534663 -6.277064161483892 -5.844514275509525 -3.0002537934267792 
-4.314005664127066 -10.528452060179774 -6.319502455385489 -5.835569050861309 -3.0668433952673695 
-4.504390473141044 -10.623417652887753 -6.494966887164509 -5.906678519803734 -3.324610412545283 
-4.721252864227608 -10.774540245765763 -6.763388660298077 -6.067614866953377 -3.6645273044936175 
-4.570781588515345 -10.647835407125712 -6.599898543811676 -5.887874326214799 -3.4798396034992862 
-4.612270741168615 -10.683414822318937 -6.647212453159369 -5.937998621311678 -3.533091224137209 
-4.86786387334314 -10.856994244157761 -6.84786971976709 -6.175068502674563 -3.7857306798760106 
-4.807744946073427 -10.825818913025088 -6.7728420422269835 -6.158289951896833 -3.6808213138141497 
-4.783183891244462 -10.805403421804826 -6.750154214491317 -6.12764163320837 -3.6556457091655403 
-4.970134569908225 -10.963256470529586 -6.917415537497888 -6.370269830981357 -3.8377863740723512 
-4.892501110141993 -10.921096643759583 -6.8642000928136895 -6.322366597997615 -3.760890721364788 
-4.955724921729001 -10.957863317599404 -6.814096018970673 -6.420514908167661 -3.6986283090344614 
-4.918356439044459 -10.924623676655571 -6.7769166467664235 -6.369042536438769 -3.6589491907095066 
-4.858067185212448 -10.952980230571043 -6.945153543783036 -6.379714868504863 -3.8151871297990283 
-5.440839996796555 -11.310354360591646 -7.269812057387696 -6.885341819135874 -4.255050129673194 
-5.44772275674984 -11.329667339666656 -7.328664999279326 -6.900644176246573 -4.317190266155308 
-5.407732741545274 -11.320937610389564 -7.291172209861557 -6.918234195981313 -4.252010046405772 
-4.860256643494537 -10.919473465161289 -6.741085735708793 -6.40465628332602 -3.580074878751063 
-5.0153589311383655 -11.036508149932374 -6.86556915714344 -6.579651454014268 -3.7261215707007977 
-4.855123008559914 -10.910599771938308 -6.699442388886013 -6.4080983662829 -3.530466280119711 
-4.67914805558253 -10.856754941748093 -6.6452354493962105 -6.381732780861981 -3.4006645558063155 
-4.648248350649027 -10.84601238124283 -6.639549279865236 -6.371182285085766 -3.3843695403975858 
-4.579540639458841 -10.83614061605131 -6.680490221884142 -6.354533784219797 -3.406119332670116 
-4.560858084360831 -10.85705869707904 -6.721955576575866 -6.401548988520517 -3.428858692838645 
-4.155930700972206 -10.53584262401752 -6.250880648369716 -5.985020764988278 -2.8659419230105385 
-4.161433305479207 -10.547096422866275 -6.263769274137502 -6.007450497158658 -2.875189575255675 
-4.416339509260325 -10.718249310559457 -6.492516846186803 -6.221019218905724 -3.170196497184051 
-4.781950910347732 -10.961448621105845 -6.760999208816855 -6.558964723096452 -3.514122440035038 
-5.024147161214145 -11.12461233515063 -6.9749377844347435 -6.762457751658246 -3.7881267775750302 
-5.260442537917186 -11.321818242411098 -7.2113135128995225 -7.057462954467383 -4.0531609903089105 
-5.500886414794337 -11.483891062142362 -7.445319606041011 -7.241302472763465 -4.352725950704894 
-5.584167913872847 -11.583813134459163 -7.587873876568693 -7.397371459258551 -4.493810001565748 
-5.662805650687062 -11.598820325328447 -7.533805383550188 -7.4315413601561175 -4.457193553735095 
-5.961600839130654 -11.80154916058089 -7.871214940557877 -7.628916235313682 -4.88762854148203 
-5.961566765839564 -11.801826461391357 -7.872036281103718 -7.629220387885027 -4.888406379005673 
-5.9132050884280005 -11.781807455663724 -7.887614931639021 -7.588943839303809 -4.897872038496047 
-5.718049171903175 -11.636056592512631 -7.7138825145039505 -7.387416860415229 -4.691373130485886 
-5.732678662964261 -11.645351306770237 -7.7253449650427655 -7.398770823829068 -4.7063948856073665 
-5.996882069640179 -11.800951094641476 -7.892354054257595 -7.592932382313734 -4.9374771043334675 
-6.075915299207324 -11.858404358940788 -7.952256555183524 -7.676099058525679 -5.009099712399447 
-5.985745236548965 -11.82150452159604 -7.9354090039363285 -7.631847709508378 -4.966676919125163 
-5.95390553849623 -11.815147852823642 -7.943762004379636 -7.626844367030557 -4.963923073081816 
-5.971332895672248 -11.832041924327953 -7.962539191776727 -7.6541100169218765 -4.982875396813142 
-5.9416907744455045 -11.90074573492275 -8.184079596162647 -7.737756023511253 -5.187000101633217 
-5.87186246042981 -11.920523013627317 -8.177166920436264 -7.851669328859558 -5.116973107664805 
-5.875570876631485 -11.86291926600748 -8.101821016196794 -7.71861725545854 -5.075987492605478 
-5.778698840103331 -11.79989196149235 -8.048201197341228 -7.626021032918828 -5.00752788482707 
-5.487333992975039 -11.636855192463457 -7.874718010313899 -7.43516239285924 -4.760724208634855 
-5.576044710143222 -11.692687362212979 -8.034446123790417 -7.447983624576963 -4.9699474799809025 
-5.820261601223777 -11.873826947187311 -8.295532069872309 -7.672863137536794 -5.284495619696486 
-5.783055134068633 -11.834219715406505 -8.241081443969293 -7.612141118979977 -5.228670697983262 
-5.882361232663669 -11.900997453200645 -8.335629740805999 -7.690140713577108 -5.347617644911921 
-5.9557307156668315 -11.937478273714078 -8.40439017659422 -7.712530543935031 -5.445580807831874 
-5.958670174717071 -11.940519326557677 -8.412339147316942 -7.715201097364357 -5.454742254038123 
-5.915478531657342 -11.94220688649898 -8.434348345691461 -7.734763630384677 -5.456587907246188 
-5.913915100543392 -11.906823618666365 -8.320463331474812 -7.695360473243895 -5.341153642514925 
-5.8933050370172 -11.894615284976993 -8.304629205426139 -7.681837444252281 -5.319846358578843 
-5.824430820030173 -11.870518649548814 -8.291562308609073 -7.662881461344995 -5.284823041527488 
-5.952299202436123 -11.915888967786884 -8.369978088058872 -7.6724705862642395 -5.418864012758192 
-6.2875026296865 -12.07571009451604 -8.48399155529664 -7.861943372385781 -5.616583043449424 
-6.311339977395164 -12.093406529691208 -8.50720126915337 -7.884840332314582 -5.644230016875127 
-6.324639222265134 -12.106285415858537 -8.48966189511873 -7.921328767122887 -5.6183136033699554 
-6.2637848665671925 -12.046392532225596 -8.440240846149521 -7.818342424481557 -5.573302991222306 
-6.6086112082828805 -12.188274188703076 -8.577144206990269 -7.950709328032502 -5.823417053417231 
-6.5407165269676995 -12.197315249684337 -8.595210218751262 -7.99711266418872 -5.798132345412654 
-6.858811583715195 -12.473635895575256 -8.954646748957003 -8.380452387247573 -6.1935893027728355 
-6.76663716365934 -12.39265600385285 -8.812183151515129 -8.286608275033743 -6.031859848876024 
-6.706882897727979 -12.357575617249509 -8.786403964124474 -8.237900567567948 -5.995139434789792 
-6.736272365087842 -12.383794721730581 -8.825950490062738 -8.271969681829802 -6.039032184474522 
-6.759233511022742 -12.39920249703411 -8.844231558104582 -8.29148733944038 -6.061944360106651 
-6.888603118975652 -12.447804311687264 -8.864215198578364 -8.342652812094329 -6.120691052473333 
-6.903447568747993 -12.459948038771515 -8.871386403817183 -8.363427121502895 -6.127807813333305 
-6.9090786990489335 -12.463403152768947 -8.873755268435374 -8.36845025613539 -6.131076929236883 
-6.636044539994231 -12.34646882344839 -8.811807789487247 -8.233544129983258 -5.995284856129061 
-6.666794642863778 -12.397258808345967 -8.950680491276941 -8.283745136592401 -6.143446320608774 
-6.4884081978111965 -12.208076516887076 -8.679953910773278 -8.010215309582293 -5.864584556030749 
-6.705769564080867 -12.316966135979314 -8.746598367294197 -8.151574366598567 -5.980176220625182 
-6.710556668771218 -12.412661364719284 -8.976341181152392 -8.288315378317364 -6.187510358221431 
-6.707462751632761 -12.410697068000218 -8.972826340865339 -8.286475963966666 -6.183021509233498 
-6.7077337506095915 -12.412526171112404 -8.976550300176726 -8.289386991705825 -6.186265181736005 
-7.006727864081029 -12.60484933693074 -9.121309619091534 -8.566079809524254 -6.374287028216955 
-7.015016625155809 -12.712691248847435 -9.382708268133996 -8.723640738641635 -6.612667851443163 
-6.739971929350247 -12.489462736025757 -9.082614519174626 -8.426103343118342 -6.271366797275476 
-6.449401871250956 -12.31388593403679 -8.929847629416585 -8.194617128257889 -6.065139389233039 
-6.575643085949508 -12.382424517874213 -9.016785482378154 -8.264693400364266 -6.1872378479686745 
-6.646842755356232 -12.424533741734521 -9.102523894722637 -8.297240427960418 -6.299112140286496 
-6.770587214825639 -12.503020060272647 -9.255871900392066 -8.367780130978446 -6.493755782659022 
-6.864628774120135 -12.548811306952572 -9.289362690308351 -8.420398971900724 -6.549708358284676 
-6.853791705702122 -12.619331429474684 -9.390022984406343 -8.566297267467988 -6.610006046138551 
-6.887391618687573 -12.65760380125434 -9.5480175173971 -8.583280732821052 -6.793370976101514 
-7.124231822918972 -12.802542596861656 -9.712986314352335 -8.755900363247719 -7.008641870957135 
-6.955289499302708 -12.668010828039897 -9.599733171588113 -8.553959001351672 -6.885739044374219 
-6.962463094179228 -12.672312091935453 -9.605659626747197 -8.55870099654048 -6.8934655395271704 
-6.84764036751929 -12.591919299897683 -9.522499746052262 -8.450665462726292 -6.793484560736218 
-6.739428115646504 -12.489670719245794 -9.408171127265078 -8.296526296344055 -6.67617680020696 
-6.512319952904505 -12.412586990199884 -9.330675278718147 -8.253465984319021 -6.5201588124607355 
-6.520653652020471 -12.436365609484767 -9.321945614488683 -8.312319608724493 -6.494187701209242 
-6.634930270764272 -12.489326417190142 -9.477097668582033 -8.328226202141792 -6.705689205255936 
-6.821528583310155 -12.654224119362254 -9.663626413381962 -8.57246126095309 -6.903826893526855 
-7.135062487599356 -12.84433120026759 -9.935140735911887 -8.780287820755007 -7.253929259199339 
-7.145855627553871 -12.852125686099996 -9.94205888926274 -8.791168464310175 -7.262009271700649 
-7.75628784767143 -13.274799304084766 -10.397279899665335 -9.340844227159124 -7.811747744359735 
-7.671084667152115 -13.20565693519626 -10.306951047785518 -9.24826992406959 -7.710381047392062 
-8.090766175227941 -13.53152514781975 -10.737511493987128 -9.67229343272264 -8.20311555574392 
-8.05747207672475 -13.533387365803463 -10.711852713597082 -9.703393919272315 -8.153145184961915 
-8.154379683085978 -13.603757619191242 -10.755145958988905 -9.806585749962778 -8.203002528342793 
-8.203894227551828 -13.646106715173204 -10.81038528492006 -9.864588500571415 -8.263470165115876 
-8.610483443046562 -13.906171802503152 -11.046978186467598 -10.191420562835773 -8.566801735400603 
-8.418083287342256 -13.794228785529398 -10.957193141516342 -10.057339422499936 -8.441153314428874 
-8.538650447329985 -13.876352967311732 -11.03801833364156 -10.162986092922011 -8.540049492397003 
-8.79239233813746 -14.100630365062798 -11.27575030403807 -10.49319243570524 -8.789611301282775 
-8.658008213889318 -14.013101364742468 -11.186624623588017 -10.386436633594457 -8.677392741733925 
-8.64307909941688 -13.96239063717394 -11.09579265740416 -10.297065862783327 -8.599602602147314 
-8.638091949762213 -13.957812092529807 -11.088168337817152 -10.291241259649027 -8.591287588543025 
-8.572568867196807 -13.879016702392036 -10.943301616699529 -10.183912581248606 -8.442870901142982 
-8.585740493204469 -13.891714234910722 -10.922493004027586 -10.217396255844989 -8.415136446513813 
-8.686607407756966 -13.957545096643145 -10.948820460016805 -10.316735489653169 -8.450833756239746 
-8.692373187551794 -13.949898603423662 -10.943616295464508 -10.294749823249504 -8.453885450775871 
-8.692034552116127 -13.96007892504052 -10.931892719325049 -10.32780585889914 -8.431456316039728 
-8.952995516462991 -14.145885809572405 -11.210815788546043 -10.532913912738096 -8.765140188856265 
-8.995345368649069 -14.18912028400301 -11.267550762884667 -10.596014523657274 -8.822672357483654 
-9.002713044477474 -14.190316665891643 -11.27620066613575 -10.590782162099941 -8.836155125514153 
-8.958648733308962 -14.157253461581334 -11.242497781797809 -10.546015767158735 -8.797245214273858 
-8.924621134007324 -14.13690496237237 -11.221102260937855 -10.523139313677063 -8.768694874193784 
-9.031595182734463 -14.210473904658727 -11.299565712875207 -10.615592608623217 -8.8643587127916 
-8.961705109202441 -14.173630235723607 -11.27936317809501 -10.572020530800714 -8.830212889391916 
-8.304493793510034 -13.672734782884177 -10.725276224200755 -9.901177371678557 -8.194800630674706 
-8.63082373406651 -13.89572514305982 -10.967664893811403 -10.181967816555542 -8.491112457838199 
-8.918631127335118 -14.14327469055803 -11.27317456431463 -10.522774211873553 -8.822625543718814 
-8.427872527691562 -13.807469761030134 -10.945460974865725 -10.08906640063394 -8.422119603786385 
-8.346211344242832 -13.768526192236791 -10.845850718613818 -10.078215866840878 -8.287860893611466 
-8.367976332601273 -13.783811822805689 -10.865051212766005 -10.096798227793485 -8.310948361052056 
-8.125245271615313 -13.615233718465149 -10.691854512173691 -9.877590741189067 -8.101625174445985 
-8.123186867529895 -13.599014294804093 -10.68957152555268 -9.836903101567813 -8.11056729499515 
-8.147107068916142 -13.611832609615234 -10.668032707460611 -9.863372407433332 -8.087358206369643 
-8.223284387066286 -13.677375160352781 -10.759767503239175 -9.951169562464699 -8.188385796807765 
-8.25582596735373 -13.698222625726686 -10.782072378170426 -9.976248480837967 -8.216725352136123 
-8.250463954560075 -13.696650896882232 -10.78419386307749 -9.97480779038817 -8.217605046114784 
-8.29702154255709 -13.777075526608158 -10.944841635469658 -10.09683501881588 -8.374167926886955 
-8.741108045638725 -14.0758212417565 -11.315506278629996 -10.448298468362253 -8.828524543463075 
-8.695811105530552 -14.044205981540216 -11.280042946432232 -10.40876914935923 -8.785904539736777 
-8.69736405292069 -14.03833158152166 -11.280896741607762 -10.392222586024744 -8.792255044119273 
-8.558731859064295 -13.942788409934579 -11.221449994044818 -10.258260367230179 -8.719714293007826 
-8.55947955633522 -13.943393809609347 -11.2225272351332 -10.258975429182811 -8.720941890079274 
-8.688154078410534 -14.058024015015476 -11.28642260263436 -10.448275539618749 -8.778788960495405 
-8.616283955324732 -14.011865766721073 -11.240717494590228 -10.392403187307266 -8.720757006087894 
-8.710144637493613 -14.068050819123982 -11.294132811986401 -10.456709351440267 -8.792185573762112 
-8.693939377595086 -14.059554581833964 -11.283436296264384 -10.449354610110177 -8.777148983212385 
-8.482131977135964 -13.899901605342379 -11.148880391972 -10.222126573250875 -8.624563824380843 
-8.551672926992552 -13.940428443967647 -11.153499378162948 -10.279144513031753 -8.63628428996131 
-8.512248496035113 -13.917020675626347 -11.137638636490337 -10.250111834085232 -8.614048758519047 
-8.311587161383898 -13.795025594058217 -11.005485475012733 -10.112683903409092 -8.441365885058687 
-8.560518269337933 -13.95372586454313 -11.168873936179807 -10.302619973013108 -8.649263277773144 
-8.810932573010746 -14.142535967073684 -11.388226832626472 -10.55005146499893 -8.902039258879242 
-8.743227869159071 -14.109770111682025 -11.274748153822728 -10.55440350141167 -8.754330783916188 
-8.690943387719372 -14.067922136471125 -11.275099142778217 -10.477248107856866 -8.759010312309513 
-8.735477015371643 -14.082875647979463 -11.272021672632789 -10.486840154867465 -8.767899079579735 
-8.515526502202789 -13.918728399706623 -11.045439386904619 -10.287065407539728 -8.503370573546064 
-8.099762509544178 -13.62754972840456 -10.711473919796887 -9.920928440751524 -8.101741559362225 
-7.843971078513647 -13.454189517919644 -10.610656305314222 -9.669790868033857 -7.97792835588254 
-7.825891597460739 -13.444507554571558 -10.604609602036561 -9.658620414929729 -7.968493590746604 
-7.772178641379142 -13.410779278449482 -10.587981709561845 -9.611938636932734 -7.946037267063161 
-8.134104048303826 -13.654772161714547 -10.967215009908486 -9.88269821350633 -8.408651800551482 
-8.076813753594735 -13.6216620331776 -10.966758622410069 -9.837348427338839 -8.403179432284631 
-8.094340517360479 -13.63010853539295 -10.94408913477723 -9.85301275227242 -8.378665542549513 
-8.237569998007828 -13.763580828382871 -11.099388096943372 -10.052194399489338 -8.539508545019515 
-8.209461663973698 -13.729177748569015 -11.080780744620839 -9.989072383969088 -8.528436258746808 
-8.355560771709747 -13.831534966358134 -11.206830043774431 -10.115706889922564 -8.679005002916554 
-7.942235044306315 -13.542334465074376 -10.923034888481098 -9.738829646760351 -8.340428782341093 
-7.848507716294577 -13.482948002622777 -10.853506210624204 -9.66941731791691 -8.25285382358031 
-7.489848422158815 -13.279074141942047 -10.68955183383872 -9.437963140785541 -8.02422676155966 
-7.702342200888793 -13.427916700577157 -10.891885753924797 -9.621917361482389 -8.265783048141188 
-7.653346442883802 -13.385271808122738 -10.768666218374094 -9.575639508674328 -8.123512630927436 
-7.6591423818309465 -13.386197805513916 -10.77311716035993 -9.572935590854726 -8.131193540459208 
-8.02238272334408 -13.575658059801782 -10.95341813230965 -9.762500409143655 -8.393399931010137 
-8.037650814097546 -13.585695086534031 -10.973100786263004 -9.772794355666733 -8.417427667185336 
-8.313755953151286 -13.859342898339293 -11.375206325382095 -10.174108150670747 -8.838322552818468 
-8.471001044953496 -13.970076944959274 -11.54777536240448 -10.305004551704613 -9.043236144868885 
-8.387005022731103 -13.934104570797814 -11.572442651357562 -10.271741858765594 -9.056241349627129 
-8.324578134509423 -13.876611005352032 -11.47363257351968 -10.190957741114701 -8.94871838989711 
-8.239678190189224 -13.82614100184216 -11.423273407561979 -10.135111686441192 -8.882519492234636 
-8.233114672072873 -13.832801675829884 -11.449631588373776 -10.151863382275806 -8.905872347801989 
-8.272538620506339 -13.849437215779787 -11.464155224232229 -10.162479703382843 -8.93093317832404 
-8.438425345717803 -13.980609678501011 -11.587217216002742 -10.347019055863584 -9.066079597892184 
-8.257006468819824 -13.864042241530214 -11.487336097725887 -10.205917619382404 -8.940224087230959 
-8.29321008348083 -13.885869379905316 -11.504082046567149 -10.231034581584922 -8.962553549702292 
-7.944563946531588 -13.647181809067646 -11.233920614714407 -9.934597257999883 -8.638097233593996 
-7.990405996009585 -13.681883497098354 -11.270223701307103 -9.981947837599222 -8.679256514497382 
-8.169136269938278 -13.821672897255908 -11.41722184006423 -10.176849999563089 -8.842998061546893 
-8.256117191354576 -13.86481102200618 -11.480868960672126 -10.209549833818059 -8.931485678183108 
