157.41638447788802 66.69548810793707 41.98632509476072 
156.48542729191647 65.74792503564206 41.89380337302993 
156.58470668863774 67.04268015527447 42.299680515654835 
152.41635004833458 68.32194227796164 40.94869969222339 
152.1170902565645 68.13145961951727 40.65282568614211 
152.64649703418146 70.02153045188585 41.40043388263173 
154.26888263385553 66.76573127707282 39.7356590787045 
154.4915968806626 65.14093508195012 40.71398860630387 
154.38333505156015 65.60047904874058 41.179162795176644 
153.99853976524798 66.22116622449575 40.51802673554082 
155.05667977511624 64.48327504826678 40.40083306194375 
154.67348692994477 60.368231400223884 36.88991972561987 
154.1173104039147 60.26758612653306 37.114944884559016 
157.3692112639465 59.210257739678255 26.31684328311144 
159.01580751358466 60.973430428461725 24.18415228786661 
160.7201343111722 61.98153273837751 24.443574411418204 
156.7875833680063 65.77614238985959 23.314423278001886 
154.57180558840975 66.05098700558104 26.10229348822618 
154.67229928297004 65.7272824120092 26.29593173006019 
154.49186999267067 65.87554484290217 26.10525480533328 
146.34922486025835 67.33315007174139 23.945842125759984 
144.4121321399149 69.02716858867807 26.919798961718516 
142.47656982187445 69.61640957561724 30.61841754092228 
142.02068298682033 68.87137199391981 29.32808709975137 
140.36446993383805 67.80754424828001 28.842952298489212 
140.38587782951893 67.65018986283368 29.412801220066473 
140.52345676503302 67.52650205235592 29.470932430564677 
141.49884493935778 67.76730378589163 29.159681093704787 
149.2520802974733 64.98614013219188 30.494596562263865 
148.90635900785924 65.98555855810164 28.11557064194972 
147.37583927458746 66.72556670134475 27.446106263087255 
146.19025720494295 66.66746422340609 24.7580555145268 
146.73182699544085 68.23675492288015 24.291759306590663 
146.52837305328327 66.62935424978099 22.265431884384977 
147.95618436379556 67.21828687561624 22.350644170763903 
147.85164243082477 67.38281523361947 22.39149564142174 
147.32964415660615 66.85150717198695 22.63085577904022 
145.52720647526053 66.69476190802631 22.787408339829692 
143.8246975425434 70.20593091978715 22.266435701045804 
141.37597850037318 70.22661401805439 19.223153479217643 
141.2539840682477 70.53840776146781 19.596514156720342 
141.51499629230477 70.66897850762973 19.56728725232992 
140.78014816382625 69.22568680419272 16.9498396047388 
137.96425655005663 71.72110239875965 19.148212095118605 
137.54314779390236 71.7007244838458 19.340334062779068 
137.46345367497275 74.64935069053534 19.15719532278943 
137.94820566614243 74.63030428772181 19.763271680313892 
132.9974050635507 71.91362406895385 19.791475800474206 
132.75891851196366 73.21159245889966 19.508847256582076 
131.26094060966508 72.93596471585664 21.747838798313097 
131.53599759640866 72.1343457371641 22.88875064726841 
131.5137581761487 73.36944891622444 24.104787269966778 
129.4846182094974 73.03003037064026 25.277828182332804 
136.05371019810653 71.96224224888165 29.004900241538557 
135.99277338148636 71.37092790945908 30.118512007226467 
136.33701711984335 70.15855996210422 28.00558820669424 
136.34735886265983 70.94259007570918 29.338764909398318 
136.98916985341415 72.58274234826798 30.15124154699376 
133.50533190002622 69.47785467370065 31.740644148819307 
132.0927127288517 67.37315497885992 34.89730091172133 
132.45258555221884 66.4811823246865 36.867761973587555 
132.45204803823597 66.48031512114598 36.86792845766154 
132.26577356432233 66.47327329302996 37.639501853106694 
131.34219249498113 67.1640119642487 37.06805485507045 
130.40949386298624 65.00746021468223 34.93534421758694 
130.59787072674337 56.62163280133455 40.2159977218396 
130.24028081883856 56.033887391157386 39.79500248844619 
131.26779370365128 51.008814288071356 37.83498964540321 
130.18242973879038 51.179859317407214 37.57678410833096 
132.7564606675797 57.01696979667169 40.04251336562236 
132.79040175044267 56.696000411148965 40.073447280241815 
132.3565181081443 61.850410799262455 39.93894911874846 
132.04731028660012 61.946680627660335 35.17722260047627 
128.71336636953794 62.47230955392449 36.47646763616491 
131.00110983785544 59.738416663995125 41.01253428589649 
128.66409865870526 60.40590424861167 41.63618662747642 
129.16272920466466 61.72633114320481 40.68469143189512 
130.85337632854126 60.12956132894976 39.862351239996 
126.61719647177783 55.1909954365008 33.96518425417762 
125.42152903598348 56.25756710456914 32.469750986314956 
127.17801412750578 54.79316574071909 30.95766756001129 
127.64754017146905 52.56783075426292 29.05692678646657 
130.11215661892717 52.90539938857388 31.13448909589865 
130.68350209697454 52.55642663321455 30.678545147115923 
127.50056144826131 49.00291292641116 31.726465677223352 
128.42771523886034 52.55702208851357 34.35211914331507 
127.57097293600884 52.905723322107484 33.24438034561195 
127.16344456010114 55.15989550024868 35.931972872409105 
131.53270173569445 55.55648816218616 35.67351368255207 
132.64988696885283 56.34689656394972 34.617802437362776 
132.74822575276062 55.78055624162019 34.20207236756335 
132.87597800895452 55.78991584507726 34.24911772807056 
134.34257535885965 55.92851058472254 34.91565516945001 
133.85526409217323 56.54301462321024 30.3547434073798 
133.76225544740868 56.67814665890803 30.359691222784523 
133.88731899707108 56.47114768979151 30.49530764947725 
136.678874196318 59.61115434119625 29.06463289567505 
136.91480881177822 62.92580932275631 28.747556852922273 
137.20806292033177 62.88563999067233 28.986654057892853 
137.04451497246242 63.020009139574306 28.939421319366623 
138.3951577607432 63.412485956627165 31.54451991506847 
138.5897302219788 63.16275729204792 31.09303070549298 
138.19950931463677 62.03202880658615 31.362669578695506 
138.2079704864688 62.02964180231484 31.382770460857007 
136.53049493723447 59.85757950083415 33.73639721328738 
136.1366319713137 58.6657613511422 33.00106441337083 
132.57056105026186 58.27816375822871 38.91035420231381 
133.74290052561307 60.230271732890955 38.66669472692271 
133.4559715960746 60.16734407556319 37.10778961149296 
133.5335630806784 59.77864363466058 36.18653738895481 
133.7902625585369 59.57392612765523 38.208337313008926 
133.52810692084137 59.686519862636686 38.285055187352576 
137.6016096605288 55.47678945435263 36.87780107064943 
138.10300299107678 55.721247253111095 37.24250517955858 
141.42378209446244 55.864101104638024 42.21926677512275 
142.37930774956976 56.01041644364421 42.51520264237153 
141.24474270830336 56.48976960415978 40.233401915935886 
140.16944942527022 56.72196717870803 37.11244500316044 
140.55614771657352 56.651439011705506 37.09678999340477 
136.2401872144138 58.91139577020583 39.50660392848955 
135.66815794688043 60.87944140031571 38.27153764921989 
139.6026381095164 64.28852739141146 37.00410838609537 
139.61261027962374 64.09431363994021 36.937548120250284 
138.77777715320053 61.56245128841344 37.958367929062845 
136.26947275768606 61.369948967818935 36.05711124130451 
136.42713662524991 60.19319222593156 35.09056381538579 
136.4928477615047 60.464612941878244 36.22777049510239 
135.34062012130647 57.70123103058163 37.26992959144163 
135.58721689780776 58.04195935385653 38.226731772295686 
133.16934705364446 55.049631259290564 36.48957033838036 
133.61088547200262 56.22808089933162 36.81027946246336 
133.44852109813365 57.01978696532461 40.545915794488494 
130.7708282560454 60.99695460800264 41.180501526893856 
129.95358499442293 62.12095956670264 39.985759253229524 
129.70511022420357 60.71686519392914 37.15188915880806 
129.921567328868 60.50832824494929 37.00574091379051 
129.6485928603244 60.907952055966405 37.39443454378066 
127.44404760853686 58.561862188781255 33.544836811364235 
125.06433206565445 56.15846626910717 36.080329233265076 
126.65732965536586 53.692528681757864 31.731337020127842 
124.5854146502156 54.78970767100649 30.20280626854238 
120.6402698909158 58.59735514726739 27.914345759693582 
122.21183804052764 56.063275435200886 29.274454537460056 
123.8644541277175 54.52412136590449 34.2536426871271 
121.83027785960103 53.314460509452545 34.58253281024233 
122.04159921211459 53.20268891976388 26.783759631972586 
121.89102289474907 53.65649867738893 26.75849457831676 
121.88809682009486 53.46981138359122 26.812910198716388 
123.59573082575588 57.68154038589453 26.54682212443285 
124.48656666311523 58.16088206216839 28.489600016523905 
125.24378273969793 59.1820227095108 28.776520377744326 
123.39188287251692 58.92116484520386 29.89608363140727 
123.18761166616878 58.995288245834 29.991061888226085 
122.97166147644674 58.95380726680716 30.323329695282627 
125.42850823566533 61.49806075219577 27.578797444452384 
130.6825343612341 62.337703991870555 28.29176894362008 
132.7697202280595 67.22569362875689 25.977853204051293 
132.7399322237812 65.9472386180976 24.459954015763113 
133.4099755417633 65.79053126982318 24.52120145464326 
133.53695138271092 65.84453464461973 24.5883815273729 
138.0686423435589 71.45811479352606 24.599798597977124 
139.47655888011212 71.0333098347751 22.87323858004531 
138.7468657739406 66.20771409423628 23.315261078472965 
137.44871555240184 66.31156468226264 22.24116599417814 
136.40975092041808 63.05207004952506 21.457026357782404 
135.59331097163584 63.522119318996545 16.319815545739296 
134.5245423267025 65.50500731273443 13.585282986804211 
133.15061901554208 65.43473850953428 14.172270444278041 
132.47832403523623 66.82845746030087 12.071941029218731 
132.40198362478102 66.79223777431869 11.970462217632962 
139.0903042275967 63.362780979071324 10.091677775820955 
139.9115284606687 63.399815174205926 9.2668542134694 
138.5803345703399 66.5113608486351 5.452033399075354 
138.48919067000332 67.0054534005884 5.395780619852191 
140.76119789738465 65.2368098064521 9.900462502988624 
147.1743440734808 65.94060410668293 10.320047278476041 
147.68173941129632 65.59930011818439 11.78717262965183 
148.1118519529317 69.1824070341626 12.308147634364003 
148.04396262733104 69.07765664214982 12.375401167179936 
148.60873424395763 68.79526464409481 12.592392496783289 
150.40385604053466 62.820735010946535 13.319156136639583 
151.35780043031556 63.097203872273546 14.092558594482446 
151.6826971964344 62.46329637467586 13.559019317969522 
151.4817491843452 61.9065833419668 16.36420965691924 
148.58189667419026 58.42988509666254 12.606718196548393 
149.3673554202374 57.83453518943814 12.103087874145285 
150.691605965398 55.76849082712826 14.593471078214417 
152.7780068467273 56.06686304485384 14.065051770846596 
150.40755926903785 56.78600490769192 14.872772291981445 
150.24437659770447 58.890702948301346 14.549227934312508 
147.98829003914017 61.598636092913075 14.36070446552694 
149.35602573171798 58.68059873842416 8.544545640652306 
149.4709856785454 58.591035300731114 8.615005123548308 
149.39471864230705 58.63559452420379 8.563707425467605 
150.7442089342244 58.88131601554826 9.963047910563214 
149.39970663336032 59.72032277260711 12.39332841230267 
148.4988788972515 59.89775124745886 16.90988962255617 
159.16154213312743 61.49130571652446 20.346313150704603 
159.59698878500663 61.24120238934774 20.5957111431428 
158.46488091244746 61.42674575538462 19.02951754416166 
158.4312284744829 61.052644316497435 19.088058163043176 
163.3839672392743 62.19069527432611 19.039460802384003 
163.39466738129536 62.102438970028786 19.02808742264116 
158.80305426646717 62.91384338502798 17.482634074196657 
158.6898899274014 62.960572428136004 17.628751585059174 
159.4427460251367 65.89500227564179 15.548940483701768 
159.48844142635065 64.28942817836479 15.49504214906007 
158.15914283002914 62.76924127610604 16.301851715158794 
157.70210381306404 59.133271104111756 15.174142476555453 
157.22682165252925 59.170538228628686 15.580711014975671 
157.49337984118523 59.322697235654154 16.184299137026166 
158.90718952182942 59.05459300909913 16.123818725732495 
159.9795709914609 59.55926691693093 15.722725451335425 
160.02132413176935 59.53000847587267 15.664678229147238 
154.40698392565147 58.801355665406206 21.28521981877804 
155.07393048014745 57.13270744467363 23.871081808859444 
153.37484823012207 56.8511707176074 25.675069509682288 
149.0613607201147 58.478165897882135 25.845606324317938 
154.57575971404776 62.02006674326303 30.26745694358416 
157.29141825286547 59.961572958957966 30.53105950334308 
153.92580193998543 60.14752306871193 29.32672842946762 
150.6978827811126 60.45459345347206 31.776703728660216 
152.46584717554714 59.3904692050942 36.506288183499 
154.22707274045038 60.7300433076178 41.08213624771849 
149.0798430813167 60.25684172863546 42.880154660850806 
148.2461943032533 60.6396542045201 43.24728386368481 
146.7067527612813 56.68341653002579 47.09116971771573 
143.32872666945983 54.4262339669635 48.98347322119673 
142.7514369636031 55.17914511851818 49.57301738899975 
145.79369213984674 53.93850907235548 51.81532767095155 
145.71970418348653 54.10664453025384 54.6465327561403 
146.1584960689204 54.73762920555238 54.644403894901714 
145.59353883994794 56.76620975756995 55.88631848174298 
144.67253503992325 56.35472284297538 54.77562872797761 
145.54212636777496 57.42020735452388 53.433467918127334 
144.0114625367466 56.893384737571154 50.86568593214059 
144.48873919663302 54.54330535575118 50.48353409237012 
145.7625079732521 53.791262052238594 49.561174020635605 
142.95544279082924 51.34007501776249 52.27929296910297 
144.61341595271935 52.42565501443074 49.39363107627016 
144.18459766459148 51.8248676317633 49.876813468904444 
143.21275862197825 48.08337584151831 46.93039652933375 
142.3611770408295 51.28593923782607 48.015154859673125 
139.48204415386564 50.4709782821504 50.14774784094733 
139.37940009692483 44.58970664671241 51.99916134000976 
142.90779771300606 39.02373622177284 52.77945184142097 
142.69274815972324 38.1950598061 52.12691858549565 
138.80280278631292 38.863352980505915 55.47527266560811 
135.78783424604032 39.65721281518523 55.357480493048875 
135.73147533582235 39.736409130137886 55.601938536281 
135.77005343632368 39.027051909523614 55.34159121144452 
131.08575894665972 40.09711559184412 53.96402888497807 
133.3999441002637 35.67619637106259 55.94520524303903 
135.016053358752 40.30625563344632 52.85931653239816 
132.33246111835342 43.0683540360418 48.904886220196246 
133.08156666726742 45.10216535531829 50.22082099502927 
133.61860332246047 44.087213193541345 46.64186337861609 
133.30770581204627 44.367352259338226 46.86709414311009 
135.19351530346188 41.53464499953038 45.13119028971174 
136.87245409036603 42.06775859843493 43.96633847538102 
135.9398354423204 42.45889419030873 40.77770830907368 
136.30746692984837 41.40229145345947 40.566484537261715 
136.38699440840162 42.187365993903015 40.51540301007765 
136.76641405199615 42.327011662122054 38.80607546204837 
134.3951593115555 39.173569632117115 36.92576373746295 
130.1962281032378 40.87199111171228 32.336518298363906 
132.17422512114285 39.66169965992119 35.170163207292674 
133.659208034502 39.440776955303264 37.239000471951414 
138.3456330659293 44.46468192286475 40.17407654445319 
138.20079856139515 43.81486360522502 41.078482513461516 
137.56630912869915 43.099858285205876 41.6227867833563 
139.79064302247465 44.87427780880612 42.7503701242432 
139.80700330329938 44.922741191325755 42.71678746060368 
133.707781532546 44.05012503113836 45.200694791372705 
131.48591753081905 45.11495975643537 49.85928537156345 
133.06988606371087 44.039873690204686 53.04646269421976 
133.94599028825274 44.81817199795465 52.45563829874362 
133.60289141320638 40.9780177516545 51.93596397784464 
134.69949619908098 38.42670533659471 49.83002891673371 
132.95975934701914 41.06080438439066 49.388407480971175 
130.18333056815206 41.01740296760929 47.24481119384555 
128.6790523652681 39.65469875547752 46.929271033564035 
131.15249193280417 39.287413138058476 40.37810164611768 
131.4368681324584 39.649030474373816 40.48666947730011 
133.98945051761953 41.97857044840953 41.810664976893186 
132.82059153091583 41.85135839627767 39.40567267460831 
133.6262799803917 42.279386110629495 34.871850250545506 
133.99879307158454 42.17945311139338 34.19470191812003 
135.7739915007439 45.3360559741044 31.859525166199177 
136.97189019684242 47.56106409211442 32.10600442186 
132.61168565767687 44.48056532022138 29.515448709971515 
133.0833067003859 44.87255953466999 29.861186527205724 
132.80303545848253 42.3333001742354 27.404030523575 
129.76047673879066 45.57656024393321 30.9547679068838 
128.58655332867266 47.46631242318721 31.26595576070312 
127.90526280611597 47.75505187066587 31.016030165037044 
129.60645240893413 48.39378126586623 31.318012222100023 
129.28988282745456 47.56126829030636 32.47628907226781 
129.0286048252865 51.4555037979835 32.04328966544744 
129.4969011954096 50.977565380445114 33.76093960747395 
129.72708728894006 50.4557457242809 34.38035599751147 
129.89534965262496 49.49084183462851 32.87809945867372 
127.39071828936855 48.153877283285794 38.6729869944569 
132.93793067533952 43.21761584442426 33.37654765440169 
132.8110407654358 44.683972175302124 33.281083622177114 
128.76741888997287 42.59853877488646 36.058077977898705 
131.61619969006452 38.49112848664153 35.47669133470734 
135.2694790939526 33.41956921661964 35.392287872742884 
134.33087488996023 31.20646992195757 33.973309355277 
136.8687368076033 30.832173483390804 28.439469826869534 
136.5965633731498 30.785014626470392 28.420065704467085 
139.41374431560442 27.23622637985152 29.325141527088 
139.00184354455988 26.80851290213117 29.126148527884336 
140.55459068679062 24.735543019863815 29.70832424017428 
140.52419266327598 24.8035261364658 29.647274293488916 
141.66773928714866 21.895116524667234 28.126684270060768 
139.38993294191118 17.957236178216274 28.772554891336625 
138.4628477350729 20.67023245354943 32.929631740540366 
144.02430829076195 26.277088164628342 33.47548621188884 
143.29416971825248 30.395790245562182 32.67852603455082 
144.0820485652324 28.399497436374592 33.00084205037229 
145.35193451275205 28.150241979265108 31.912092358675004 
145.81676793368925 30.63103453017505 30.444131123009377 
143.27570497121306 29.194472785577094 29.71804428541652 
143.1217958907774 26.684035253583147 30.50036988308679 
144.14086291073252 26.32707835371004 28.112028635631276 
145.40457159834403 28.74213789315859 28.86143948526791 
146.24150160361106 28.063091239532493 30.289777453463266 
151.11193930126413 29.60317026509793 24.4032393264568 
150.617528239988 29.902252922551323 24.221955405241925 
150.62496573182696 29.919972174217175 24.22700369747173 
147.94416790078122 29.362228784253727 27.749825562326755 
145.00046157093934 29.359097300595636 30.884395949399707 
146.4181127137406 34.33157288257583 25.824501147870503 
146.74048502952868 35.12761031626319 27.622825137567965 
150.7589950383365 34.004076482834506 25.69871491185294 
149.07375453352398 31.444329401281035 26.3646095169477 
147.591781041227 31.62425802393272 28.80936234315719 
149.02744184634403 31.16631113081412 28.009497574801273 
151.21823265032785 27.633740171281914 29.232400746361108 
153.9745621621942 34.345637581519334 30.558968178034256 
154.68879579601057 32.14143221103146 31.69692967837635 
158.1503500593132 32.90842017980407 31.107268778537215 
157.68821813420394 32.84620301545894 30.64817064570921 
157.98042578319647 33.03422075010474 30.70568179185397 
161.3460949587248 33.357291045775376 28.480209861154517 
162.0584478519433 32.74191529848672 27.215888534522833 
156.526795710215 31.326109722943354 29.78225678578583 
155.60321171667846 31.095557247324052 29.084329862425065 
159.9605975757449 27.08096896936806 31.2210386846376 
155.82572550015857 29.43937517881677 32.28243266151491 
153.16361399787235 26.4258606817111 33.98431784592041 
154.09543676375708 29.42436787440185 31.508697068969514 
154.91797336136435 29.086439568657088 34.88221943004962 
155.3523809551911 30.44682827047273 34.72385878231323 
155.8363694662948 31.571417331262783 33.31439055198342 
155.86415815177654 31.530119154064217 33.35720807675879 
153.71866350155383 31.026758363647247 35.82497968780268 
154.45446300245453 30.839573015308094 36.94600129240565 
154.80405011269966 30.33048863338473 36.497028519890954 
154.2477670663941 30.047524739542318 36.36614463656044 
155.4667568682109 30.226773324895532 37.39186566899173 
155.44053003304663 27.8760957036398 35.11933584243322 
157.7885081813975 26.667397948886045 38.48772302799478 
156.94208167695498 25.7330712462871 37.61841378666238 
156.45365087926032 25.748353977498866 36.875189586271716 
158.37817082515406 25.698398955926404 34.04053217030731 
158.28551561912195 25.626406786129873 33.946692212375346 
155.87389876387786 25.695635476833274 35.399745866606594 
155.12658741206621 24.606259555106025 34.62197331689662 
154.13029389895124 24.808608432006217 36.91201246368784 
153.58760088822393 26.401101414532324 35.769625664972864 
154.82325820809936 27.301500403248134 33.92996070069548 
159.29948202640415 24.850579942760753 33.97340904651629 
155.74092917141814 24.00082996383433 32.43347453975952 
155.03764174021055 21.56574264040232 34.45049653974102 
155.32725638645883 21.663429763917268 33.1553909590065 
153.50821912991032 20.09918514199724 30.699691537120824 
147.29272490614198 13.286976118825715 28.538264184051727 
147.10019462415693 13.397356447407617 28.426795249811455 
145.3417104220016 18.795983741312448 27.760842318189518 
148.43828748672374 18.954120968127114 29.866015033351196 
146.78704078557527 19.030336299773413 29.51256835711559 
146.05017125606454 18.709007183205483 30.179620056045938 
145.93374539591784 19.18347606697911 29.245001358656744 
143.55075082688884 20.551579518619494 26.724766106812016 
144.64233524744694 21.01359184462098 28.246492512953793 
145.17748788448827 21.718742011311495 27.39361188702995 
143.5286348542794 20.484754262376853 31.25450710422031 
147.05816892055776 22.631125884992695 31.83862411111545 
146.92031795705415 24.998129829735777 31.5284306381714 
142.34795674510565 27.174345889801593 33.20325700433419 
143.23042060378828 26.902738234623175 32.828387619254684 
144.53532486877455 27.646250124383517 32.34669936032695 
142.2683075587931 31.5106657585373 29.870645737077957 
146.9191031924692 31.09571471517106 32.87545383453105 
147.49638656112032 31.511954373774845 33.34622922179896 
149.52526059713915 32.187028309883615 33.550559606199855 
148.7931850846553 31.153044890483866 32.362535600501744 
150.29232998548932 30.68821856633247 31.909998460676206 
150.37929069046928 32.74499469818691 30.63508215170556 
151.15622168263874 32.13091608551473 29.92820793132242 
151.92917664271215 31.31040079855097 29.806175191638953 
151.47913927255124 26.982762099233113 24.51387704856746 
154.004021233356 28.482934762028833 25.81532116828769 
153.23498455827786 28.188330017189315 25.318565336303212 
150.2107289541588 27.723170675438162 26.718034942647133 
150.1340426276006 27.712223331649376 26.585817032594942 
150.29740323348372 27.458976373639093 24.543505982417287 
149.92489982231066 35.42666437619173 27.430100743205006 
150.83506893848565 35.38100732953495 27.862810568196373 
153.2194195493673 37.216829604781346 29.14051595410555 
152.6936383340699 36.67443999081197 28.737653545088122 
155.47523021871385 38.19119471246864 28.611510670545595 
155.17616354226325 37.97292113831771 29.383300290220955 
158.25318077842633 34.8278691101318 29.44631513232021 
158.97272136858905 34.14294544575362 27.398665897657054 
158.80121620568465 34.86528968534993 27.086977159865636 
157.56635086892803 34.708097716275944 26.706167326449208 
157.29374007399656 33.26698108112189 28.99451678267029 
156.3263978159078 37.87197933512122 30.27696050029504 
157.43887038657564 36.854071725972275 34.68068704643201 
160.0472258686534 36.89932129138271 35.35265266046271 
165.83795087929207 35.78692296997204 34.34354423671449 
166.3992197188451 36.38903571981675 34.63709819461042 
164.74661702042414 36.04649176777661 35.36659652493291 
164.51083966854424 36.372303878579025 35.46822457736336 
165.33043508250847 36.766959053875226 36.294660920519966 
167.3922840092438 33.243280742061806 36.782603749479634 
167.61435950342153 33.45570453482646 37.20350288764627 
170.5437257539325 34.64031043251963 36.90333820406659 
166.83371568227182 35.66017896872818 34.15054792282898 
167.34010921131784 34.45343140368235 35.33858359022395 
166.85979086749174 35.112327557519535 36.516058621705795 
167.31687090136796 35.21139984782736 35.48046664620723 
164.40507111423744 34.061068921928324 36.11844170968258 
163.82697123566365 33.307055616562955 34.701827048036044 
164.50604406094368 33.33324096945912 33.526589593092226 
163.86058427827095 29.94715377593613 37.92880279252588 
163.76897127043753 29.68723682247337 37.897930710806385 
163.46396177363846 33.08007730980232 36.04878874427826 
166.07273863477985 28.9619259469638 37.16223700070526 
167.24643002897807 25.432857289095583 37.551536259493325 
166.91194301323767 25.216839027456892 35.974880507555916 
165.86720153845587 22.162751292390322 35.49891352995662 
165.72225286736193 20.845660866640653 37.574527588623916 
166.57373796464108 18.94378336670522 38.1944091447399 
166.48300320351163 18.877696957595543 38.17971161282485 
168.90624811040092 17.951640734278566 41.02874637903546 
168.96075758153373 17.511895259283985 41.403751490274956 
168.74997543692055 17.407211116450146 40.617649682498694 
168.1433372860877 16.894830054467786 42.47944466263762 
168.15539845170932 16.895829818377607 42.47894330833352 
168.49096489627973 17.12583385530308 42.56813259979435 
168.61063671175015 16.594157774182783 44.363748469920736 
169.81898857154346 15.292155605777813 44.271870381635715 
170.96860156115915 14.707349951672734 42.062623913768014 
168.37874390512104 14.018459837291864 40.6467453495894 
168.66030977315515 13.773989354844822 40.088529151875356 
168.54924356188633 16.15476118752471 39.23690475461409 
168.0194648251811 18.28091255071757 37.92955497519816 
165.6828348925607 17.680127174794166 36.64469704306202 
162.17625170554007 15.335638966396743 39.734930870549036 
163.29937279753435 15.2302143910428 45.222510619734585 
161.87387895003792 15.016945649969303 43.937229244636434 
159.859503903281 9.561318446270299 43.13392199154811 
159.88641787194723 10.031967085152871 43.45579834447992 
158.52442185188033 11.2145610635566 43.13319187345841 
161.55453935978056 15.449677122521809 44.847787022571126 
161.89272419654864 17.54932126590348 42.51746853932858 
162.0824171609403 16.616004198547977 42.332115591731714 
162.59581438397845 17.384078624627943 42.87943468349838 
163.09912125238782 18.38516095348973 43.87795166511409 
166.89221809905968 18.033319658314444 44.475912430635816 
166.83755321705212 17.931169014594953 44.499377490232135 
166.965216399008 15.333465896204956 43.7592484933554 
165.72453077914025 14.724053229032158 45.525959201418424 
165.75540140799438 14.093519202337415 44.35554713877119 
171.9725769155937 10.271419148266261 43.207444886203305 
170.78713617886356 3.7731033439969828 42.181123511339095 
165.1601933804355 0.15552373853435908 43.495807282406574 
165.3880823126012 -0.8456131761695647 41.721103991987796 
165.39868103720926 -0.8777845765464548 41.534662709071924 
165.9107152687507 -1.9077861935952871 36.08666944567757 
166.07296144230727 -1.801519850638896 35.93796132462214 
165.74102878286945 -0.2327715111644182 35.001137706036985 
164.9553654350016 -0.9532327752429186 33.74796634326589 
165.89352801523407 -0.8548768759020415 32.371616868658904 
159.78753488900787 -4.742435973805778 36.093978739846335 
158.35559322248142 -4.525086979131472 35.820267230276045 
159.08489718465614 -7.774705102310065 38.29262476938017 
161.1032549773842 -8.254002042876406 41.14943056946983 
161.84804122535 -5.931927409099563 40.677848478539296 
161.76024987067393 -5.579264295840645 40.9796148620272 
161.7936060198105 -4.672286930998812 40.34671708616237 
163.1826580235041 -4.415015829303709 39.938992470647975 
164.741905274938 -3.669568138263963 38.29907925516063 
162.29016532903955 -6.700987367047875 35.83459198487441 
161.92834171724965 -5.529182285335141 35.90290623906386 
