0.00010275840759277344
5.1975250244140625e-05
5.14984130859375e-05
5.1975250244140625e-05
5.245208740234375e-05
5.245208740234375e-05
5.221366882324219e-05
5.125999450683594e-05
5.245208740234375e-05
5.173683166503906e-05
5.078315734863281e-05
5.054473876953125e-05
6.413459777832031e-05
5.316734313964844e-05
5.1021575927734375e-05
6.246566772460938e-05
4.649162292480469e-05
4.6253204345703125e-05
4.601478576660156e-05
4.601478576660156e-05
4.601478576660156e-05
7.581710815429688e-05
4.8160552978515625e-05
4.673004150390625e-05
4.696846008300781e-05
4.982948303222656e-05
4.57763671875e-05
4.6253204345703125e-05
4.6253204345703125e-05
0.00010514259338378906
4.76837158203125e-05
4.696846008300781e-05
4.649162292480469e-05
4.649162292480469e-05
4.601478576660156e-05
4.744529724121094e-05
4.6253204345703125e-05
4.601478576660156e-05
4.601478576660156e-05
4.601478576660156e-05
4.696846008300781e-05
4.601478576660156e-05
4.6253204345703125e-05
4.57763671875e-05
4.673004150390625e-05
4.57763671875e-05
0.00013065338134765625
6.794929504394531e-05
6.198883056640625e-05
4.601478576660156e-05
4.649162292480469e-05
4.601478576660156e-05
4.6253204345703125e-05
4.6253204345703125e-05
4.649162292480469e-05
4.673004150390625e-05
4.649162292480469e-05
4.6253204345703125e-05
4.792213439941406e-05
4.673004150390625e-05
4.649162292480469e-05
9.822845458984375e-05
7.677078247070312e-05
4.649162292480469e-05
4.601478576660156e-05
4.601478576660156e-05
4.6253204345703125e-05
4.6253204345703125e-05
4.649162292480469e-05
4.673004150390625e-05
4.649162292480469e-05
4.601478576660156e-05
4.839897155761719e-05
4.6253204345703125e-05
4.673004150390625e-05
4.601478576660156e-05
4.6253204345703125e-05
4.6253204345703125e-05
7.581710815429688e-05
4.696846008300781e-05
4.792213439941406e-05
4.601478576660156e-05
4.6253204345703125e-05
4.673004150390625e-05
4.601478576660156e-05
4.649162292480469e-05
4.601478576660156e-05
0.00015401840209960938
5.2928924560546875e-05
6.103515625e-05
4.696846008300781e-05
4.7206878662109375e-05
6.580352783203125e-05
4.863739013671875e-05
4.6253204345703125e-05
4.673004150390625e-05
4.673004150390625e-05
4.649162292480469e-05
4.601478576660156e-05
4.601478576660156e-05
4.6253204345703125e-05
4.57763671875e-05
8.058547973632812e-05
4.744529724121094e-05
4.6253204345703125e-05
4.649162292480469e-05
4.673004150390625e-05
4.6253204345703125e-05
4.6253204345703125e-05
0.00010633468627929688
4.696846008300781e-05
4.553794860839844e-05
4.553794860839844e-05
4.553794860839844e-05
4.57763671875e-05
4.57763671875e-05
4.57763671875e-05
4.673004150390625e-05
4.673004150390625e-05
5.698204040527344e-05
4.744529724121094e-05
4.673004150390625e-05
4.6253204345703125e-05
4.696846008300781e-05
4.57763671875e-05
4.7206878662109375e-05
4.6253204345703125e-05
4.649162292480469e-05
4.553794860839844e-05
4.601478576660156e-05
4.5299530029296875e-05
4.57763671875e-05
4.5299530029296875e-05
0.00013375282287597656
6.222724914550781e-05
4.649162292480469e-05
4.553794860839844e-05
4.57763671875e-05
4.601478576660156e-05
4.601478576660156e-05
4.553794860839844e-05
4.5299530029296875e-05
4.57763671875e-05
4.601478576660156e-05
4.601478576660156e-05
4.553794860839844e-05
4.553794860839844e-05
4.6253204345703125e-05
4.6253204345703125e-05
4.57763671875e-05
9.417533874511719e-05
4.744529724121094e-05
4.5299530029296875e-05
4.553794860839844e-05
4.601478576660156e-05
4.553794860839844e-05
4.57763671875e-05
4.6253204345703125e-05
4.601478576660156e-05
4.601478576660156e-05
4.6253204345703125e-05
4.57763671875e-05
4.601478576660156e-05
4.553794860839844e-05
4.57763671875e-05
4.553794860839844e-05
4.57763671875e-05
4.553794860839844e-05
9.369850158691406e-05
4.696846008300781e-05
4.553794860839844e-05
4.5299530029296875e-05
4.5299530029296875e-05
4.673004150390625e-05
4.696846008300781e-05
4.553794860839844e-05
4.601478576660156e-05
6.508827209472656e-05
4.696846008300781e-05
4.6253204345703125e-05
4.649162292480469e-05
4.601478576660156e-05
4.57763671875e-05
4.57763671875e-05
4.57763671875e-05
0.00015783309936523438
6.461143493652344e-05
4.863739013671875e-05
4.839897155761719e-05
4.9114227294921875e-05
4.839897155761719e-05
4.57763671875e-05
4.553794860839844e-05
4.553794860839844e-05
4.553794860839844e-05
4.57763671875e-05
4.57763671875e-05
4.57763671875e-05
4.57763671875e-05
4.57763671875e-05
4.5299530029296875e-05
9.5367431640625e-05
4.696846008300781e-05
4.673004150390625e-05
4.673004150390625e-05
4.57763671875e-05
4.673004150390625e-05
4.601478576660156e-05
4.601478576660156e-05
4.57763671875e-05
4.57763671875e-05
4.601478576660156e-05
4.57763671875e-05
4.57763671875e-05
4.601478576660156e-05
4.57763671875e-05
4.601478576660156e-05
4.601478576660156e-05
4.673004150390625e-05
9.441375732421875e-05
4.7206878662109375e-05
4.6253204345703125e-05
4.601478576660156e-05
4.57763671875e-05
4.57763671875e-05
4.57763671875e-05
4.553794860839844e-05
4.553794860839844e-05
4.5299530029296875e-05
4.553794860839844e-05
4.601478576660156e-05
4.601478576660156e-05
4.601478576660156e-05
4.7206878662109375e-05
4.8160552978515625e-05
4.5299530029296875e-05
6.556510925292969e-05
0.00010156631469726562
4.673004150390625e-05
4.601478576660156e-05
4.57763671875e-05
4.553794860839844e-05
4.6253204345703125e-05
4.57763671875e-05
4.57763671875e-05
4.553794860839844e-05
6.67572021484375e-05
4.696846008300781e-05
4.601478576660156e-05
4.649162292480469e-05
4.863739013671875e-05
4.744529724121094e-05
4.649162292480469e-05
0.000102996826171875
4.839897155761719e-05
4.673004150390625e-05
4.57763671875e-05
4.6253204345703125e-05
4.601478576660156e-05
4.553794860839844e-05
4.6253204345703125e-05
4.649162292480469e-05
4.6253204345703125e-05
4.601478576660156e-05
4.57763671875e-05
4.553794860839844e-05
4.553794860839844e-05
4.553794860839844e-05
4.649162292480469e-05
4.7206878662109375e-05
4.601478576660156e-05
8.821487426757812e-05
4.673004150390625e-05
4.57763671875e-05
4.57763671875e-05
4.57763671875e-05
4.601478576660156e-05
4.601478576660156e-05
4.601478576660156e-05
4.601478576660156e-05
4.6253204345703125e-05
4.601478576660156e-05
4.553794860839844e-05
4.553794860839844e-05
4.601478576660156e-05
4.6253204345703125e-05
4.5299530029296875e-05
4.601478576660156e-05
9.775161743164062e-05
0.00011563301086425781
4.887580871582031e-05
6.031990051269531e-05
4.601478576660156e-05
4.506111145019531e-05
4.506111145019531e-05
4.553794860839844e-05
4.673004150390625e-05
4.553794860839844e-05
4.601478576660156e-05
4.5299530029296875e-05
4.57763671875e-05
4.553794860839844e-05
4.601478576660156e-05
4.553794860839844e-05
9.417533874511719e-05
4.7206878662109375e-05
4.601478576660156e-05
4.601478576660156e-05
4.5299530029296875e-05
4.553794860839844e-05
4.553794860839844e-05
4.601478576660156e-05
4.76837158203125e-05
6.341934204101562e-05
4.76837158203125e-05
4.6253204345703125e-05
4.673004150390625e-05
4.57763671875e-05
4.649162292480469e-05
4.6253204345703125e-05
4.673004150390625e-05
0.00010585784912109375
0.00011849403381347656
4.601478576660156e-05
4.6253204345703125e-05
4.57763671875e-05
4.57763671875e-05
4.57763671875e-05
4.5299530029296875e-05
4.5299530029296875e-05
4.5299530029296875e-05
4.57763671875e-05
6.67572021484375e-05
6.270408630371094e-05
4.5299530029296875e-05
4.553794860839844e-05
4.673004150390625e-05
0.0001125335693359375
4.673004150390625e-05
4.5299530029296875e-05
4.6253204345703125e-05
4.553794860839844e-05
4.6253204345703125e-05
4.649162292480469e-05
4.6253204345703125e-05
4.601478576660156e-05
0.0009665489196777344
5.054473876953125e-05
4.8160552978515625e-05
4.7206878662109375e-05
4.6253204345703125e-05
4.696846008300781e-05
4.744529724121094e-05
4.6253204345703125e-05
9.799003601074219e-05
9.512901306152344e-05
4.696846008300781e-05
4.649162292480469e-05
4.601478576660156e-05
4.649162292480469e-05
4.744529724121094e-05
4.601478576660156e-05
4.601478576660156e-05
0.004428863525390625
5.221366882324219e-05
4.673004150390625e-05
4.601478576660156e-05
4.696846008300781e-05
4.649162292480469e-05
4.6253204345703125e-05
4.601478576660156e-05
4.601478576660156e-05
4.649162292480469e-05
4.649162292480469e-05
4.6253204345703125e-05
4.649162292480469e-05
4.601478576660156e-05
4.57763671875e-05
4.6253204345703125e-05
4.673004150390625e-05
9.965896606445312e-05
7.82012939453125e-05
4.601478576660156e-05
4.57763671875e-05
4.6253204345703125e-05
4.7206878662109375e-05
4.6253204345703125e-05
4.744529724121094e-05
4.673004150390625e-05
4.696846008300781e-05
4.6253204345703125e-05
4.649162292480469e-05
4.6253204345703125e-05
4.601478576660156e-05
4.601478576660156e-05
4.601478576660156e-05
4.649162292480469e-05
9.369850158691406e-05
4.649162292480469e-05
4.601478576660156e-05
4.6253204345703125e-05
4.601478576660156e-05
4.696846008300781e-05
4.57763671875e-05
4.6253204345703125e-05
4.673004150390625e-05
0.0005257129669189453
7.772445678710938e-05
4.673004150390625e-05
4.6253204345703125e-05
4.649162292480469e-05
4.673004150390625e-05
4.57763671875e-05
4.673004150390625e-05
4.601478576660156e-05
4.601478576660156e-05
4.57763671875e-05
4.649162292480469e-05
4.7206878662109375e-05
4.6253204345703125e-05
4.649162292480469e-05
4.57763671875e-05
4.6253204345703125e-05
9.560585021972656e-05
4.673004150390625e-05
4.57763671875e-05
4.553794860839844e-05
4.649162292480469e-05
4.7206878662109375e-05
4.6253204345703125e-05
4.649162292480469e-05
4.6253204345703125e-05
0.00011420249938964844
5.1021575927734375e-05
4.887580871582031e-05
4.9591064453125e-05
4.9114227294921875e-05
4.887580871582031e-05
4.863739013671875e-05
8.034706115722656e-05
4.9591064453125e-05
4.887580871582031e-05
5.91278076171875e-05
4.6253204345703125e-05
4.649162292480469e-05
4.649162292480469e-05
4.601478576660156e-05
4.649162292480469e-05
4.57763671875e-05
4.601478576660156e-05
4.601478576660156e-05
4.57763671875e-05
4.601478576660156e-05
4.57763671875e-05
4.57763671875e-05
4.601478576660156e-05
0.00012826919555664062
7.677078247070312e-05
6.079673767089844e-05
4.601478576660156e-05
4.601478576660156e-05
4.649162292480469e-05
4.7206878662109375e-05
4.601478576660156e-05
4.553794860839844e-05
4.601478576660156e-05
4.553794860839844e-05
4.57763671875e-05
4.5299530029296875e-05
4.601478576660156e-05
4.553794860839844e-05
4.6253204345703125e-05
9.322166442871094e-05
4.744529724121094e-05
4.57763671875e-05
4.601478576660156e-05
4.57763671875e-05
4.601478576660156e-05
4.649162292480469e-05
4.601478576660156e-05
4.6253204345703125e-05
4.553794860839844e-05
4.601478576660156e-05
4.601478576660156e-05
4.601478576660156e-05
4.601478576660156e-05
4.57763671875e-05
4.673004150390625e-05
4.57763671875e-05
0.0001087188720703125
4.673004150390625e-05
4.6253204345703125e-05
4.5299530029296875e-05
4.553794860839844e-05
4.506111145019531e-05
4.601478576660156e-05
4.6253204345703125e-05
4.553794860839844e-05
7.581710815429688e-05
