5.795757630665704e-07 7.447815359238609e-07 6.168318810396439e-07 5.477134075185238e-07 5.535777507415125e-07 
5.806261487967535e-07 7.45522841101014e-07 6.176623681473977e-07 5.484599780715601e-07 5.545772459965561e-07 
5.821124340102713e-07 7.446928492856922e-07 6.180543521959563e-07 5.476377996193187e-07 5.561219838678869e-07 
5.849211485448989e-07 7.462160307267102e-07 6.179204333547151e-07 5.494777677494901e-07 5.567733966064131e-07 
5.862807005626617e-07 7.517183929040726e-07 6.253022132913784e-07 5.544102959598959e-07 5.61940468408756e-07 
5.880678662217177e-07 7.542086309482766e-07 6.261194377662382e-07 5.570612208488691e-07 5.625016217941135e-07 
5.926865587825742e-07 7.574622170522842e-07 6.312170476160597e-07 5.601582806885508e-07 5.682673352550025e-07 
5.908806236392342e-07 7.548467089472789e-07 6.294048442799168e-07 5.575101678172045e-07 5.668075555844526e-07 
5.862327291158526e-07 7.509819792542211e-07 6.297580395791246e-07 5.53136176485655e-07 5.664842170815214e-07 
5.752687002803555e-07 7.376283462202503e-07 6.161937446849973e-07 5.399985550074303e-07 5.540231438558487e-07 
5.770511025983909e-07 7.442002893647996e-07 6.277121225246519e-07 5.4580028432102e-07 5.628704959652121e-07 
5.73163106527888e-07 7.384916455376104e-07 6.197753888873682e-07 5.403935794548087e-07 5.559260729406095e-07 
5.764120622564787e-07 7.398037109569023e-07 6.239710325152154e-07 5.415809644726238e-07 5.609967399201237e-07 
5.783260144292944e-07 7.409581632223733e-07 6.264338375702588e-07 5.42687804332245e-07 5.637964457743391e-07 
5.791194088273193e-07 7.405788426058597e-07 6.22139407866636e-07 5.427170795468952e-07 5.603173042301505e-07 
5.809916332065251e-07 7.419745987143302e-07 6.234551397428119e-07 5.441562653480111e-07 5.61901751460624e-07 
5.769671468719021e-07 7.37887959459373e-07 6.199761926894767e-07 5.400226327226461e-07 5.583762428535458e-07 
5.738674275846433e-07 7.370892972795007e-07 6.186546401430142e-07 5.391028590568005e-07 5.558729882093059e-07 
5.740835051827963e-07 7.372865711861061e-07 6.188197178453455e-07 5.393040874518735e-07 5.56051810300828e-07 
5.751265701758342e-07 7.388521844619576e-07 6.193034180806333e-07 5.40933276272533e-07 5.56336394828027e-07 
5.753825206846931e-07 7.390397672870836e-07 6.19582129587903e-07 5.41116386185233e-07 5.566483698821991e-07 
5.857925893248131e-07 7.46409106328728e-07 6.233229456681937e-07 5.490802643461882e-07 5.622602077295337e-07 
5.871644392951405e-07 7.47409868360214e-07 6.246122493141264e-07 5.500787827056185e-07 5.637407422543546e-07 
5.88655256206127e-07 7.484145018248197e-07 6.258598864755658e-07 5.510974932968001e-07 5.652422446945177e-07 
5.861681239496913e-07 7.441701393388534e-07 6.218545200671984e-07 5.469927091445566e-07 5.620969898284817e-07 
5.761082090469507e-07 7.360820564891857e-07 6.149922707884828e-07 5.386065019950961e-07 5.540361875868146e-07 
5.757131720360024e-07 7.354940412258949e-07 6.145771844358218e-07 5.380173407689192e-07 5.537060792947392e-07 
5.740345265261686e-07 7.341687287409106e-07 6.134972862946569e-07 5.366387238845617e-07 5.524119839969909e-07 
5.697591074228696e-07 7.306667742909547e-07 6.110485408394899e-07 5.329724343069774e-07 5.494610400510337e-07 
5.68228577632443e-07 7.268002062318742e-07 6.106809275342343e-07 5.289756408040275e-07 5.500835348264158e-07 
5.667144725897953e-07 7.266521072864157e-07 6.133139623856574e-07 5.284958070820344e-07 5.518556625754376e-07 
5.688064351577328e-07 7.294020159361138e-07 6.161835869865062e-07 5.311870466923605e-07 5.544076702148545e-07 
5.679196924148691e-07 7.282441000088239e-07 6.148904496749097e-07 5.300592656891628e-07 5.532497706011372e-07 
5.581922828296129e-07 7.175850800042085e-07 6.063151073162744e-07 5.193245621900035e-07 5.449310329522246e-07 
5.531823352113152e-07 7.131686263895612e-07 6.044458810399429e-07 5.147067320363418e-07 5.425753982132675e-07 
5.554946164454557e-07 7.139818982284864e-07 6.057809358168731e-07 5.156063277572304e-07 5.446630357007034e-07 
5.646160624300246e-07 7.207064454488974e-07 6.101639444470176e-07 5.2268249413618e-07 5.504808811527691e-07 
5.463243131852326e-07 7.072994613912521e-07 5.948586281398443e-07 5.090023772231247e-07 5.326002603204843e-07 
5.434299073921385e-07 7.062192228692439e-07 6.003832001386958e-07 5.074299353222536e-07 5.368564144009058e-07 
5.440384386232509e-07 7.063016172673949e-07 6.001790095275591e-07 5.075551621240801e-07 5.369365072082178e-07 
5.448186444426065e-07 7.077509044828988e-07 6.017118952353038e-07 5.089634067957696e-07 5.381375231724022e-07 
5.434790134381e-07 7.037646859426683e-07 6.022576152406448e-07 5.049805866043695e-07 5.397665546761178e-07 
5.413059313456562e-07 7.018324341530024e-07 6.000764124242967e-07 5.030343991947018e-07 5.37457461008343e-07 
5.453847128003961e-07 7.084665161724682e-07 6.068668751808389e-07 5.095303252167223e-07 5.430027228309862e-07 
5.428505757977268e-07 7.060265490552877e-07 6.044352618679662e-07 5.070804479321445e-07 5.405001988603852e-07 
5.487781621530267e-07 7.124536721486322e-07 6.02284489100896e-07 5.138353624362128e-07 5.385788030567246e-07 
5.470146336911088e-07 7.109624756378126e-07 5.997279759469941e-07 5.123955763473962e-07 5.359161566215951e-07 
5.561008899897578e-07 7.123413940578031e-07 6.026902290467649e-07 5.142345644522302e-07 5.427926193376731e-07 
5.561021097627806e-07 7.123361537843907e-07 6.026869092171259e-07 5.14229772321522e-07 5.427924769325768e-07 
5.483060758706695e-07 7.081140320967482e-07 5.969700200180474e-07 5.09809199592843e-07 5.352608519529459e-07 
5.505958351780161e-07 7.071246197777234e-07 5.950978227489546e-07 5.091455338019794e-07 5.351220848366899e-07 
5.493464000695761e-07 7.055124063605255e-07 5.93266698599305e-07 5.075802810072986e-07 5.334726504918661e-07 
5.59598382670051e-07 7.155144759821697e-07 5.964765190340987e-07 5.18210875870705e-07 5.372910747995775e-07 
5.616823532100952e-07 7.189050339608496e-07 6.000099328014205e-07 5.214623844303323e-07 5.40172898397746e-07 
5.610142287228712e-07 7.189301120658522e-07 5.997226069229318e-07 5.21457142572613e-07 5.395387530802235e-07 
5.610263596207005e-07 7.190288101741206e-07 5.998718303972294e-07 5.215429730179829e-07 5.396411654871198e-07 
5.552613186473702e-07 7.149618832685773e-07 5.93455962048365e-07 5.17592750785081e-07 5.324001980205744e-07 
5.477082696360091e-07 7.061475533679025e-07 5.843501914903144e-07 5.089356904395665e-07 5.238559706023846e-07 
5.387486980643698e-07 6.974150046006803e-07 5.797534921714978e-07 4.997504080662007e-07 5.188271328742562e-07 
5.391595718107079e-07 6.96880480548788e-07 5.802767042366015e-07 4.991885496726862e-07 5.197881773087947e-07 
5.39184312260426e-07 6.968869300217605e-07 5.802867364406129e-07 4.991961548948982e-07 5.198076926212701e-07 
5.372658648323147e-07 6.967945382222362e-07 5.78723864604149e-07 4.991062733864026e-07 5.173563462545544e-07 
5.232078793819883e-07 6.832289433958171e-07 5.65082840478488e-07 4.855447438472938e-07 5.032754132650357e-07 
5.238024248546622e-07 6.836423920975733e-07 5.656572457086807e-07 4.859525709698085e-07 5.039438578890352e-07 
5.274169750881783e-07 6.868864911108211e-07 5.675651753927916e-07 4.893596599950188e-07 5.061493883062047e-07 
5.207332164037091e-07 6.818957472045474e-07 5.632654170456763e-07 4.841919042694326e-07 5.008596233789902e-07 
5.169597287825292e-07 6.783863740581833e-07 5.594497452744329e-07 4.807119097463322e-07 4.968666371683034e-07 
5.165682121079293e-07 6.779223516165896e-07 5.59135798798284e-07 4.802373433588104e-07 4.965781219775788e-07 
5.14689360703666e-07 6.746742108615778e-07 5.570072911761203e-07 4.769657935912983e-07 4.950773987783597e-07 
5.242263133545539e-07 6.818242106419604e-07 5.634230497508474e-07 4.84351452049254e-07 5.028806367828431e-07 
5.335729352433429e-07 6.924559779320544e-07 5.765199336763035e-07 4.946137818197803e-07 5.153351016023159e-07 
5.339541752240435e-07 6.9264874585514e-07 5.766647090974815e-07 4.948251978430702e-07 5.155831215677461e-07 
5.509998102026766e-07 7.116408591448329e-07 5.932553893083359e-07 5.138741990885226e-07 5.315118020860441e-07 
5.497366580232635e-07 7.143170384795309e-07 5.94025705995146e-07 5.164798502573492e-07 5.303419052432452e-07 
5.426732626429788e-07 7.054455040382737e-07 5.881558763264712e-07 5.074391323606447e-07 5.251681160118916e-07 
5.435269174142034e-07 7.056945282123354e-07 5.884745208825159e-07 5.077196187249596e-07 5.258025412265178e-07 
5.427895867286252e-07 7.083250656929523e-07 5.872753742230343e-07 5.105388888693269e-07 5.230431715468417e-07 
5.42178652534503e-07 7.063464082692258e-07 5.862169989488341e-07 5.085415779980166e-07 5.226362929333523e-07 
5.401565184928072e-07 7.009315859714205e-07 5.836969155049483e-07 5.030616049632182e-07 5.216923206030639e-07 
5.381696683551678e-07 7.010340171833391e-07 5.773021917802684e-07 5.03750723297947e-07 5.14486675099277e-07 
5.250317646275718e-07 6.899675467110429e-07 5.645400752589003e-07 4.928490471940325e-07 5.005260983291219e-07 
5.253741216032648e-07 6.930126109942097e-07 5.662443232124631e-07 4.959414304628276e-07 5.008917512004793e-07 
5.300046561460162e-07 6.991057157062323e-07 5.714674523314961e-07 5.020620441177628e-07 5.054662074429669e-07 
5.308129405112481e-07 7.024300275402489e-07 5.760123541730488e-07 5.051169182091895e-07 5.08689884521667e-07 
5.349409575473014e-07 7.075798017033709e-07 5.806775760300737e-07 5.102726930829975e-07 5.129115047655342e-07 
5.328032025069226e-07 7.044516403080234e-07 5.764517671700391e-07 5.073461714831698e-07 5.09196563267151e-07 
5.357044554288587e-07 7.065967547852558e-07 5.78300285613791e-07 5.095367092759832e-07 5.114905154971691e-07 
5.29669913280235e-07 6.976918087177231e-07 5.674182203287333e-07 5.011005688135945e-07 5.020573341522603e-07 
5.205258399892611e-07 6.953494449311608e-07 5.662799436714584e-07 4.98442479520297e-07 4.972187121657603e-07 
5.241551621519573e-07 6.962588757913376e-07 5.666361265947951e-07 4.99460127721872e-07 4.990531663809434e-07 
5.234187321324117e-07 6.954498882574393e-07 5.65502273128625e-07 4.987112758328783e-07 4.979535243715372e-07 
5.241595922659475e-07 6.952212276717833e-07 5.663506542713841e-07 4.983372116282115e-07 4.992824846453127e-07 
5.247964835362423e-07 6.946524856293914e-07 5.649536968729415e-07 4.979336016894877e-07 4.985436799765403e-07 
5.26378066965801e-07 6.962196669496622e-07 5.636424387612111e-07 4.999606614820697e-07 4.973558420901373e-07 
5.266786458679572e-07 6.959257394799247e-07 5.634726481775291e-07 4.996667047411006e-07 4.974958603263723e-07 
5.29798525963265e-07 7.007805602848501e-07 5.664809900368016e-07 5.047469060591328e-07 4.99715416365468e-07 
5.270864231398955e-07 6.987373183213625e-07 5.654230105629526e-07 5.025347164156045e-07 4.982327747735155e-07 
5.289388793007653e-07 7.001694500737383e-07 5.672291372402817e-07 5.038969429904194e-07 5.002787922178135e-07 
5.285762545955882e-07 6.997976834879741e-07 5.668419896532988e-07 5.035317507420733e-07 4.998904235080073e-07 
5.363451619145809e-07 7.065781744616044e-07 5.73044199024169e-07 5.103737599448738e-07 5.067591887182557e-07 
5.340762033465516e-07 7.060578083773843e-07 5.734512920255111e-07 5.096535323432006e-07 5.061914796445032e-07 
5.446188148012274e-07 7.171059161553156e-07 5.842243009438814e-07 5.206331442688062e-07 5.168899466957306e-07 
5.438389348159369e-07 7.15132871381668e-07 5.836401839849572e-07 5.184815010385008e-07 5.168632815243699e-07 
5.453972537771406e-07 7.161768339406888e-07 5.849504742855079e-07 5.194898144529279e-07 5.18455384336986e-07 
5.423754687229481e-07 7.140032468005468e-07 5.827931287789407e-07 5.173073149500418e-07 5.158102340060705e-07 
5.43482610686909e-07 7.151727129154856e-07 5.858052850893359e-07 5.181823474414851e-07 5.187447130868788e-07 
5.409525823229962e-07 7.151161847434006e-07 5.865727350122913e-07 5.179557258215453e-07 5.181717214743551e-07 
5.383539880102323e-07 7.107482195715713e-07 5.81425884975072e-07 5.137699508227735e-07 5.13919425569232e-07 
5.344777261581531e-07 7.102618561235906e-07 5.821802819528524e-07 5.130618397934243e-07 5.128297900524245e-07 
5.374756734403757e-07 7.081040760103581e-07 5.730347415617793e-07 5.121446484750951e-07 5.066133507971389e-07 
5.379212394199295e-07 7.096574965392102e-07 5.727094931716501e-07 5.140006760400182e-07 5.057777442827351e-07 
5.321304713475279e-07 7.031275758890762e-07 5.711819898091051e-07 5.066641297039655e-07 5.043777571874958e-07 
5.306758553474652e-07 6.994590802223744e-07 5.689898983076452e-07 5.028559898460238e-07 5.032586886695878e-07 
5.349763749538067e-07 7.011499519295895e-07 5.68769377452939e-07 5.049579879355802e-07 5.045292592078806e-07 
5.382796683200484e-07 7.03882877310354e-07 5.760809419701076e-07 5.069805797598368e-07 5.120202385365261e-07 
5.384198215895113e-07 7.025270764593154e-07 5.750922373944207e-07 5.056625230481488e-07 5.117915935691311e-07 
5.287023698810276e-07 6.961872496175015e-07 5.698463482353544e-07 4.990393133265414e-07 5.046113750548334e-07 
5.275838151261436e-07 6.915537545188154e-07 5.67812796546253e-07 4.942514537614412e-07 5.04271871655448e-07 
5.237827841539309e-07 6.875999249540849e-07 5.655863859076152e-07 4.901078437570834e-07 5.020000931385057e-07 
5.320605077619301e-07 6.946052612831155e-07 5.733025635241786e-07 4.970716115810784e-07 5.104614173941632e-07 
5.42812204673838e-07 7.093209101306888e-07 5.843097124610876e-07 5.119578338740389e-07 5.197416584241486e-07 
5.436748262748531e-07 7.10420572286916e-07 5.849761631583443e-07 5.130966659681019e-07 5.20316272611594e-07 
5.252740087006836e-07 7.006445507481966e-07 5.758427431358962e-07 5.03080566475593e-07 5.064609547384517e-07 
5.295085930064891e-07 7.036059210175919e-07 5.79431172847162e-07 5.059467240353079e-07 5.107465371246215e-07 
5.368534833855554e-07 7.077716492545969e-07 5.839496466223093e-07 5.100994841256225e-07 5.169885666508226e-07 
5.368560349952865e-07 7.077735117990522e-07 5.839512605476694e-07 5.101013843750321e-07 5.169905795572774e-07 
5.349924821442808e-07 7.098109466486501e-07 5.851463974768149e-07 5.12159694338892e-07 5.161922043222195e-07 
5.348747164157928e-07 7.097082613577983e-07 5.849999251841163e-07 5.120631945666808e-07 5.160376556977164e-07 
5.440185639920517e-07 7.118774354608643e-07 5.904357538068403e-07 5.140104857769779e-07 5.250494236926442e-07 
5.421738074458615e-07 7.109966613004925e-07 5.885534600342017e-07 5.132091600222826e-07 5.226888302012625e-07 
5.407510997034697e-07 7.096737907789342e-07 5.864614602164319e-07 5.119803649311257e-07 5.20555351239199e-07 
5.395128040638337e-07 7.055123344072421e-07 5.868150775809491e-07 5.074644570268643e-07 5.222032721306949e-07 
5.279249117745835e-07 6.920400446568622e-07 5.687307708442068e-07 4.946717637689292e-07 5.051037796927016e-07 
5.248339019082407e-07 6.902512548081256e-07 5.64276955877283e-07 4.931833787334573e-07 5.00031671378484e-07 
5.111875328241949e-07 6.782765034730975e-07 5.509570472092568e-07 4.814215634694085e-07 4.856676424403476e-07 
5.128167700030358e-07 6.7623882311565e-07 5.453368448760813e-07 4.801455355738769e-07 4.820868987808834e-07 
5.060799791382093e-07 6.688030348011364e-07 5.371252710145085e-07 4.7294923833530196e-07 4.7413849655328984e-07 
5.059840706631234e-07 6.682411691113079e-07 5.369874102223212e-07 4.723438531116249e-07 4.7422841122269485e-07 
4.995125543779281e-07 6.598004863789349e-07 5.305241507971413e-07 4.637543518320406e-07 4.6860657710046963e-07 
4.994093192994671e-07 6.603771263141269e-07 5.308329390709709e-07 4.643294113373392e-07 4.685682815137356e-07 
4.976361315816336e-07 6.581237292556709e-07 5.305643597871006e-07 4.617953778106905e-07 4.684541651371244e-07 
4.963043404876665e-07 6.565058038637864e-07 5.290685987761168e-07 4.6018820907520515e-07 4.670784723121974e-07 
5.062770903604007e-07 6.674228390002001e-07 5.382751285843387e-07 4.7123983180517967e-07 4.7603210415993397e-07 
4.98353104634155e-07 6.613660671725026e-07 5.3576500406973e-07 4.6456645698148597e-07 4.7230062535583103e-07 
4.945649382247396e-07 6.558824858782134e-07 5.278296803087517e-07 4.5960334881351716e-07 4.6524720970537415e-07 
4.941321799698762e-07 6.517029569161943e-07 5.209275540849816e-07 4.5617281684499926e-07 4.6037080402808337e-07 
4.818482446584898e-07 6.339033196198313e-07 5.06426813474511e-07 4.3839055432584086e-07 4.484045097100036e-07 
4.834415504627101e-07 6.345630112512153e-07 5.055004592374618e-07 4.394120177545767e-07 4.4805215249167564e-07 
4.79543791567149e-07 6.396028540252288e-07 5.119963519648914e-07 4.434668313393331e-07 4.4976417463988773e-07 
4.822679140303194e-07 6.430170501912748e-07 5.096286538485461e-07 4.478620863034385e-07 4.472386715917648e-07 
4.798665006439333e-07 6.442454273802356e-07 5.090471180796812e-07 4.4926974595479584e-07 4.447421303869353e-07 
4.7666981519001263e-07 6.454476023775531e-07 5.063243564090462e-07 4.511866779888378e-07 4.396981427030481e-07 
4.752580591175135e-07 6.451130489201044e-07 5.05195613717424e-07 4.5102799304927827e-07 4.3797724003979155e-07 
4.7511493041493223e-07 6.449769049162211e-07 5.051219324518476e-07 4.508797497066239e-07 4.3789567835601336e-07 
4.773002056645485e-07 6.470974624813052e-07 5.080795045622842e-07 4.5277089717521996e-07 4.409319065796419e-07 
4.7279168144315885e-07 6.457692984017032e-07 5.060290217951129e-07 4.516282178854572e-07 4.3710741304835024e-07 
4.7111721523175045e-07 6.479082920024539e-07 5.141728704394374e-07 4.5249122830433354e-07 4.431847596403655e-07 
4.712547454002705e-07 6.510523974561009e-07 5.171703769180288e-07 4.557036682332152e-07 4.4463073553681856e-07 
4.7224680957831553e-07 6.509255842887003e-07 5.162835852426967e-07 4.5569122779304484e-07 4.443490645767371e-07 
4.722859558669538e-07 6.50674866695498e-07 5.162297660427711e-07 4.5539555871550196e-07 4.4444535105219444e-07 
4.7228864564230044e-07 6.506783591884978e-07 5.162228942818116e-07 4.55401112230541e-07 4.444381768305991e-07 
4.724090992197828e-07 6.506576591896012e-07 5.162207950441507e-07 4.5537250202829816e-07 4.4451189576263066e-07 
4.733853450153644e-07 6.491467313735863e-07 5.135737848230852e-07 4.5405956367485003e-07 4.431849719904888e-07 
4.726195577921621e-07 6.457919935206178e-07 5.088632726526393e-07 4.510200042872599e-07 4.3981474047699015e-07 
4.624373954399435e-07 6.385122510720184e-07 5.023638101460182e-07 4.4375845361508494e-07 4.315478060827511e-07 
4.7650376891320647e-07 6.514028218701281e-07 5.131136122117434e-07 4.568449334429045e-07 4.43268059325182e-07 
4.83706199911358e-07 6.592402205624546e-07 5.181185954716757e-07 4.651910421982929e-07 4.4813796768463807e-07 
4.947490445478135e-07 6.643654219893322e-07 5.217487703841766e-07 4.7058200678351696e-07 4.5516522026164296e-07 
4.968699256422541e-07 6.632528282254246e-07 5.209083894885566e-07 4.6950501965351367e-07 4.5607736943642195e-07 
4.972597305722747e-07 6.631406185731615e-07 5.206536205762946e-07 4.694458027093261e-07 4.560999488788854e-07 
5.028675888994221e-07 6.681841956641514e-07 5.258134660162358e-07 4.7440804629204286e-07 4.616841722862211e-07 
5.117255648453716e-07 6.750391539799672e-07 5.338220527246608e-07 4.810001339534508e-07 4.709166329935549e-07 
5.134545472419346e-07 6.76737143670568e-07 5.352542015255297e-07 4.827382227542844e-07 4.7240928194756646e-07 
4.997363726770349e-07 6.627838337823809e-07 5.234211319674953e-07 4.6850409919661e-07 4.603488908712633e-07 
5.027727317118572e-07 6.664213536681735e-07 5.271891168411362e-07 4.7203590860460795e-07 4.638625972079479e-07 
5.025791663021707e-07 6.662347938428603e-07 5.269836213879266e-07 4.718555217760819e-07 4.6364972295521525e-07 
5.096420644951608e-07 6.706370669930253e-07 5.328120570859789e-07 4.7605250211476804e-07 4.709874656119638e-07 
5.135245378295885e-07 6.746279971741561e-07 5.344991402120648e-07 4.804835209477383e-07 4.727672465069141e-07 
5.143739361144939e-07 6.708670689976113e-07 5.260833041022801e-07 4.781883514894519e-07 4.6696453258959843e-07 
5.14181071454881e-07 6.70373211647606e-07 5.2608531167342e-07 4.776056780461343e-07 4.67106726287518e-07 
5.062520278221725e-07 6.643310924192041e-07 5.202471495681135e-07 4.714370898569565e-07 4.6008109350627733e-07 
5.054648033211609e-07 6.637588886653566e-07 5.191814369945734e-07 4.7097728351351747e-07 4.5889716744157146e-07 
5.006918968895869e-07 6.602096656424017e-07 5.167414861418193e-07 4.6711961902004044e-07 4.5566591600531324e-07 
5.017077017285868e-07 6.597385103979341e-07 5.164924621182264e-07 4.667053634336564e-07 4.5622566431131743e-07 
5.003266164526179e-07 6.542901343452818e-07 5.104033378648724e-07 4.618177893723157e-07 4.5229534705754684e-07 
5.034369667237372e-07 6.592846624799917e-07 5.113614951827437e-07 4.6761308773856934e-07 4.524355186787361e-07 
5.029079682033684e-07 6.590593814268101e-07 5.110999991961872e-07 4.673757178085414e-07 4.5199915268891325e-07 
5.026027774622074e-07 6.577431884994926e-07 5.108732148810938e-07 4.6587610533616656e-07 4.5227708839967477e-07 
5.002899378469284e-07 6.526665123367551e-07 5.048817253673418e-07 4.61364319777819e-07 4.4774559856709845e-07 
4.97285244219737e-07 6.490124151430874e-07 4.999183352019843e-07 4.5818069566745066e-07 4.4309973317420014e-07 
4.942738167434189e-07 6.443557564680823e-07 4.954056727704148e-07 4.537191862396679e-07 4.393991877931734e-07 
4.916785340682616e-07 6.407482259611714e-07 4.911971584544794e-07 4.504395130418021e-07 4.356931824535235e-07 
4.989969620442156e-07 6.403850660530717e-07 4.906860102256184e-07 4.5109265201782055e-07 4.3955092231857994e-07 
5.053141962739579e-07 6.43854013205152e-07 4.961339909949656e-07 4.54411274543491e-07 4.4661512031067664e-07 
5.037517944617664e-07 6.418624090753035e-07 4.93212353809577e-07 4.527603689702188e-07 4.439344599293849e-07 
4.93396382595893e-07 6.369716199292176e-07 4.937852092851871e-07 4.45690162272764e-07 4.4107756739536665e-07 
4.951832674306641e-07 6.382180425819584e-07 4.95617262471096e-07 4.4685219929921284e-07 4.4321821010724436e-07 
4.956989590148563e-07 6.390835831057674e-07 4.968600370762142e-07 4.4756987967979864e-07 4.442687718744159e-07 
4.961053199557879e-07 6.398971656559619e-07 4.974116376404546e-07 4.4838480470286927e-07 4.4462034789291144e-07 
4.928149723445406e-07 6.355998674965114e-07 4.931181140359139e-07 4.442644616908487e-07 4.4079635687605525e-07 
4.938096524709517e-07 6.343922530913516e-07 4.903916799915661e-07 4.4375901125391825e-07 4.3934429233973567e-07 
5.002325511139533e-07 6.373249106115762e-07 4.963380545203239e-07 4.4646326020295853e-07 4.471848105479074e-07 
4.977838366080622e-07 6.352881812517419e-07 4.946581105322665e-07 4.442901540752124e-07 4.4521452411171883e-07 
4.878832987527863e-07 6.29424991421763e-07 4.895109986938214e-07 4.377010338610149e-07 4.37647319547494e-07 
4.87775858270874e-07 6.287812514201801e-07 4.883041868605498e-07 4.3727215653811266e-07 4.367495971053661e-07 
4.784452443095109e-07 6.223691694549359e-07 4.864160197840235e-07 4.294909554178776e-07 4.329155390144407e-07 
4.778196751428954e-07 6.219450812827898e-07 4.864144827629433e-07 4.289531578738044e-07 4.327772995621108e-07 
4.739239866819748e-07 6.093112884867387e-07 4.7366760508902605e-07 4.1768601903069164e-07 4.2463175899028034e-07 
4.850672365642139e-07 6.114274375793724e-07 4.735801732324189e-07 4.2191807020142364e-07 4.297736127852347e-07 
4.860711937522434e-07 6.13362418983525e-07 4.736221851884835e-07 4.241125099185816e-07 4.294310110955484e-07 
4.782569693628418e-07 5.980996645027405e-07 4.580445191339611e-07 4.10573005919795e-07 4.177886915823123e-07 
4.78288310624458e-07 5.998878147904015e-07 4.622205645188219e-07 4.11376029208516e-07 4.2086271007992953e-07 
4.828619596355829e-07 6.045075186845303e-07 4.6768477355877717e-07 4.157673804900586e-07 4.263456604310527e-07 
4.830390765884195e-07 6.051914276698868e-07 4.682968598133413e-07 4.163562406681864e-07 4.2668883047772135e-07 
4.826409382233635e-07 6.046028968982879e-07 4.678863270630877e-07 4.157689583633076e-07 4.2636385891155963e-07 
4.832646041376893e-07 6.045383272250118e-07 4.6898366139794344e-07 4.1558433035848203e-07 4.2778036821483476e-07 
4.861499915431641e-07 6.116355206896909e-07 4.825250209104944e-07 4.204157695328455e-07 4.387202430458694e-07 
4.915181349981017e-07 6.258695304576943e-07 4.906940338328363e-07 4.342140487440679e-07 4.425590252466755e-07 
4.774566323873349e-07 6.15392200897362e-07 4.825358713632082e-07 4.227308789079519e-07 4.320885150338697e-07 
4.66326403626488e-07 6.093010346564543e-07 4.794953738201169e-07 4.153733236209887e-07 4.260135377786335e-07 
4.668925357571967e-07 6.065357515734891e-07 4.798909668459601e-07 4.124653381486037e-07 4.2806104775808133e-07 
4.701615734023755e-07 6.101204236768951e-07 4.805449098520096e-07 4.1653902720636344e-07 4.287328819309264e-07 
4.7413894540125303e-07 6.094174488278735e-07 4.807940994018103e-07 4.1634987239518746e-07 4.31507038953631e-07 
4.735211579491368e-07 6.078867842209133e-07 4.788334425669803e-07 4.1505403355488633e-07 4.3003988511751403e-07 
4.622738023523677e-07 6.050815529308887e-07 4.7177818169119024e-07 4.1192452056945346e-07 4.184176215445784e-07 
4.5736518174300673e-07 5.990956140243527e-07 4.642986464538015e-07 4.064591604850107e-07 4.1144813859363146e-07 
4.6123420048326326e-07 5.981810054615577e-07 4.653168420373596e-07 4.0578437229130003e-07 4.150484756495012e-07 
4.5691984353685436e-07 5.964019754582267e-07 4.6403322988720615e-07 4.0355346028945714e-07 4.122923417972518e-07 
4.5607010854931956e-07 5.970553855600819e-07 4.63841865017115e-07 4.0418427435157114e-07 4.1130729403247103e-07 
4.5793824624574784e-07 5.983259014357174e-07 4.6335443275486905e-07 4.059106995547523e-07 4.112426580829958e-07 
4.6171763913681964e-07 6.015534179795201e-07 4.660083938348823e-07 4.0931120204063156e-07 4.1430165666101696e-07 
4.629911603267623e-07 6.020650786235257e-07 4.66371548737422e-07 4.0995724938150684e-07 4.1510897711677054e-07 
4.6322947514336403e-07 6.021063794198012e-07 4.6652192776884003e-07 4.100010818770091e-07 4.1536673999177227e-07 
4.771355614718267e-07 6.162499524492748e-07 4.817076805648877e-07 4.237661947237703e-07 4.30694436785297e-07 
4.692951231440556e-07 6.034373746358294e-07 4.721746727380356e-07 4.1110353213478276e-07 4.2351522497769933e-07 
4.6051284542765675e-07 5.993352381318298e-07 4.6539058125816437e-07 4.068951513871951e-07 4.1414180770091174e-07 
4.5865256449847627e-07 5.996198520876033e-07 4.70597679062548e-07 4.058626223880683e-07 4.1798601736484065e-07 
4.5567177222364526e-07 5.939828613728046e-07 4.681229236712199e-07 4.0001477067359145e-07 4.167361067111194e-07 
4.5581334483959167e-07 5.939187066582751e-07 4.695160382911956e-07 3.9971562774419293e-07 4.1818390238971787e-07 
4.5197931850392914e-07 5.896461405262599e-07 4.686387473827158e-07 3.9493999211413953e-07 4.1732578995943154e-07 
4.5193907029905533e-07 5.897338569265314e-07 4.6910476842304364e-07 3.949480992625694e-07 4.1770881460013103e-07 
4.5196375981967e-07 5.871984317257473e-07 4.6644955662719717e-07 3.9280482611146637e-07 4.164030094019659e-07 
4.4699126121826846e-07 5.806594308550111e-07 4.611995691135028e-07 3.863031632397553e-07 4.118246896799445e-07 
4.4729751318422773e-07 5.812262908844605e-07 4.6081701268378617e-07 3.8698546474103483e-07 4.1135132130384524e-07 
4.4696236885696995e-07 5.80156026820066e-07 4.601606466173234e-07 3.859610085823151e-07 4.11057643739194e-07 
4.6109313085051794e-07 5.973467627889923e-07 4.716586793870895e-07 4.03627705747802e-07 4.214645407683106e-07 
4.6145995191720797e-07 5.991104937251663e-07 4.729084605834232e-07 4.0527380660988036e-07 4.2200396350118317e-07 
4.640011685231878e-07 5.988265511486048e-07 4.737241767235199e-07 4.052135333675265e-07 4.243183867070076e-07 
4.6052790361054095e-07 5.964098011333991e-07 4.721121010845213e-07 4.0249981633274967e-07 4.220439424543513e-07 
4.6127353691405455e-07 5.974606746549287e-07 4.73352807325237e-07 4.0346828494677576e-07 4.231300213559059e-07 
4.610495290227872e-07 5.96967061395075e-07 4.7300079918281724e-07 4.0299167576995493e-07 4.2290982084579877e-07 
4.61784639907075e-07 5.993725986124457e-07 4.735930804681828e-07 4.054664931934569e-07 4.2271090486070766e-07 
4.601189700403647e-07 5.974271683972006e-07 4.6930103048028703e-07 4.0401165357269167e-07 4.186281819780215e-07 
4.596166599768002e-07 5.959555283200016e-07 4.675224733902632e-07 4.027502378103255e-07 4.17366610988989e-07 
4.691070213046175e-07 6.057631104363251e-07 4.7343474986781706e-07 4.132437227999068e-07 4.234727544571464e-07 
4.687069720172847e-07 6.051862488290994e-07 4.729672175177856e-07 4.126744230900529e-07 4.2308663682706757e-07 
4.68240986653693e-07 5.991414056563475e-07 4.6664072625136305e-07 4.07635771438933e-07 4.19755483811968e-07 
4.6862308696272404e-07 5.983125587447063e-07 4.668174307122018e-07 4.0681078423953384e-07 4.2054336975143233e-07 
4.662158053298904e-07 5.953878704390052e-07 4.6299241602965666e-07 4.04184939522958e-07 4.1699020534546157e-07 
4.590913007501679e-07 5.872651872316363e-07 4.528203536079564e-07 3.967461112255479e-07 4.072994114537826e-07 
4.6068819846464496e-07 5.888333761517024e-07 4.538833587278492e-07 3.984266287934113e-07 4.084373499391199e-07 
4.6077227926972094e-07 5.890127145271045e-07 4.5401468325365875e-07 3.9859852375880353e-07 4.085211109169462e-07 
4.6411289083487876e-07 5.822924707932203e-07 4.58801409613314e-07 3.91522316962143e-07 4.1818393575463974e-07 
4.549294442484952e-07 5.743073762714348e-07 4.5423120717913434e-07 3.8264695198439173e-07 4.1260296549907857e-07 
4.513897767863673e-07 5.708455125901485e-07 4.534083856400422e-07 3.78712524650399e-07 4.1152184166496695e-07 
4.4295805567870244e-07 5.641569482932482e-07 4.5365697935695006e-07 3.7060345683168967e-07 4.10310317565978e-07 
4.2903768018686043e-07 5.566049031537887e-07 4.4779467450458184e-07 3.6164863671800345e-07 4.0079937829122836e-07 
4.3112906474251635e-07 5.593438021797827e-07 4.516486451683197e-07 3.6415320954407513e-07 4.043018627661294e-07 
4.32961577341258e-07 5.609272690365511e-07 4.5261990925138575e-07 3.65858718422074e-07 4.054625922360562e-07 
4.311040365673223e-07 5.591666193591675e-07 4.51309996411154e-07 3.640196996495223e-07 4.040491990302801e-07 
4.292609924871003e-07 5.597618790877454e-07 4.512534110711986e-07 3.6431216823989375e-07 4.0272704446388043e-07 
4.27119094817776e-07 5.52086384774803e-07 4.390143416939323e-07 3.5815513161534566e-07 3.935407932180436e-07 
4.271785574161449e-07 5.511401213898545e-07 4.385445548077003e-07 3.5731398888805123e-07 3.935777155606951e-07 
4.2723273893183437e-07 5.521235804303334e-07 4.391893107082264e-07 3.5818510779941275e-07 3.9375159437671806e-07 
4.298218319653606e-07 5.560315756422189e-07 4.3969955541026806e-07 3.6239975811184444e-07 3.93775411463941e-07 
4.186823124378996e-07 5.470874023355121e-07 4.305821947827531e-07 3.53123807927699e-07 3.832782141808678e-07 
4.101726785436138e-07 5.435213112558593e-07 4.23248108787853e-07 3.4950057896191855e-07 3.732730907052877e-07 
4.077082994830787e-07 5.417627759247888e-07 4.199868839270364e-07 3.4794468640686966e-07 3.696208857260466e-07 
4.048806100201604e-07 5.368850307808434e-07 4.1596084238483556e-07 3.4322269836011973e-07 3.665866291820465e-07 
4.052114125935766e-07 5.374574039783687e-07 4.165307060991499e-07 3.4375723229083524e-07 3.6703675851292305e-07 
4.105424029140301e-07 5.428064141204448e-07 4.2726059573327734e-07 3.4811195781542746e-07 3.777163623915195e-07 
4.0922406442529136e-07 5.431946242257878e-07 4.238038719407366e-07 3.489287060525939e-07 3.734518522166281e-07 
4.0155151116340533e-07 5.36088742068836e-07 4.209606698656269e-07 3.4104891128673115e-07 3.700096104148775e-07 
4.02385020288046e-07 5.389910804903668e-07 4.2362084187916965e-07 3.43718822044952e-07 3.7161499156059746e-07 
3.966629694349263e-07 5.340972943294817e-07 4.1999004570717695e-07 3.385531646618919e-07 3.673877758267675e-07 
4.131399182634235e-07 5.444186811559374e-07 4.2470633359433494e-07 3.5058478303454417e-07 3.7587823237247304e-07 
4.1325763843873145e-07 5.439754840564391e-07 4.244178243935815e-07 3.501989595214604e-07 3.7588398884000624e-07 
4.1707254749079105e-07 5.419519456610655e-07 4.1979805614903786e-07 3.4963112275151535e-07 3.745561518603037e-07 
4.300780770082802e-07 5.481756165109906e-07 4.2225270178479367e-07 3.579176414096803e-07 3.8113267282054975e-07 
4.238780453728081e-07 5.467532411310778e-07 4.184846868738803e-07 3.560646380781419e-07 3.7473864470481123e-07 
4.2980786767073633e-07 5.508975323233538e-07 4.237408028609005e-07 3.6028705970803233e-07 3.810532205807268e-07 
4.2273347380549e-07 5.48564857459993e-07 4.2583367828797616e-07 3.561643090812712e-07 3.8023666354761923e-07 
4.1079322631920065e-07 5.388861895674359e-07 4.189572717338168e-07 3.456095307807512e-07 3.717703078726603e-07 
4.1201330798016596e-07 5.323667011519372e-07 4.0630920140164063e-07 3.4175176552971984e-07 3.635449627637453e-07 
4.114164136741214e-07 5.259533448033346e-07 3.977111807312107e-07 3.3707197565604904e-07 3.582054023251903e-07 
4.0447135467696536e-07 5.210375110785983e-07 3.9216799516385993e-07 3.319141832221001e-07 3.5139529184987903e-07 
3.966648393784777e-07 5.016746968066149e-07 3.857612746171455e-07 3.1231641797603184e-07 3.5046344106106347e-07 
4.00432713593399e-07 4.992370418107729e-07 3.808556918391214e-07 3.119915448295272e-07 3.4918548069585237e-07 
3.9998130875987415e-07 4.984568682837752e-07 3.8057679667357596e-07 3.1118961044544143e-07 3.4904486438175047e-07 
3.9895353788452636e-07 4.971652412211326e-07 3.7790633750852425e-07 3.1026996558668844e-07 3.465882834088963e-07 
3.9675682385640106e-07 4.942630821357746e-07 3.758255431286392e-07 3.073718347494664e-07 3.4479488880352404e-07 
3.96931873080137e-07 4.941606575544055e-07 3.745366185058291e-07 3.0761264243121784e-07 3.437415500121498e-07 
3.840440531179689e-07 4.879531427923569e-07 3.74199625180565e-07 2.9839420202558003e-07 3.3909467266280223e-07 
3.840651234347854e-07 4.879754696022426e-07 3.741936891048232e-07 2.984220176407542e-07 3.3909010058895164e-07 
3.863399868110955e-07 4.890646875030314e-07 3.7510726162220816e-07 2.99839992361622e-07 3.407096133041984e-07 
3.781506080504463e-07 4.781324477454158e-07 3.734092333219452e-07 2.877935440630312e-07 3.39771938870222e-07 
3.7189869610626057e-07 4.681539664670214e-07 3.618350113086547e-07 2.7898037057899916e-07 3.301731985223273e-07 
3.7096014260628413e-07 4.6673313399726724e-07 3.6012179460399635e-07 2.777323629955835e-07 3.2871956564291056e-07 
3.72384067157138e-07 4.6795811940508564e-07 3.6242698918259487e-07 2.788160787276921e-07 3.3109400522113866e-07 
3.6770576551992374e-07 4.6608281601647987e-07 3.595186199638673e-07 2.7639209842530206e-07 3.266335675946948e-07 
3.8368087880616267e-07 4.792251892313863e-07 3.6819769372177866e-07 2.9123915723379715e-07 3.374744498167993e-07 
3.822775293397782e-07 4.790844757163708e-07 3.6816964462542396e-07 2.907319432844841e-07 3.3672039565525565e-07 
3.8362819096382053e-07 4.82201337968762e-07 3.685163157255189e-07 2.939611833833273e-07 3.363063771497079e-07 
3.79220714449311e-07 4.742156457857155e-07 3.627345323716452e-07 2.8644488947543765e-07 3.3224630963458055e-07 
3.7710225331202187e-07 4.699764837011877e-07 3.588480472262097e-07 2.827006177161861e-07 3.2945362491532476e-07 
3.851565292667499e-07 4.6621968020622357e-07 3.588652102381064e-07 2.8176286467158523e-07 3.358470348929113e-07 
3.9469479723170155e-07 4.551647451588092e-07 3.512043800378787e-07 2.775592196007746e-07 3.3947949850743044e-07 
4.0191870556013214e-07 4.611163461732302e-07 3.5038434924944744e-07 2.856596134223857e-07 3.4025514029609355e-07 
4.097684493718992e-07 4.6488042738424467e-07 3.5397876035950963e-07 2.9131155809114405e-07 3.463019768067268e-07 
4.139375064172976e-07 4.663308646423753e-07 3.5547912376239254e-07 2.9400571969765864e-07 3.4940101218473017e-07 
4.1531696206603885e-07 4.633782921988876e-07 3.526967634372304e-07 2.9299453928114927e-07 3.4910602458068133e-07 
4.2698847408710766e-07 4.726861301475973e-07 3.592271075924294e-07 3.0426965915005617e-07 3.5748045269407187e-07 
4.215057910884877e-07 4.6782790350669187e-07 3.536082601613856e-07 2.992253202536502e-07 3.5155817919194896e-07 
4.216145011745928e-07 4.678713927987982e-07 3.5364607586481534e-07 2.9930268672951124e-07 3.516356714362661e-07 
4.057750750125489e-07 4.595319876937355e-07 3.328355399454826e-07 2.9077925651291e-07 3.278794736395468e-07 
4.0734385365758e-07 4.622144510997343e-07 3.303519313138031e-07 2.94559876441223e-07 3.253974287734142e-07 
4.072798514364587e-07 4.615709528074988e-07 3.276487489464481e-07 2.9485274530358304e-07 3.233042401615024e-07 
4.069521276387062e-07 4.6051838480569923e-07 3.273104380243684e-07 2.939045272904926e-07 3.233115450946633e-07 
4.063473237786748e-07 4.6016935325727536e-07 3.265387598626693e-07 2.9357502618473817e-07 3.224302554605642e-07 
4.0739538095091426e-07 4.6016399201404983e-07 3.274750244983209e-07 2.937548324776255e-07 3.2390002252130654e-07 
4.10350258213891e-07 4.625236901817678e-07 3.331250032739244e-07 2.953496581190507e-07 3.2952112833530203e-07 
4.099013751559349e-07 4.6317835961483763e-07 3.3334390133323765e-07 2.95623766238142e-07 3.2912629882003594e-07 
4.116387969301204e-07 4.637770790199909e-07 3.31364213594149e-07 2.9757733864732463e-07 3.281882583091219e-07 
3.9249011042150823e-07 4.501949588188951e-07 3.1178411597204426e-07 2.835007561158648e-07 3.0568127778939166e-07 
3.9293258184032974e-07 4.500067542563593e-07 3.073577638860772e-07 2.8513130951779304e-07 3.0216478238135513e-07 
3.859913241115017e-07 4.392308256696255e-07 2.947686648537347e-07 2.7694830194583974e-07 2.9210319414345347e-07 
3.846331796528056e-07 4.365193278480704e-07 2.914890975335239e-07 2.75137357376909e-07 2.897375194270092e-07 
3.8877938069848533e-07 4.35930158723654e-07 2.891671700161386e-07 2.7753748513066284e-07 2.9074918359397924e-07 
4.0745655826623276e-07 4.469269345743063e-07 2.9103689812834245e-07 2.9612198812060605e-07 2.9917091090636185e-07 
4.075266866579599e-07 4.4642009687576597e-07 2.904443877470614e-07 2.959725532962221e-07 2.989739995089612e-07 
4.0696126686729135e-07 4.4524152821228733e-07 2.891181293999437e-07 2.952106710444478e-07 2.980735012972064e-07 
4.0358130950533223e-07 4.4196376625388555e-07 2.8924048505648077e-07 2.90475332253453e-07 2.97570698682167e-07 
4.0948368866430096e-07 4.469967347315115e-07 2.9109486584497033e-07 2.972616889556554e-07 3.0053943802386853e-07 
4.380430182398461e-07 4.778470875702703e-07 3.156696273193566e-07 3.2919561075437603e-07 3.247566485059565e-07 
4.3530602468214875e-07 4.827873586929193e-07 3.222764714214822e-07 3.292815518617385e-07 3.261012294484045e-07 
4.335318138817492e-07 4.814668288926957e-07 3.1814186501325967e-07 3.289624521917064e-07 3.2205453449743724e-07 
4.3400254114998767e-07 4.83019226374234e-07 3.1963015759990087e-07 3.299722854423975e-07 3.2285343903607417e-07 
4.3876344830936984e-07 4.913378772419121e-07 3.3184079602010826e-07 3.347613013121426e-07 3.3229571582285084e-07 
4.3658982616241854e-07 4.906653526229251e-07 3.287262994153916e-07 3.3438992186188297e-07 3.2851963555410495e-07 
4.2564965985398395e-07 4.80274971031247e-07 3.190656406628271e-07 3.235481200631342e-07 3.182646229085602e-07 
4.271200454909334e-07 4.835035217358637e-07 3.2139989732686885e-07 3.26279296005374e-07 3.1960343274853947e-07 
4.271286356348524e-07 4.809244318005732e-07 3.199095256288295e-07 3.245056664527689e-07 3.1963750282274096e-07 
4.2488983680384356e-07 4.701025157902349e-07 3.0845261841077785e-07 3.184148425870312e-07 3.1381867101631966e-07 
4.2459762183520167e-07 4.705643584847539e-07 3.086650879037775e-07 3.185880214892808e-07 3.135705641547799e-07 
4.208994468329608e-07 4.689576913764222e-07 3.0599892882565393e-07 3.1639972227760006e-07 3.0964582927318457e-07 
4.1790567268128235e-07 4.616013933733186e-07 2.974954618047966e-07 3.11936596447931e-07 3.04162700435589e-07 
4.242392557588114e-07 4.756132517629575e-07 3.1076772535283764e-07 3.221306362077132e-07 3.125417134791325e-07 
4.2886818196158284e-07 4.76536710887338e-07 3.158754390852907e-07 3.230689502683978e-07 3.1953640432923476e-07 
4.2771202369933225e-07 4.7536603568425626e-07 3.1449974410236334e-07 3.220083893908372e-07 3.1818735019956026e-07 
4.3129144750677955e-07 4.773180421267109e-07 3.1382745320099406e-07 3.2592407862345084e-07 3.1898755960796246e-07 
4.4010089693943916e-07 4.876193773446041e-07 3.252380173581908e-07 3.348494405036784e-07 3.2935066729749656e-07 
4.447370588094778e-07 4.931412943536605e-07 3.321021492975289e-07 3.3928980481400924e-07 3.354982107753692e-07 
4.4698886987950584e-07 4.944775796886803e-07 3.349901612524621e-07 3.4043350303372344e-07 3.3877310757570686e-07 
4.525669451849259e-07 4.922053094792397e-07 3.3121658678808403e-07 3.4300497501586205e-07 3.403044512986819e-07 
4.599735471363317e-07 5.015767451554071e-07 3.417477109649072e-07 3.507513791650918e-07 3.494352536981812e-07 
4.5212930225296355e-07 4.946156357721121e-07 3.361035921495647e-07 3.4280014841235044e-07 3.429806803562568e-07 
4.464314475145964e-07 4.870436324299557e-07 3.2643200343000136e-07 3.371840660435954e-07 3.347988405592109e-07 
4.4861112337203115e-07 4.916066856615709e-07 3.341668430727683e-07 3.390918428250587e-07 3.405348190381226e-07 
4.484903428103916e-07 4.948536767427492e-07 3.3580570665472934e-07 3.412071938492628e-07 3.402572596364136e-07 
4.413825144671935e-07 4.883786745794896e-07 3.331705223557769e-07 3.328774965576706e-07 3.3660805254964727e-07 
4.415446685055936e-07 4.88821997156165e-07 3.342249959156345e-07 3.329288318782668e-07 3.373988283439532e-07 
4.4315169803717947e-07 4.90250946641996e-07 3.347413188060777e-07 3.348062165219454e-07 3.3817213663181446e-07 
4.4285105275118834e-07 4.864466056068603e-07 3.304621694650954e-07 3.3304747869661016e-07 3.36189895866671e-07 
4.360649754456947e-07 4.819317579634307e-07 3.238594863401646e-07 3.2823804090297335e-07 3.2838201786394014e-07 
4.2548613538787755e-07 4.678415519988981e-07 3.086536646917602e-07 3.166176364600952e-07 3.155298627950804e-07 
4.19844687292646e-07 4.6414977391413247e-07 3.01745413794294e-07 3.1335680810361633e-07 3.077732716257841e-07 
4.2199665745524484e-07 4.792491425822788e-07 3.022469292507441e-07 3.286109499968263e-07 3.016827453106594e-07 
4.205639587631995e-07 4.782214573907488e-07 3.025919110417486e-07 3.267329101204379e-07 3.015599802900929e-07 
4.244950880581118e-07 4.833575553287913e-07 3.0432230092495706e-07 3.3289769192639973e-07 3.0297340437977954e-07 
4.2672513947972214e-07 4.886992476589851e-07 3.056643013494179e-07 3.387543889356596e-07 3.027439742863683e-07 
4.3234438005860263e-07 4.828359239157835e-07 3.0281842834550296e-07 3.3696776527523433e-07 3.073640125482142e-07 
4.430178175451261e-07 4.952706537776871e-07 3.100981734213556e-07 3.5098996942479945e-07 3.1428566110033955e-07 
4.575089543262185e-07 5.015706101175414e-07 3.163019756542948e-07 3.615692982378341e-07 3.2620029186471624e-07 
4.5558384081944854e-07 5.021563648075472e-07 3.193677404191518e-07 3.594553705789636e-07 3.2718594884453645e-07 
4.5969849266884093e-07 5.091164713242445e-07 3.2560022370069643e-07 3.6519133206761437e-07 3.316474431531589e-07 
4.5335734776783943e-07 5.021755845004357e-07 3.1975397478437814e-07 3.5808955160805807e-07 3.2598933025796703e-07 
4.483126523465916e-07 5.024940301508392e-07 3.188250418677274e-07 3.5631226518275853e-07 3.215747396121198e-07 
4.464713645462526e-07 4.998180255223595e-07 3.145838921546924e-07 3.549350222411423e-07 3.180813513364401e-07 
4.486375455225812e-07 5.014547859458522e-07 3.179821820451933e-07 3.5587207923906583e-07 3.216257805667075e-07 
4.4640998866249474e-07 4.971132834700795e-07 3.167246146892587e-07 3.510732787241022e-07 3.213391312773508e-07 
4.469294299746038e-07 4.987531438119534e-07 3.1889402001423575e-07 3.518445596590179e-07 3.2269178374313085e-07 
4.5276066558362626e-07 5.092530785692037e-07 3.280035555830159e-07 3.605630072525783e-07 3.289548156972387e-07 
4.4702848593277434e-07 4.98181387997095e-07 3.163003540883608e-07 3.5266530139301577e-07 3.2082646431873864e-07 
4.442166469598202e-07 4.898579749624453e-07 3.182218032827875e-07 3.422425168746743e-07 3.2493670253075185e-07 
4.372963406503493e-07 4.835831062578373e-07 3.125625893488397e-07 3.3542091923891826e-07 3.187002345997468e-07 
4.381446352470785e-07 4.838147035910314e-07 3.109722658665591e-07 3.368463508220738e-07 3.1779425059675605e-07 
4.3783576914724224e-07 4.815976167787245e-07 3.14366033385097e-07 3.330319580244342e-07 3.216199953865114e-07 
4.3811336183915847e-07 4.815385218530844e-07 3.1434454829400463e-07 3.3313658283691717e-07 3.218170954615234e-07 
4.3746295381628837e-07 4.758038314233428e-07 3.1084718892785977e-07 3.2922957260313534e-07 3.213305174328369e-07 
4.515710068294694e-07 4.839581281269873e-07 3.279102310101388e-07 3.3682096107012296e-07 3.40888179360959e-07 
4.4856428754810885e-07 4.840514643648864e-07 3.2474108331946424e-07 3.365132718015614e-07 3.36236372844877e-07 
4.483812740005891e-07 4.836883935138186e-07 3.2402375299505795e-07 3.3640754013855903e-07 3.356927082086081e-07 
4.4177103543667467e-07 4.806281805000342e-07 3.2293955591755964e-07 3.3053804888126664e-07 3.319648343225369e-07 
4.355401570556071e-07 4.741312916151288e-07 3.183674609598225e-07 3.2343210008477235e-07 3.2723182597834074e-07 
4.3358868236330343e-07 4.6853031003992843e-07 3.10108434557803e-07 3.210496662094561e-07 3.2176603733363895e-07 
4.3550157824690985e-07 4.718402708992687e-07 3.1354296517642923e-07 3.2348493747330274e-07 3.242726688129396e-07 
4.324501059183798e-07 4.758497220944097e-07 3.156348094068507e-07 3.2442162065045194e-07 3.22037619404728e-07 
4.3418586220112244e-07 4.770816378307723e-07 3.160447594371325e-07 3.2626435800297207e-07 3.229118730991951e-07 
4.334256170951424e-07 4.82419745376797e-07 3.1784842079136837e-07 3.299135668767613e-07 3.212458113591931e-07 
4.3360354898633114e-07 4.823474823032585e-07 3.176967300591069e-07 3.3000490347313753e-07 3.212702757887908e-07 
4.317559821289857e-07 4.916991661237166e-07 3.240439174786339e-07 3.3513300525004096e-07 3.2071563048293e-07 
4.3195883887338184e-07 4.924173092365324e-07 3.239010673591901e-07 3.359912293990574e-07 3.203473464477644e-07 
4.2958891442427033e-07 4.928110054416158e-07 3.237802029774615e-07 3.3536121611493525e-07 3.184585749147835e-07 
4.296931340492025e-07 4.923984651327056e-07 3.246261235762757e-07 3.3461855888572575e-07 3.194933926137345e-07 
4.244658302996721e-07 4.881129691348034e-07 3.1664147024707945e-07 3.316857892904358e-07 3.112277849885123e-07 
4.244755296638986e-07 4.847378510914952e-07 3.1553473152428314e-07 3.2884547011590266e-07 3.1206296727720674e-07 
4.287818681724939e-07 4.890713107905947e-07 3.1927127962486865e-07 3.3336423520323674e-07 3.15928641793935e-07 
4.277814233655323e-07 4.876440258680851e-07 3.1462315937485387e-07 3.3366819044691237e-07 3.1193278824067755e-07 
4.255632233776353e-07 4.949311648639416e-07 3.1464152997078346e-07 3.4018984740730623e-07 3.0645699475779163e-07 
4.308007237754219e-07 5.081509084058741e-07 3.258788881474375e-07 3.5088457428717196e-07 3.127754762527253e-07 
4.4095038568155385e-07 5.218332799341779e-07 3.369151390665197e-07 3.642553683860251e-07 3.2202632897677034e-07 
4.4881550682426504e-07 5.261456547030044e-07 3.4248136582376443e-07 3.691849750353688e-07 3.2998871382104814e-07 
4.4910953809359687e-07 5.246706159805338e-07 3.3606896532872377e-07 3.7105418160225223e-07 3.2520426969258374e-07 
4.531358521158709e-07 5.297889563796017e-07 3.416015725096201e-07 3.7539762205856597e-07 3.300816821102012e-07 
4.5352949543159593e-07 5.299173281092348e-07 3.4188335364705247e-07 3.7554667577613084e-07 3.305316965609584e-07 
4.51601158196784e-07 5.280838266007011e-07 3.3998358582433203e-07 3.73750690891502e-07 3.2852899151824555e-07 
4.529236581207075e-07 5.295565451206098e-07 3.4129164720299457e-07 3.752201196656753e-07 3.297870802884645e-07 
4.513939423888146e-07 5.32239208564754e-07 3.4271371255283246e-07 3.7688787565350927e-07 3.285357217823609e-07 
4.4444305539353616e-07 5.245370138933946e-07 3.334391585084614e-07 3.7053149207194384e-07 3.1969674434318226e-07 
4.471939635646145e-07 5.279788739567386e-07 3.33956058729893e-07 3.752877932693595e-07 3.2008620497273936e-07 
4.4887931833305266e-07 5.300850582539284e-07 3.3556129827894803e-07 3.7747076527367817e-07 3.215041276552953e-07 
4.4768935604404656e-07 5.26520414500498e-07 3.325122778135721e-07 3.74603482170042e-07 3.199493269779023e-07 
4.4774120097714597e-07 5.215404207495048e-07 3.272935278202942e-07 3.7188882204173235e-07 3.1810557392964806e-07 
4.4801801365189853e-07 5.220297513593449e-07 3.2674258470517476e-07 3.728881525210441e-07 3.1751968716881724e-07 
4.459722029016197e-07 5.177417064639595e-07 3.212170193425198e-07 3.703706349029424e-07 3.135736757312077e-07 
4.4960912436746863e-07 5.19444269510124e-07 3.2264151904145717e-07 3.7301758770231125e-07 3.1642133644513567e-07 
4.516760990620196e-07 5.195853666315265e-07 3.23108747052346e-07 3.7379679919544804e-07 3.182035535545272e-07 
4.437449125303193e-07 5.144631172090076e-07 3.1672096130234464e-07 3.6835412617511255e-07 3.0985797934792145e-07 
4.4465559159053624e-07 5.154818798922874e-07 3.176447592086934e-07 3.693584698624191e-07 3.107401040678263e-07 
4.4138296406527676e-07 5.161630610871531e-07 3.150666701788116e-07 3.704226008088812e-07 3.056915545669244e-07 
4.390424071710946e-07 5.199354614582145e-07 3.161881573095697e-07 3.734454549211821e-07 3.0278584506718045e-07 
4.350899578582759e-07 5.134206681031287e-07 3.103892153845043e-07 3.6763130814945986e-07 2.9855732908880367e-07 
4.3964508594970166e-07 5.168020632395688e-07 3.1091736976465277e-07 3.732451448888734e-07 3.002768501241283e-07 
4.378179527943145e-07 5.195144380667403e-07 3.171995181057625e-07 3.7181112636058997e-07 3.0309734375739495e-07 
4.4101699266529505e-07 5.222809622270871e-07 3.198774956407503e-07 3.7470244569139235e-07 3.061819611233238e-07 
4.108757144916212e-07 4.93459690070302e-07 2.9714242681787573e-07 3.42645040706278e-07 2.8101548837368325e-07 
4.204072924311206e-07 5.122911428801696e-07 3.1693073640261206e-07 3.571195378959199e-07 2.9484871187379835e-07 
4.25565258417358e-07 5.144803736390759e-07 3.183828402731711e-07 3.605994462899227e-07 2.985333634242657e-07 
4.259097313573514e-07 5.141261339231108e-07 3.185253078026964e-07 3.601859823248016e-07 2.99124254082001e-07 
4.3120021606868875e-07 5.181526110887391e-07 3.1994899072204444e-07 3.6606816055074574e-07 3.017644990186674e-07 
4.383264074275482e-07 5.221702137936362e-07 3.222117513111805e-07 3.721097225383395e-07 3.0649445851127413e-07 
4.3630925772628324e-07 5.287500110527617e-07 3.232614303748618e-07 3.792283374455763e-07 3.0202415491778596e-07 
4.3614980061148326e-07 5.285731292141455e-07 3.2312153230406264e-07 3.7903855129961167e-07 3.018874299147739e-07 
4.286057588975244e-07 5.186577379188558e-07 3.190332151986906e-07 3.664317667236716e-07 2.987579857892652e-07 
4.3142725853240573e-07 5.284467229581325e-07 3.2611752067076583e-07 3.7549003314276544e-07 3.0143827337446534e-07 
4.3603160281949417e-07 5.324638628928195e-07 3.309191348797495e-07 3.790028441671736e-07 3.067921637845574e-07 
4.3080796443434966e-07 5.321869078268833e-07 3.2859683139117745e-07 3.7873873499972104e-07 3.0103550293244763e-07 
4.296377202928787e-07 5.372061949502159e-07 3.3542741380609025e-07 3.8084011816057883e-07 3.0366198114727827e-07 
4.3031330808978404e-07 5.374029703745975e-07 3.354786869915415e-07 3.8123228348910764e-07 3.040651430928589e-07 
4.3122120755157743e-07 5.369520113772928e-07 3.3748257550959254e-07 3.7952673510116885e-07 3.069301951799271e-07 
4.2667400060291567e-07 5.340410849202068e-07 3.328685650920672e-07 3.774679710773042e-07 3.0107047565522314e-07 
4.371434841343041e-07 5.395914240313431e-07 3.3861798812034856e-07 3.838357388661332e-07 3.1054200579001884e-07 
4.397096292948584e-07 5.434589104295035e-07 3.42125098679877e-07 3.87446639821942e-07 3.1332490805484365e-07 
4.39685896143003e-07 5.462070246093894e-07 3.436984650257301e-07 3.9016890429884916e-07 3.1312554394449534e-07 
4.393942259892734e-07 5.45756773764293e-07 3.4353107596592645e-07 3.8958891469271446e-07 3.1303906367583276e-07 
4.3704654410098154e-07 5.482372805747625e-07 3.4773220773717824e-07 3.897491459489887e-07 3.139400785725254e-07 
4.329263222413057e-07 5.383345829925577e-07 3.3394267867753346e-07 3.8416656248027636e-07 3.038361971279881e-07 
4.3774241432423497e-07 5.478810775360781e-07 3.435229061489672e-07 3.9219693151276216e-07 3.105416144033483e-07 
4.3618096456506106e-07 5.475870681264939e-07 3.425684145821817e-07 3.921073126499921e-07 3.086923834100178e-07 
4.3350287691562405e-07 5.459092714432515e-07 3.408801984584786e-07 3.903175146677647e-07 3.06209486543309e-07 
4.5415923220578994e-07 5.67989692253969e-07 3.644545914063193e-07 4.1010661311270393e-07 3.298461299105376e-07 
4.4381817904126186e-07 5.636088906856756e-07 3.5959328405275724e-07 4.051290441526197e-07 3.2066120281024793e-07 
4.3983268058660173e-07 5.597039039249387e-07 3.545696213221534e-07 4.021815619293188e-07 3.1538362888278376e-07 
4.401819599030821e-07 5.623407671834833e-07 3.575728994244286e-07 4.0407753875463464e-07 3.1693093296694037e-07 
4.3963418966413686e-07 5.652982520387729e-07 3.6098572228647464e-07 4.060809072383046e-07 3.180674447413623e-07 
4.3862400900365715e-07 5.644679364894906e-07 3.57963659660927e-07 4.0685509275602875e-07 3.148620066909689e-07 
4.4466549100043715e-07 5.748736643546969e-07 3.696401262916824e-07 4.1529109515027017e-07 3.2410633869918574e-07 
4.4272604349353125e-07 5.751266217449342e-07 3.658876570477772e-07 4.1837349413768126e-07 3.187856799089558e-07 
4.369080245609616e-07 5.771521408457386e-07 3.716766177008783e-07 4.16970276986429e-07 3.1932717752081644e-07 
4.3272721263834185e-07 5.718956437781758e-07 3.674444882207044e-07 4.1130039974881826e-07 3.155383157739129e-07 
4.373936308226707e-07 5.761250622291899e-07 3.7154119575445966e-07 4.1538248845862676e-07 3.2020111324586273e-07 
4.387679214059045e-07 5.773212315846882e-07 3.690615091128497e-07 4.193563774773124e-07 3.178117355829545e-07 
4.3843082247442856e-07 5.770676984098612e-07 3.692963741619474e-07 4.187267799323011e-07 3.1798747412514425e-07 
4.3446104125952936e-07 5.742775107849005e-07 3.6602927756082954e-07 4.164791784135684e-07 3.1369513448491126e-07 
4.4110377542881454e-07 5.81325563956733e-07 3.66822453152643e-07 4.284685162329968e-07 3.1441837619551703e-07 
4.3840242964870233e-07 5.780808772997582e-07 3.6201872885148125e-07 4.2692795888390744e-07 3.0970257148204585e-07 
4.4182396018111035e-07 5.795747148480012e-07 3.646259437052346e-07 4.272202284750827e-07 3.138490033961395e-07 
4.239564433803887e-07 5.537750076356712e-07 3.388295444407103e-07 4.033960801420036e-07 2.919944982249188e-07 
4.2465922504114885e-07 5.622499496392691e-07 3.4832427612220715e-07 4.1023915443051773e-07 2.9647429261432003e-07 
4.2090880483614135e-07 5.580092541515245e-07 3.434105758838601e-07 4.06957015515834e-07 2.915575175729176e-07 
4.2719136451276667e-07 5.618094549834477e-07 3.4319445814668495e-07 4.143081705053393e-07 2.932399336132109e-07 
4.261530506012983e-07 5.621969116328401e-07 3.4414693010962756e-07 4.1414022711971996e-07 2.9319801253991235e-07 
4.281067319364381e-07 5.639006049197266e-07 3.459152988487519e-07 4.156281150865987e-07 2.952861661364562e-07 
4.283281535177623e-07 5.62899666556543e-07 3.4505584246622917e-07 4.145318371880028e-07 2.952610306439389e-07 
4.327979523848969e-07 5.772951885435915e-07 3.6156768751307766e-07 4.261736973396371e-07 3.0573034665603836e-07 
4.209442947842366e-07 5.690583478060864e-07 3.551578313505239e-07 4.172112435366825e-07 2.9617261295270024e-07 
4.204917772062298e-07 5.690245508440578e-07 3.546574169263931e-07 4.177144908711357e-07 2.95325197523608e-07 
4.2676884257546856e-07 5.780346562781912e-07 3.6269971974351263e-07 4.2731439479704576e-07 3.0203433667675256e-07 
4.255589443333358e-07 5.755643400978513e-07 3.6009870628420244e-07 4.2501037616302547e-07 3.001387069999924e-07 
