-14.62678109560784 -18.587899068711806 -16.632091226125425 -16.016852276228278 -14.872591621134703 
-14.698105341649196 -18.64215123367005 -16.72672851791684 -16.07101758880856 -14.978432145970189 
-14.802314769209175 -18.712273942252267 -16.777760904058 -16.14792996827083 -15.044591973114962 
-14.703266051847635 -18.636409321384562 -16.70286794081713 -16.05722757670759 -14.959084775478772 
-14.714076738532043 -18.646434682611186 -16.725731561740247 -16.068124799059476 -14.983164628535647 
-14.917679179372982 -18.805134696545906 -16.876590086934016 -16.262164647326273 -15.15384860235757 
-14.935740900527747 -18.820416010768298 -16.918057662304662 -16.275524769731916 -15.198480785337964 
-15.083625447717651 -18.93029660875122 -17.064589227562465 -16.3935156732187 -15.36558521978337 
-15.095790770995308 -18.938557650176165 -17.071171664930844 -16.40243868518114 -15.373945996689457 
-14.975784059172938 -18.84427809288799 -16.965971287940846 -16.290720620401615 -15.256303727737617 
-14.963176543657056 -18.82274206824927 -16.91087279046414 -16.259579387419166 -15.203947816861373 
-14.602155587895524 -18.524283632244675 -16.580248082194885 -15.888386415525986 -14.843975323306083 
-14.447797914975112 -18.398910825175548 -16.454567847235225 -15.731294770366489 -14.705560305688948 
-14.410147830395871 -18.37584951753263 -16.435802003586915 -15.708505369357638 -14.679910379275384 
-14.390727447170505 -18.37841659989698 -16.45044654187184 -15.727018584508144 -14.683846004649055 
-14.255892435878323 -18.299437982008072 -16.344980431932726 -15.664831410894891 -14.548261426217167 
-14.24658036469502 -18.292550042947468 -16.33698838215689 -15.657079692998124 -14.539041863695147 
-14.249905512989386 -18.294694588992144 -16.339356494020265 -15.659140514635183 -14.542009081616484 
-14.04715378721616 -18.144647831902944 -16.169570008712853 -15.488823228991606 -14.345905559489495 
-14.156881904809893 -18.217666745480372 -16.218466218656033 -15.57031065788793 -14.410502005775456 
-14.336845747622817 -18.365012545942378 -16.392016646038797 -15.752699338218292 -14.600337342133457 
-14.474570584652824 -18.488577267563116 -16.549942223830072 -15.91478684985941 -14.76584176270002 
-14.37141471307524 -18.415474247371876 -16.486197947620738 -15.832227041191999 -14.688577416744067 
-14.396739285174121 -18.437462410995664 -16.507970075358926 -15.862085544427913 -14.711568991217689 
-14.504030594110432 -18.5216806245933 -16.600056858345823 -15.96381108517366 -14.814636824545772 
-14.524506139025206 -18.54071168958224 -16.681955423540202 -15.976477138035676 -14.902178603502946 
-14.625684557064048 -18.59754190536073 -16.769991419835506 -16.01323019830363 -15.014883087299438 
-14.623866490545339 -18.59656407641657 -16.768818313090392 -16.012582095718386 -15.013274110758346 
-14.546254011277995 -18.54322123731977 -16.72360561062885 -15.955115509993647 -14.957120931433948 
-14.835791657205888 -18.765250427892695 -17.012374019695358 -16.208730161008305 -15.281404403516532 
-14.811720115622592 -18.747784614880175 -16.99846767369837 -16.188890102184274 -15.264681377506463 
-14.805382116958228 -18.742101847647774 -16.990888283077794 -16.181469681086824 -15.256745592388143 
-15.179170783492026 -19.048364523116675 -17.333050394732638 -16.559642649239976 -15.630114782155673 
-15.258518944944072 -19.124247427075943 -17.416587954536737 -16.666119065683077 -15.714303879037516 
-15.259329372275943 -19.12513075324283 -17.418076861141913 -16.667411139774003 -15.715775626450124 
-15.217002412216459 -19.094743125056752 -17.41058176106108 -16.632059841596288 -15.704242523221808 
-15.19647943198693 -19.085041237544345 -17.406941522862184 -16.628063750653155 -15.695547948697183 
-15.34696453252701 -19.203817847478675 -17.532623009502302 -16.769793834411956 -15.835664514933242 
-15.380650713141335 -19.232422197437472 -17.560215162462015 -16.806815939110976 -15.865210875584324 
-15.351873206301065 -19.213122417782742 -17.533461662584415 -16.789139388737652 -15.833394490566533 
-15.337756592842425 -19.203326458430013 -17.522292847524483 -16.77938045493096 -15.820075394315339 
-15.336156940330028 -19.206603150658026 -17.529999771878266 -16.788992417909398 -15.825421970708902 
-14.96017678531608 -18.92470868934045 -17.22237241787319 -16.47315114272375 -15.472945356510849 
-14.918761131428909 -18.89106486568518 -17.186369366243014 -16.431244033510566 -15.433488218660258 
-14.937262663955309 -18.904808203031607 -17.197799835354203 -16.446999674543605 -15.44692360643927 
-15.07135324225574 -19.015984842576458 -17.282780990833686 -16.594060392540328 -15.53927796110807 
-15.115301858101134 -19.056467202303196 -17.335213709150977 -16.650185222138347 -15.593405758243136 
-15.19299529116357 -19.12109621300128 -17.44110475877868 -16.727128667854714 -15.70768751125837 
-15.326211444870097 -19.216121048113564 -17.547864698910857 -16.824480845334904 -15.833269159263992 
-15.191918255722797 -19.099537075350923 -17.402506293374444 -16.67236031666407 -15.67935547439832 
-15.18379806083739 -19.09187655347951 -17.393743494536807 -16.661488058134523 -15.670458826878388 
-15.531592391449522 -19.383655972209468 -17.721501649346237 -17.033316177930416 -16.0232948208278 
-15.459016385485867 -19.329335165130743 -17.64814808142542 -16.975889601955927 -15.940195141457451 
-15.37079530282 -19.249135450776407 -17.543287397143985 -16.866702615647753 -15.831367630829476 
-15.02909505554642 -18.969773352378212 -17.24797653420032 -16.517185294952142 -15.50864586254103 
-14.931194666363211 -18.91325035428342 -17.200790530697446 -16.47771739258866 -15.44153532353539 
-14.918453787604989 -18.902937911472193 -17.19520323089951 -16.46405730816349 -15.43528977699367 
-14.96323701870135 -18.935902556516425 -17.22451020301027 -16.50108342445563 -15.469763618653758 
-14.933379110959791 -18.91398484671312 -17.20307695394483 -16.476854254518543 -15.444699194206493 
-14.898264995866 -18.89393899416727 -17.195572810605398 -16.462538570399047 -15.430637934799975 
-14.908789066481859 -18.900851514497106 -17.20681955967919 -16.468165720629813 -15.44396820077219 
-14.953441361967805 -18.936525642587057 -17.250250504510802 -16.51121561323727 -15.491839284962595 
-15.093001610268885 -19.054110979765383 -17.39525942892861 -16.66242703998138 -15.647501159206172 
-15.094873431540961 -19.05507124994118 -17.393933994864 -16.66303115211005 -15.64646795261092 
-15.080468298782876 -19.042870057451623 -17.382059884401258 -16.64682683390538 -15.633770271500183 
-15.009050008853976 -18.98286709490482 -17.316105286887833 -16.56890936560717 -15.562884664687886 
-14.8067355618076 -18.821230902263608 -17.158021108406885 -16.369090147897722 -15.387711088683801 
-14.699255306507396 -18.742103153841484 -17.09449876635577 -16.280077557149113 -15.312465258278351 
-14.737763860238715 -18.774460463429307 -17.125864198644067 -16.32260102262768 -15.346149992331164 
-14.633973374162423 -18.6951525082023 -17.02031435954126 -16.232269275703857 -15.2276879903944 
-14.567542177084135 -18.644159190359545 -16.933462190757695 -16.176241268161164 -15.131093622481359 
-14.568571941293996 -18.645908950905508 -16.93735229148504 -16.17960892756922 -15.1347269462117 
-14.5768243266551 -18.651699676426745 -16.960989865743272 -16.183343762923997 -15.160985496604127 
-14.642941127287031 -18.69355903854833 -16.981060197156154 -16.221294066849637 -15.191068194419174 
-14.63783325402099 -18.689589325775103 -16.976083244926556 -16.216656655329245 -15.185510109569378 
-14.60176471369283 -18.663157737711515 -16.951694653622056 -16.18710138736732 -15.156867275284725 
-14.86528346838675 -18.862498419754402 -17.16986054319011 -16.415091726816968 -15.40538872522201 
-14.941882747481529 -18.92081458258764 -17.235707557160367 -16.481817688905494 -15.480018996291903 
-14.945285274689724 -18.922575031527842 -17.233688533589287 -16.483032963822993 -15.478542320974995 
-15.021035626023036 -18.98856608290967 -17.34285810143473 -16.56765512333834 -15.594400722687496 
-15.131631257578377 -19.07369175658384 -17.438266359160338 -16.66618452240118 -15.701872694285342 
-15.140714613391367 -19.076173738190604 -17.425872496146212 -16.663518550887346 -15.691857495106163 
-15.127426859761812 -19.070711539597355 -17.39776508207909 -16.667337224354185 -15.658069198020712 
-15.040845336234085 -18.995940632353253 -17.345916764822846 -16.56453843724985 -15.603549652623585 
-15.047743916503634 -19.00054669855875 -17.350703192166776 -16.568848090450942 -15.609446150731458 
-14.995851812888674 -18.961989961927188 -17.326622486434374 -16.524574301897346 -15.580334718352589 
-15.009574268061598 -18.97664461820476 -17.323367575242287 -16.549582647884677 -15.574908719913651 
-15.017186125733176 -18.98217247748724 -17.32706292667463 -16.555729644629324 -15.579432820321713 
-15.050949991084707 -19.003841481687374 -17.345370348679168 -16.574808364410544 -15.603357418649708 
-15.085638623533683 -19.028803464127392 -17.380557892037658 -16.600375589211822 -15.64380494375952 
-15.07157924441347 -19.01754630608886 -17.365960234575283 -16.586875147307964 -15.62776744833161 
-14.893459290601314 -18.88035756406056 -17.21518039735362 -16.4271986600111 -15.45780525684134 
-14.8487757517142 -18.841222314650352 -17.159376017444387 -16.375788628895364 -15.39880803863143 
-14.864277091658593 -18.85755868689435 -17.2062176372267 -16.398667368110466 -15.447078407193345 
-14.622365988735751 -18.683976603960303 -17.059045197242682 -16.211694960158113 -15.270396638428679 
-14.627041756346358 -18.6794445265253 -17.075357249080227 -16.193269452972075 -15.293218411224657 
-14.642134374206307 -18.687944824435363 -17.08762201385734 -16.19862888827545 -15.30898313452262 
-15.059327367657843 -19.00387644947068 -17.47612263594307 -16.560293217261233 -15.74744904661057 
-15.140071002564568 -19.066170129181145 -17.537134336527046 -16.632707634876127 -15.816475665262345 
-15.11822799576565 -19.051303665593707 -17.51312136175453 -16.618121700741796 -15.788606494968462 
-15.060849161818197 -19.010532473938 -17.43677341615617 -16.575928194128835 -15.702230114171073 
-14.994021146343314 -18.96060273691556 -17.372359727932647 -16.52037434616578 -15.629207849628585 
-14.858678397629319 -18.859220489859965 -17.30875974831754 -16.405661559864328 -15.55301159873639 
-14.892433916664075 -18.88399583106377 -17.350390956374326 -16.43301010299399 -15.599853046222506 
-14.956418645904307 -18.931960174658727 -17.38947368643052 -16.486878791198905 -15.645482176114953 
-15.045045100463298 -19.001455505502207 -17.45603487928412 -16.56955962178938 -15.720112314008105 
-15.052335552244003 -18.999876536978647 -17.47377310558859 -16.557620804255535 -15.743754383749746 
-14.966130517766047 -18.935922619664822 -17.40374114195552 -16.48658679068444 -15.663321500694266 
-14.977354512991397 -18.944961028744032 -17.4424518545611 -16.498581094534913 -15.70489759443582 
-14.874374236973722 -18.866048980177524 -17.342387951305085 -16.406530991201024 -15.592889811682454 
-14.94429237044605 -18.918216111446355 -17.406654605834603 -16.465314930991582 -15.665880525857588 
-14.99116044201864 -18.960331867103903 -17.4354065072408 -16.52251670248343 -15.695212282503391 
-14.969517966814038 -18.942403663571042 -17.409547339232745 -16.499677402517705 -15.66732935303827 
-14.946650079863176 -18.93473750246342 -17.391447777187125 -16.505444360270403 -15.64081322953794 
-14.94185148084452 -18.930021814462847 -17.38962964116857 -16.498409380370816 -15.63926770804646 
-15.028414993175929 -19.001684252702177 -17.463590985884238 -16.589537886168287 -15.719369708650902 
-15.05508701297174 -19.019578345435136 -17.472637455557106 -16.606259501632962 -15.731956231553966 
-15.027987863444494 -18.986232726646506 -17.419397221231776 -16.548957094107934 -15.68144455454626 
-15.01373787799119 -18.973583258121266 -17.405830396976413 -16.53180152765708 -15.667285764276059 
-15.26961240154229 -19.182055004532728 -17.65754793030463 -16.790345332166083 -15.94153812876182 
-15.108474727695253 -19.058673202971477 -17.537563515395192 -16.64865629642442 -15.805095954977503 
-15.076753545940235 -19.035688041431527 -17.516122455344203 -16.624222449532127 -15.779772721545683 
-15.059674350658739 -19.01720488517323 -17.477314438071218 -16.594507630261603 -15.740797961023091 
-15.027342908946807 -18.993203240724625 -17.464786385206324 -16.568053203282517 -15.72528617635625 
-14.961958303773102 -18.944042742236135 -17.425799863138053 -16.512891289900566 -15.67975482733641 
-14.698434453109513 -18.740378329806674 -17.25154195934377 -16.275792041234638 -15.481551814196195 
-14.429654119217233 -18.54677500601197 -17.059360744082767 -16.06930132974712 -15.255674571703892 
-14.445930009357994 -18.563778849540412 -17.057691113157915 -16.09510111520872 -15.251823045425908 
-14.520726955225129 -18.619629716689147 -17.079054759422803 -16.156618395351074 -15.278985153150131 
-14.425216643194133 -18.54682396515473 -17.013151828336177 -16.072209640698304 -15.20372537961238 
-14.322310229122792 -18.470673731562286 -16.916491519225772 -15.986602727821861 -15.093622245236077 
-14.434290351418767 -18.563751317668377 -17.03185586344985 -16.108621614236412 -15.218019609723967 
-14.387178923244264 -18.51336471460364 -16.990628732061907 -16.026614393085097 -15.18052885754443 
-14.382077455916814 -18.51322612447828 -16.99384940677905 -16.032589648287967 -15.181441111908129 
-14.362482062815857 -18.49696361868247 -16.950320094056067 -16.010433572729525 -15.134544812002275 
-14.358078722366315 -18.49499384909474 -16.94443034697686 -16.01026750050444 -15.12714254416538 
-14.367024394465432 -18.49626743844479 -16.950325295481775 -16.003041175914007 -15.137336171389066 
-14.36879484069695 -18.498993390889012 -16.951094496181355 -16.00833100084722 -15.13739036650334 
-14.106025572481727 -18.296847179637723 -16.748885406175106 -15.768970470407353 -14.909144496219852 
-14.129487318612334 -18.31327315040768 -16.745818547762326 -15.785306573165343 -14.907723916818938 
-14.070506834922725 -18.269833517168166 -16.66617163097463 -15.73616637842811 -14.818232314748144 
-13.649298699588869 -17.958273632086446 -16.272241003993074 -15.38386728426974 -14.368479494310705 
-13.353699347139624 -17.73406076270048 -16.005356180934996 -15.118479573034065 -14.066576375553282 
-13.493261024333378 -17.840116616124305 -16.139412458037498 -15.244073100828459 -14.217831221121514 
-13.538057959935301 -17.884141210166632 -16.15807027341799 -15.31633999739364 -14.233080763256353 
-13.670577801984379 -17.976375626353644 -16.253347208833304 -15.411713960657622 -14.347219813645737 
-13.282637007295506 -17.660327844483902 -15.897504643945268 -15.000743338574381 -13.958868944462466 
-13.24055058538218 -17.633696102097574 -15.91933130839422 -14.973530011341225 -13.97820192137715 
-12.892533029017628 -17.385150807187586 -15.667674449687695 -14.697341904323196 -13.681795393318467 
-13.08557055874428 -17.520212584157562 -15.804827430984218 -14.8430241820881 -13.845290844451029 
-13.1533115549136 -17.58073423015864 -15.895050981616095 -14.929477321317322 -13.940485228202547 
-13.083938142782117 -17.532783762075354 -15.844438355368752 -14.879275046186393 -13.879893682464754 
-13.053009857995264 -17.50626823427639 -15.801101238544732 -14.842775013111137 -13.833344975314944 
-13.049098982745917 -17.515132461157634 -15.813314319398714 -14.873096341403041 -13.838974900205201 
-12.796872762379465 -17.327385276028863 -15.626888375696097 -14.650938652896826 -13.624867496994 
-12.746861077154733 -17.29210039081302 -15.585901174311374 -14.612557529176001 -13.576709391781279 
-12.7673252543281 -17.31071766260564 -15.61132584642452 -14.640482289301374 -13.603238555511126 
-13.36645485564479 -17.741418435528303 -15.997177706005402 -15.124790658505404 -14.059468592316293 
-13.357801065952486 -17.744504291566486 -16.023202068205094 -15.14299150799792 -14.081500395595484 
-13.167197463821182 -17.59744916184961 -15.85821377550677 -14.962658159089187 -13.896259987017658 
-13.170347721441999 -17.599945873548094 -15.867488280808686 -14.965338669929082 -13.906498428105905 
-13.19760194134571 -17.620674871668413 -15.887806263134507 -14.990533638285868 -13.929570997795466 
-13.082657878827902 -17.526929851869653 -15.803901342926338 -14.865618304803718 -13.8383917569939 
-13.040818385948512 -17.49540423842268 -15.768187819363703 -14.828006973696475 -13.79780621664834 
-12.854775463929158 -17.364934790788 -15.648730241216683 -14.686480397313645 -13.654479409094165 
-12.791654852416897 -17.319640774827377 -15.577502064923692 -14.636854240861055 -13.572576219943826 
-12.71771796260714 -17.26699257980428 -15.50558765660925 -14.579556649984625 -13.489061821419725 
-12.707909843521762 -17.259534170373385 -15.492143576134424 -14.570837635069168 -13.473958093776133 
-12.842896467650064 -17.340327044848706 -15.60009690811502 -14.632445442876545 -13.610653409294358 
-12.99149755624073 -17.449868642411374 -15.731479517779235 -14.759614518978069 -13.761361178515727 
-13.354348599591816 -17.70662326275452 -15.983807875886356 -15.041530690596275 -14.06103605650975 
-13.346879576210114 -17.70025233495609 -15.976251015898754 -15.032923542752982 -14.05296822098424 
-13.369309626888352 -17.718809489753227 -16.057914494701677 -15.055679707652203 -14.142079050004256 
-13.357519722969784 -17.70911752000825 -16.03441013391094 -15.043121414778227 -14.116470270412293 
-13.423918502299543 -17.74618884532518 -16.116090923332536 -15.069198425528683 -14.216233973925867 
-13.456918874114933 -17.770374475298667 -16.142230344546377 -15.096878857817956 -14.246424140016174 
-13.699045075029574 -17.966355988302496 -16.360230903393273 -15.346672850728169 -14.484953561569185 
-13.754797243128962 -18.00335212412631 -16.404345869822066 -15.383116021642024 -14.538315601710565 
-13.662744000082824 -17.949587695464757 -16.35205685603013 -15.342703080768871 -14.467959534706011 
-13.596495893058076 -17.89519167455215 -16.256192832028418 -15.271525945724449 -14.363800864519604 
-13.60621223480112 -17.90446367872974 -16.259220750275162 -15.285346423463935 -14.36625736641011 
-13.586892787749008 -17.890602054645697 -16.24050615302434 -15.270100096755954 -14.344662696311019 
-13.527694835230704 -17.832171689152005 -16.185199097265226 -15.181162249439566 -14.290755825805533 
-13.640147503397984 -17.919985738032153 -16.283074980667806 -15.28895330437976 -14.399903452715122 
-13.631836666270061 -17.91325411162586 -16.277553611756275 -15.280378912494328 -14.393849853895802 
-13.597982144045929 -17.883531106667647 -16.247301291591015 -15.239487114465575 -14.362186948692496 
-13.735259562324899 -17.99572261501278 -16.377609879052983 -15.383832629853387 -14.504068477784188 
-13.63894436677215 -17.92556871469668 -16.320765575805822 -15.305363195850916 -14.436771390419068 
-13.618451963916172 -17.909627018724365 -16.263026139058667 -15.28542513015276 -14.37344819138832 
-13.647449894076289 -17.933235637734654 -16.280294139234684 -15.315850087596786 -14.392310482896065 
-13.666877265163393 -17.94533832903484 -16.281023361969588 -15.326543310708345 -14.395488562673535 
-13.600020608992367 -17.90010733968994 -16.235746892478318 -15.280933549343459 -14.34023354196313 
-13.556802743886323 -17.87549860840396 -16.224165067561657 -15.26386579652376 -14.320878570941957 
-13.531049862895472 -17.850083846177412 -16.191026960540555 -15.224778747175321 -14.287549349825994 
-13.550391599536056 -17.863066153062135 -16.20918235505161 -15.237634809882962 -14.309107911238826 
-13.671920074459479 -17.96208920417925 -16.30104482649287 -15.36579749262468 -14.409294618609607 
-13.677882006364285 -17.97279344872139 -16.319857720601107 -15.388019114822029 -14.426079466123284 
-13.780458841121728 -18.05531134547394 -16.411392124714624 -15.493159281376577 -14.526562845182113 
-13.769567737769862 -18.046814360196223 -16.404598824244644 -15.482679421592778 -14.518911773170771 
-13.637640981976318 -17.92984732685636 -16.25731146753583 -15.31829775967401 -14.364339559940603 
-13.589297309225586 -17.887995597311715 -16.28273899015892 -15.261001458098377 -14.393500707366414 
-13.865958953335266 -18.11007541867781 -16.518938728013552 -15.541639973185355 -14.653125022009291 
-13.970382165562512 -18.18497883986487 -16.60355572544556 -15.623260751311264 -14.751787061663947 
-13.912609827130282 -18.12958512774054 -16.525901886746 -15.540798128899837 -14.672488105864161 
-13.909032270303456 -18.1268601201771 -16.524170752799947 -15.537595617755628 -14.670470268412544 
-14.045224974851308 -18.226186925128772 -16.625816993204737 -15.648517461577939 -14.788743693962672 
-14.052241297561892 -18.23156972997137 -16.632405507933825 -15.654924002387745 -14.796134559789024 
-13.842463173201935 -18.069355649058835 -16.462170232356442 -15.459994234759165 -14.604885546729165 
-13.838223135508187 -18.0664788787454 -16.459618384474794 -15.457084946188047 -14.601735003687097 
-13.850724075822527 -18.079719833841693 -16.453274759754578 -15.477747496004667 -14.593044233812435 
-14.162643658968008 -18.301834052627783 -16.724812068666864 -15.71915620993262 -14.909108781438619 
-14.188302975685176 -18.3220082522445 -16.747206549435987 -15.743703933017386 -14.933997900842087 
-14.088394492904172 -18.243662297774776 -16.66036300584058 -15.64856200994933 -14.837343903119944 
-13.886060142266203 -18.09125296296895 -16.485605091464535 -15.470647481684068 -14.638982513793707 
-13.955318295020575 -18.147388511151206 -16.536533850924485 -15.541339369372508 -14.694840935102306 
-13.991344122149926 -18.1739908471378 -16.564426159951964 -15.571614424570981 -14.727014493641661 
-13.81642264373069 -18.04401637855726 -16.427613728691696 -15.42231788949583 -14.56982372383223 
-13.827413189242776 -18.052287953772918 -16.461837540518047 -15.43263325578927 -14.607374851695894 
-13.823254919464574 -18.05075752632095 -16.458679242744253 -15.432975071091093 -14.602783948300996 
-13.869932212145727 -18.067505029764135 -16.454981649771284 -15.427641893890495 -14.612228273680614 
-13.850348179729622 -18.060981709959407 -16.42138640362917 -15.430419754416022 -14.569917399469858 
-13.849753797870221 -18.0670708994853 -16.419836752370628 -15.446380135932174 -14.564160724583616 
-13.869803016892405 -18.08859015592246 -16.389918207847884 -15.482220478558162 -14.5285362070357 
-13.88336197560416 -18.10172568966607 -16.402488861712584 -15.501869210005637 -14.540939720183545 
-13.72533918893194 -17.977330942223105 -16.228508380186113 -15.351411147711758 -14.348237144610891 
-13.747972763596394 -17.993107732978956 -16.244441347463976 -15.368190632560044 -14.367350426678911 
-13.729628265577176 -17.969242757926324 -16.212071690210735 -15.326641623251092 -14.337699725241905 
-13.72231320905287 -17.96192085043201 -16.204941897991702 -15.315488944740366 -14.330776783761962 
-13.739305031498773 -17.979437545350194 -16.217509918955997 -15.343154936391599 -14.342173957687692 
-13.843760668169367 -18.06757114221874 -16.33189504072024 -15.458127717337831 -14.46516794250374 
-13.889837634160187 -18.097293905361767 -16.368314044720975 -15.485415185667492 -14.509943854722508 
-14.24648841396656 -18.369038188963643 -16.648849987646827 -15.806961424671655 -14.828689444568411 
-14.289619893044659 -18.403386951260515 -16.696991190567132 -15.848362801854094 -14.881705272178948 
-14.281293153197637 -18.397950656222875 -16.693076095726042 -15.843108120364803 -14.876539802312095 
-14.3650575695344 -18.470508276910664 -16.829650475795802 -15.93695311740909 -15.022297546365863 
-14.37006232874802 -18.471257512055132 -16.83094456283662 -15.933440675860354 -15.025826092026506 
-14.287216442838329 -18.414879927287302 -16.76115592749862 -15.877561647849689 -14.942616837965844 
-14.363414677793031 -18.468074218490514 -16.814033678500607 -15.932976436256922 -15.006110823488882 
-14.386068131787695 -18.474170057595487 -16.81263347582083 -15.924844846427604 -15.012577861653966 
-14.247001088729647 -18.383440483841227 -16.745228060172096 -15.83884209310716 -14.924170832543822 
-14.045052971095473 -18.218493661079506 -16.494102398647797 -15.633253872550327 -14.650783287564934 
-13.992867437232917 -18.18712745019178 -16.45902801142165 -15.608473700297893 -14.605300384277783 
-13.941983822597862 -18.14194517321191 -16.414638323217858 -15.545364198732756 -14.559178006041407 
-13.939821155676967 -18.13977596720386 -16.41253205466947 -15.542035117568915 -14.557136741294855 
-14.079753202730814 -18.23977120798564 -16.4697212602657 -15.656041464096475 -14.628920581317544 
-14.082274687555042 -18.242416312239783 -16.473595976757863 -15.660063738051292 -14.632769600498037 
-14.003925036329022 -18.174667410695207 -16.378723107452117 -15.571588720515905 -14.53166157807901 
-13.991559525393853 -18.169589310086465 -16.377381727961847 -15.57110211304483 -14.526945809461452 
-14.172650497951409 -18.326177469086886 -16.544257405881027 -15.783715852997247 -14.703527495082653 
-13.997036289311808 -18.189763248848436 -16.426075073857703 -15.614707701975234 -14.569912861857645 
-13.916468610327485 -18.10712160872862 -16.325129805003257 -15.487927302292306 -14.470583586403464 
-13.853928013083092 -18.05889106259501 -16.296423209709758 -15.427454511999287 -14.437358632470875 
-13.78587860150698 -18.010077063459264 -16.23897169241151 -15.3740796436676 -14.370330917448413 
-13.826489324105012 -18.0320862587115 -16.24437783183039 -15.390183830794626 -14.38339419526163 
-13.803657736130006 -18.02921121929188 -16.268043390849314 -15.403663884935213 -14.399104614503912 
-13.743655988586951 -18.012723714998998 -16.299566027185463 -15.422735070383538 -14.412682262592966 
-13.718417478636383 -17.995238435211007 -16.262905914565778 -15.406170384187064 -14.370659519202306 
-13.745789230038511 -18.014064093253666 -16.2761809343408 -15.426056067800332 -14.387384278266353 
-13.733785659815823 -18.023502963764415 -16.311374244561094 -15.465439860376847 -14.413392818743318 
-13.517870588812883 -17.86383305789208 -16.110544237577855 -15.28606022903287 -14.18355069778751 
-13.517844820292225 -17.863783538287038 -16.11044596634791 -15.28595334442214 -14.183461770345701 
-13.282709834677647 -17.692126934518512 -15.952598737884188 -15.089530390004597 -13.998665024859434 
-13.151522521300365 -17.581601654847745 -15.846592272953274 -14.936508689083041 -13.88564534011023 
-13.150857607393078 -17.573285525755225 -15.827272251980602 -14.914511053036918 -13.869453592911896 
-13.157135462570707 -17.57577746467082 -15.820735058621295 -14.914602722582345 -13.863900929250818 
-13.22144315203667 -17.61816257406386 -15.850395944638251 -14.956871793636125 -13.902509758703161 
-13.310171617140199 -17.681578794824574 -15.949743141148332 -15.024555026388185 -14.016854291164208 
-13.359233211552606 -17.714238493174605 -15.944722686437643 -15.059914360645337 -14.015769520319068 
-13.321906034853072 -17.68826598842776 -15.926388171713853 -15.031499852792237 -13.992982003332486 
-13.443844842447746 -17.778801886502706 -16.030184843946614 -15.136208253127506 -14.111962144125428 
-13.491456784477151 -17.814901211027518 -16.06251183126622 -15.179795264014999 -14.148942821595227 
-13.15271162345472 -17.57175106552957 -15.814124993115072 -14.908875821041264 -13.856936237154471 
-13.253352159803228 -17.631174930023676 -15.821162119794693 -14.959921558466931 -13.878510148704734 
-13.16924555561934 -17.569095234741653 -15.767162868374712 -14.886411534219548 -13.81554766319232 
-13.17164690398667 -17.571328245913023 -15.770867931349315 -14.889577028413584 -13.819428996486678 
-13.330689637390492 -17.68636791839876 -15.873151451372735 -15.021804704247515 -13.94025390411403 
-13.135652010965146 -17.53378698052508 -15.682487996845907 -14.835150447838501 -13.7276369509743 
-13.036661606304548 -17.453989392991275 -15.59563800765281 -14.732134789142208 -13.632207693043568 
-13.124588563140193 -17.519578035170724 -15.68638805119842 -14.807042628255758 -13.735475272852497 
-13.03080032539063 -17.45426971592707 -15.589860671488012 -14.740237996817427 -13.62254759453927 
-13.107989979469025 -17.50732437356109 -15.624895514153792 -14.799670511246902 -13.666865664526767 
-12.98906761259579 -17.4272487900856 -15.634183129366775 -14.7057922681675 -13.667471381534753 
-12.985930135158 -17.424955134753702 -15.63267564177508 -14.703063172238103 -13.665670950827206 
-12.816069407955567 -17.305650543446816 -15.462790600939684 -14.576960327516133 -13.46739318284115 
-12.738693209942113 -17.242369316731285 -15.399119643622058 -14.492517893870868 -13.398148987273999 
-12.736141586288312 -17.23797178151706 -15.399898388609486 -14.48292606155836 -13.40058756749201 
-12.74837648516106 -17.247489837320558 -15.410170753869252 -14.494857657074775 -13.412086582732286 
-12.73820769334155 -17.23717604313225 -15.40523251529352 -14.477880437065153 -13.408105513798347 
-12.826706487278202 -17.31945700530254 -15.43399826140768 -14.609264066468697 -13.431742535316843 
-12.798960918463749 -17.292587590649504 -15.39539728212526 -14.568938601319829 -13.392171362579234 
-12.376856921729924 -16.994958662589752 -15.113417868867216 -14.233905300958227 -13.05549518617714 
-12.113559471271245 -16.80789169664567 -14.959807169138855 -14.016758369940192 -12.871937170254029 
-12.089052356293706 -16.793268315544736 -14.945523376162527 -14.004982588752995 -12.852998801380878 
-12.035850005537384 -16.755155690875327 -14.897136729175259 -13.962039541465828 -12.796684683977716 
-12.061326137175755 -16.765628587095577 -14.879111279250822 -13.964019091069986 -12.782621494828504 
-11.903721856729987 -16.651429750286397 -14.745451457131466 -13.831587837174297 -12.627440902244615 
-11.741238791287316 -16.542399831952807 -14.603180941310612 -13.722771146410139 -12.456278209993812 
-11.760189414655514 -16.557422341090785 -14.620323514071288 -13.742756042469011 -12.475256721989282 
-11.150581162871944 -16.113268456950067 -14.133372737231554 -13.209445105968229 -11.910746513422694 
-11.086902149340617 -16.068697258839933 -14.096889739696081 -13.156503802506847 -11.867013572581186 
-11.102226078156306 -16.08138157318578 -14.131200086216609 -13.171496680946618 -11.905407900951545 
-11.023565644420586 -16.031009921613418 -14.077736554643408 -13.122758773118306 -11.838481054562536 
-10.785596188807418 -15.868078371724692 -13.953016261853662 -12.935813082965552 -11.68627007801571 
-10.789487606167313 -15.87095177521769 -13.957126425410237 -12.939314175777085 -11.690987079768817 
-11.030684533167289 -16.047458529863334 -14.087377488353724 -13.166167343451448 -11.84152176704724 
-11.043844900704215 -16.058415120472873 -14.102226023879027 -13.181802484287957 -11.857687766417058 
-10.902784571049438 -15.977522626697478 -14.015347079784789 -13.129843025282113 -11.740978157871425 
-10.993646362050896 -16.05336951948273 -14.115006041376532 -13.242658415764552 -11.849010660635443 
-11.01415470832859 -16.068787352687934 -14.130822536947377 -13.26300591167896 -11.866946499103832 
-10.985300867810196 -16.052830003400317 -14.102227165911614 -13.259024381415387 -11.830031164302639 
-10.869510272534725 -15.965989663435451 -13.99159520078986 -13.149384129796658 -11.70390647053138 
-10.871044377479564 -15.964872564350472 -13.983049329711505 -13.144179534184474 -11.69569036217807 
-10.83487578032819 -15.946876547016473 -14.002679807756337 -13.133771309089326 -11.712199129412298 
-10.87930330810373 -15.975700065612884 -14.025773720162178 -13.162195193992346 -11.741558758994842 
-10.807850425246741 -15.924511870132278 -13.905318179576668 -13.119416097656469 -11.601134950656558 
-10.785543062421752 -15.915360531850865 -13.969766627142377 -13.106063268293184 -11.67079897225203 
-10.762263666195338 -15.898272284786998 -13.937153874879002 -13.08792558317218 -11.633112488807384 
-10.671533268322023 -15.838508151645556 -13.860596877745436 -13.034197545853004 -11.539634144617054 
-10.82872284445935 -15.948083307563806 -14.019983318641607 -13.14679891042411 -11.727932377477941 
-10.774624302673857 -15.930069183878288 -13.985886882298828 -13.193812727989283 -11.671690448031242 
-10.390033214986815 -15.643574192392833 -13.6426210698789 -12.819151522487644 -11.279852051496974 
-10.304868295775577 -15.581441140633757 -13.566231965514206 -12.742046135631355 -11.191540037604568 
-10.29154256473656 -15.573108434675987 -13.574578564008547 -12.729931208214111 -11.20050290450203 
-10.545416054938343 -15.741986557187957 -13.707476220907225 -12.914548568022894 -11.365528017494555 
-10.769466251223292 -15.901964727769865 -13.902160876513875 -13.099509277299148 -11.59349756286106 
-10.649497187229883 -15.815479525285113 -13.791731293831845 -12.999080132323186 -11.464853701162681 
-10.840407060383427 -15.952678824756063 -13.924243513180613 -13.171700742379045 -11.619417710460596 
-10.860888136704844 -15.946203052925597 -13.805982334232894 -13.149833632393708 -11.49769128865357 
-10.878072631032168 -15.956523297184745 -13.830143862093905 -13.150042181322021 -11.527684203585608 
-10.982834807444064 -16.030304522460796 -13.931244437857686 -13.225327147192885 -11.647227529167722 
-11.031847406697779 -16.06389296382642 -13.96012093576067 -13.264399277450877 -11.682328020753147 
-10.81345845834879 -15.89000519617528 -13.770877098194688 -13.012687860720305 -11.474147170049378 
-11.050512303668398 -16.068029893119785 -13.953462369521105 -13.249642730232395 -11.68190215057082 
-10.974586917145245 -16.011968410502632 -13.835504328264335 -13.204918335590108 -11.544928364867914 
-11.047849266703295 -16.06144462775862 -13.861110601954834 -13.270812441092659 -11.577402251677697 
-10.94490080822007 -15.995128655098853 -13.796182340549635 -13.209463780670873 -11.495032820871899 
-10.791861593139217 -15.89315021572672 -13.690017454837573 -13.108153478239558 -11.36404094763735 
-10.239340529147768 -15.516657013906809 -13.356537364439674 -12.66504731694856 -10.958630946381135 
-10.271380947298766 -15.539953570451999 -13.38300054358507 -12.694534606051988 -10.98933102806025 
-9.915969885531254 -15.27443131412609 -13.143349922513494 -12.310780948320868 -10.71887274877902 
-9.943435462815088 -15.288511468233352 -13.151383711326375 -12.316807715846622 -10.732460094698936 
-9.885909951025255 -15.24084374727363 -13.021063413612012 -12.271543836422808 -10.583504047736639 
-9.757051562285397 -15.133783154408832 -12.892434631347683 -12.1056219492867 -10.444205535716236 
-9.708060637116532 -15.093443060987198 -12.828400083430239 -12.050877770734772 -10.372823439252869 
-9.542823744883705 -14.968827146321544 -12.647013169420916 -11.898607774182338 -10.163963742534321 
-9.18790046187543 -14.73781835777369 -12.403405172935791 -11.65399732825722 -9.860825237234877 
-9.348424091718343 -14.843385379411984 -12.490516460063944 -11.781012425761148 -9.9690664356268 
-9.319385374161754 -14.850082407045136 -12.600360525254771 -11.811134833784635 -10.079913415869086 
-9.268407487470867 -14.815429316210285 -12.552507198421623 -11.775898159754561 -10.02213534233448 
-9.251776944965911 -14.806727835020212 -12.587765237349686 -11.753755419193311 -10.062574731606631 
-8.90222941703746 -14.56689044704332 -12.361852911519449 -11.455054556625527 -9.792447440080139 
-8.625393976877916 -14.388610645989246 -12.239140449404204 -11.24776309533459 -9.637706771286233 
-8.644482253811844 -14.400849096672715 -12.25184584565217 -11.2605913273065 -9.653527945933348 
-8.710868127943954 -14.453511579710138 -12.31088918530179 -11.343045992177096 -9.71835302355423 
-8.755347153744765 -14.482360371535478 -12.35850801889704 -11.368946874190613 -9.776729026376472 
-8.783326098268418 -14.519794588925706 -12.412500554738301 -11.462440893989623 -9.826724674102095 
-8.745736071220634 -14.496467952005787 -12.376353038369984 -11.445408054064174 -9.781413924210028 
-8.658020244800184 -14.438053884927356 -12.313517313302299 -11.379972235108468 -9.705068885954674 
-8.640181531025462 -14.425251924971022 -12.30098383900092 -11.362106327323431 -9.690624322546256 
-8.610742836810317 -14.407083242929303 -12.313810441005899 -11.336273987032158 -9.704978588952159 
-8.59505375259161 -14.398293226393577 -12.302669890614396 -11.332252606406598 -9.690075315198982 
-8.827868441285204 -14.554880981862937 -12.498121469227243 -11.505379899964979 -9.925822918628015 
-8.728672304044636 -14.488804562472694 -12.42438346482632 -11.432171720298712 -9.836391711596534 
-8.593790237241535 -14.397663982228366 -12.321348612319298 -11.32678033693756 -9.712539177015557 
-8.62310231477484 -14.42358564385529 -12.36526883549088 -11.372762475627454 -9.760416397805926 
-8.651232577963498 -14.445235879198933 -12.391428439870225 -11.406177181359084 -9.789675529511001 
-8.60825185959851 -14.395589999312094 -12.378500846284751 -11.277550282610918 -9.790979059270953 
-8.71227448962378 -14.450439169188044 -12.362689243760371 -11.314990841102315 -9.784065779834307 
-8.957802565915088 -14.616860877722957 -12.53802287922717 -11.51149517872851 -9.994593598179051 
-8.777701471177451 -14.491916307725475 -12.459579136280198 -11.347765085493364 -9.902519267682166 
-8.767359899200486 -14.483921958990848 -12.382141250245724 -11.348355621117378 -9.81041477575475 
-8.621946697693616 -14.375982370831295 -12.197164801378463 -11.214072032113776 -9.595211980056177 
-8.841820976788597 -14.523041397774676 -12.348561887728124 -11.385323064443696 -9.778882533053618 
-8.837032208695945 -14.519997477452662 -12.346069631911163 -11.382013100178014 -9.775723813829515 
-8.402322636242445 -14.213344322019594 -12.017773400721339 -10.986892310353795 -9.390409714059345 
-8.440454741433854 -14.225241900771323 -12.026953002338118 -10.970861530472234 -9.412273830320188 
-8.373342374449223 -14.175360799965404 -11.95569335491679 -10.905435450560276 -9.329852388430027 
-8.36483342083369 -14.166235958421751 -11.878552642388087 -10.905936209519496 -9.238829868783611 
-7.960286227422301 -13.87925798262603 -11.58590446883467 -10.523228955853767 -8.896931679661876 
-7.811687559692601 -13.75638727201192 -11.436547007223183 -10.332444064815832 -8.733986222196563 
-8.351797368979575 -14.139862504644924 -11.825836767866036 -10.84384639142175 -9.188780840347818 
-8.283511470396633 -14.093817313460733 -11.784083470194503 -10.786013652284112 -9.138384330700134 
-8.352753580289075 -14.147638682239275 -11.806846153512822 -10.87763905324195 -9.159867131276528 
-8.449260334734717 -14.211582337549444 -11.856452959676034 -10.95887202535151 -9.220599991766889 
-8.46878645771632 -14.227225257109055 -11.878775975975785 -10.981114415825061 -9.245696951173827 
-8.569538647017794 -14.297876308042603 -11.949618436462458 -11.073603221424762 -9.329261397003094 
-8.892041434695273 -14.55653206024708 -12.350468740236337 -11.433966459820041 -9.781518814897737 
-8.986966364752774 -14.624822051746065 -12.415152095710965 -11.527406103223214 -9.856259617461617 
-8.974446008002701 -14.601457480888087 -12.312339036308046 -11.491218057558015 -9.744015062307327 
-8.81365463076503 -14.486173559392839 -12.164873279206788 -11.349079858859469 -9.570835713984778 
-8.50916922861937 -14.26467122967017 -11.910309691394929 -11.053368583701769 -9.275511367893657 
-8.371916926655885 -14.171046486496437 -11.787044787058647 -10.948555271087827 -9.126721931771144 
-8.377281833507652 -14.174765580070058 -11.791254333681806 -10.953178731802993 -9.131742039148477 
-8.307086528886572 -14.134937699672236 -11.82282243088035 -10.893550311264988 -9.165093904063852 
-8.357936876018513 -14.156340132881965 -11.8729516723823 -10.880951396034021 -9.236260977386138 
-8.311814712480185 -14.124573666457849 -11.789840312539027 -10.857310810987471 -9.13576688958723 
-8.389834562428106 -14.18131268994297 -11.854644290293265 -10.933570713014404 -9.210890786560313 
-8.445858851465204 -14.21656006079904 -11.896696739466066 -10.968514345673753 -9.263835770040686 
-8.835699260077234 -14.477835165420132 -12.141117450605321 -11.28837711039435 -9.56097107045855 
-8.753275353447094 -14.420150873787463 -12.050066945077205 -11.227520376669048 -9.452145779417108 
-8.626005152885341 -14.332393684967812 -11.97933176096359 -11.109365255587221 -9.368086858053076 
-8.753089579672107 -14.417501805436899 -12.014232698190412 -11.233313866705657 -9.410503126889182 
-8.452491592203828 -14.18596379607122 -11.709843002711878 -10.916584127796213 -9.063864487593364 
-8.317919599408654 -14.075160895550681 -11.571608353527125 -10.748811188432626 -8.911959911899672 
-7.910765033061338 -13.77981928045125 -11.208155775158815 -10.36635343614033 -8.486215398288735 
-8.048306285533286 -13.911710071048319 -11.453961495191692 -10.56311291445283 -8.75540839930757 
-8.016023794155373 -13.90361804144429 -11.460736682699476 -10.576372547444535 -8.752964339084357 
-7.89452308258538 -13.825909100520008 -11.380150700147425 -10.489215737075455 -8.652052269971435 
-7.885732209615071 -13.819945055000574 -11.367424462862317 -10.484494890318132 -8.63649168995856 
-7.8081168197520725 -13.7737110221141 -11.326691500365769 -10.437644268248988 -8.58252420986561 
-7.9291943018419175 -13.8731636668102 -11.479165107202093 -10.58322459988976 -8.75390053194323 
-7.948937362020132 -13.885328695961988 -11.49017919157609 -10.59619074412791 -8.768089059644367 
-7.772052173296331 -13.764861191117035 -11.34892161813454 -10.449974635810733 -8.59792036807022 
-7.767580779798536 -13.76037305191285 -11.341153342906537 -10.44208185509386 -8.589625735013499 
-7.64528826288435 -13.692343005244254 -11.30066286842576 -10.379825783366968 -8.530194483567556 
-7.805596010614877 -13.779263745848525 -11.32812918334298 -10.463884519347829 -8.578208793296639 
-8.106240782015576 -13.9724420977101 -11.586072921681449 -10.657673594660608 -8.899405122836612 
-8.094511073571127 -13.963809474895328 -11.577310711798603 -10.645385377462588 -8.889391737464962 
-7.527782549260905 -13.588412758834437 -11.117560926387455 -10.220306683980795 -8.32618319458426 
-7.593533348873734 -13.62960693805303 -11.163726183390352 -10.263568695347558 -8.38462615377361 
-7.820899547811749 -13.789411334604452 -11.406501551537175 -10.448028458357527 -8.675230900038784 
-7.209889864885696 -13.363020266392567 -10.908654605396194 -9.898048980693744 -8.084118608368229 
-7.2771761183317665 -13.416488553194057 -10.979818826794357 -9.97810232956914 -8.164192285363455 
-7.340757066036716 -13.454343185596954 -11.022636303305092 -10.014253117420537 -8.219911371529435 
-7.3729717610845285 -13.424324423475738 -10.889287998437013 -9.910649830629694 -8.095615864615738 
-7.481114473662828 -13.497053155192575 -10.99375596767274 -9.992164533067907 -8.2231261476756 
-7.753744892801009 -13.664619508794232 -11.090807737056792 -10.203171074277307 -8.351301180236618 
-7.756625607796636 -13.6744738083312 -11.100152601015651 -10.230811582750718 -8.356279159707896 
-7.571076889416531 -13.579873615656979 -11.049095576055592 -10.151851000585623 -8.27145719374515 
-7.626442593078266 -13.616745972077311 -11.107675704438847 -10.188981904527822 -8.343445846501126 
-7.610148515714911 -13.609590431168272 -11.105101704258573 -10.185818754265668 -8.337436787423698 
-7.380979111432538 -13.508677046127914 -11.085983873399769 -10.143328706843903 -8.27484144505749 
-7.370310815545892 -13.4902751538079 -11.084487303824432 -10.086336183635737 -8.282815926571232 
-7.297715531628526 -13.440952189879326 -11.029451308626662 -10.024057943405282 -8.21666348923469 
-7.200535447781547 -13.388824105706973 -10.999108362688617 -9.979738622093151 -8.17064562665523 
-7.591774577599793 -13.665977834737532 -11.329446397970031 -10.349107474360324 -8.559247418301211 
-7.888826627609902 -13.881814474879363 -11.622300565429256 -10.634730414750166 -8.901496847256539 
-8.28244343338622 -14.12880979077319 -11.781558403063457 -10.926918286947853 -9.105997261546136 
-8.289090672599485 -14.131477348724175 -11.786010422569404 -10.924551761055838 -9.112913944290767 
-8.058905969820842 -13.950969542682259 -11.607083599820214 -10.638817728927563 -8.917355605267659 
-7.996376174384011 -13.903041139452569 -11.5534857503402 -10.568425537002469 -8.857127938004197 
-7.929305483800832 -13.857277009479375 -11.506132134428327 -10.510658341867185 -8.80039450129135 
-7.679184330869305 -13.6918832642736 -11.321881474770464 -10.31600933746202 -8.575215047416052 
-8.045077755398935 -13.91935706775098 -11.54190617401639 -10.563375049512544 -8.855619167119357 
-8.044829597818833 -13.918820616463805 -11.539867882247236 -10.562453937863978 -8.853419289384064 
-8.161919147612323 -14.018037940616637 -11.670129368573697 -10.718162078171858 -8.995288438445812 
-7.869506015940203 -13.818079573269074 -11.451649607475005 -10.469107247045443 -8.733412261159899 
-7.6514078335828515 -13.672159638731713 -11.365895454306596 -10.27009689486546 -8.630891223909003 
-7.614182623006883 -13.644747220717647 -11.309961611901727 -10.238552032014624 -8.564561675046207 
-7.579857821783179 -13.614191261762087 -11.228877498214146 -10.199821750020831 -8.471116031676843 
-7.741776565779162 -13.745209623058997 -11.419251798829393 -10.393546116567748 -8.685062227716543 
-7.56203736640839 -13.648627702529936 -11.377074964597057 -10.312418113477008 -8.616806326015066 
-7.25304466785532 -13.449234628428613 -11.200882913281177 -10.073807191801365 -8.39958711793038 
-7.260750845005802 -13.481554235218951 -11.32214279141543 -10.163382763065542 -8.527276805401712 
-7.4897048357700555 -13.623029134010451 -11.371543717504977 -10.33342362319057 -8.5925624973232 
-8.167620731102517 -14.089155425045789 -11.879817471393196 -10.929639529955239 -9.196740565175531 
-8.151564347961724 -14.076588860088606 -11.857838289049297 -10.912332306030109 -9.171497204902224 
-8.178066996773381 -14.094147571411966 -11.880570365121073 -10.93114278698738 -9.199227226147144 
-7.817823041067584 -13.849966914831597 -11.597702360633392 -10.637696405579064 -8.85914367101148 
-7.7975456811224575 -13.83461577036617 -11.592234181806589 -10.60975141216609 -8.854321461288706 
-7.834480580806044 -13.852196691632926 -11.586241124451035 -10.619303002875768 -8.852252085479478 
-7.503957045109033 -13.627002429797386 -11.285987039462881 -10.356494788038276 -8.490353356625548 
-7.60164822506168 -13.694353699559429 -11.386823176416726 -10.433008059786502 -8.611785351143567 
-7.571197403189544 -13.672652225081734 -11.3745627681038 -10.398235531583722 -8.598448243678021 
-7.577096149482969 -13.676737339162827 -11.381671819236104 -10.402603501867901 -8.607025016980685 
-7.485436924463173 -13.61390884813298 -11.264476665796778 -10.341587123757648 -8.464600785332735 
-7.505479882299113 -13.628123411522822 -11.28195351868824 -10.360538008213126 -8.485169625913187 
-7.379118722462678 -13.537235231746038 -11.190896537783587 -10.226822097319442 -8.380555493963044 
-7.670723136339291 -13.714644366721586 -11.400924964655431 -10.391451913904035 -8.649690745439159 
-7.667914048151118 -13.713210289926664 -11.396628116755991 -10.391723171974633 -8.644056722128155 
-7.692471972112983 -13.729626258321005 -11.416139285486864 -10.41107829934171 -8.667737991978427 
-7.592785081730469 -13.66886465962672 -11.377421046147802 -10.342848468471061 -8.616880515150939 
-7.78662872696988 -13.79613668004275 -11.528173502636804 -10.487690227617406 -8.801484463876221 
-7.4232805682776615 -13.554804131343019 -11.327883829454322 -10.181532862994672 -8.559656188867834 
-7.817640997790065 -13.82146350330909 -11.593471561705897 -10.518819705718286 -8.877583183744989 
-7.436465615178761 -13.55456411036856 -11.316715122122005 -10.163193096099008 -8.552922034107354 
-7.336617880989962 -13.490173993249243 -11.255289788189174 -10.08734623606503 -8.477185747650225 
-7.162221471416046 -13.382987652588142 -11.027277508450453 -10.009002604889758 -8.190302392294981 
-7.205530218848892 -13.411479046141906 -11.051640281813533 -10.045749893359982 -8.219855758224057 
-6.8887666075683995 -13.176644377757427 -10.751930808905456 -9.710877749433436 -7.8736587808943455 
-6.890529839964913 -13.184358672402283 -10.753645543800232 -9.738724710212537 -7.870162734701395 
-6.8688789145573566 -13.164821563781445 -10.709445820837743 -9.710830284252651 -7.819515022508057 
-6.780744339519785 -13.09616864295208 -10.590954942296307 -9.618722207652567 -7.6813788056381895 
-6.926653987740252 -13.204084060274383 -10.689436166394728 -9.79074308520066 -7.791233171920908 
-6.934276039153502 -13.207485114699026 -10.680175695072762 -9.797234812688117 -7.780637364940347 
-7.218109267170377 -13.432399015170574 -11.00545189770176 -10.139422037382928 -8.150165545949221 
-7.123390343699867 -13.369989105924518 -10.939322732178283 -10.06318412196913 -8.069369876204561 
-6.878355004094075 -13.196927311863874 -10.725524467498474 -9.829552420117679 -7.816690173006776 
-7.044056296835635 -13.30787879844803 -10.868218315142698 -9.959118948750273 -7.990702327037482 
-6.748786316674682 -13.12678322892232 -10.74964935237999 -9.74054394629539 -7.838487263616429 
-6.043536544311976 -12.687788898318516 -10.25293636337905 -9.27703019442356 -7.2113214607391285 
-5.701933272059165 -12.466916571513948 -10.022487076121706 -8.995438213363542 -6.929106372882586 
-5.726711381510512 -12.479791678680925 -10.067247678994633 -8.98619272705011 -6.9890177486423255 
-5.767854615080537 -12.488112785468601 -10.052499584631377 -8.950513533666339 -6.984660336482392 
-5.59054719087608 -12.414952237325025 -10.083421193529475 -8.946333356278501 -6.995473352731196 
-5.842879199136476 -12.58910067791524 -10.259408674070116 -9.215433009796158 -7.199901852164331 
-5.8902941814332905 -12.617954239597381 -10.268148473587388 -9.256069908422958 -7.2104867278914355 
-6.059772173617162 -12.73246588500922 -10.40468708868535 -9.413888950910547 -7.374046305647994 
-5.9779189267301405 -12.676967473489654 -10.347000360289684 -9.331909266383036 -7.305973932134407 
