0.00011515617370605469
4.76837158203125e-05
4.6253204345703125e-05
4.57763671875e-05
4.6253204345703125e-05
4.601478576660156e-05
4.601478576660156e-05
4.6253204345703125e-05
4.649162292480469e-05
4.57763671875e-05
4.57763671875e-05
4.601478576660156e-05
4.6253204345703125e-05
4.553794860839844e-05
6.508827209472656e-05
4.7206878662109375e-05
4.601478576660156e-05
4.553794860839844e-05
4.601478576660156e-05
4.673004150390625e-05
4.553794860839844e-05
4.553794860839844e-05
4.601478576660156e-05
4.649162292480469e-05
4.57763671875e-05
4.792213439941406e-05
4.553794860839844e-05
4.553794860839844e-05
4.57763671875e-05
4.5299530029296875e-05
4.553794860839844e-05
4.553794860839844e-05
0.00012636184692382812
6.318092346191406e-05
4.6253204345703125e-05
4.76837158203125e-05
4.649162292480469e-05
4.696846008300781e-05
4.673004150390625e-05
4.6253204345703125e-05
4.57763671875e-05
4.6253204345703125e-05
4.649162292480469e-05
4.57763671875e-05
4.601478576660156e-05
4.553794860839844e-05
4.673004150390625e-05
4.6253204345703125e-05
5.936622619628906e-05
4.744529724121094e-05
4.6253204345703125e-05
4.601478576660156e-05
4.649162292480469e-05
4.601478576660156e-05
4.601478576660156e-05
4.7206878662109375e-05
4.673004150390625e-05
8.106231689453125e-05
4.8160552978515625e-05
4.6253204345703125e-05
4.673004150390625e-05
4.696846008300781e-05
4.57763671875e-05
4.57763671875e-05
4.57763671875e-05
4.553794860839844e-05
6.580352783203125e-05
4.696846008300781e-05
4.601478576660156e-05
4.601478576660156e-05
4.6253204345703125e-05
4.601478576660156e-05
4.839897155761719e-05
4.649162292480469e-05
4.6253204345703125e-05
4.601478576660156e-05
4.57763671875e-05
4.57763671875e-05
4.6253204345703125e-05
4.6253204345703125e-05
4.57763671875e-05
4.601478576660156e-05
4.553794860839844e-05
5.8650970458984375e-05
4.744529724121094e-05
4.863739013671875e-05
4.6253204345703125e-05
4.601478576660156e-05
4.839897155761719e-05
4.6253204345703125e-05
4.57763671875e-05
4.696846008300781e-05
4.673004150390625e-05
4.601478576660156e-05
4.6253204345703125e-05
4.601478576660156e-05
4.601478576660156e-05
4.553794860839844e-05
4.57763671875e-05
4.553794860839844e-05
4.601478576660156e-05
6.127357482910156e-05
4.8160552978515625e-05
4.649162292480469e-05
4.649162292480469e-05
4.601478576660156e-05
4.696846008300781e-05
4.744529724121094e-05
4.6253204345703125e-05
4.6253204345703125e-05
4.649162292480469e-05
4.601478576660156e-05
4.601478576660156e-05
6.4849853515625e-05
4.792213439941406e-05
4.57763671875e-05
4.553794860839844e-05
4.6253204345703125e-05
4.601478576660156e-05
0.0018687248229980469
5.1021575927734375e-05
6.437301635742188e-05
5.054473876953125e-05
4.7206878662109375e-05
4.696846008300781e-05
4.649162292480469e-05
4.696846008300781e-05
4.696846008300781e-05
4.673004150390625e-05
4.673004150390625e-05
4.6253204345703125e-05
4.6253204345703125e-05
4.601478576660156e-05
4.673004150390625e-05
4.673004150390625e-05
4.7206878662109375e-05
4.673004150390625e-05
4.601478576660156e-05
4.6253204345703125e-05
7.343292236328125e-05
4.744529724121094e-05
4.649162292480469e-05
4.696846008300781e-05
4.696846008300781e-05
4.6253204345703125e-05
4.649162292480469e-05
4.649162292480469e-05
4.6253204345703125e-05
4.6253204345703125e-05
4.6253204345703125e-05
4.673004150390625e-05
4.696846008300781e-05
4.673004150390625e-05
4.57763671875e-05
4.7206878662109375e-05
4.673004150390625e-05
4.6253204345703125e-05
5.984306335449219e-05
4.7206878662109375e-05
4.649162292480469e-05
4.744529724121094e-05
4.673004150390625e-05
4.6253204345703125e-05
4.601478576660156e-05
4.6253204345703125e-05
4.601478576660156e-05
6.67572021484375e-05
4.744529724121094e-05
4.57763671875e-05
4.6253204345703125e-05
4.6253204345703125e-05
4.6253204345703125e-05
4.601478576660156e-05
4.673004150390625e-05
4.7206878662109375e-05
5.054473876953125e-05
4.7206878662109375e-05
4.649162292480469e-05
4.649162292480469e-05
4.6253204345703125e-05
4.7206878662109375e-05
4.673004150390625e-05
4.673004150390625e-05
4.7206878662109375e-05
4.792213439941406e-05
4.649162292480469e-05
4.6253204345703125e-05
4.6253204345703125e-05
4.6253204345703125e-05
4.6253204345703125e-05
4.6253204345703125e-05
4.6253204345703125e-05
8.249282836914062e-05
5.9604644775390625e-05
4.792213439941406e-05
4.6253204345703125e-05
4.57763671875e-05
4.5299530029296875e-05
4.57763671875e-05
4.5299530029296875e-05
4.6253204345703125e-05
4.696846008300781e-05
4.6253204345703125e-05
4.6253204345703125e-05
4.553794860839844e-05
4.57763671875e-05
4.553794860839844e-05
4.601478576660156e-05
7.939338684082031e-05
4.76837158203125e-05
6.771087646484375e-05
4.649162292480469e-05
4.6253204345703125e-05
4.6253204345703125e-05
4.601478576660156e-05
4.57763671875e-05
4.601478576660156e-05
4.6253204345703125e-05
4.673004150390625e-05
4.57763671875e-05
4.601478576660156e-05
4.601478576660156e-05
4.601478576660156e-05
4.553794860839844e-05
4.649162292480469e-05
8.106231689453125e-05
4.76837158203125e-05
4.57763671875e-05
4.57763671875e-05
4.601478576660156e-05
4.649162292480469e-05
4.601478576660156e-05
4.649162292480469e-05
4.649162292480469e-05
6.318092346191406e-05
4.792213439941406e-05
4.649162292480469e-05
4.601478576660156e-05
4.673004150390625e-05
4.601478576660156e-05
4.649162292480469e-05
4.6253204345703125e-05
4.649162292480469e-05
6.937980651855469e-05
4.982948303222656e-05
6.175041198730469e-05
4.673004150390625e-05
4.6253204345703125e-05
4.649162292480469e-05
4.649162292480469e-05
4.6253204345703125e-05
4.601478576660156e-05
4.6253204345703125e-05
4.5299530029296875e-05
4.601478576660156e-05
4.649162292480469e-05
4.649162292480469e-05
4.57763671875e-05
4.601478576660156e-05
4.8160552978515625e-05
4.6253204345703125e-05
4.6253204345703125e-05
4.649162292480469e-05
4.57763671875e-05
4.649162292480469e-05
4.601478576660156e-05
4.6253204345703125e-05
4.601478576660156e-05
4.601478576660156e-05
4.57763671875e-05
4.601478576660156e-05
4.601478576660156e-05
4.57763671875e-05
4.696846008300781e-05
4.57763671875e-05
4.673004150390625e-05
4.6253204345703125e-05
9.751319885253906e-05
4.7206878662109375e-05
4.649162292480469e-05
4.553794860839844e-05
4.601478576660156e-05
4.673004150390625e-05
4.601478576660156e-05
4.6253204345703125e-05
4.57763671875e-05
4.601478576660156e-05
4.553794860839844e-05
4.5299530029296875e-05
4.6253204345703125e-05
4.649162292480469e-05
4.6253204345703125e-05
4.553794860839844e-05
4.601478576660156e-05
4.601478576660156e-05
4.792213439941406e-05
4.673004150390625e-05
4.57763671875e-05
4.57763671875e-05
4.601478576660156e-05
4.601478576660156e-05
4.649162292480469e-05
4.5299530029296875e-05
4.5299530029296875e-05
4.553794860839844e-05
4.57763671875e-05
4.57763671875e-05
4.673004150390625e-05
4.553794860839844e-05
4.601478576660156e-05
4.6253204345703125e-05
4.7206878662109375e-05
4.673004150390625e-05
7.152557373046875e-05
4.76837158203125e-05
4.57763671875e-05
4.601478576660156e-05
4.57763671875e-05
4.6253204345703125e-05
4.57763671875e-05
4.57763671875e-05
4.57763671875e-05
4.553794860839844e-05
4.553794860839844e-05
4.6253204345703125e-05
4.649162292480469e-05
4.5299530029296875e-05
4.57763671875e-05
4.57763671875e-05
4.6253204345703125e-05
4.57763671875e-05
5.9604644775390625e-05
4.673004150390625e-05
4.649162292480469e-05
4.57763671875e-05
4.57763671875e-05
4.601478576660156e-05
4.6253204345703125e-05
4.7206878662109375e-05
4.6253204345703125e-05
4.601478576660156e-05
4.57763671875e-05
4.57763671875e-05
4.601478576660156e-05
4.553794860839844e-05
4.6253204345703125e-05
4.601478576660156e-05
4.696846008300781e-05
4.696846008300781e-05
4.601478576660156e-05
4.76837158203125e-05
4.506111145019531e-05
4.6253204345703125e-05
4.506111145019531e-05
4.6253204345703125e-05
4.57763671875e-05
4.649162292480469e-05
4.553794860839844e-05
4.553794860839844e-05
4.553794860839844e-05
4.553794860839844e-05
4.57763671875e-05
4.553794860839844e-05
6.389617919921875e-05
4.744529724121094e-05
4.601478576660156e-05
4.5299530029296875e-05
4.57763671875e-05
5.91278076171875e-05
4.6253204345703125e-05
4.57763671875e-05
4.6253204345703125e-05
4.6253204345703125e-05
4.6253204345703125e-05
4.553794860839844e-05
4.57763671875e-05
4.553794860839844e-05
0.004544734954833984
5.412101745605469e-05
5.340576171875e-05
4.982948303222656e-05
4.887580871582031e-05
6.580352783203125e-05
4.887580871582031e-05
0.00010418891906738281
5.030632019042969e-05
4.696846008300781e-05
4.649162292480469e-05
4.601478576660156e-05
4.6253204345703125e-05
4.601478576660156e-05
5.030632019042969e-05
4.6253204345703125e-05
4.7206878662109375e-05
4.649162292480469e-05
4.673004150390625e-05
4.696846008300781e-05
4.696846008300781e-05
4.792213439941406e-05
4.649162292480469e-05
4.7206878662109375e-05
4.601478576660156e-05
4.601478576660156e-05
4.649162292480469e-05
4.601478576660156e-05
4.696846008300781e-05
4.696846008300781e-05
4.57763671875e-05
4.673004150390625e-05
5.173683166503906e-05
4.7206878662109375e-05
4.649162292480469e-05
4.6253204345703125e-05
4.7206878662109375e-05
4.601478576660156e-05
4.696846008300781e-05
4.601478576660156e-05
4.649162292480469e-05
4.57763671875e-05
4.6253204345703125e-05
4.57763671875e-05
4.57763671875e-05
4.6253204345703125e-05
4.57763671875e-05
4.601478576660156e-05
4.649162292480469e-05
4.601478576660156e-05
5.841255187988281e-05
4.696846008300781e-05
4.6253204345703125e-05
4.696846008300781e-05
8.511543273925781e-05
4.649162292480469e-05
4.601478576660156e-05
4.553794860839844e-05
4.601478576660156e-05
4.553794860839844e-05
6.747245788574219e-05
4.696846008300781e-05
4.57763671875e-05
4.57763671875e-05
4.673004150390625e-05
4.744529724121094e-05
4.601478576660156e-05
5.888938903808594e-05
4.696846008300781e-05
4.6253204345703125e-05
4.673004150390625e-05
4.6253204345703125e-05
4.649162292480469e-05
4.601478576660156e-05
4.673004150390625e-05
4.6253204345703125e-05
0.0012061595916748047
4.9114227294921875e-05
4.649162292480469e-05
4.601478576660156e-05
4.601478576660156e-05
4.601478576660156e-05
6.222724914550781e-05
4.696846008300781e-05
4.649162292480469e-05
4.649162292480469e-05
4.649162292480469e-05
4.553794860839844e-05
4.57763671875e-05
4.57763671875e-05
4.6253204345703125e-05
4.57763671875e-05
4.506111145019531e-05
4.57763671875e-05
4.57763671875e-05
4.553794860839844e-05
4.57763671875e-05
4.601478576660156e-05
4.6253204345703125e-05
4.553794860839844e-05
0.00011467933654785156
6.341934204101562e-05
4.649162292480469e-05
4.601478576660156e-05
4.6253204345703125e-05
4.506111145019531e-05
4.601478576660156e-05
4.553794860839844e-05
4.601478576660156e-05
4.601478576660156e-05
4.601478576660156e-05
4.673004150390625e-05
4.601478576660156e-05
4.6253204345703125e-05
4.6253204345703125e-05
4.57763671875e-05
4.57763671875e-05
5.8650970458984375e-05
4.649162292480469e-05
4.601478576660156e-05
4.6253204345703125e-05
4.57763671875e-05
