-328.2802079323535 -221.2019065035456 765.3588065275133 
-327.12109697475375 -220.73984388962836 763.8065300044748 
-327.1432263274447 -220.7217613528469 763.8198044979627 
-326.4846921587575 -219.67487249019942 763.0828842334835 
-326.55686966346565 -219.83262574261425 764.4800783665612 
-324.99698838208974 -219.4356693359523 763.8541890772558 
-327.61089984979344 -212.4268977312523 765.8547377755449 
-326.8243951345375 -211.59162586566492 765.813833124097 
-327.0766064489463 -213.3819215172585 765.1931173898762 
-324.16649460042987 -214.66412409936285 763.0668843174151 
-325.7021390419406 -213.6432844962542 762.8032381336346 
-317.39825417960174 -216.81935271192714 770.3873178526295 
-319.6220759465164 -222.3836284469344 770.2376595684593 
-313.9780339504525 -224.0654156870023 768.4641469215472 
-316.10768577761047 -224.11713512098945 767.4348565578716 
-317.26731983366255 -225.58356657953345 768.5812136539937 
-316.96964863536124 -225.75046518486712 768.6859873914012 
-319.68743997481334 -230.7415277023573 767.164661252854 
-320.8353250821085 -232.81652899705608 765.7713953343796 
-318.6779199250376 -233.10271195694668 767.7805873606193 
-318.2956744849914 -234.04323833061704 766.3043141000259 
-322.0241116324061 -234.5486251512364 770.6860020212357 
-319.66659654418186 -230.41609868088233 774.5517229754327 
-317.81296243296157 -231.90191407102785 773.1728382118755 
-316.22761493241677 -234.1658457622334 772.9330468040838 
-313.6918270074156 -236.8083172141305 773.0695029121239 
-314.2131167789897 -237.40833643484928 773.8056244142529 
-312.8037647795965 -238.68083111621058 774.6274526494459 
-311.27586408484194 -237.83051266831586 774.5414528194276 
-312.81323770887593 -239.48017210591271 774.5986816776095 
-312.47293592067615 -237.95987635452798 772.0434243325526 
-312.40864724349154 -237.90348001082117 772.0734019432167 
-312.4344383618792 -238.95328117950515 770.7353365957345 
-312.7945115031423 -239.82789183462697 771.6977117536802 
-312.83394822733453 -239.97452395710386 771.7165828150872 
-311.6982310111278 -240.08713106545358 771.8234986744657 
-311.7366293344252 -239.88663619004646 771.8035915869683 
-314.70290937513937 -240.16379050030557 773.2274529186035 
-312.9594156382356 -239.13666593549925 772.5660338661665 
-317.0422221087402 -244.53431280500982 770.2845025188295 
-319.27067700786773 -242.219236524461 772.0654953504126 
-320.0987725971594 -243.79856981318156 770.4912577188982 
-320.661666183757 -241.33323150003162 770.8532763288481 
-320.6177536172608 -243.52606966314406 769.7516782443736 
-320.5007926785224 -244.0763264149368 767.4009198112919 
-321.1577198601267 -244.46206917950298 771.5547219140803 
-323.8232057112294 -244.63247114223535 772.6691125087401 
-325.27623826363 -244.8440441165461 771.733008577218 
-322.3433259583158 -242.08162197859474 771.3173271313407 
-321.5061506189854 -243.19142403396546 769.9789482625661 
-320.959680780263 -242.94620580776436 770.4438872950581 
-321.82376950103355 -242.20045491129682 769.6112813895841 
-321.1946928832487 -237.0047697075965 770.9567462747012 
-322.11441791756056 -236.95720751030535 770.8574522839426 
-323.26459944576465 -237.74061802223596 771.2180507980767 
-322.1804136589653 -237.06612292891015 772.3326186285616 
-320.5554886794657 -237.519646986427 772.353363581262 
-316.9775483739692 -234.63273454947492 773.1069555352892 
-315.5834805413895 -231.8650787326362 773.0456065277043 
-318.877024212607 -234.36066947342533 774.148605752195 
-317.53426294168014 -233.28719499282974 770.4658609188422 
-320.38176452343083 -233.66718117419035 772.406793459399 
-320.2192031026844 -232.13231610350374 772.6265189180552 
-319.16166535326755 -231.5803792750021 768.8493139268392 
-320.56270782119856 -229.5504997108491 767.4048839777198 
-320.7421092978648 -231.00015746320793 766.947022149164 
-319.9617643505623 -232.3612357806223 764.9626977110458 
-320.616430117192 -233.91505242600564 765.7011857744365 
-313.9692596666346 -230.5426364323787 767.4397052055859 
-317.29208175114127 -229.42713864366686 767.8882545018608 
-318.7671513299407 -235.90380406105933 764.3217218531656 
-316.2513771264657 -237.7714258662791 767.0437031458295 
-315.7389101937102 -238.28772769307224 766.8866014891772 
-315.7811183646159 -238.21343454641695 766.8749845411483 
-315.9298989609023 -238.14107008917142 766.8926721372825 
-315.9676349605953 -238.10643603679307 767.4407092329708 
-314.9603717693675 -237.00094184886677 770.6039075162945 
-315.95961861357387 -236.3931203010979 768.6639796366593 
-314.3842203406496 -236.00671853156132 767.2295830380314 
-315.05919470654374 -235.69563225359659 767.8011568078924 
-316.25324281636074 -234.74897359936838 766.5068035905812 
-317.29624013684105 -234.38416563379624 766.738881552915 
-313.9836357984625 -229.73490001991618 765.6448259507457 
-313.805889276569 -228.6383511379009 766.3629939023799 
-311.2440797848679 -231.24120850813318 770.986977557561 
-309.78444799273774 -232.03239589101463 771.7762175868994 
-310.6350157335715 -233.90937197682533 772.7782519562451 
-315.80602201541143 -233.3095714390193 772.2597634007429 
-315.4915816229542 -233.25006760314164 772.306861432086 
-315.7406486104096 -234.4567559834945 772.1854059375135 
-315.8937550896593 -233.76467362807279 772.666799042746 
-315.7025054072523 -233.565003087332 773.0110217303921 
-313.9143973996923 -234.40517202296797 770.7613169994765 
-314.9463124071437 -234.8281807068279 769.1124279526521 
-315.3325052136164 -233.6560368890189 769.2955156442408 
-315.30702891168215 -233.67786247503327 769.2227226858461 
-312.56306859372535 -231.70877874234702 767.5895665270289 
-317.413963675504 -230.25864263321566 766.4906652762801 
-316.3315100307093 -229.4359109499569 768.0626938765504 
-315.8629057795587 -228.3871772839253 767.3287675462624 
-317.7782316518783 -226.74973109899457 766.8352765621324 
-316.2036221173074 -225.62478475808408 766.7074074978121 
-312.94957876059084 -219.55278628992517 764.8319816782473 
-312.90836741908544 -219.5284021298278 764.8455727686243 
-312.86390578896646 -219.31937082586307 765.0599768100645 
-312.69902945708577 -219.385849356442 765.1506176283643 
-312.69557052131887 -219.2332853519005 765.7299542214216 
-312.5569598299551 -218.62833043521906 764.8149777087435 
-311.40830856409644 -218.99041230592334 764.2711884237447 
-313.2121438682103 -217.13338017614734 765.1131568272491 
-313.7781297552639 -215.28737706490836 764.8458464915004 
-313.191029470729 -213.75316560401689 764.327048810249 
-313.02991116233324 -213.7008218620042 764.345192862451 
-313.06646794685287 -213.78735557974576 764.3498565489849 
-309.75470048428406 -212.52171622921065 764.1120128850798 
-309.42798589454344 -216.4036453301645 765.3502983504846 
-307.1555231836733 -215.96561871903594 762.6577136812494 
-308.55116526778505 -215.87583633689337 762.8278149273432 
-307.8633771220098 -214.8330139709761 766.2508826620809 
-307.4650765383854 -215.15601005894294 766.521131236226 
-307.68326137080834 -215.11618069144853 765.8318775955158 
-308.4082022956563 -215.53315808646477 765.6857755345741 
-311.0258666828866 -213.63259507371646 765.4541431177788 
-313.66068845391135 -216.08670694701306 765.8749514054123 
-313.9973034865729 -215.05124655862133 766.2512039712909 
-309.3114530984655 -212.8952860902814 763.5718333002567 
-310.1661685386852 -215.55091547402586 761.5878697340887 
-310.15672983362396 -215.40654181015216 761.4334350366024 
-309.3909080766471 -218.58183054879777 761.3254052277175 
-308.7776297821006 -214.67783190058086 766.4014980139162 
-309.6917626170474 -215.17435842763484 766.0866113397109 
-309.4187943600031 -215.26135594919575 766.3802770060385 
-309.7972969560915 -215.00789158458235 766.6062033617002 
-309.3950974799641 -211.18115691111458 765.8938545196396 
-308.2652358593417 -216.59954019151033 768.1498920545628 
-308.6503321034261 -216.09591281057746 769.7566363526555 
-313.5782810635324 -216.2622714620544 771.091363378419 
-314.2935106559773 -216.9649454516852 771.9612591269488 
-312.333088605779 -218.95791841511286 768.9009634583855 
-307.4169108194218 -217.55417679576462 768.8950873299183 
-307.2044402223317 -216.39098661494717 769.3882521105705 
-307.6831374054196 -217.30417195560332 768.9231024097285 
-309.5594996060367 -214.92735607991162 764.7701413704787 
-309.5821986223244 -214.61643163901368 764.8741845953316 
-309.58742965313985 -214.90175014849092 766.4259558333459 
-309.7653897055687 -214.8756444480951 766.2978512946888 
-307.8056263684215 -217.0134951244516 766.8818994532494 
-308.03118437541235 -217.16463182306376 766.2486730115389 
-311.28460974364964 -216.58169753458196 767.8038357383887 
-311.7261884827176 -219.8193134052951 764.9533161698672 
-309.9752277096802 -222.25663288053295 762.5257435910512 
-310.08058176595694 -219.62420292319004 763.5559859053252 
-313.6024097273419 -218.1140192762866 761.9152415271981 
-313.2681894203399 -217.11055457725254 762.1199372862122 
-313.273456501027 -218.4173586686526 762.7095623547707 
-312.7470702877619 -218.19822887821488 761.9124705279576 
-313.3603984362855 -216.84657668797638 761.2747067650332 
-312.20013204866063 -217.18948406153967 762.380270875119 
-309.3979891828928 -218.19098117040446 765.4296970073868 
-308.2030497203028 -212.18099853963346 766.7690327141845 
-306.2717398691633 -210.04945854167303 766.7285302912262 
-305.8196537318747 -208.92913661617163 766.2913785816297 
-304.40978133965046 -207.29284999363878 766.0486065782553 
-304.3784303948399 -207.65396671371875 766.8524847693848 
-302.44235796380894 -205.10026962947927 766.3907547703702 
-301.15103329292714 -206.3235936488664 762.6713639187026 
-304.37759583808617 -206.16288826267237 760.4140484388004 
-304.4249203642282 -207.05017183075947 760.9544010186175 
-304.39620977441956 -207.0498228141107 761.1349809620277 
-308.54389374166016 -202.6907230960292 759.3689520356999 
-309.2283737054305 -203.0466536240311 759.3050332446292 
-308.22764632876226 -202.93844665581375 759.357040049222 
-306.60829590739377 -203.832104516838 759.87121641377 
-306.7642576013059 -203.3450722542229 758.8391731134789 
-307.06130482308566 -203.29810548352737 758.8056976883815 
-303.94950331988065 -201.34191843301974 760.0039600492604 
-303.72287817338486 -201.37805145069598 759.991482593276 
-303.1073848175874 -204.10978920297185 753.3334451361096 
-303.35289654229626 -204.8750042952923 753.8042874962796 
-299.47132509400956 -208.29745737641852 752.3869362126754 
-299.7772714684676 -208.2368203329537 752.2240903838589 
-299.7015267418851 -208.19052027703813 752.285366905354 
-298.9330646079378 -206.2921959594576 753.0850057296275 
-300.3194801969528 -206.647241307237 752.2826219283064 
-299.8564563452589 -205.14752399111782 750.555192280385 
-301.31644005363023 -209.12497824702785 750.1290260316446 
-301.2928569312592 -209.21329187579482 750.3020368108569 
-301.753878830269 -208.83912992181806 751.44779270393 
-304.12929193044846 -204.16817945769668 750.1962806203231 
-305.76845098817694 -203.16137076448885 749.987596156217 
-304.8464607530628 -203.58265693804563 749.6942435491055 
-305.129160370821 -204.349064639188 750.4622795850602 
-304.6892650434161 -205.4180226870577 750.5297233549653 
-303.63983785843936 -202.94654500369637 749.9491903947163 
-306.1662133824201 -206.680062415106 755.622598138725 
-306.89505025548823 -206.24124403142358 754.6007791292107 
-307.00579276155275 -206.20801152654025 754.7271974220712 
-306.479890158045 -206.0695065822436 755.4084230991956 
-307.047864775003 -205.40940772880637 756.8535032193475 
-303.7412801845288 -208.544740994028 753.7688978267639 
-302.5926746565495 -206.82288559578873 751.5412101160414 
-298.7279234748263 -210.5468937830594 750.3524829183181 
-298.77466465872084 -210.72779194703992 750.5085525887732 
-296.50002220996555 -209.0561920240244 749.9430798334255 
-298.57112955063775 -209.4736790814081 749.8973890861798 
-296.5057320187673 -209.744201197882 748.2820863464539 
-299.69128808942537 -207.12730953379688 751.051321191064 
-296.2809493833761 -212.07380536862092 752.2467420315425 
-296.38076178723156 -211.94034229580686 750.3636493193358 
-296.67801722476383 -213.1983138186509 749.5786620208555 
-300.17863679608445 -215.71830667939136 747.8984568250206 
-302.43932282168026 -214.46365990978344 747.1106904210836 
-303.8334421813051 -214.13825116153114 745.4547826976911 
-305.9600657698318 -215.78581499418294 746.030854059606 
-306.3030840428298 -221.57135777255556 745.0999059839951 
-306.8750085575607 -219.9397206387569 746.0509210796793 
-306.28974727369615 -218.7447024990564 748.6805826610697 
-310.00874634487354 -217.5334238082804 751.0653941592798 
-311.08894622189166 -214.63957655417 751.5715038493081 
-311.9460301762592 -215.7582084507306 751.6194146759085 
-312.12587035275214 -222.31099361128415 755.2221436389688 
-315.0830215524943 -221.10033650286127 756.2547805741549 
-315.2960052706441 -220.04626081056514 755.8004322297248 
-314.2530012083371 -220.9841051573567 755.6893954388192 
-314.1848926371943 -222.8399229619233 750.8459355096498 
-314.1720948624796 -222.96187858724352 749.8052262404814 
-314.32941975691523 -227.00622115625978 753.0439186538327 
-314.69031512288126 -226.05194926212639 752.7890351540556 
-314.45355955634443 -226.06831221435593 752.5530703138787 
-314.43117597214064 -226.64281905626748 753.0007201472616 
-318.41783423318657 -230.76088934566064 752.6062676118256 
-318.6533961263988 -230.49480176900843 752.5596247721942 
-316.94198463176656 -225.76587061084425 754.9504547290486 
-316.195111536995 -227.7589596084214 753.2035628686365 
-312.93251218374803 -222.91603264251833 754.1846000367248 
-313.1272748220736 -223.19847160375937 754.3183700094164 
-311.5394258221359 -222.74066981019413 758.432421551119 
-312.6006777982902 -222.28716966190348 757.7349694543457 
-311.7186436843836 -221.38798306185564 757.3219048484348 
-314.27491029284164 -220.5103809944032 758.5017463321873 
-314.0781786314593 -221.77286937505755 755.2361919143253 
-314.08754666953416 -221.75379611760235 755.2200688733069 
-315.9815873431693 -217.89033173629124 754.2838802536231 
-314.9526416282835 -217.8981486122841 757.079688204003 
-310.865431697468 -215.6445868189152 755.6544259646953 
-310.87883769502525 -215.63953032757013 755.6717411448996 
-310.46692121956477 -214.5235093119449 755.4951708017188 
-310.74706285035467 -215.0208987243168 755.8884820811436 
-309.8316396235505 -213.10226611580148 755.0339363117183 
-309.5081971623382 -212.96362541760053 755.2637458627723 
-310.79781727563886 -212.28131067740074 756.2986926906891 
-311.29315398021777 -212.85997093624405 755.7772364191306 
-312.54881204326136 -211.25687476209367 757.1290976286007 
-310.4760031128341 -212.28606851806393 757.261886975097 
-311.1793725405368 -210.79221995002732 758.8210174166211 
-307.56430919272594 -207.77667874463856 754.9592720534332 
-308.9897489357866 -206.9997334004278 754.7398502923824 
-307.6386935324483 -205.92724361333003 754.4128153847739 
-305.04357101011715 -210.2214735663833 756.0429902958648 
-304.50682036555463 -211.19092449647312 762.3179617597657 
-305.73439090925285 -210.21881280131507 762.4998468464804 
-305.59669367480444 -209.89017960079013 762.7318492212916 
-305.3094964872297 -207.888060954292 762.7538237530047 
-303.49501128242343 -203.9966570600637 767.2789953812916 
-303.73982443885046 -203.87337693403023 767.1684969661037 
-300.7161505365376 -200.0775611934451 771.7898173238602 
-302.0487398759474 -200.33037808033149 771.4775890032998 
-301.26101029478633 -201.0962704236127 771.116500981985 
-302.73401564150333 -200.8720356224526 772.082180532599 
-303.9749073753325 -200.53161948390874 771.950441136884 
-304.08025725987204 -200.75450842851038 771.9391744069162 
-308.01570192479085 -199.69344217936768 769.1647599093252 
-311.46848594033247 -199.5866371416402 773.6887678962031 
-313.01670826607807 -202.32647287660262 775.8182083843503 
-316.2152459420832 -205.03244603037888 778.0697217280012 
-315.84249354071176 -199.65185667219774 779.5564486165538 
-317.59404639781127 -200.16770251496368 777.8995493867193 
-318.22181493774076 -200.02175921175558 777.549654233146 
-315.83777837008176 -198.40507690834346 778.0655522484981 
-314.1008286918513 -200.88345742881933 780.2517053756576 
-311.7163018673098 -198.84208145442878 781.3656273701671 
-311.3677136696735 -199.34677486065908 781.0464773402143 
-313.8523679262454 -200.0862552772945 785.262289027944 
-315.86625380114106 -201.82174625660608 784.05706616987 
-316.6675795573251 -201.84855347365846 788.0643926573402 
-315.1145640825702 -203.63093895744197 788.4719925427047 
-314.7480790817473 -201.02622426976134 790.2958024667234 
-313.81383473616125 -206.45543158493723 792.1375423766501 
-309.81394901956884 -204.97661647253773 791.9401259148967 
-309.72484781793673 -205.61531452167952 790.9918900022293 
-309.72901571696235 -205.6395905332049 790.9989002101061 
-310.49024796187445 -203.7974306982086 790.9912927065461 
-306.61575246868176 -202.38869251854467 792.9799475546328 
-311.22923430727485 -205.93177501747567 792.024023765587 
-309.6929020234461 -208.23505536940922 793.0148838236872 
-311.99521832017047 -206.08226540966203 789.7026687231388 
-312.48817696197654 -206.22996223283496 789.3592761376555 
-310.30608388913396 -212.8165691528353 786.014048860562 
-308.5278373492371 -214.56047329304698 784.8118281543221 
-307.7990182319234 -215.69608531587625 783.3853723072477 
-309.3614043748363 -220.3704287270974 783.8720220214026 
-309.8264279040048 -221.8486309040902 784.6915309032144 
-303.4502763617069 -226.50472316656285 784.1531493576654 
-303.87515916900367 -226.4567773262844 784.4601680282647 
-303.9591885493332 -225.10684635686715 787.5511472955733 
-305.51697245707186 -230.46322701959718 786.8556609941573 
-305.959824398999 -228.53130240366232 784.4670762780324 
-304.8197370877012 -227.44251173404456 784.550247352595 
-305.7224542620437 -227.87578608919745 784.9054758950315 
-305.09157992441425 -228.46062287750786 784.4132059758957 
-306.43999070730905 -228.9018071737249 788.0585407697475 
-304.85166940619337 -227.8559159559841 787.8243002597361 
-304.5906805841088 -227.09042994560525 788.6314114682016 
-304.54882480129515 -230.29498427927837 789.9282326452619 
-309.12862670694483 -229.58967655719175 789.9772439318854 
-307.3824651395913 -222.1068468690198 788.4153214977496 
-307.5645702812721 -222.1026471573596 788.3072389229058 
-308.672973358708 -223.9275190844926 790.0957991735369 
-310.79151474097154 -221.75919206706482 792.687627630266 
-311.1428673913615 -220.47138273427805 791.4947951715105 
-310.43160878348135 -220.3764837420598 792.91283774786 
-309.27680199262255 -215.91553680848145 792.6708189566012 
-307.55893765325266 -215.30515559475708 793.8285891089074 
-301.6012913451183 -214.79845803440375 789.6240351279592 
-301.42340338935907 -207.95470627343505 795.5753992297203 
-301.6526997609806 -208.4984424958114 796.0568833600105 
-300.95586286891836 -209.72253677569825 795.9331539504976 
-301.24679070064286 -209.83254398324158 796.2599593035098 
-296.9070532730358 -207.37279291055418 799.280052293288 
-294.4646644393995 -207.67753651031788 798.5923571576523 
-299.1370574242766 -205.0374679332097 798.1709303843562 
-298.14128435108177 -206.85693330317892 802.9883373791034 
-298.16055283175825 -206.840641722019 802.9818708256187 
-297.08755278686584 -211.30916885999815 801.967036265657 
-296.0338809121421 -211.35750532427957 802.335603247538 
-296.94085890803007 -214.87962789196973 800.001998419504 
-297.1045804422991 -212.76184431913123 800.003004068514 
-297.9740391349782 -210.2406289409078 801.0558104623308 
-298.90657105038974 -209.25537017694631 799.8806049898537 
-302.52633257973537 -206.47814636494843 802.4704939024473 
-308.57529360128785 -212.18997818486116 798.3365812986938 
-309.9671017281473 -213.55916530241527 796.5903422531691 
-309.3161991326402 -210.8399252635331 795.1271574606994 
-309.38073004636044 -211.73058958943815 791.3657723053686 
-310.1885124233957 -213.82249228245962 791.3114792626325 
-307.9849343707555 -212.4284369727026 792.4168175114834 
-309.53264692319146 -210.5853611296759 791.1896461588041 
-306.9823326170087 -213.11871717375385 789.9193588380037 
-308.07526209163797 -212.3557771770078 790.0032168069553 
-305.27843962226206 -213.02169480112 784.8413036854846 
-305.6796499951623 -210.65709192322 783.630455739737 
-307.23526314573087 -211.09868907493575 784.6389191854165 
-304.5671408477112 -211.33501937384108 785.1185304686422 
-305.97670966360243 -209.77690191284245 782.9679526675438 
-310.6358049148279 -203.56905021884776 788.1662298667682 
-310.10229828742797 -202.521155332418 788.4908142758611 
-309.2623909961383 -202.95024218114932 789.5460326260215 
-308.33786111824026 -206.13803931539942 788.8613046224915 
-308.0122719547214 -205.280558145854 789.0482263971809 
-307.91416753095075 -207.54011453550675 784.1191525844395 
-307.2313709978213 -206.7426140374344 784.754347511309 
-307.2320924843753 -206.7402677416339 785.6079172817084 
-306.91548564438995 -207.50383064187102 786.439934081938 
-307.5641937433118 -206.64277912514908 786.2754386590099 
-306.80258388650157 -205.7305779565143 789.8962890152001 
-303.9870911034074 -204.4846638111071 787.0326706602623 
-304.9688683195292 -203.99672224168475 784.5016945010348 
-306.7916781282771 -200.11354354862516 785.2265803736104 
-311.90557557097486 -200.18229887087153 784.5391781750312 
-312.5260315669324 -199.02056085587495 784.0939474456728 
-312.93677801552155 -199.16086683131581 784.2603314968802 
-310.20938542412983 -197.51892368274613 785.04548279315 
-310.4674156836165 -197.48562557326852 785.6403368857384 
-309.5621558683449 -195.1727675556193 783.4535805136034 
-308.0735967988113 -193.75878540617433 783.5997982927632 
-304.13913600526996 -191.09072983822244 779.9329903955344 
-308.854253124864 -191.23606976473576 778.9956038236832 
-311.98613443377053 -202.4678280728965 779.3259168882303 
-310.6900621570461 -202.55517161514246 779.5554914263807 
-311.02381657989173 -202.64156732826024 777.6307760161577 
-311.7124869584059 -201.3125598594226 779.1371316522976 
-311.8092232738637 -202.15704619810626 778.6852604878484 
-312.0042355853769 -201.23220195754112 779.8430997067304 
-313.2691529749874 -200.11455926437003 779.0771322825387 
-309.7049177751662 -197.23202546716465 783.0907520576205 
-309.51481383000197 -197.3009967706292 783.0634249045812 
-309.68395248111085 -197.57211718100453 782.1641711636263 
-308.98749766057705 -197.73147327716768 782.2444901244144 
-305.5898017394821 -198.54631010479807 781.5431752048855 
-303.72829106892755 -200.4917680625169 787.0381413839921 
-304.1357983366948 -200.8382826501312 786.6758190862471 
-305.0510760719039 -201.64172860921747 787.5855982734101 
-305.1756183635155 -201.32190380094468 788.0674667564856 
-305.16432807578013 -205.00119426382773 793.1277029299276 
-308.1262082317686 -204.540606816177 792.8660495494669 
-305.8200876951236 -204.03643190073737 793.4091237543998 
-306.88299869325397 -209.7205901973582 791.1346157177733 
-306.8012257851898 -211.0009191685825 790.6188311525352 
-307.5735250686943 -212.14617514848914 791.3820520855489 
-308.5781698097643 -212.31672979002082 790.1868798620568 
-308.8522143599221 -212.31964405873907 790.4177253470483 
-308.7761878900086 -212.38893827500752 790.3841734956146 
-308.78603521647887 -208.04045705706497 791.6819231322371 
-307.8129894689888 -204.00939703733317 791.2847323625845 
-308.5480934999177 -202.8964358222326 793.1685480056525 
-308.91394870173184 -203.24405506789753 794.0095043187174 
-308.18891567613855 -202.6296084209231 791.6699144912592 
-308.26916506017955 -201.42948735187878 791.7793078450983 
-305.92519863407904 -201.71931711100402 789.1158933094858 
-303.138681298553 -200.88603249754584 789.1384360960631 
-303.56419362163024 -201.00734391536287 788.9385887406825 
-304.1935905169458 -201.41357848670188 787.3826628418956 
-303.18550586192 -204.15541659311907 788.3945977447638 
-304.4577840444898 -204.80566599843803 788.4027776764916 
-301.2090630570738 -201.45014427990864 786.9643406827224 
-303.2873265706219 -204.06927103319356 781.2597547747763 
-303.5973671021676 -204.639858517398 777.3769455220613 
-303.1220293988646 -205.22266207303886 775.9321493089418 
-309.4032034738485 -202.86617186839177 772.7333290486308 
-306.5392542685066 -205.11930255086213 769.1960040850588 
-309.3545798346243 -205.87336948980894 769.2916287562065 
-312.48260024814385 -205.80869955535238 770.2829143790826 
-312.5531331618259 -203.78849883846252 771.948210505566 
-312.50960779936224 -203.0459234136585 771.9237282438336 
-315.4134952701874 -204.6799670476018 768.3133997906472 
-314.97036500184373 -204.4672926505631 769.1291892638013 
-309.3002547815296 -198.42394013587074 769.7523310048058 
-309.15729697458164 -201.93884307363197 770.0549974484369 
-309.02512031149104 -201.7597872294591 770.0527360289014 
-305.6697496780852 -205.4316876104231 767.5138896016475 
-305.50716946575636 -205.47475988066182 767.4948123451069 
-301.26000015410017 -204.1496325136375 766.6336679875102 
-302.0865880078941 -204.6511061607689 766.4404405199821 
-301.0362899818523 -200.57180390299257 763.0031791030477 
-305.67190221639714 -201.44905526211306 763.2214020383261 
-305.6604086805591 -201.08737855869353 763.2131177322105 
-303.67203267199807 -203.45020831110924 765.4455066851114 
-305.4003515835884 -204.04948102740434 769.2932223153496 
-303.2600595283746 -203.82438446330113 769.2979002582023 
-301.95851397525183 -202.5188830848116 768.1488904899708 
-303.2121194580423 -202.9208812098751 768.6012099391595 
-304.43366499569254 -204.05556943426188 766.6268044527145 
-307.46107528605415 -202.39330891684608 768.4475617722663 
-306.5150494554947 -203.80684111526406 768.7433160824266 
-307.3429911659863 -202.9886946698822 768.9266100180805 
-306.84343358070413 -202.05432135959907 768.5120256614186 
-306.2083084427172 -201.79693302951506 768.4942363581196 
-306.21101922489976 -201.26458749749298 768.1275828146235 
-305.60492272046235 -202.2418606234912 767.3038980554952 
-304.5059864321564 -202.84043074779723 769.0404666539663 
-302.29761880616184 -203.1996769236942 771.5559825034602 
-301.8592202552032 -203.58273049560088 773.6429695228577 
-301.9143195972598 -203.8068058957021 774.1987862643199 
-297.14065411064774 -205.61003842526634 773.6017682522282 
-297.16310857972485 -205.664364821066 773.5461971014644 
-296.96277810257476 -205.5636964040579 774.2316248648336 
-296.2523518990998 -207.6074599457399 770.630294770812 
-294.84217630972955 -207.80207733441517 770.2553076643354 
-297.6100607281693 -208.5973077354663 771.8151710516398 
-299.27144014814394 -209.42885695300575 772.5827507714265 
-298.0825139647598 -209.83223861279797 770.2657815331108 
-297.6136348012088 -212.65111815100275 772.3521223072433 
-297.9217907377282 -211.8714223071803 771.9758155013237 
-297.15213246812147 -213.84937606901295 779.0120138486953 
-296.71867597464245 -215.45896243818063 779.1605552567917 
-297.2451292349161 -217.6097685432745 777.8857469918225 
-297.26366466464003 -220.17631128347094 779.538854263871 
-297.30506647460265 -219.4734167210808 779.073485086806 
-298.17968263865686 -216.2968538128313 778.6504049008051 
-298.06230319242957 -216.44104628801009 780.7543026682889 
-298.05239898606607 -216.55576399740534 781.4281651601415 
-297.02750296317015 -217.20846180644875 781.3591736716247 
-300.23825121437244 -219.3911096605516 782.0799689575596 
-300.0804082271516 -220.89272551987793 782.0315253449389 
-298.9586286433301 -218.48165315301432 785.8832746627672 
-300.3932218156481 -215.28400951485744 787.6687544946187 
-299.2552480024616 -212.15564388884 787.633088852683 
-298.3680458260689 -212.01290505085385 787.8107420503877 
-299.5092833561469 -213.58531208225426 788.4861665230707 
-299.682744233006 -212.5589640602862 785.3989469964554 
-307.11857057643346 -214.3595876265369 785.1212660984464 
-305.2045316347787 -214.88246091648358 785.0572220999953 
-305.6085042486601 -214.6740239332541 785.046814375564 
-306.3403444591004 -214.91653449525253 785.403905713751 
-306.4331525741511 -216.1656073264372 786.1837434937916 
-307.03881667664194 -217.2837216496721 783.6014496340813 
-306.3228128652084 -212.66273709508482 785.8579459698666 
-305.1468848751563 -213.71319731221675 785.9079720791752 
-301.25448627326944 -210.7363790030132 786.1754092013095 
-300.77296427727157 -210.9952739452918 787.0278355507364 
-300.45955653297267 -212.48253343748272 786.8096077394619 
-302.35317234271895 -211.98507006537892 785.0007902961065 
-303.7469508639205 -206.9746002493057 781.7268436596048 
-309.68897643672057 -210.4626801484603 781.7365994748363 
-308.7526313240908 -211.06546867439795 784.1950380122814 
-308.7769720141618 -209.8897337384323 782.0542531985318 
-308.79173204242977 -209.90602575281702 781.9610879694909 
-308.65723150575405 -206.95918265886772 778.5015151459905 
-308.52307414420943 -206.8121006922467 778.3379046293106 
