2.0299719227643054e-06 2.00281942613561e-06 2.073720687556508e-06 1.902387936065685e-06 2.0806396182214872e-06 
2.0333711637494e-06 2.0050765050648436e-06 2.0758575183253934e-06 1.9051034338270318e-06 2.083343372188802e-06 
2.038074654601313e-06 2.0090757686012783e-06 2.080301606179934e-06 1.909580076238738e-06 2.0880500332560825e-06 
2.0533410789286522e-06 2.023666904050517e-06 2.0948780667767393e-06 1.9244998831558283e-06 2.1029544252500896e-06 
2.0440034270668483e-06 2.0120557298277574e-06 2.0852307343712718e-06 1.9145642632135276e-06 2.094060947705585e-06 
2.0456019580955386e-06 2.013389502846638e-06 2.0867168686741333e-06 1.916073477768611e-06 2.0956481633765585e-06 
2.048345294315882e-06 2.0149724849017592e-06 2.0893017884457356e-06 1.9185369221628364e-06 2.098618633436332e-06 
2.049431891490729e-06 2.0164132719685037e-06 2.0905932546237866e-06 1.919770433594233e-06 2.099766317504196e-06 
2.067736667931852e-06 2.0352019942643393e-06 2.1084998568326424e-06 1.9380745010479788e-06 2.117594191972972e-06 
2.0731659159419545e-06 2.0412166383024306e-06 2.1140719732986364e-06 1.9436863449964484e-06 2.122962181987192e-06 
2.070970711183442e-06 2.0394885491349133e-06 2.1129105176176175e-06 1.9419528048465816e-06 2.1214812466969703e-06 
2.074955986533681e-06 2.0428471160902352e-06 2.1166002941284824e-06 1.9457159598823058e-06 2.1254153601722834e-06 
2.0752739761369575e-06 2.043218207437954e-06 2.116975565942849e-06 1.946066118843701e-06 2.125764595063068e-06 
2.072122033848391e-06 2.0392031638086967e-06 2.1133702985018916e-06 1.9425704926028354e-06 2.1225020547162905e-06 
2.0649353500614578e-06 2.03323383867094e-06 2.107341874769753e-06 1.9360279116657254e-06 2.115900444772138e-06 
2.068599144607575e-06 2.0367286527296842e-06 2.1108895040023717e-06 1.9396252113894692e-06 2.119520564249296e-06 
2.0690106483360617e-06 2.037417833951478e-06 2.1114464708909538e-06 1.9401459868421837e-06 2.11996722758855e-06 
2.063464515194488e-06 2.0319781540457567e-06 2.1061459784162915e-06 1.934696391685455e-06 2.114591348966818e-06 
2.0670621801050928e-06 2.0359399430310357e-06 2.110249009217021e-06 1.9385605560996962e-06 2.118497109983367e-06 
2.0841995973618957e-06 2.053823885355672e-06 2.1257231043713653e-06 1.9552891488757945e-06 2.134024063635962e-06 
2.0842202664272577e-06 2.053818503608028e-06 2.1257239679132324e-06 1.955297432383e-06 2.1340363380159667e-06 
2.0931353682184467e-06 2.0621038900330555e-06 2.133425191399864e-06 1.9636720876365876e-06 2.142138866467366e-06 
2.102747881239467e-06 2.070765719585991e-06 2.143253788384496e-06 1.973192685115476e-06 2.1522269048819676e-06 
2.101841092066279e-06 2.0707866256822967e-06 2.1416422510771956e-06 1.9722213089704784e-06 2.1504469420783163e-06 
2.108110601013102e-06 2.0758079144777874e-06 2.1476327231335184e-06 1.9781524159410145e-06 2.1568721557029996e-06 
2.1026558121310707e-06 2.071474720403722e-06 2.1427923013858565e-06 1.9731312061179397e-06 2.1515797716724665e-06 
2.104531604219949e-06 2.0733512953612464e-06 2.1436588631724846e-06 1.9746543141008312e-06 2.1526166888149214e-06 
2.0950440669048614e-06 2.0636935098046e-06 2.13420715574412e-06 1.965120439840421e-06 2.1432101298843696e-06 
2.097868261423316e-06 2.067219725773572e-06 2.138302744424168e-06 1.968547044141242e-06 2.1468741661562575e-06 
2.096479423263136e-06 2.0660139675061638e-06 2.1369933218938127e-06 1.9672206861721292e-06 2.1454943949201258e-06 
2.092630653265909e-06 2.062432834689074e-06 2.1330759572665573e-06 1.9633931164245953e-06 2.141505032134563e-06 
2.0902392277679527e-06 2.0626657303704695e-06 2.1336372882038045e-06 1.962597789186424e-06 2.1407549453614076e-06 
2.089776270964187e-06 2.0655474490308642e-06 2.1357775892801086e-06 1.9637821384585086e-06 2.1414194493693577e-06 
2.0897619629689296e-06 2.0656884811963334e-06 2.1357643684817155e-06 1.9638015046554384e-06 2.141357776686142e-06 
2.0874318077895596e-06 2.061607893544363e-06 2.1320550206611535e-06 1.9605934111033595e-06 2.138423348730475e-06 
2.0905574504524176e-06 2.0653834845185586e-06 2.135761688871166e-06 1.964074945023993e-06 2.1418310393818467e-06 
2.087356736847829e-06 2.06214376974906e-06 2.1329087252174445e-06 1.9609837443722183e-06 2.138931347230348e-06 
2.0874862025602954e-06 2.06231129550852e-06 2.1335672214605163e-06 1.961313932971745e-06 2.139489186897541e-06 
2.0808004666858386e-06 2.055276549085207e-06 2.1249743262226894e-06 1.9538473806480765e-06 2.131324050337306e-06 
2.0780148492767373e-06 2.052503250027672e-06 2.121542327992694e-06 1.950826049883516e-06 2.1279963742500996e-06 
2.0779661761838993e-06 2.0525272828620406e-06 2.1214439027481647e-06 1.9507751634276765e-06 2.127883703033593e-06 
2.06652687997777e-06 2.0416252306871655e-06 2.1092535581115265e-06 1.939156397420073e-06 2.1156508035574505e-06 
2.0744131938764346e-06 2.046993040112343e-06 2.1137137780141704e-06 1.945316908192797e-06 2.121470441345203e-06 
2.0721130872046793e-06 2.0450325301669374e-06 2.1114889921808563e-06 1.9431108365590862e-06 2.119127066042957e-06 
2.0731286069949566e-06 2.0460496694610774e-06 2.112512024168879e-06 1.94413194908976e-06 2.1201484800081704e-06 
2.0724136117882215e-06 2.0445914627261262e-06 2.110808046053106e-06 1.94291185962119e-06 2.118841668950854e-06 
2.074096797755645e-06 2.045851990167641e-06 2.112178542097782e-06 1.944399944329011e-06 2.120396387841133e-06 
2.074047284184807e-06 2.045820511973763e-06 2.1121476270589126e-06 1.9443606142470444e-06 2.1203567317223708e-06 
2.0808845427963565e-06 2.0521084048953102e-06 2.1182134310171397e-06 1.9508316094736183e-06 2.126724072539755e-06 
2.081293173854337e-06 2.0516671130557066e-06 2.1173991406954607e-06 1.950639737902849e-06 2.126379787313954e-06 
2.081402418267283e-06 2.0511784491096827e-06 2.1169912987690502e-06 1.9504442526292917e-06 2.1262448434793323e-06 
2.0724079263485507e-06 2.043001503027024e-06 2.109070331208747e-06 1.9419685895308267e-06 2.117887705924883e-06 
2.0813782799287227e-06 2.051779453281425e-06 2.1178178896330155e-06 1.950844558770148e-06 2.1267339465644606e-06 
2.0825659039836863e-06 2.0529484909560696e-06 2.118655930867418e-06 1.951912209126462e-06 2.127636767536712e-06 
2.0890565618641683e-06 2.0605107722298226e-06 2.1255516658548798e-06 1.9587907713575867e-06 2.134132039980934e-06 
2.074665424962632e-06 2.045637439183737e-06 2.1120837717184895e-06 1.9445725219895604e-06 2.1206567060044153e-06 
2.0747851150209733e-06 2.046080859302825e-06 2.112134591925607e-06 1.944739040766827e-06 2.120618497292212e-06 
2.0704288959065396e-06 2.04187629674885e-06 2.1076691458563765e-06 1.9403671022602576e-06 2.1161236009779944e-06 
2.0716628755634553e-06 2.0432632500733063e-06 2.1083309058466814e-06 1.9414428055227755e-06 2.116834149312975e-06 
2.080330278039938e-06 2.0516500373488214e-06 2.1163819584441017e-06 1.9498623293213344e-06 2.1250773955469703e-06 
2.0799521862007023e-06 2.051350557889324e-06 2.1159269817036636e-06 1.949474562263541e-06 2.124610817902922e-06 
2.0844610409555436e-06 2.0565082171861725e-06 2.121035129927696e-06 1.9543406594017637e-06 2.1294169880777366e-06 
2.0762033729255445e-06 2.0476070493483374e-06 2.110813435375141e-06 1.9452593566137577e-06 2.119724344749582e-06 
2.074698311006612e-06 2.047670771985755e-06 2.1122375954381633e-06 1.945084674431642e-06 2.1201678998829926e-06 
2.0648028432459156e-06 2.0404324887530297e-06 2.1041949022671424e-06 1.936388910994831e-06 2.1109853015913236e-06 
2.0659528800206743e-06 2.039298595716715e-06 2.104677610508437e-06 1.936803714235447e-06 2.1122915085815108e-06 
2.0625552287402434e-06 2.0360630265312296e-06 2.1017507496955274e-06 1.9335946653678914e-06 2.10923470609649e-06 
2.0642464356514823e-06 2.037707341302319e-06 2.103482109985448e-06 1.935293826023036e-06 2.1109741596134104e-06 
2.0641369262019083e-06 2.0375269630196377e-06 2.1033447931099356e-06 1.935158865429755e-06 2.110863544918099e-06 
2.0682118109990993e-06 2.042138463837806e-06 2.1073247260026934e-06 1.939330201353461e-06 2.1146929727651657e-06 
2.0720459382576253e-06 2.0452715891345066e-06 2.1106367659523314e-06 1.942840305542855e-06 2.118311377419289e-06 
2.0601983469281786e-06 2.0325200853876014e-06 2.097890222684125e-06 1.930455163937365e-06 2.1059953189891126e-06 
2.0595367451974643e-06 2.0316935325760466e-06 2.096716085219575e-06 1.9295808314281994e-06 2.104958497378717e-06 
2.060722907478048e-06 2.0322605546470403e-06 2.0971174856679837e-06 1.930367606030514e-06 2.1056845501472407e-06 
2.0604686736974763e-06 2.0311594391010126e-06 2.0974769413238007e-06 1.9301373484081304e-06 2.1062040540423274e-06 
2.057897219163775e-06 2.028637037454918e-06 2.0950295193877546e-06 1.9276121984926716e-06 2.1037201172647786e-06 
2.0562771934186357e-06 2.0272346365485226e-06 2.0947685979877803e-06 1.9265032289479704e-06 2.103162638695804e-06 
2.044481976172029e-06 2.0155436505528857e-06 2.0825447096778574e-06 1.914550748256257e-06 2.0909766581482763e-06 
2.0439819418862136e-06 2.013964388762152e-06 2.081293537946916e-06 1.9135591680888333e-06 2.090186871011843e-06 
2.0446639563325144e-06 2.014009274606171e-06 2.081331303005211e-06 1.913885545609099e-06 2.090530983584678e-06 
2.0388301466986537e-06 2.009373648842506e-06 2.0758230360556024e-06 1.908404247678359e-06 2.0845950291719007e-06 
2.033112016711404e-06 2.0015839997031704e-06 2.0675594573736695e-06 1.9013591289646673e-06 2.0774023472792756e-06 
2.0352711377958802e-06 2.0048091114866843e-06 2.071275394581078e-06 1.9042814458439259e-06 2.080525448080973e-06 
2.037538139146654e-06 2.0058169655991377e-06 2.0727563582137625e-06 1.9060179096000713e-06 2.0825299646805976e-06 
2.0404804116100945e-06 2.0089379215098276e-06 2.0759598533333617e-06 1.9090951538817975e-06 2.085634491196555e-06 
2.038715046985337e-06 2.0077636592651955e-06 2.0752116536043693e-06 1.907799042369826e-06 2.084531147337243e-06 
2.034446239455507e-06 2.0021028685261016e-06 2.070113031881642e-06 1.9029402425941564e-06 2.080003284946265e-06 
2.0383462841862988e-06 2.005352669331857e-06 2.072704821311338e-06 1.9062667099407935e-06 2.0830181573224687e-06 
2.043992932634259e-06 2.0107346855016294e-06 2.078104644461299e-06 1.9117889099246554e-06 2.0885426942029843e-06 
2.0368938534276334e-06 2.003729331538133e-06 2.071028773065898e-06 1.9046983750063475e-06 2.0814325772409686e-06 
2.0448592453563446e-06 2.0106840366630068e-06 2.0779021117982915e-06 1.9121028347148985e-06 2.088805055187599e-06 
2.040879936181122e-06 2.0068933364228636e-06 2.073869664205953e-06 1.9081343660578286e-06 2.084722413101257e-06 
2.030006942452011e-06 1.995535492959563e-06 2.0624086538549606e-06 1.896932113314717e-06 2.073509000798369e-06 
2.0224292547288874e-06 1.9879206734549045e-06 2.055727973638817e-06 1.8896298982130293e-06 2.066686713094798e-06 
2.0182706769679064e-06 1.9836164362001258e-06 2.0519336114739732e-06 1.8855540371605388e-06 2.0628750249212684e-06 
2.0179728830924727e-06 1.9833401478584672e-06 2.0516021541526764e-06 1.8852483660770303e-06 2.062542551245488e-06 
2.0283411551833407e-06 1.9935153139676378e-06 2.0627977733929473e-06 1.8958889306633411e-06 2.073659910734655e-06 
2.02769928476811e-06 1.9929628880713006e-06 2.0620554564491578e-06 1.8952290330289527e-06 2.072906804960394e-06 
2.028913486465277e-06 1.994105194088242e-06 2.063185746236831e-06 1.8964029403502086e-06 2.074073766486558e-06 
2.0299094753484596e-06 1.9951522328891215e-06 2.064146270208072e-06 1.8973998744085483e-06 2.075024692542284e-06 
2.034790435845814e-06 1.999655346361142e-06 2.0689672704650207e-06 1.9021961293674812e-06 2.079973649694726e-06 
2.0309899378190283e-06 1.993737434854882e-06 2.064391726875033e-06 1.8976917001446383e-06 2.0761829525321913e-06 
2.031591939525595e-06 1.9944814774091992e-06 2.0650537027892152e-06 1.8983443238235848e-06 2.076791024782191e-06 
2.033959126265525e-06 1.996563400228726e-06 2.0673739669506265e-06 1.9006448851894226e-06 2.0792078058511374e-06 
2.034983429360707e-06 1.9975988206385202e-06 2.068815844975903e-06 1.9018188325117556e-06 2.0805756061882063e-06 
2.0277203757743596e-06 1.9899584534913866e-06 2.0629273243577975e-06 1.8949433235874582e-06 2.074568546556287e-06 
2.0231071398157494e-06 1.9843412317120116e-06 2.056841799296994e-06 1.8896062169732192e-06 2.06904158496735e-06 
2.0445583740791466e-06 2.006761629609958e-06 2.07818360601472e-06 1.9112659046277037e-06 2.090107707067905e-06 
2.0448395231750646e-06 2.0073116087436945e-06 2.0784149894487957e-06 1.911583615700792e-06 2.090264623043935e-06 
2.0451361084569254e-06 2.0077802089693596e-06 2.0784518263733726e-06 1.9118252433694845e-06 2.0902924842807177e-06 
2.0462928547595153e-06 2.008873515765507e-06 2.0795547156784625e-06 1.9129538304315287e-06 2.0914243365668753e-06 
2.0482621394919787e-06 2.010813805446823e-06 2.0818738664167053e-06 1.915043588589187e-06 2.0936934824504265e-06 
2.057220760221147e-06 2.0174852597739736e-06 2.0907373190877582e-06 1.923546944379202e-06 2.103280376060118e-06 
2.0538737530583774e-06 2.0143448949519684e-06 2.087395211579465e-06 1.9202325717387126e-06 2.099873039484265e-06 
2.041034862693779e-06 2.0019043184481084e-06 2.0754023508560385e-06 1.9077335196747186e-06 2.08761079342975e-06 
2.0385970716319255e-06 1.99895893766549e-06 2.0717134069235896e-06 1.904753094376114e-06 2.0842904664569874e-06 
2.0474221346618475e-06 2.007180350406664e-06 2.080747861981986e-06 1.9135591847509654e-06 2.0934771639455897e-06 
2.052897100121027e-06 2.0135259368754843e-06 2.0876919472007587e-06 1.9197318497305064e-06 2.0999043962721685e-06 
2.069018435135219e-06 2.0305608049810533e-06 2.103679119208363e-06 1.936022666496775e-06 2.115636332394326e-06 
2.064169816721344e-06 2.025241682771441e-06 2.097223808119739e-06 1.9305085672457245e-06 2.1095980925446044e-06 
2.0665974427552363e-06 2.0269267436958195e-06 2.1003439469021354e-06 1.9330409406509586e-06 2.1128299577345576e-06 
2.065830253227298e-06 2.0262677765003606e-06 2.0999896422270914e-06 1.9324376465495e-06 2.1123719176672544e-06 
2.065836232842747e-06 2.0262808712655844e-06 2.100006314626459e-06 1.9324487659512477e-06 2.112384580640309e-06 
2.0656320951346704e-06 2.0243405958168657e-06 2.09874094354518e-06 1.931541832068619e-06 2.111834379010444e-06 
2.058025660729269e-06 2.0167403883570634e-06 2.090553452309026e-06 1.9237129327806614e-06 2.1037422413897873e-06 
2.060856393842593e-06 2.0198433454208345e-06 2.093046772195194e-06 1.9264847043301774e-06 2.106209847067463e-06 
2.051186495751799e-06 2.0100697826743957e-06 2.083677841254959e-06 1.9168750780887668e-06 2.096819408618779e-06 
2.0495221848686997e-06 2.008699239692023e-06 2.08431342840522e-06 1.9160740112115516e-06 2.0969724237226487e-06 
2.0559593395806113e-06 2.0144790588762395e-06 2.0909518985072005e-06 1.9224785502201503e-06 2.1037800882227034e-06 
2.0611272061121123e-06 2.0187704787962104e-06 2.0956330519780817e-06 1.927325108358059e-06 2.1088147028745905e-06 
2.049323611445715e-06 2.0060379676611665e-06 2.0837873468293985e-06 1.9153084384744846e-06 2.0972584384254947e-06 
2.0482651343978292e-06 2.0049089268013275e-06 2.082595155498903e-06 1.9141864147252164e-06 2.09611047888053e-06 
2.0456922939345565e-06 2.002482628268339e-06 2.079995577662969e-06 1.9116235265837082e-06 2.093469886397803e-06 
2.049218804008201e-06 2.0060346011342496e-06 2.0831859751089368e-06 1.9150430423185656e-06 2.096710755707336e-06 
2.0501599481941864e-06 2.0072112158613988e-06 2.084284979519267e-06 1.9160857158730882e-06 2.0977107646119054e-06 
2.0506764282544645e-06 2.0077601064721933e-06 2.0847892614782774e-06 1.916605015017687e-06 2.098207307576778e-06 
2.0493709296370417e-06 2.0063864115722943e-06 2.082751702251265e-06 1.9150221165232233e-06 2.0963153748607674e-06 
2.046407823448479e-06 2.00391013064746e-06 2.079860829441885e-06 1.9121658829404694e-06 2.093261958302681e-06 
2.040304059348958e-06 2.00012573832552e-06 2.074551095472057e-06 1.9067590481651907e-06 2.087102426595043e-06 
2.0405446190079002e-06 2.000339326317706e-06 2.074777001382529e-06 1.9069899685544908e-06 2.0873391807280953e-06 
2.0399544923685407e-06 1.9996664796153124e-06 2.074146650604128e-06 1.9063684586871555e-06 2.0867409965594584e-06 
2.0379202006883053e-06 1.9989493512770586e-06 2.0737530304452133e-06 1.9051605481855968e-06 2.0856623777521157e-06 
2.005786052992708e-06 1.9674203687344358e-06 2.042769258353726e-06 1.8734667533745376e-06 2.0542895563365797e-06 
2.0131152095656895e-06 1.9757362895340143e-06 2.051439527539936e-06 1.8814862857958574e-06 2.062429922292304e-06 
2.0085873190059703e-06 1.9715469970468123e-06 2.0478599479977087e-06 1.8773547867920928e-06 2.058584010231116e-06 
2.0105409441934906e-06 1.9744395559328612e-06 2.0504401434557845e-06 1.8797199407078492e-06 2.0607693806465213e-06 
1.9938460928686376e-06 1.957873932142947e-06 2.0344627208487618e-06 1.863266804508753e-06 2.0446267459970812e-06 
1.995384152553729e-06 1.957260594152011e-06 2.034012957311648e-06 1.8636779480044961e-06 2.0451764578550776e-06 
2.0133786777150916e-06 1.97507614832353e-06 2.0516604881925967e-06 1.8815615977102041e-06 2.062942128448706e-06 
2.0146715735650185e-06 1.9759473293552105e-06 2.0522654781954712e-06 1.8825295477874176e-06 2.0637940879501565e-06 
2.0140117507968477e-06 1.975298152999574e-06 2.0518383898391973e-06 1.881954358058029e-06 2.0633239603785745e-06 
2.010455928832116e-06 1.9707653781289487e-06 2.0462156152607015e-06 1.8774612831232396e-06 2.058352530185253e-06 
2.0134111516676042e-06 1.975104822939505e-06 2.049079783447834e-06 1.8806539879589598e-06 2.0608071061351797e-06 
2.012984624957919e-06 1.9761788211408188e-06 2.0507824342436307e-06 1.8812745567662338e-06 2.0616859036908133e-06 
2.004602349037389e-06 1.9669630375761696e-06 2.0406877792627543e-06 1.8720973309413385e-06 2.0521369677171487e-06 
2.0003684965275093e-06 1.9622554585446518e-06 2.0370933710847606e-06 1.8679894760816399e-06 2.048578692256457e-06 
1.994043494655385e-06 1.9545574918439226e-06 2.0301156997927883e-06 1.861154333903473e-06 2.0421327000222413e-06 
1.9908506279764875e-06 1.951984401325962e-06 2.0270064845800457e-06 1.8580990415623749e-06 2.038818037049726e-06 
1.991816008051948e-06 1.9527339636098557e-06 2.0280349294129975e-06 1.8590490517762687e-06 2.0399023014754107e-06 
1.991384172966259e-06 1.9523436827803505e-06 2.0275978035920943e-06 1.8586219377500402e-06 2.0394532055827325e-06 
2.0042818006872123e-06 1.9656091912877903e-06 2.040354037073933e-06 1.8715738118644824e-06 2.052123366741513e-06 
2.010650882788669e-06 1.970666227541011e-06 2.045826399235074e-06 1.8773929238096731e-06 2.0581532509676903e-06 
2.009235702976076e-06 1.968574099996925e-06 2.044210567597929e-06 1.8757760523470892e-06 2.0567792822375957e-06 
2.0115146040471774e-06 1.97006570215326e-06 2.0461776896868504e-06 1.8778041917536549e-06 2.05904188970871e-06 
2.0224633054982852e-06 1.9823772121459325e-06 2.057045926545655e-06 1.8890071786525244e-06 2.069507679459245e-06 
2.018437164162648e-06 1.977613446524724e-06 2.0527570459000682e-06 1.8847387510904623e-06 2.0654893889169496e-06 
2.014595323369161e-06 1.9719423750691045e-06 2.0477635690959853e-06 1.8801394593409794e-06 2.061253252667339e-06 
2.0088915702280836e-06 1.9667079297224145e-06 2.042616638749662e-06 1.8747043175550521e-06 2.055865808283774e-06 
2.0004164551711206e-06 1.958353622636713e-06 2.033066447973426e-06 1.8658476097984446e-06 2.0464599165467116e-06 
2.006967851206459e-06 1.9650131151408278e-06 2.039619588172256e-06 1.8724375968028658e-06 2.0529811534796195e-06 
2.0033403018611533e-06 1.9613205703834493e-06 2.0361850341887268e-06 1.868856117924343e-06 2.0495327536833457e-06 
2.0103862320709757e-06 1.9683816719150884e-06 2.0415427743215047e-06 1.8753331070690126e-06 2.0551754837757593e-06 
2.0098249124045e-06 1.9679535604150874e-06 2.0409361211746754e-06 1.87477971500688e-06 2.0545354595081515e-06 
2.0092825235000635e-06 1.967198338889498e-06 2.040420084397238e-06 1.874204776661925e-06 2.0540802506699413e-06 
2.0093125969652694e-06 1.9669480708021832e-06 2.040287188902211e-06 1.8741255235420258e-06 2.054061349295402e-06 
2.002747709949313e-06 1.9591029232680158e-06 2.032678649841782e-06 1.8669411873228825e-06 2.047022754601218e-06 
1.9944283169190512e-06 1.9505855741981477e-06 2.0249231682225952e-06 1.8587582286810733e-06 2.039229626393738e-06 
1.993728166942707e-06 1.9519855340624394e-06 2.0233186410739705e-06 1.8581397859636739e-06 2.0371337486894047e-06 
1.975368823705509e-06 1.9344597586326224e-06 2.0043459797084677e-06 1.839682361144076e-06 2.018004543548203e-06 
1.9784920689822273e-06 1.9387715285386456e-06 2.0088242473154466e-06 1.843507761857258e-06 2.021886750165862e-06 
1.9820660321297346e-06 1.9421598426839008e-06 2.012331421386196e-06 1.8470325297970739e-06 2.02546331519952e-06 
1.9788947044747866e-06 1.93872739963574e-06 2.009206169169182e-06 1.8438167411672988e-06 2.0224099441827537e-06 
1.9788781820875723e-06 1.938717199944725e-06 2.0091938962245472e-06 1.8438028594951102e-06 2.0223949965935905e-06 
1.9824889009638503e-06 1.9426305169962657e-06 2.0128621525035286e-06 1.8475027295503725e-06 2.0259610635282073e-06 
1.9844760905626494e-06 1.9438399222540892e-06 2.0141574915718804e-06 1.8491075375380225e-06 2.0276142292619912e-06 
1.979787710908687e-06 1.940354306718652e-06 2.010231287718387e-06 1.8449016423918245e-06 2.0231866395310374e-06 
1.9654223358575045e-06 1.924920393610913e-06 1.9958767065302666e-06 1.8302896675916618e-06 2.009156039112634e-06 
1.957726150849892e-06 1.9171743441939694e-06 1.987675942580931e-06 1.8223893242667382e-06 2.0010547067103727e-06 
1.9660465435599903e-06 1.924925650871843e-06 1.9954785441868786e-06 1.8304464633044143e-06 2.0091226675242386e-06 
1.968972090857619e-06 1.92915483222083e-06 1.9993478314675847e-06 1.8339565480687747e-06 2.012430533566479e-06 
1.968578363868251e-06 1.928893835324131e-06 1.9989585318208324e-06 1.833589324731156e-06 2.0119994957997752e-06 
1.968270655025129e-06 1.9292854897576804e-06 1.998952382613694e-06 1.833521674270437e-06 2.011726457117336e-06 
1.9499845539072122e-06 1.911323732600221e-06 1.9804615236240695e-06 1.8151778081714382e-06 1.993166243955799e-06 
1.950774241809216e-06 1.9111500411343423e-06 1.981592274174231e-06 1.8158952009288413e-06 1.9945360096517734e-06 
1.9497071019869543e-06 1.910409660930657e-06 1.9808803357558374e-06 1.8150106895289716e-06 1.9936627706225806e-06 
1.963376451787438e-06 1.9237822263917208e-06 1.993304529951953e-06 1.8282367596163166e-06 2.006393357858463e-06 
1.9589733876006822e-06 1.9202718428348943e-06 1.989577140941443e-06 1.8242276178153801e-06 2.0022749178735432e-06 
1.9590801406411662e-06 1.920420901693124e-06 1.9897614515177904e-06 1.8243694526116287e-06 2.0024330294362566e-06 
1.950830396854027e-06 1.912341766377618e-06 1.981734163562866e-06 1.8162054163152017e-06 1.994313467143053e-06 
1.9424093186775077e-06 1.9050270152643057e-06 1.973413362397586e-06 1.8080160481931308e-06 1.985632534895701e-06 
1.9399481111009875e-06 1.9024134805231072e-06 1.9710881445899075e-06 1.8055628663244116e-06 1.9833306779187986e-06 
1.9405582760581483e-06 1.9031012419470724e-06 1.9718223388675848e-06 1.8062325717420242e-06 1.9840200180189002e-06 
1.944151835600894e-06 1.9065413603254112e-06 1.976113931575664e-06 1.81004369147665e-06 1.988241220000898e-06 
1.947652932208058e-06 1.9103529041938225e-06 1.9801306236292156e-06 1.8137937452698789e-06 1.992075438691433e-06 
1.948310320899048e-06 1.91104160105894e-06 1.980578118235221e-06 1.814387394064361e-06 1.992549058653789e-06 
1.9616932151136734e-06 1.924495758675124e-06 1.993805494878366e-06 1.8277702488681903e-06 2.005783804025805e-06 
1.963364743224693e-06 1.9251360615714235e-06 1.993516815312952e-06 1.8285736825045326e-06 2.0061464442591917e-06 
1.9517160753265844e-06 1.9136341743800568e-06 1.982100879113558e-06 1.8169993752083484e-06 1.9946431044478856e-06 
1.948736778843484e-06 1.9110204614038437e-06 1.9794541977724865e-06 1.814197556350387e-06 1.991826490298924e-06 
1.9558765280917804e-06 1.919837605906077e-06 1.9862783435757946e-06 1.821595811758157e-06 1.998187589361228e-06 
1.956223275475387e-06 1.92072855873928e-06 1.9873281734025914e-06 1.8222918959460319e-06 1.9989501384002963e-06 
1.9567908025892816e-06 1.924389154348335e-06 1.9885606764823403e-06 1.8237384251824697e-06 1.9991125069378335e-06 
1.976087072179767e-06 1.9433864789078937e-06 2.0064303285268124e-06 1.8425557115556459e-06 2.0173191647455527e-06 
1.9787213374989155e-06 1.945661446030645e-06 2.008862292370887e-06 1.8450531704661697e-06 2.0198972666938796e-06 
1.9873490276282144e-06 1.9540847992763463e-06 2.015740674675003e-06 1.853092644837858e-06 2.0271358017268904e-06 
1.99253080522343e-06 1.9590012811750877e-06 2.0206148514927122e-06 1.8581318502377263e-06 2.032145232440246e-06 
1.9886703144470583e-06 1.9539210716967087e-06 2.0161096778150794e-06 1.8537866826749539e-06 2.0281269788546985e-06 
1.973489672889133e-06 1.939303135956842e-06 2.0020261047882576e-06 1.839039130000957e-06 2.013680602456755e-06 
1.974000210374619e-06 1.9395041618719768e-06 2.0025111824664335e-06 1.8394759414221619e-06 2.014266101695815e-06 
1.9689728880996213e-06 1.934324999413674e-06 1.998195494896544e-06 1.834633593961128e-06 2.0098762680775644e-06 
1.964878289227542e-06 1.9307534789739268e-06 1.995596887153371e-06 1.83113158320216e-06 2.0068619107918025e-06 
1.9731072699136472e-06 1.9382329621740533e-06 2.0032734269972715e-06 1.8390423005468926e-06 2.0148656380296326e-06 
1.981632829470588e-06 1.9471583836312997e-06 2.0121585419141186e-06 1.8477960573911769e-06 2.0235677477024787e-06 
1.975538063603081e-06 1.940419023589237e-06 2.00597488557019e-06 1.8415181529023476e-06 2.0175975845879074e-06 
1.975356585435353e-06 1.940853020286047e-06 2.006377154082666e-06 1.8416600786172885e-06 2.0177104988417436e-06 
1.9724124153648478e-06 1.936811405022765e-06 2.003334901064185e-06 1.8384446210121768e-06 2.0150239426989153e-06 
1.9738654075927438e-06 1.938127621877458e-06 2.004531838525535e-06 1.8397876766625931e-06 2.01630684043745e-06 
1.972529089586158e-06 1.937202566821267e-06 2.0029154657779057e-06 1.8384401728167976e-06 2.014610333398828e-06 
1.9783599202788054e-06 1.9427094686674853e-06 2.0074269381366795e-06 1.8437832718426722e-06 2.019446522918076e-06 
1.978582601327031e-06 1.942720881101682e-06 2.007514325314426e-06 1.8439174830367755e-06 2.0196222839459246e-06 
1.9790376311350592e-06 1.9429427020554364e-06 2.00790882664072e-06 1.8443047542454741e-06 2.0200993403099477e-06 
1.973616859914197e-06 1.935687214869804e-06 2.0016332791594312e-06 1.838204413579774e-06 2.0145352018991446e-06 
1.972722382192841e-06 1.9344607635130287e-06 2.0004898932433096e-06 1.837156863330358e-06 2.0135364817396562e-06 
1.971111165221677e-06 1.932593669074423e-06 1.998510639001533e-06 1.8353672125741974e-06 2.0116984269116677e-06 
1.973685774607736e-06 1.934947640249055e-06 1.999846623355125e-06 1.837498707142887e-06 2.0133133684791115e-06 
1.977793166041055e-06 1.938763120351759e-06 2.004275923540375e-06 1.841662335525593e-06 2.017779189067425e-06 
1.9878493309472753e-06 1.9459710489547413e-06 2.013684152222273e-06 1.8509572527791995e-06 2.0281793749938727e-06 
2.0017583685814972e-06 1.9591405670033537e-06 2.026414260792949e-06 1.864370635583757e-06 2.041341574931805e-06 
2.002450231253272e-06 1.961568008747668e-06 2.0270450508048376e-06 1.8653946020947824e-06 2.0414469146934496e-06 
2.0026808950923488e-06 1.960367512170624e-06 2.0238295922520785e-06 1.864230529674333e-06 2.0392599187811293e-06 
2.0019200549107357e-06 1.9596225170689558e-06 2.0230168676985708e-06 1.8634544822539772e-06 2.038450949403466e-06 
1.9948746123105536e-06 1.9523530110529705e-06 2.01582046353446e-06 1.8562955502230728e-06 2.031347973182754e-06 
1.9983655279518154e-06 1.956253268033856e-06 2.0194928745876906e-06 1.859937966370657e-06 2.0348636688647907e-06 
1.995476070871065e-06 1.9531811849778264e-06 2.0163869980005827e-06 1.8569345004408599e-06 2.0318504572381087e-06 
2.00196132793033e-06 1.9616329455597507e-06 2.0247231763557543e-06 1.8644315847829072e-06 2.03926492318325e-06 
2.003549559195816e-06 1.9664489145324615e-06 2.028032552268119e-06 1.867255312593161e-06 2.0412823350238815e-06 
1.985399114402124e-06 1.947466963575065e-06 2.008365653582178e-06 1.848396556273462e-06 2.0221265792044154e-06 
1.9802843923268925e-06 1.941931958320066e-06 2.0037768236559784e-06 1.8433424161178584e-06 2.0175779817968425e-06 
1.98037330122783e-06 1.941407898724295e-06 2.0033346042855345e-06 1.8431332990251213e-06 2.0174157953907547e-06 
1.9821426311435477e-06 1.942758866661024e-06 2.0047832831717756e-06 1.8447177503945796e-06 2.0190488559663006e-06 
1.9715488617394354e-06 1.9325237657532277e-06 1.9942621541984423e-06 1.8341927135853621e-06 2.0084020648041324e-06 
1.9521944757036503e-06 1.914324777440007e-06 1.9740810366274076e-06 1.814772582489407e-06 1.9879987906159546e-06 
1.948673680264038e-06 1.9102158172889e-06 1.970956875495849e-06 1.811237406390559e-06 1.98498912525592e-06 
1.935084094199261e-06 1.8972441123289558e-06 1.9574678735693714e-06 1.7977722235076757e-06 1.9712886828437e-06 
1.9363499884364795e-06 1.8993338832961165e-06 1.9593960890978496e-06 1.7994276417366534e-06 1.972849472424936e-06 
1.9355628997695383e-06 1.8987532738302644e-06 1.958785702839101e-06 1.7987384274485916e-06 1.9721449604642848e-06 
1.933684727424553e-06 1.8975832300546006e-06 1.956788331993706e-06 1.7969729262042084e-06 1.9699475886343385e-06 
1.9385021571507014e-06 1.9018374699181359e-06 1.961821032439083e-06 1.8017481830550385e-06 1.9751196551807215e-06 
1.941538825023813e-06 1.9063251531801033e-06 1.9664776557241883e-06 1.8056202633707466e-06 1.979052580464194e-06 
1.9348262724448936e-06 1.8993456942967437e-06 1.959852044378388e-06 1.7988564098144254e-06 1.972493801049155e-06 
1.9536377406750327e-06 1.918545265220666e-06 1.9773494484179124e-06 1.8173980984634895e-06 1.9900963423214912e-06 
1.956010796943622e-06 1.921800874840035e-06 1.9796397459640308e-06 1.8199502147192396e-06 1.992126583353185e-06 
1.9582038291654378e-06 1.92372179091002e-06 1.981544696098793e-06 1.8219995057836566e-06 1.9941652027799713e-06 
1.9583569733087662e-06 1.9238642632586042e-06 1.981687490387394e-06 1.8221475066727267e-06 1.9943130917916237e-06 
1.9582482494360053e-06 1.923856222091774e-06 1.9816505961857166e-06 1.8220832898176396e-06 1.994232732374281e-06 
1.9634751618423433e-06 1.9291289943661107e-06 1.986649089971258e-06 1.8272655388514837e-06 1.9992564401278114e-06 
1.9600300461335833e-06 1.924766642154548e-06 1.982069760891578e-06 1.8232556099221076e-06 1.9951533111034817e-06 
1.9634584736857388e-06 1.928532901903834e-06 1.9856988161250325e-06 1.8268316213903607e-06 1.9986440039537594e-06 
1.953768272890951e-06 1.9188662774645996e-06 1.9753263157697694e-06 1.8169103025408257e-06 1.988377520659024e-06 
1.9571500292494414e-06 1.9224190927262183e-06 1.978785875786861e-06 1.8203645514728219e-06 1.991771311108265e-06 
1.965788008078528e-06 1.9323436333459324e-06 1.9878452356171e-06 1.8294501658263359e-06 2.000360310546647e-06 
1.9565206489870295e-06 1.922272041363001e-06 1.9785098292323917e-06 1.8199504722134481e-06 1.991285350310179e-06 
1.9536752750113517e-06 1.9204675829303814e-06 1.9743948528383065e-06 1.8169548819145585e-06 1.987059273603677e-06 
1.954776777598236e-06 1.9221122203523713e-06 1.97622093802373e-06 1.8184029004159717e-06 1.9885940993473726e-06 
1.964364638520188e-06 1.929154794086376e-06 1.9837550873046373e-06 1.8268162918079917e-06 1.9972697740640625e-06 
1.9618097975052194e-06 1.925958485767636e-06 1.9807232381177784e-06 1.8239649773624381e-06 1.9945178641396356e-06 
1.9619735608855707e-06 1.9262406579521047e-06 1.981016985265376e-06 1.8241949588212363e-06 1.994752807957416e-06 
1.96274956826367e-06 1.9267226062223578e-06 1.9817031993881858e-06 1.8248792843731656e-06 1.9955459386981332e-06 
1.968553941957084e-06 1.931993809713654e-06 1.9855511728272602e-06 1.8300015785335446e-06 1.9998913867519853e-06 
1.9576778193374207e-06 1.920009517452669e-06 1.9744018520739126e-06 1.8187598073015158e-06 1.989131527926409e-06 
1.9565497704699887e-06 1.9188374839667804e-06 1.973071878724564e-06 1.8175592330978213e-06 1.9878491751402657e-06 
1.966142402917689e-06 1.928082631445027e-06 1.982326705104648e-06 1.8270021396813203e-06 1.997271128183343e-06 
1.980866167341029e-06 1.9431811276826583e-06 1.997333732638526e-06 1.8419368337679425e-06 2.012116257853005e-06 
1.99011545516534e-06 1.9544104335495083e-06 2.0097622782216698e-06 1.8526046744567293e-06 2.0233926288366584e-06 
1.9906528368952692e-06 1.9548871892863964e-06 2.009999797464587e-06 1.8530402263482867e-06 2.0236997296540263e-06 
1.988235688341562e-06 1.9542171279738226e-06 2.0084477999359587e-06 1.8512763849533833e-06 2.021456578696082e-06 
1.9919475909662215e-06 1.9568352892077213e-06 2.012391074048249e-06 1.8548161559191973e-06 2.025702629521473e-06 
1.9795203013161433e-06 1.944654487090116e-06 1.9998546612298406e-06 1.842376883875699e-06 2.0131056061599017e-06 
1.97987231652299e-06 1.9465714439053194e-06 2.001613084223536e-06 1.8435131065472465e-06 2.0141391089134466e-06 
1.97804481108891e-06 1.944482963433444e-06 1.9998736570370278e-06 1.841646591059842e-06 2.0124659379775326e-06 
1.974645905162493e-06 1.9407992728602895e-06 1.9961965402353123e-06 1.8380882417893757e-06 2.0089239022215076e-06 
1.974657685483954e-06 1.940798393031255e-06 1.9963049690281897e-06 1.838126313400532e-06 2.0090199971375558e-06 
1.9724092359622007e-06 1.938178384762727e-06 1.995382978107317e-06 1.8361902753160778e-06 2.0079897992729636e-06 
1.9718609734999624e-06 1.9366839125206852e-06 1.9943120838664436e-06 1.8352665570408047e-06 2.007301504609885e-06 
1.9714769982248537e-06 1.936357286126027e-06 1.9939817429661926e-06 1.834910815414396e-06 2.0069441953688055e-06 
1.96987781884157e-06 1.934704066498776e-06 1.9924184883316523e-06 1.833305871846668e-06 2.0053913985795224e-06 
1.967082338073384e-06 1.9318471338511598e-06 1.988913559022758e-06 1.830271261562443e-06 2.0020248256456566e-06 
1.9577402154850778e-06 1.923666600063124e-06 1.9802918346102e-06 1.8213848026329364e-06 1.9929182423295457e-06 
1.9583038920540603e-06 1.924123012449567e-06 1.9813132143979232e-06 1.8220658670146662e-06 1.993895940948222e-06 
1.961354984402907e-06 1.927131497041504e-06 1.9841585458038354e-06 1.8250532025352143e-06 1.9967897882195873e-06 
1.988073883237112e-06 1.9504239964395955e-06 2.0087188429270605e-06 1.8504222048014441e-06 2.0227855365573167e-06 
1.9897943798750626e-06 1.9526848574722628e-06 2.0115014890613277e-06 1.8525926187841623e-06 2.025220921709362e-06 
1.991792939680099e-06 1.954835387497713e-06 2.0138093134558574e-06 1.8547256945425702e-06 2.02742960037656e-06 
1.9978815332094143e-06 1.9598510947181763e-06 2.0192299387936996e-06 1.8603899758391932e-06 2.0332977485585466e-06 
1.993963803356223e-06 1.9560416844212363e-06 2.0151216474443593e-06 1.8564261937606853e-06 2.0291872986480745e-06 
1.993947920860286e-06 1.956161534557421e-06 2.0151715691471257e-06 1.8564602733241467e-06 2.0291839113046843e-06 
1.9958799783787853e-06 1.9578381805415223e-06 2.016904588949893e-06 1.8582805960591553e-06 2.0310303379388483e-06 
1.9961383322961976e-06 1.958229411634827e-06 2.0173272550520485e-06 1.858619325344381e-06 2.0313839658450982e-06 
1.9945849214955835e-06 1.9570282517692878e-06 2.0167532374550773e-06 1.8574411284283877e-06 2.0305345080743853e-06 
1.986746690931963e-06 1.946401870967446e-06 2.0056273677050247e-06 1.8479640764019502e-06 2.0208295953126793e-06 
1.9893763322855747e-06 1.9486153209019384e-06 2.0072139541410467e-06 1.8501945427312412e-06 2.022722798411897e-06 
1.9926473474662206e-06 1.9510159863342885e-06 2.010160962527412e-06 1.8531889860311994e-06 2.0259955323503566e-06 
1.985597207610342e-06 1.9428199255306107e-06 2.002703169879623e-06 1.8457506488860148e-06 2.0189607869806273e-06 
1.983121497559408e-06 1.9405018434768375e-06 2.0008766682757417e-06 1.8434989129149469e-06 2.0169745490826507e-06 
1.983239790147917e-06 1.9408088841206185e-06 2.001749992659561e-06 1.843888656912101e-06 2.017661079182287e-06 
1.980616446386203e-06 1.9375827869799632e-06 1.9985669249447984e-06 1.8409592685779756e-06 2.014759258640561e-06 
1.977366974883845e-06 1.934460201726227e-06 1.996061667591316e-06 1.8379561045009044e-06 2.0120874086074283e-06 
1.9822890738534324e-06 1.9387366124958603e-06 2.0013284922360793e-06 1.8428649784089003e-06 2.0174964071148483e-06 
1.9815846115431776e-06 1.938629059874015e-06 2.0026766361768497e-06 1.842925159252727e-06 2.018310432238325e-06 
1.970442882624952e-06 1.93016943161129e-06 1.9943582353336773e-06 1.8332030701476751e-06 2.008680328309737e-06 
1.972321392574278e-06 1.9318036324288713e-06 1.9958704453760793e-06 1.8349190388947711e-06 2.0103307301323416e-06 
1.972691456425076e-06 1.9320887862309934e-06 1.996155611340788e-06 1.8352454240239912e-06 2.0106566593121427e-06 
1.9690189785339528e-06 1.927791479631471e-06 1.9917514195389186e-06 1.831199614364259e-06 2.00656920589532e-06 
1.9684721615763407e-06 1.9272443325126826e-06 1.9912387081477568e-06 1.8306620238063407e-06 2.006050675967781e-06 
1.9532363110247193e-06 1.912250343828026e-06 1.9760549776742726e-06 1.8154485374731151e-06 1.9907798965616146e-06 
1.954856514822222e-06 1.9140476659976094e-06 1.9784776214316258e-06 1.8173665522872068e-06 1.9930117466672873e-06 
1.9488461812408568e-06 1.9086961437407944e-06 1.9728862301903046e-06 1.8116091404063347e-06 1.987144190533979e-06 
1.949997706778393e-06 1.9081441134430006e-06 1.9720834013651974e-06 1.8117882268403427e-06 1.9872003620677275e-06 
1.9505741235350032e-06 1.9093457410313863e-06 1.9726611962580164e-06 1.8124959604205419e-06 1.9875848337634945e-06 
1.9511052531894543e-06 1.9095151372640725e-06 1.973100155235731e-06 1.8129245298029243e-06 1.9881514011299773e-06 
1.9600552613055658e-06 1.917965524571477e-06 1.9816862368407857e-06 1.8216822820224705e-06 1.9969558426601426e-06 
1.9722862046825185e-06 1.929564815556772e-06 1.993114826471223e-06 1.833565035309156e-06 2.008718976353953e-06 
1.969978928766046e-06 1.9263623090266115e-06 1.9908335116860833e-06 1.8310765325641099e-06 2.0067092554289536e-06 
1.9772028538106656e-06 1.9325449677330192e-06 1.9977649401625046e-06 1.838018305005733e-06 2.0140136388073243e-06 
1.985579087444584e-06 1.9395833850652484e-06 2.004068241161528e-06 1.8454956743983769e-06 2.021085434976008e-06 
1.9869726459303606e-06 1.939734720279356e-06 2.0051368878430563e-06 1.8465442404922316e-06 2.0225930292518813e-06 
1.9769390984345095e-06 1.9293038243705445e-06 1.9966103044095665e-06 1.83688365314962e-06 2.013928579656889e-06 
1.9749116188043153e-06 1.927271980679422e-06 1.9941948436643063e-06 1.8347254879469413e-06 2.011580325016118e-06 
1.975338831666357e-06 1.9283072849159645e-06 1.9941309100971985e-06 1.835116450799048e-06 2.0114132315515728e-06 
1.9837466421245106e-06 1.938275440979708e-06 2.0025521350250097e-06 1.8438625675060205e-06 2.0193530359408106e-06 
1.9849542496850426e-06 1.9394688069823803e-06 2.0036822031916195e-06 1.845046397887864e-06 2.0205010165480657e-06 
1.98692184171199e-06 1.941798057515449e-06 2.005705471023214e-06 1.8471099514493585e-06 2.0224035937873854e-06 
1.9907955147997534e-06 1.944404965095769e-06 2.0068485615208095e-06 1.8498914730954724e-06 2.0244046786398354e-06 
1.9845766316598006e-06 1.939251217959249e-06 2.001584890775859e-06 1.8441659898715978e-06 2.018647487988174e-06 
1.98685214355543e-06 1.941334688607902e-06 2.00364395609248e-06 1.8463420229871504e-06 2.0208033396653115e-06 
1.989405797892505e-06 1.9439212282787984e-06 2.006431281721841e-06 1.848981513576302e-06 2.0235412484152294e-06 
1.9996076540417845e-06 1.9516322365023953e-06 2.015065079959191e-06 1.8582256071116566e-06 2.0332143999393317e-06 
1.9810520993642843e-06 1.9319862858356823e-06 1.996290538068287e-06 1.839334279151253e-06 2.01480902291804e-06 
1.9840772249713348e-06 1.934432732309531e-06 1.999906244020974e-06 1.8424380340679575e-06 2.018502640273761e-06 
1.9863276397459014e-06 1.93529570509968e-06 2.0005193273758006e-06 1.8439177404246244e-06 2.0198240601026042e-06 
1.9781000428049863e-06 1.9265645865750028e-06 1.9914752401548587e-06 1.8353181468166156e-06 2.011072829157219e-06 
1.992263293745817e-06 1.9409332484665032e-06 2.004744487485867e-06 1.8492874800706723e-06 2.0244358365726417e-06 
1.99118779880661e-06 1.9399634994855005e-06 2.003863341783889e-06 1.8482888110356524e-06 2.0234885192652765e-06 
2.0048418112090545e-06 1.9528929588278816e-06 2.0178380409022543e-06 1.861938087688427e-06 2.037634886883176e-06 
2.002629513342364e-06 1.9506684576532463e-06 2.015704042911679e-06 1.8597414166750004e-06 2.0354906400452622e-06 
2.005879908470937e-06 1.9525526572410065e-06 2.018961067170413e-06 1.862742648447218e-06 2.039167671792097e-06 
2.0020740704787693e-06 1.9488739496917192e-06 2.014168530073505e-06 1.8586465501926447e-06 2.03450451771915e-06 
2.0033401487664563e-06 1.9506067174160208e-06 2.015472125668024e-06 1.8600167914730253e-06 2.0356584009739406e-06 
2.0102561456413087e-06 1.9565304433344e-06 2.019904964560598e-06 1.8660091907241216e-06 2.0408248600178796e-06 
1.9963125664472485e-06 1.942824698343987e-06 2.006534406054463e-06 1.852245392681734e-06 2.0272790400587873e-06 
1.9997230150979884e-06 1.9468081588401727e-06 2.01004533492484e-06 1.855806466437698e-06 2.0305971392382394e-06 
1.9982442550876606e-06 1.9462942626758053e-06 2.008142863371225e-06 1.8543864758468997e-06 2.028469551214641e-06 
1.9867418448922282e-06 1.9336916617548782e-06 1.9958457583259927e-06 1.8423992137863633e-06 2.0166450271981954e-06 
1.987365088077602e-06 1.9343333824142254e-06 1.996826895297371e-06 1.8431341908928402e-06 2.0175592023842323e-06 
1.9895410693697455e-06 1.9365304972195475e-06 1.9990148121452507e-06 1.8453239249921935e-06 2.0197391205908812e-06 
1.9902355055014956e-06 1.937865818409244e-06 1.9998832687137315e-06 1.846197980209494e-06 2.0203803716956396e-06 
1.9889716156440173e-06 1.9358331946839953e-06 1.9977453414735045e-06 1.8445200619545597e-06 2.0186290470565675e-06 
1.9946486213725065e-06 1.940703265338029e-06 2.0028866832643137e-06 1.8498964097165768e-06 2.0241124746728203e-06 
1.994706420592308e-06 1.9430439386448816e-06 2.0035207708027553e-06 1.850576077575844e-06 2.0239436713535646e-06 
1.9968473475354222e-06 1.9451726505919034e-06 2.0053620604508565e-06 1.8526327496010132e-06 2.0258405854023338e-06 
1.996835089626026e-06 1.9451634816040836e-06 2.00535579787276e-06 1.8526228326256982e-06 2.025832339027173e-06 
1.9999257494041417e-06 1.9475718642141263e-06 2.008769980742685e-06 1.8556804727926845e-06 2.0294024276347674e-06 
2.000730790151646e-06 1.9481857653513965e-06 2.010193215839727e-06 1.8566327142776797e-06 2.0307788169507597e-06 
2.001074387656558e-06 1.9486519267075795e-06 2.010894804647843e-06 1.8571078466974624e-06 2.0313813072264668e-06 
1.9917582025258532e-06 1.938567997279179e-06 2.001614209824489e-06 1.8476262932013767e-06 2.0223288115746806e-06 
1.986681089581554e-06 1.9332741357288376e-06 1.99646657737445e-06 1.8424718498915583e-06 2.017258711594225e-06 
1.9809241357563135e-06 1.9299139746174667e-06 1.9922874376167154e-06 1.8376417006319576e-06 2.0120689151934134e-06 
1.9672114999553573e-06 1.914764912634902e-06 1.9782188698301957e-06 1.8235011279114987e-06 1.9985003868063084e-06 
1.969152836629278e-06 1.9176792774384217e-06 1.979949522871051e-06 1.8255755106377229e-06 1.9999679768235907e-06 
1.9727785474907757e-06 1.922167297655025e-06 1.9849808042312708e-06 1.8298046816021491e-06 2.004493475768568e-06 
1.9738450546732678e-06 1.923105077358241e-06 1.9860184190288535e-06 1.8308400449618717e-06 2.0055759906624834e-06 
1.9715284341615373e-06 1.920998010238495e-06 1.9843781526922702e-06 1.8287631833014035e-06 2.0037546463923463e-06 
1.971454448594797e-06 1.920928030332977e-06 1.9843102333361314e-06 1.8286916201502938e-06 2.003684434203402e-06 
1.97076698592409e-06 1.920373417895278e-06 1.983725926714399e-06 1.8280597353439526e-06 2.0030413384870244e-06 
1.966509449553356e-06 1.9171157602376777e-06 1.9789737682702634e-06 1.8238394016743252e-06 1.9980645040867484e-06 
1.966768582339335e-06 1.917401789076137e-06 1.979188790739266e-06 1.824091419699445e-06 1.9982788414665498e-06 
1.9647344188480758e-06 1.916251149090529e-06 1.977870517743083e-06 1.8224450553117598e-06 1.9965649287596157e-06 
1.966902398410744e-06 1.919371116463701e-06 1.9801170765474895e-06 1.8248368092185052e-06 1.9985045748744957e-06 
1.970931658062975e-06 1.9235260086616223e-06 1.9851114001398656e-06 1.829193987101638e-06 2.0032962077116003e-06 
1.971869319298595e-06 1.924079801506384e-06 1.985744358214961e-06 1.829964077787147e-06 2.0041000015922123e-06 
1.962460690509431e-06 1.913764707779741e-06 1.9761766070998705e-06 1.820297235725523e-06 1.994836923420975e-06 
1.9609921430641504e-06 1.9115589644777844e-06 1.9742767603108974e-06 1.8185461554660696e-06 1.993237873153575e-06 
1.9601575940787364e-06 1.910897045842107e-06 1.9726783577772505e-06 1.817513015686904e-06 1.99171677010207e-06 
1.9793514071900908e-06 1.9292723430392338e-06 1.993826432276162e-06 1.8371944380208666e-06 2.012787396055266e-06 
1.9806857031931314e-06 1.9316299787440994e-06 1.995358359795823e-06 1.8387945747804956e-06 2.0139704743306384e-06 
1.9770714987822953e-06 1.9278270560278444e-06 1.9901429257994885e-06 1.8346445924414466e-06 2.0090863458410604e-06 
1.981788711283981e-06 1.932921935804682e-06 1.994829694724026e-06 1.8394418375319879e-06 2.0136629268951976e-06 
1.9860559712758015e-06 1.9383967426041295e-06 2.0008553743898917e-06 1.8444980468378346e-06 2.019016265597548e-06 
1.986590297056028e-06 1.939389277273785e-06 2.0022252882725217e-06 1.84538197652848e-06 2.0201020963405804e-06 
1.9892546908723215e-06 1.9418545048913193e-06 2.004914041780946e-06 1.8480212042024057e-06 2.022848815964548e-06 
1.9936976116885704e-06 1.9455416699501064e-06 2.0080137296461267e-06 1.851913702025763e-06 2.0264123996457347e-06 
1.999297595790753e-06 1.9508567457426484e-06 2.0125331913361226e-06 1.8571444799408101e-06 2.0312058354944104e-06 
1.9996381860466314e-06 1.9509119264794957e-06 2.012874460089536e-06 1.8574285370841668e-06 2.031635223059342e-06 
1.998720159461238e-06 1.950436643036544e-06 2.0118847926067924e-06 1.8565759783071433e-06 2.0305208182341362e-06 
1.9889463456534618e-06 1.9396695355697728e-06 2.0014569272206033e-06 1.846377308508065e-06 2.0205091951318656e-06 
1.9878759095435442e-06 1.9384240639385685e-06 2.000219004356509e-06 1.8452183197386369e-06 2.019353695980268e-06 
1.991586706266054e-06 1.9415858813150134e-06 2.0026983508810295e-06 1.848460766011442e-06 2.0222141258110097e-06 
1.98186055599067e-06 1.9342637225629497e-06 1.9954740034935886e-06 1.8399440454265029e-06 2.0138172045042512e-06 
1.9812976569390355e-06 1.9343257198781687e-06 1.995305134493498e-06 1.8396262118509264e-06 2.0133878018720354e-06 
1.9872926489195885e-06 1.939416078375852e-06 2.0009896480144327e-06 1.8453596595158761e-06 2.019406292939231e-06 
1.994367113258046e-06 1.9465422747016687e-06 2.007731535997904e-06 1.8523642869173285e-06 2.0261906735016092e-06 
1.993259775993378e-06 1.945147074012574e-06 2.006683903442429e-06 1.8512132218210864e-06 2.025221529866524e-06 
1.9941056073365014e-06 1.9459652270549244e-06 2.0072337070950278e-06 1.851966685587755e-06 2.025830658667563e-06 
1.994127475911916e-06 1.9462349736710494e-06 2.0075138555300167e-06 1.852116784430128e-06 2.025990097310793e-06 
2.0020080855993534e-06 1.9544140954651793e-06 2.0146146622254634e-06 1.8598470466755142e-06 2.033133581438257e-06 
1.996884280235337e-06 1.94938987225681e-06 2.009352336809023e-06 1.8546883060651573e-06 2.0278629206875932e-06 
2.0024957659855322e-06 1.9544643942808875e-06 2.015807633587694e-06 1.860457645111466e-06 2.0343414796841192e-06 
2.000298671961691e-06 1.9532521279093967e-06 2.0137135976533953e-06 1.8584872455617091e-06 2.0319248458003837e-06 
1.994455916753646e-06 1.945689467267688e-06 2.0071850044303955e-06 1.8520709794008582e-06 2.026043639155321e-06 
1.9946727419729616e-06 1.946054376931673e-06 2.007669912579648e-06 1.8523989987701207e-06 2.026437036699599e-06 
2.0007214550877854e-06 1.9520969260241286e-06 2.0126488357031363e-06 1.8581430865876493e-06 2.031602104185208e-06 
2.0002564258973666e-06 1.9516008457340994e-06 2.0116519311582143e-06 1.8575125343263088e-06 2.0307055576767616e-06 
2.0041706236580176e-06 1.9556205009909114e-06 2.0156571639941327e-06 1.8614861805984e-06 2.0346635355815234e-06 
2.0058757730664445e-06 1.958393718480504e-06 2.017176781284361e-06 1.8633625210400917e-06 2.035884699111268e-06 
1.9944898379089616e-06 1.9470796785821146e-06 2.0038697816021082e-06 1.8514017552708613e-06 2.0228805433503133e-06 
1.9952743823580423e-06 1.9478738455254233e-06 2.004676160205105e-06 1.8521968210592318e-06 2.023680387780371e-06 
1.996883019418382e-06 1.9499660694510815e-06 2.0072181912912104e-06 1.8541819948166195e-06 2.025913750312462e-06 
1.997841323523059e-06 1.950899746255824e-06 2.008268299788487e-06 1.8551643643522727e-06 2.0269560523356513e-06 
1.997869329768845e-06 1.95088878361226e-06 2.00811126329364e-06 1.8551305764981602e-06 2.026842642341364e-06 
1.99967993895404e-06 1.952741511664969e-06 2.010434454676604e-06 1.857103925310501e-06 2.02906579947376e-06 
1.9996611743878903e-06 1.9527451497577757e-06 2.0097918465512207e-06 1.8569089435373682e-06 2.0285225787760208e-06 
1.9961943174805193e-06 1.9486636535256223e-06 2.0061692920282993e-06 1.8532572176430605e-06 2.025116297569571e-06 
1.9919718285956086e-06 1.944805923485643e-06 2.002781647605022e-06 1.849342357636018e-06 2.0214723373773968e-06 
1.9921514136440055e-06 1.9449655713129005e-06 2.002940340432022e-06 1.8495121588491517e-06 2.0216408086440687e-06 
1.9935723365643584e-06 1.9465108774770797e-06 2.0044437273830102e-06 1.8509873128086705e-06 2.023091919135941e-06 
1.991919891769734e-06 1.9447705992795846e-06 2.002932043769591e-06 1.849352825449448e-06 2.0215830698570154e-06 
1.993452117760102e-06 1.945991825549744e-06 2.004188727289478e-06 1.8507435753502512e-06 2.0229834096088564e-06 
2.0088487170638567e-06 1.9618076325119363e-06 2.020009315683731e-06 1.8663949697031194e-06 2.038605251019925e-06 
2.010297806535193e-06 1.9625476957065667e-06 2.0211376959207037e-06 1.8676056089679979e-06 2.0400082645572522e-06 
2.009409453851478e-06 1.9618320848548133e-06 2.0206716008887475e-06 1.8668746607266188e-06 2.039416448077563e-06 
2.0032840834562563e-06 1.955134571454093e-06 2.0140562973301447e-06 1.8604694682456264e-06 2.0330604946804606e-06 
2.018062921626585e-06 1.9695281794036995e-06 2.0289734273761362e-06 1.8752497881643469e-06 2.0480765784658193e-06 
2.0155631269764415e-06 1.9658060955546068e-06 2.0267867689788055e-06 1.8725859496581304e-06 2.0462138068823583e-06 
2.0152643769725848e-06 1.9654975203748087e-06 2.0265445006208163e-06 1.8723012006465523e-06 2.0459648461696113e-06 
2.016190176174296e-06 1.9664001629189485e-06 2.0269842039642574e-06 1.8730805310510972e-06 2.046495036937183e-06 
2.027741582675888e-06 1.9781559364647803e-06 2.0391310544179827e-06 1.884881476905748e-06 2.0584796210506504e-06 
2.0224815293870868e-06 1.9736885827096676e-06 2.0355718218232286e-06 1.8802770332399986e-06 2.054383527511532e-06 
2.0265685672621806e-06 1.9778834347136036e-06 2.0405059514164783e-06 1.884653302935063e-06 2.0591405618783634e-06 
2.0266857419256866e-06 1.9779276334812336e-06 2.040614182471364e-06 1.8847534343205552e-06 2.059272888639756e-06 
2.032553582722772e-06 1.9824501673807636e-06 2.0451548125912073e-06 1.8899659188490543e-06 2.064457250968083e-06 
2.0343696616015013e-06 1.9841043880712075e-06 2.0466300738357146e-06 1.8916517415308989e-06 2.066041220326965e-06 
2.0363792811350863e-06 1.9857194817815274e-06 2.0478546659851e-06 1.893352111294257e-06 2.067522419989441e-06 
2.027727732801416e-06 1.975757829962405e-06 2.0386783076773975e-06 1.8842606972722679e-06 2.0588381488775545e-06 
2.0397799619701513e-06 1.9869760231807557e-06 2.0501366392759744e-06 1.8960034955153958e-06 2.0706584583668248e-06 
2.038233385355855e-06 1.9852092700508847e-06 2.0483151865045205e-06 1.8943274803904364e-06 2.0689516469954405e-06 
2.0320518898314737e-06 1.979959393163809e-06 2.042925730500234e-06 1.8885493136766953e-06 2.063137595701144e-06 
2.0316047640332893e-06 1.9788198132220664e-06 2.0428806939310515e-06 1.8880874252739815e-06 2.0632369801588508e-06 
2.035702721383846e-06 1.982771115438974e-06 2.0478077905510426e-06 1.8924204385329162e-06 2.0680680487533624e-06 
2.0301305542878823e-06 1.976948525563421e-06 2.0415129242115564e-06 1.8865650665416363e-06 2.06197289507801e-06 
2.031485093397837e-06 1.9785474473122295e-06 2.041486201256384e-06 1.8875539445522286e-06 2.0621081658952664e-06 
2.0405943516090573e-06 1.9883300493151324e-06 2.0513450800079204e-06 1.8970438285799122e-06 2.0716331269918128e-06 
2.0427463452563433e-06 1.987852959775668e-06 2.052003052319635e-06 1.89824436398563e-06 2.073358246218696e-06 
2.046382498732449e-06 1.9928344123706363e-06 2.0548559277976576e-06 1.9019170893238976e-06 2.0759318107067574e-06 
2.0457981915521624e-06 1.992285551160367e-06 2.0545156686131206e-06 1.9014103919751893e-06 2.0755386226460003e-06 
2.03697924936241e-06 1.980895376714187e-06 2.043979137934017e-06 1.8915623874329146e-06 2.0660873180213126e-06 
2.03782690558029e-06 1.9817396665287515e-06 2.044566417989058e-06 1.8923348283442045e-06 2.0667206187005116e-06 
2.058632943255303e-06 2.0007245032840574e-06 2.0625772197973642e-06 1.912030504802437e-06 2.0857784922985786e-06 
2.034727360242901e-06 1.9775846759373715e-06 2.0393665344710887e-06 1.8884106177106124e-06 2.062206265010589e-06 
2.036507203907679e-06 1.9808397261951844e-06 2.04186598139028e-06 1.8906896570155776e-06 2.064127759590569e-06 
2.0265945231458925e-06 1.971090294965659e-06 2.0324942128381702e-06 1.8809394612827612e-06 2.0546102511827497e-06 
2.0207777149852095e-06 1.9653885350610676e-06 2.0258511328875585e-06 1.874890333693557e-06 2.048072186388365e-06 
2.024287092705608e-06 1.967230771510991e-06 2.0282183772504443e-06 1.8777549006446458e-06 2.051150613198917e-06 
2.0319226225577865e-06 1.9737853089997713e-06 2.0369303726150145e-06 1.8855163606802054e-06 2.060012120980864e-06 
2.034323372558193e-06 1.977291361070245e-06 2.040002187215297e-06 1.8883297345167052e-06 2.0626288570046954e-06 
2.050852505536939e-06 1.993776811126259e-06 2.056371179703103e-06 1.904846984277994e-06 2.0790430991852157e-06 
2.0640943307134413e-06 2.0058457318701628e-06 2.070107069989662e-06 1.9180467824808083e-06 2.093058426888248e-06 
2.064783783632403e-06 2.0081212522049438e-06 2.0704404082341196e-06 1.9189337522535157e-06 2.0929648160400066e-06 
2.0628897555737072e-06 2.0072176560747927e-06 2.0688343710746395e-06 1.917310362098736e-06 2.091003453927695e-06 
2.0743819444465817e-06 2.0167171908634667e-06 2.0783421067409117e-06 1.927871138763945e-06 2.101469472377103e-06 
2.0874296719082894e-06 2.0310206230278492e-06 2.0912839378268226e-06 1.9411652990880645e-06 2.114045212709076e-06 
2.088136396395236e-06 2.0318512940625298e-06 2.09222259763687e-06 1.941964531028173e-06 2.1149059550846253e-06 
2.071739311669428e-06 2.0157748998171525e-06 2.0774079369770603e-06 1.9260454558058567e-06 2.0997167331597674e-06 
2.070357396562933e-06 2.013785956182338e-06 2.0758725083717404e-06 1.9244978635201684e-06 2.098394537228747e-06 
2.0694832859847555e-06 2.012773330032095e-06 2.0748803510240704e-06 1.923560431673313e-06 2.097465152794438e-06 
2.0567847424127374e-06 1.9994213652923722e-06 2.0613324238947684e-06 1.9104567177870314e-06 2.084261481797184e-06 
2.0546275175420168e-06 1.9972007839672478e-06 2.059437417379251e-06 1.9083579276428855e-06 2.082340348468328e-06 
2.052597672038774e-06 1.9957955177321174e-06 2.0582813443825416e-06 1.9066972876978024e-06 2.0808410674298777e-06 
2.0518282330619298e-06 1.9950327358361865e-06 2.0574349782386096e-06 1.9059046316434427e-06 2.0800056833786627e-06 
2.0438476426433817e-06 1.9856201983861563e-06 2.0492452514541106e-06 1.8975701645502667e-06 2.0722907255804333e-06 
2.039246628078445e-06 1.981922787981498e-06 2.044045871615457e-06 1.8929534978463857e-06 2.0669150204697483e-06 
2.0387411883601736e-06 1.9805941937322445e-06 2.0429577082648258e-06 1.8921203504373375e-06 2.066180496571494e-06 
2.0417436230751816e-06 1.9838685868355573e-06 2.0459705071149655e-06 1.8951854840973693e-06 2.0691085524634794e-06 
2.0313513639535812e-06 1.971432388609598e-06 2.033883131366254e-06 1.8838888620976368e-06 2.0579395662189987e-06 
2.032725723952218e-06 1.9730603765480715e-06 2.034663510551958e-06 1.8851441817356513e-06 2.0587447092000338e-06 
2.0305390174127484e-06 1.970789274398521e-06 2.0325376910322775e-06 1.8829531416556318e-06 2.0566337873186074e-06 
2.0192390318999487e-06 1.960329950027874e-06 2.02080593646813e-06 1.8716605516707999e-06 2.0447147065831333e-06 
2.0243911779675544e-06 1.965502364089328e-06 2.0254505187193938e-06 1.876686897315627e-06 2.049441812694488e-06 
2.0309458315281088e-06 1.9713514254354602e-06 2.033105426853828e-06 1.8834365249410822e-06 2.0571260837630636e-06 
2.0447412207333604e-06 1.982189584869883e-06 2.046206695757881e-06 1.896518951648731e-06 2.0712599010603758e-06 
