-159.32054378306105 -20.73571969558451 587.2236022295816 
-159.4021397468447 -17.715167236470247 588.1542221948142 
-160.90592927197252 -16.679953911507347 589.1464135908074 
-162.16180996723867 -15.102024795271191 593.4865976994043 
-166.31880172727122 -12.31462789863004 589.2086839306297 
-166.84037618204968 -11.89526635811449 589.5326715537741 
-169.5783003942727 -10.539629792365684 589.4947473664537 
-169.2814744321141 -11.212506026623105 589.9599508457471 
-168.64364338187067 -11.206124539265728 595.8939848304427 
-167.96845583102981 -12.051487434174362 597.8383019292324 
-169.12658840775364 -14.122542554428868 596.8963718288965 
-170.32084682589436 -13.073132697966383 597.7379225709341 
-170.3532535854004 -13.218781519739174 597.8343821602098 
-171.15971714073467 -11.625378028741684 596.5264317377844 
-170.30744237323074 -14.584828777513072 594.6660618391101 
-170.75909270164522 -14.269885060107951 595.6640344403874 
-170.44875922757927 -14.776371753448883 595.9094246326673 
-170.31067072141406 -15.214276587340613 594.2304303334143 
-170.92751508223094 -16.402993246079852 595.2192838146839 
-166.40378024501345 -14.68323137048219 601.8738996478214 
-166.42305304742197 -14.626142502758485 601.872271258975 
-165.77014364165706 -12.149934797438846 604.7418530414936 
-169.51655601569405 -11.62033155689973 606.620224514249 
-165.32826439414953 -11.417673319207443 607.5571594192386 
-168.34519930977368 -9.765131103719364 608.5554106315843 
-166.54618534493844 -11.832497656167762 607.476808866942 
-164.20200659781892 -10.235526046006967 608.6659092296419 
-163.96615533831218 -10.054100547605545 605.7615694105425 
-165.53223688186716 -12.802177909692652 606.3203725036744 
-165.14831556364499 -13.100059624130779 606.011335866287 
-163.98731626719717 -13.225208265984742 605.1508771358838 
-164.36830822784182 -20.516743054594766 604.5739551874003 
-162.2077877051513 -27.99761017716314 605.2471454193845 
-161.8129011257602 -28.154587397990714 605.3585661809243 
-162.69818955836075 -24.17571936787075 604.2869134491539 
-162.71914877307935 -25.794411633923158 605.296436365243 
-163.41906203205718 -26.26153394776767 604.1072623331055 
-164.63353199563093 -27.1430190009734 603.8154979079728 
-160.30753453929202 -23.67031280300356 602.8878756237236 
-158.47596684728558 -22.62205795983676 602.5076630105985 
-158.16614366037516 -22.615056628134514 602.5792806074408 
-154.094599854736 -21.814422632004202 600.1253160880754 
-152.7162165786068 -14.01665083886126 602.6663547997542 
-151.86802202745244 -14.450628921409116 602.1996563969172 
-151.9585166059374 -14.473575456944346 602.4918126410219 
-151.37613845957137 -12.175062672203115 602.3243802735564 
-151.80944918168885 -11.277962287017797 602.688433459324 
-151.80541689296072 -11.324711417799879 602.676367658068 
-151.82828125245544 -9.61489762759274 604.7113747933898 
-151.02894445826445 -6.843814756868774 604.9064976230078 
-151.2909533271795 -5.434873147761977 604.7910242246672 
-151.16470330292458 -7.884326810083989 602.1649205419368 
-151.78038302652695 -7.397458016519902 604.761669977645 
-151.06292570434474 -6.834528769445764 605.2924235350431 
-149.8112349803959 -8.582470602139841 607.7348238013558 
-152.2169080081509 -9.462222068839148 602.665418918052 
-151.24004571087127 -9.675712834044099 602.9768474966735 
-150.26636026845364 -9.623538416933167 601.8816018199127 
-148.581828382187 -8.885350565765513 602.6751352326324 
-148.42813530928655 -7.693142301603188 605.3435301269752 
-148.01377352614114 -7.647891351804133 605.3325928836342 
-148.15974548805605 -9.268350288286666 606.7782650505408 
-144.4062812811715 -5.4853584745508295 604.9856183827972 
-147.4558565877765 -11.637304187460881 604.0498902347548 
-144.53141410449777 -17.087051312813685 601.9752004304969 
-148.75182264413795 -13.793372800658794 601.0921993518335 
-149.2333382162823 -14.65925580857962 599.9464745467408 
-149.5741951334013 -14.691945348195235 600.382078243334 
-149.67703899081886 -14.57733879927494 600.3157187405885 
-148.39592422789698 -14.9981608289557 601.9392085036175 
-149.17951117744062 -13.519268142776308 602.8582324294807 
-148.40102600671344 -11.117881084585251 599.2752172169087 
-147.52768818360323 -10.149968347170953 599.2534970206643 
-147.27287649872397 -8.323117849437827 599.5947497340566 
-150.86270844408966 -8.445853026241203 598.5643005345493 
-150.84593510123452 -8.670788929488543 597.7811177708803 
-153.45878262686682 -10.993451689484598 596.6820128811909 
-151.26758308369406 -10.338698867695328 593.5795795542897 
-152.1138267720846 -8.117064619979553 593.076361602049 
-152.20613030535583 -6.500939879844153 593.1738137734377 
-149.5652520281853 -8.137470700951432 592.169595087719 
-148.19194388777694 -2.169687182895374 590.408398340258 
-149.42822038931155 -5.612370609046344 590.9575341866403 
-150.84288674543103 -3.1869042674546257 591.131037018876 
-151.24804476566223 -3.7763701293837943 591.972882034979 
-152.0792537250038 -5.915046567612848 591.3225755505782 
-153.2170073618058 -3.2624504411305533 589.5174917239386 
-152.00453241463947 -0.6268406242696098 590.8980202590471 
-152.50380028410706 -0.0027918559784393393 592.4779921699815 
-151.78268931381845 -0.11213868253876327 590.471823003889 
-152.28914844127732 2.542106469869774 592.6289729736375 
-151.38969947035656 2.4456591062790904 591.6428640168982 
-150.3582465300386 3.8308585605304017 588.4354306675609 
-151.99610642638206 2.4985395529518044 585.7193016187896 
-152.8927581183581 2.0871671814552597 584.2013759933155 
-152.73727226623342 2.1183715107836756 584.1497356021493 
-155.98622793364115 1.0193518172936478 586.5485843653602 
-155.47653559246714 1.0885759406695887 586.4879809115259 
-155.54987772348662 1.2845809578794025 586.8325840009157 
-155.41813560084375 1.287988052133463 587.1807364526501 
-156.59302595541368 1.7372668613525086 588.3399461303263 
-159.66818784756066 4.978970254740182 586.0256691741572 
-159.50944641734938 4.74969245083428 586.2779372785815 
-160.29263743798563 5.09726562616974 586.7642918578848 
-161.3436167968634 4.443209751598131 586.8277538720428 
-164.94690509501862 2.6963307540185992 583.6093952241524 
-163.5332865988017 5.921848722479563 582.3397159723313 
-162.64972778413872 5.161744261116352 589.3888051968162 
-161.88661605586677 4.977823465480026 589.7151453235325 
-160.8617266034857 5.212903831477754 590.0892268094456 
-160.98367225686607 5.358127341003174 590.4046974354902 
-162.05427013223076 4.844265626771608 590.7483064273841 
-168.2597117084192 7.224733277407839 591.5241073057009 
-167.47583663798252 7.012096808192593 590.7268417397119 
-167.4382195127283 5.3054494313228115 586.8395515295448 
-165.49890851335752 7.7272645190699505 586.4671632931913 
-168.23517008560603 8.00072720919812 588.3893566051606 
-170.06466123260364 4.877365190707856 589.7988662287112 
-168.8178056220799 4.191225369483509 595.2953620524495 
-165.704678743242 7.164998973122614 594.476684721318 
-169.44168168007246 6.812069615243609 594.144585338012 
-170.10527244148906 6.059372561758893 593.7607768615344 
-170.1138377730736 6.035675098119448 593.7618919204627 
-171.875157829048 9.394891542095596 592.8861437283738 
-169.80935696408136 10.277328490972728 591.0525579771812 
-168.55572828048133 10.54519728480544 592.3012473390024 
-168.72318047297273 10.1522199247916 589.2439606164376 
-173.37524692734152 6.292665257242888 587.5992836322762 
-176.056638098271 6.6232878838380636 588.7560984935657 
-177.52275609017676 8.242984772687302 589.7887883496555 
-178.6827504280354 9.188722034444996 585.607888836307 
-178.44192673414366 9.462360572176042 585.3280600580126 
-177.7849471392459 9.356273367320227 584.7361588778806 
-177.2291863237141 9.861471737952 585.9863819337326 
-177.107691336511 9.390332205276435 586.3627622163287 
-177.04372552723027 9.37902224840335 586.5473577033036 
-175.33936042839557 10.578843896692817 586.5762122941152 
-174.04622780441676 9.987435829035867 586.1016944751127 
-169.67982149634523 6.504700841502611 585.8292496126983 
-169.73201562203064 6.553624644233426 585.8849388419218 
-169.7899270034418 6.695246825869798 585.6700645748633 
-170.28255783710102 2.8867760563470286 585.1706122097413 
-168.76404636819115 0.5913092935350228 575.6962019750605 
-170.1577486240982 -2.416475159033842 577.7722506748814 
-171.17860464998424 -4.170432015576338 576.1373424806839 
-170.53899609780723 -6.032740041321422 577.0674569340266 
-170.45827614668164 -7.1533235729553635 571.9016076514813 
-171.1374804671836 -2.11012926940216 571.8568805369013 
-172.3356048049411 -1.4707051036638494 577.1054269321996 
-171.8514709228037 -0.019297045084767372 577.567197687835 
-172.31824328208225 -0.3838957313557817 577.2365301559429 
-169.50907279888224 3.7102850649474655 576.7043917409112 
-166.17133827690932 2.5268456947631908 578.7557643524922 
-167.50177651101725 -2.1583124747728615 578.5400508577027 
-164.78384663313085 1.2691476037263039 576.5032638340998 
-167.0770041444945 0.7554682455113441 574.5044053856224 
-168.3258271273073 3.0534282507174217 571.9553461908088 
-166.74933718128457 2.345393091351988 571.495309003995 
-167.5007569286295 2.4525197575380804 571.5571158203497 
-167.3508288621353 2.421829645639605 571.4702343852871 
-167.23701678574602 2.271807055788452 575.5759073537268 
-168.8646939039451 4.881125644685368 576.8766307770131 
-169.91753649054633 5.830794640358012 576.0263609930104 
-171.29786354172577 7.056867951975684 576.2104740850931 
-168.725864769508 5.887593033606109 580.5590200288733 
-169.5628589516694 6.992486688727328 578.9424514485149 
-170.97382374447577 10.489694579764912 576.99262358918 
-170.64624156841276 9.18040454264898 575.4106377305836 
-167.09421218914602 10.676927938728763 573.7199773643642 
-167.39839093284596 10.590726728624114 575.6969366450606 
-167.69781804019448 10.349159176723447 574.4826046029253 
-164.2934937502933 12.922752785094442 577.5142286561464 
-163.8156241092853 12.862738444602714 577.4880182747513 
-164.34968078418714 13.022889707081838 577.1408050688054 
-164.65070046321074 13.537183077159268 577.0110335669215 
-164.75333964040033 16.30173512708552 574.648442988911 
-165.84178643832217 15.59039372952773 571.7628716933987 
-158.6079397881108 14.96974680964958 573.7894177611639 
-153.69388522503954 15.013093984337019 569.4622767997458 
-154.23260904670383 11.889143188712092 570.5796581093286 
-154.8104489612286 12.176130648382173 571.5058017386377 
-155.28764773878797 12.34048717250263 570.3580655175772 
-155.28099946847516 12.328140552292005 570.3559618039016 
-154.9798584374104 11.971114796536153 571.6079527722826 
-155.40298947507654 13.747137730460567 571.9428349249213 
-153.90614947215522 11.457505597730988 571.1191146413227 
-155.32334692492967 12.389290523534097 566.1184061212446 
-153.65905916506753 13.153168525631916 564.1199539971518 
-154.49568745754658 14.487203130025287 566.3574876699765 
-153.79895777876828 11.88117439852161 567.7231578550748 
-153.4610454179931 11.749379567062928 567.7097948387675 
-152.46355232968207 10.647044215317084 568.0011147096474 
-149.7707416243164 10.596273104481588 563.0531849075365 
-152.88803885715282 10.98621700201512 562.3665936213719 
-152.84106348857557 10.157191399516579 562.1207773026181 
-151.7900346377835 12.318361590427996 566.5096737402415 
-150.86971069220314 10.472247445747781 565.5634939341518 
-150.95558309625488 10.318359487708797 565.5861275942052 
-150.40520265657466 9.809824008093072 563.2070485423966 
-147.36022104757316 8.622174653422324 561.5426001191845 
-147.83471699633787 8.55827197704071 560.644780396071 
-147.98192635395853 8.305885538087114 560.8157937942848 
-150.21501989129058 7.42680935204581 561.3786431894307 
-150.93704706797632 6.384258934863666 562.3543044249119 
-150.4365199612772 6.665348613527314 562.6803771382657 
-150.97393891012067 6.841561442666737 566.698364643738 
-149.05578754407284 10.714560479861282 567.4302758615512 
-148.32842735867416 10.201332457085336 564.0395405129078 
-147.99019875343316 9.36529083250314 563.2777774759948 
-143.8490964368858 8.289877198112414 566.7491571130378 
-144.1934499521994 6.744741790198511 566.8934252488167 
-138.4112845391039 2.88054999367821 568.9252824232777 
-137.23789125077053 5.270945305196072 575.0386898166889 
-137.82222766893733 5.912352379678976 575.6549459514963 
-134.87224507325993 8.733350966409084 578.8519758999162 
-135.16166300299395 9.456972509696712 580.3248600382376 
-136.33898450064666 11.57079129222188 578.643915759433 
-136.4446480747153 9.359717696692723 574.0974536677084 
-137.16407468857977 9.689660046160723 574.0424861062633 
-138.80383366260534 8.762723751409633 572.1343407909902 
-140.695998488195 6.045586114745042 570.5888726134983 
-141.8238574951719 7.577110913913702 572.7236293229464 
-142.327435104409 6.672619317167087 575.3175469386498 
-143.21631115758998 7.406253915282683 573.1220431221245 
-143.07611435229146 5.956146470703661 573.2219128883031 
-145.2569963796251 7.130648788112229 571.6181906032992 
-145.10349044060806 7.642574808819715 572.070391256479 
-143.37163338853094 7.672512318654918 572.1208312636451 
-141.53420955820022 9.95639278695317 574.2322191905404 
-141.74491591698046 10.357821232621577 574.2103544108608 
-142.19844453340687 10.668926715300877 574.2038541476982 
-144.21548160660285 13.647246761132998 571.6997413293997 
-144.36798339653336 14.32475466878807 571.3149933405292 
-144.00997660647232 15.103842946379038 570.834461871067 
-141.87759494679335 17.166914323131454 572.0074044170133 
-143.62526641038974 16.986255283626736 572.8375509207759 
-149.73103361925976 20.70203531842985 573.9189169376162 
-149.8512429806964 23.290876775095626 577.957678059279 
-145.55674620237244 21.74260766494072 579.5183634501384 
-141.00283691011836 28.2935218676009 580.062078898873 
-140.78809588465552 28.347689025065183 579.8745184986016 
-140.4649067076994 28.703732662378126 577.7190217529509 
-140.1522817651685 28.08502759493299 578.9630515997186 
-139.88053983037892 28.548843908368696 578.077758887479 
-139.90133829878906 23.973586432488354 580.6196739183594 
-136.19873057130698 18.322507803367124 582.658256230624 
-133.41439195161325 21.252503676831143 577.4150294348977 
-135.28011889729467 20.82325519078079 575.4014530524337 
-135.53141588891637 22.19162031558172 575.2181949985659 
-135.92081127448978 23.078538405836092 575.5724279420269 
-134.47876697143795 22.539027016872794 572.7028485428252 
-128.49932753668813 22.50965590469893 568.182947653381 
-130.5472038333086 22.441979401555546 566.5906344100158 
-128.38164501020285 21.60691562774894 562.9986779581264 
-128.03012457319107 19.895210970670703 563.6640025363918 
-127.89038042033603 19.441985912126565 563.5023367495164 
-125.83339496501742 18.950217802698823 563.4739076998636 
-127.96831319604178 19.190033864964562 564.4219998130789 
-128.42724536221627 15.50502248986285 565.6272447838654 
-128.78972337903713 15.588302818599546 563.4472243506451 
-126.17420648442703 17.26078809241521 569.750134197103 
-124.04988358402923 16.57487896872222 571.0595807421093 
-124.18346235830055 17.26574628732122 571.6375819106796 
-124.19528212416557 17.29188830655873 571.6795581051255 
-124.11276937865047 17.09151179927299 571.6855254276691 
-123.82463681111243 17.417563965495496 573.337975346025 
-123.19128012271882 19.923287658424048 572.1622419437787 
-123.06898656038192 19.337134301953046 573.3131382512545 
-120.83055855560254 20.246734314685877 570.7389041198768 
-120.81894604494225 19.998896550716253 571.813656877257 
-119.26765021085221 18.23624013338014 575.0195802653104 
-120.4383205848882 19.025168788968095 571.8083457895306 
-114.90135727766075 19.897469277756652 572.0808836194605 
-115.32777579836966 18.335943625685893 572.489160264706 
-117.29204869087833 23.811611966544817 574.4280608915233 
-117.57167069550421 25.088617229026106 573.4319749234639 
-117.59659793773704 24.788426298743463 573.51118900335 
-118.13999715657837 25.20320809707054 573.5820341485353 
-115.30238121413618 28.647474196023143 575.6018336093497 
-116.64617000720988 29.95115508051943 571.7844279349877 
-116.22174729517737 30.273601543309002 571.4900996633185 
-116.87252307453204 31.218662024384063 574.1956651592569 
-117.53676394386137 30.640287617417446 578.674079990233 
-120.68076280651748 24.142303301407804 581.5893548349678 
-120.1671248221945 24.652520570720576 581.8144526276506 
-117.80038317767715 21.682858058869456 581.9192541706689 
-121.20919525844158 22.406725899277745 582.2258532328783 
-119.58015989252928 22.22898687013222 578.7723579374237 
-119.08111846438874 18.664410106130124 579.367148725858 
-119.79648724626638 18.76747667470638 578.6315782769406 
-119.62591721053411 19.424949103614995 577.5526899958975 
-119.87912597040939 19.293660254878226 577.512708680508 
-123.67319810680725 17.66157802761788 576.1127035388809 
-124.70134227631017 19.321645437585836 575.53269584996 
-124.66211326484282 19.18558060874336 575.4371536188133 
-124.76874164834271 19.171754315341186 574.9184582696748 
-123.1067376579766 20.257947050693897 574.3292104270807 
-121.38270854025504 18.043228244049715 572.0691229594795 
-122.71793134403529 17.473418985464402 571.9914283994626 
-122.54769776156948 17.835705688045422 572.9381288743564 
-127.54768175311199 24.47471996592808 579.325460778335 
-128.81831403060292 22.393023449782618 579.7833884478778 
-129.30261346958136 21.803590562203546 580.3497796171093 
-130.75748168902265 23.8764216648893 581.6605358510702 
-129.78763948543363 24.022330516886985 580.6641567678577 
-129.61125724195858 23.794951708215894 580.7270371248856 
-129.897076734129 24.353714738972457 581.1953373271358 
-129.97473410125187 23.983800014385245 581.2977445671241 
-131.29206615920606 22.167681228600493 580.693436376747 
-129.86798228735722 29.63592804335974 577.7530349113554 
-128.63748161211694 31.61700983214566 578.6245626261481 
-130.20573849029952 32.96740101450463 579.0917858871759 
-131.53839360763178 34.554238713088075 576.3684942828387 
-132.48535922746444 33.40454830934553 575.5115838828045 
-133.78083814406537 32.1061561531079 575.3895182575499 
-133.75215004544606 33.46736024795548 574.4064038633251 
-134.9310662853244 32.198394507936776 573.2577215742359 
-137.62118618985284 32.35949421482496 574.0825139295551 
-140.87207429532998 28.735834547100136 573.4605004877614 
-140.13889114078134 21.914766635234507 570.9609308279141 
-140.01828415704523 22.70302387811017 571.4920879973639 
-140.05301356264394 22.91177660924898 571.575254694583 
-139.592992250667 24.545608836249762 570.3679545069615 
-139.63184487728876 24.490011588144576 570.1934717126555 
-138.059766703042 24.03912140647903 565.9069802929076 
-139.5876034185529 22.710537126093183 566.1580532072194 
-138.54154058951366 21.4330499715598 564.7016443166631 
-138.20383500247513 25.88417055314202 564.6455753130804 
-136.7744437455561 25.310485042267313 565.2674881060607 
-137.45720892113434 25.785646390048793 565.199069780726 
-138.46435964762523 26.88087904912653 567.5976805591602 
-139.02416981265372 28.796246144032082 571.0376812226284 
-141.04669207664904 29.564935631565955 569.6886732361804 
-143.39724399558355 31.06336566766853 571.1306566311482 
-142.44797747778443 35.519476331773205 573.4321494908756 
-144.78031147184842 37.19121651049388 573.0162584915137 
-148.43346663381118 35.163146877673974 569.1349343392324 
-147.3949157943858 35.71159023296743 568.7153985326005 
-144.8507856663822 35.879559613856564 569.52847844397 
-141.78483675000956 34.52865785708515 573.1662395509671 
-141.72958282937057 34.675474809777974 573.5393463910299 
-141.13611624076836 34.28208311973808 574.363163970935 
-138.15212345885422 39.60650250815271 575.6381122088426 
-137.35282021726889 37.07874849651493 574.2483970617066 
-137.4777435898658 37.61820704432097 574.8537010293193 
-138.12210179095533 37.28080622669254 575.5303845302557 
-141.2293517318186 42.148853946140925 577.2319088270303 
-141.96879439130984 43.1481755429206 571.0795681710201 
-144.9376820319098 42.87033104941989 571.267023831741 
-144.65515434837053 46.64728889635509 571.4871686861727 
-143.3589441940767 48.151948630641996 569.02328992224 
-141.86967339398765 49.600625884064144 573.6429876544875 
-141.98481662440128 49.18800626902686 573.3395140073332 
-145.49194711776963 49.695142401146775 576.604267269082 
-145.53618505970954 49.53995621935526 575.9215476795783 
-149.09571824605166 50.892313750251404 575.7531386229958 
-146.20654983046373 52.16231596591295 575.1483304684119 
-145.26466798034613 51.696045265999274 575.8774587636882 
-142.40831664419065 56.52447842152269 578.0246612576565 
-142.1318773465211 55.089011240154676 573.9567631465284 
-141.23865512265868 54.48548143398025 575.3651498290811 
-137.82981498322275 54.17272068182902 575.8429096157315 
-137.8069160580726 56.09644621546443 571.920138559938 
-138.63042775417267 55.56461672367096 571.9908103643027 
-138.76553398937068 55.58258893002546 572.6355679480625 
-137.6819070114335 54.74129686824522 573.2757453351545 
-137.41991003433722 56.72633781489358 572.6136070225697 
-138.52971111713103 58.42849028168486 573.8165824475351 
-134.3838606912646 55.42854334086298 575.4056525838956 
-133.8719782163347 55.94032482567867 576.119435765178 
-133.87753425509564 55.92817962445095 576.1162355073334 
-136.48419419278758 56.167714770923546 576.3842779799876 
-138.43201256909308 55.445962086772205 576.2563528060484 
-138.99025503733705 54.80462553632126 576.3257422336621 
-140.23790319367401 55.23934296257176 573.0028712388528 
-140.22130622887926 55.41817881725016 571.3825905468544 
-137.70179302683596 50.702476732802495 571.0089827730143 
-139.29890482163276 52.239355462699805 566.0389862323634 
-136.65619823702653 51.69368801327525 567.430864042417 
-138.08123973779354 48.90684963230313 568.641246626747 
-138.39887385977624 49.09298577299521 568.8630671303036 
-139.2772093614991 47.849698564343335 568.1000669094467 
-139.27611836993452 47.83542494934393 568.0793751079125 
-139.14586224667332 47.54507033564009 567.9432888835157 
-135.33750286906053 47.25309148587358 567.6475568224555 
-135.19183661722008 47.29854867765934 567.7591114424739 
-134.58419402620595 45.38428931232791 567.5712804334207 
-132.66050648408748 44.42916560559527 568.8812289636553 
-134.8499102437782 42.970449258997846 569.8000462132745 
-135.13283396436654 43.79546191732237 569.8994057486449 
-136.24410332800957 44.6835965099818 566.5375899194812 
-136.89943713617706 45.96836985812341 565.7125523945298 
-134.69599868648842 46.91072802943886 565.8773465889288 
-142.50590316255332 45.192289556524955 570.0991118197172 
-140.61733918615195 43.97063741054119 571.2036767929075 
-137.12978919719893 46.44372522489183 570.614996563327 
-136.4983461001321 46.234596833112114 572.2861421854241 
-137.96145526333288 42.578786468785985 573.7843647960512 
-138.82788548719108 40.9162333468201 573.964307656964 
-139.5555897963605 41.115269892982404 574.579326369101 
-138.59032197080143 43.91208210343897 575.8172469466151 
-137.17772487505286 45.90611194545013 577.637674799982 
-137.89176572882826 46.18154116761623 577.5196062678136 
-136.59292703294471 45.8518274501059 577.6147325405186 
-136.7721531657124 47.557033640808314 574.2538332998267 
-136.72915347024852 47.947117945250746 573.8699562517227 
-135.47229515054568 50.37520508865069 574.9737496798655 
-134.7838635823738 44.199375157736405 573.0513787860679 
-134.15561312255917 43.019374444258844 573.2077862856853 
-136.0313076396945 44.44522185247076 574.394895813655 
-135.64194218864094 45.03287007584097 576.6180998034447 
-136.39349734002624 45.192691042220304 576.0568727726925 
-135.83615393761318 45.67716298167111 576.3911297647892 
-135.8384655202372 45.05906401669046 576.4893931181574 
-133.8672707409917 46.101878628951944 579.292477608613 
-132.9502632836806 46.10943866718392 577.9201884349817 
-136.59414409410266 45.47008038969592 578.8514449342947 
-134.30066439745505 44.34063924081133 578.9109545128456 
-136.4444565681943 46.868811702700725 576.1662544742625 
-136.72336914356075 46.33419939687856 576.2435091639045 
-134.6903443814925 48.06479971243895 578.3875026168249 
-133.50078190844502 48.87868476327388 578.4149529097477 
-133.7293391081443 48.72847811385664 579.603951507655 
-130.8331011632954 48.03108931300396 580.9568253260394 
-125.45319061993551 50.57781133992131 578.3016416131004 
-125.53193415610872 50.55416217350962 578.5312743474764 
-126.62850227518531 48.74403665045764 579.0551466965198 
-126.96347129912313 48.65144649855138 579.288443578811 
-126.63155183547443 48.96468274374959 579.3276875295663 
-127.83564336649916 48.19988458708462 579.7227530356615 
-126.33701567536647 49.108997994695514 579.933339248457 
-127.22900015385012 49.84470064258973 578.5270225763411 
-127.99583193424044 48.16562171684077 577.2871175429394 
-128.00761451331158 48.21935168447964 577.3320199377017 
-127.99396030369 48.01019871299086 577.8103149832447 
-128.4188750349359 47.84804882741896 577.2177801196395 
-128.63404407256445 48.58405452917147 577.5306038534954 
-129.63990924649318 47.88646640106482 582.195049713761 
-130.71086518750974 49.07259744262258 582.2065347629052 
-131.21397454934336 48.25569076815617 581.9320283656489 
-131.04358832961304 49.39827261909972 579.88675723217 
-133.31197659218566 49.88478212074339 583.8678474083365 
-136.84057745189367 50.52141487932804 582.1049429727891 
-136.9750870025434 50.43901483028975 581.9902383783998 
-135.96249115977065 51.21364973819733 582.4144052196604 
-137.6718754578752 50.38147531910788 585.7251511966135 
-139.35113451081793 46.93657698780045 584.1763268499504 
-141.3701124984397 45.634487548354166 585.1260964474163 
-141.53597973870785 45.7202380790176 585.1069846440367 
-142.1328778690348 49.14595902664423 586.2743622668603 
-141.85870681998787 49.85896728198011 586.8051924906428 
-141.12157931667144 51.476623753047676 587.3746571646982 
-142.46600949996196 53.32618828619615 584.0195230295988 
-143.99395365501707 55.32000278362724 587.0763928045113 
-143.77237367030648 55.911344591081104 586.5524852967528 
-142.90171033226613 53.66325795964397 585.2073381662614 
-145.5084901943849 53.705204455924864 584.3693033938428 
-148.12774489361732 52.68313359795039 585.1144988268268 
-146.619234824412 53.88793732841475 583.5782739646335 
-142.8758222963182 55.7820361770951 584.691418962407 
-143.65831593445282 54.220997411744996 587.5985430791413 
-146.74918318481497 59.07944297759758 586.6494271018639 
-141.85525305605157 59.0755730580486 589.0836469879728 
-142.30293257301548 58.65367525992132 588.8552695924094 
-143.92047038682355 63.49405592442363 584.8217588244831 
-143.37829471392445 63.91697936314403 585.1562360158564 
-142.7696087119881 70.56541332469772 590.644831610812 
-140.7986102644684 68.0177607707511 584.108389954299 
-139.0076375393218 65.57023368836656 585.5786818666758 
-139.16896854336662 64.30308359271537 582.6515413332947 
-136.5456085637763 65.26567096491686 581.320003690698 
-138.18163430169182 68.67694902225382 581.3751981810557 
-143.8873734423827 68.32257248669588 582.3572343618954 
-142.939525730178 66.32550716204148 583.7337297126373 
-143.8796751532684 67.11204972685104 588.5460041745483 
-148.93480531784402 67.89257442482277 591.2280614757929 
-144.20233236577857 66.92229908375427 592.8800222024411 
-142.29356232952532 65.46205296687633 593.0431880264368 
-143.34017579909508 70.8066821100031 595.4090277849771 
-140.87480180847382 70.15344584165933 600.2631212013522 
-141.17179338778902 69.69367706978176 600.4946274911536 
-142.99842106870025 66.43273007096177 595.4682326608389 
-144.04330507108617 67.21936943395572 594.6208809455528 
-144.04257605975224 67.50964433462603 594.2934384200571 
-142.7203644362616 69.05650002806142 590.3578792724081 
-143.34211480736536 68.64945044260602 589.5922548004577 
-143.72350794995066 66.64907905716665 589.2207285365764 
-143.46872049992336 66.73696978488947 589.0293681112271 
-145.90930807243498 68.18904093173025 585.6024416541834 
-141.94546857871703 68.088931255805 585.2191238445653 
-142.553941672106 69.74527326269343 584.5907248033484 
-142.13064064555218 69.56445373816653 585.6813021781313 
-142.38913080382548 73.74309127326144 581.5337960293751 
-140.480074826307 74.44495531377056 582.3283961484649 
-140.67012981134988 74.35850356764296 581.6064093207657 
-136.81093126636313 73.82193723537146 579.1448836330188 
-135.94365147503225 74.74173244692041 580.805335326712 
-140.69760531245177 73.981686047328 581.8018986030493 
-147.3134120686085 78.34068461912884 583.5295138976902 
