-428.4370352534586 -640.0734929177958 809.1330049939661 
-428.57948727993045 -639.9889726537727 809.4125194816831 
-430.1686762582364 -636.1154111897861 807.6380319510492 
-428.07936169168045 -634.177864257457 807.8235502913001 
-429.10967472142727 -635.8872245507488 803.4058373855881 
-429.3009560652186 -637.4464546654797 803.6431827275186 
-428.7574693357171 -638.3003400013448 803.9329450350829 
-427.26190514239335 -637.3262953966276 802.5842279146748 
-429.16147258752227 -636.427224023202 803.2411497325996 
-428.3608034726332 -637.4663279058774 804.3411019332161 
-426.6392143450371 -637.3856840900921 801.9678412050185 
-426.403846737783 -637.8740974436315 803.6883002478239 
-424.6942162794807 -636.2104705037001 804.9417424740947 
-424.9129869580712 -636.153772238448 804.957903185954 
-425.83332324335214 -637.9185931761108 802.6682512305748 
-425.8616601329548 -639.7990114900618 800.8403241521656 
-425.02303537881704 -640.4453848229276 800.0092928434921 
-424.92034156049084 -640.8794974230717 800.6376427970048 
-423.80957699096984 -640.7611312108356 800.2675751923553 
-424.8915331389546 -639.4523295079844 801.0875987188964 
-424.69288755302955 -644.1234970458515 803.717253125733 
-424.39132828001374 -645.0711405128662 803.7838606012886 
-424.3042822923167 -647.5195237044692 809.3446179299093 
-424.69034598768025 -648.7183834150504 810.5425457011838 
-425.02218628921395 -647.9436310094851 810.7552964497191 
-425.5990808277794 -647.4723813259537 810.896513033563 
-426.21814583838864 -647.2344716898785 811.5011614799034 
-426.0297657006601 -646.8579941638052 812.0921291101148 
-425.9981840825961 -646.8929967851939 812.1104504157186 
-425.65207218613176 -648.4491830420133 812.9087028829307 
-421.90772083040696 -650.3337409758526 815.4238479034823 
-422.073624555939 -650.2997153833915 815.4708915680566 
-419.74057906822384 -651.0574449912675 815.37074865731 
-419.69961559569674 -650.3152918528034 816.0156739142109 
-419.771720509632 -650.2441944547712 815.9055209372499 
-419.97373494523174 -650.3947259680007 816.4190285296066 
-419.2890245091007 -649.5592683123376 817.0508161635016 
-419.1162463458335 -650.4816399879786 817.1033970502107 
-416.88140666547963 -657.9602359775407 818.4636772316322 
-418.09635978649925 -659.3120639435796 817.8566036690459 
-418.26321100409484 -659.0949469644214 817.9784258031661 
-418.7772833868168 -658.7236028803097 816.391760402991 
-417.0370028827571 -656.6706550749661 816.3767898112047 
-417.10550737028603 -656.3292616631335 817.379976686793 
-417.5633381248243 -656.5899310297578 817.2036123538171 
-417.0222844033786 -657.5470936127442 817.0925894284323 
-417.0854521980103 -658.2931814975788 816.8649899483254 
-418.3618766070741 -659.6844344163692 816.0227354756811 
-416.39213278858387 -657.4267613073291 814.3686065676354 
-414.6040945263713 -652.0188793985486 814.9113811636646 
-413.76049079572925 -653.9691933803624 818.1167394364902 
-413.3610298499818 -653.4082419280601 818.8343980298085 
-413.72504344789303 -653.9214322702045 819.3443212599519 
-412.33323889812453 -652.3092698746083 818.6413860629875 
-407.73980060371446 -651.4628966446875 819.2916068197344 
-407.9570685690222 -650.8071502888466 818.1194691163469 
-408.4610993412668 -651.7283154528209 818.9087583436198 
-407.65111701379743 -653.9631539013697 818.4394074526664 
-404.25697574715656 -657.7890481114167 820.3319851860023 
-404.11744656420564 -656.5578086902244 820.342446683801 
-406.26334771981533 -660.0097689176146 821.9615332278792 
-406.7749982311568 -659.4680440924066 820.4257660276921 
-405.87913658920087 -660.3723840913274 819.3124682316677 
-405.9485748748471 -660.0537813188328 819.7171986610678 
-408.93575466881066 -664.5786689666943 823.4058118276726 
-408.712954409851 -662.4044355560083 824.2709796511422 
-408.7869802055767 -662.9738886898829 824.8141624532198 
-408.7714129335117 -662.7998201817102 824.7472144961674 
-409.2757667193393 -658.813382312323 824.9703435299377 
-406.57974761049667 -660.7465618627647 821.2795220009673 
-405.90399768558785 -659.242831903562 820.7082824561844 
-402.8477304260271 -660.9362962199699 821.8452759981346 
-401.3302206964034 -662.3586179830684 820.1903693460947 
-402.1199101843174 -662.7347698152793 822.1203838755678 
-397.5556977926075 -660.108155789184 820.7039779554331 
-397.1222027025891 -658.060345197976 824.3436458353356 
-397.642413496735 -659.2490557047735 824.7394627488186 
-402.4474008086876 -664.4878461186047 821.2399253170169 
-402.2333564697473 -667.0849393912612 818.3040278309693 
-403.9631715350671 -667.9968883625826 816.7267169815883 
-399.07598228267176 -666.7840102173011 812.5235894698131 
-397.34350965748797 -667.6854362778682 815.7357768109794 
-397.3660259976298 -668.1578960287386 816.8778680984007 
-396.28544841670185 -670.687193718385 816.3179108410692 
-394.8439212781639 -673.0651665372716 814.0630216858244 
-393.62565516213516 -673.2489838421119 813.0586172506103 
-393.3719118072664 -671.4448287831356 813.201555573058 
-392.61302986692385 -671.4649213618795 813.3266894723412 
-397.60253091196927 -664.636352786237 817.2586677381287 
-396.40103871546347 -665.4154794042836 818.0960082158134 
-396.5041985183337 -665.4576520038805 818.1658696582174 
-395.6975182305726 -665.7219696850236 818.1403404505497 
-400.14514347602267 -668.6863520638136 815.4696299872356 
-399.41027659277734 -667.7682285492435 817.288102599382 
-400.59075323254336 -667.3394852597348 816.9130548731729 
-402.14222382611985 -669.5759719953184 816.0373757383088 
-402.2663512352563 -669.9302881957407 815.7413787559152 
-401.8378260631242 -670.0366162278467 815.9224621137898 
-404.8978313884214 -668.9484344598244 811.905682206954 
-406.6063055861841 -664.3213754146049 815.3205929420895 
-408.0519520197159 -665.6373355046218 816.4306198955524 
-408.4821571093024 -665.0434839758888 817.7166013983527 
-405.7349939590804 -665.6666552975245 820.1641257245834 
-407.03290076246066 -666.6962258330973 820.6505541940732 
-407.56692540336377 -666.6166946872701 820.6140044551133 
-408.17639589583445 -666.2892221774741 819.7528603900578 
-408.2297119333335 -665.6126518940595 820.0545987728929 
-409.1531453900013 -668.8980284987624 818.9297995643406 
-409.62957656180544 -668.4951930325888 819.239809426533 
-409.91486870266846 -667.4911001761088 819.9159923993523 
-409.1759536253705 -668.4152182941895 820.413416242013 
-410.79431118617725 -668.3124817371292 818.617201175806 
-409.57821068883464 -667.1217273367673 819.8252906152935 
-408.9663742315188 -668.1657241666384 820.6593802374431 
-408.078047042068 -667.8415644043689 820.8860011237863 
-405.57705836642816 -667.733999446592 820.2686275706059 
-406.2454834132948 -668.2783682649895 821.1406626899533 
-402.67766162040823 -673.6444659656879 822.0416097908244 
-401.60647835231464 -673.0911548147672 822.2760838751423 
-403.11790195935686 -672.9707258654079 826.0449011278384 
-400.8089241182201 -674.2411917265973 827.7612481140004 
-403.88481422210714 -677.4106560436265 830.8090654577784 
-403.626173315933 -677.6768062784499 831.0834687491907 
-403.6925390391173 -677.9195321564714 830.3589680499874 
-403.03892074267515 -682.851080032027 831.0723993753089 
-404.70787469245965 -682.6814082064388 830.1983262549436 
-404.6477270689361 -683.3856470472768 830.49339085703 
-404.2334207108509 -684.1426290697771 830.4398955898789 
-404.06207460811294 -683.8162260041655 830.5782341454928 
-403.15937330342007 -683.9763971289857 830.4687241474039 
-402.65189183041224 -684.7455142908603 829.5983032857921 
-402.6961879877885 -684.5686933224895 829.4121753253116 
-402.5931864839117 -682.0500327024439 830.5538936476739 
-402.1791983860566 -679.6494813754379 830.0443314422448 
-403.00073842465565 -680.645512982216 830.7465596853951 
-403.18332122264087 -680.2486391107477 831.0759367263096 
-402.4706599801011 -679.9037492119829 831.0524276158211 
-402.86962171075646 -680.3656868057236 832.2994268918059 
-402.9476914893248 -681.4831369400042 835.0170471977203 
-402.95385593090526 -682.1786914030876 834.2732601040613 
-406.68034581415174 -676.1136248156857 833.23273910749 
-408.6811906791189 -673.3067941795704 835.1736558466037 
-409.6152689527626 -673.9698774502896 835.1712030704972 
-409.31326393475314 -673.1235799814627 836.8589531264586 
-410.9366254178723 -673.6304705421562 836.8462304549728 
-412.35196854836954 -676.3343099424594 834.7338199833953 
-413.8493249609066 -675.0941747446112 834.6252153573208 
-415.9196405759333 -676.9092130160412 833.4331060437723 
-417.29394350785276 -676.976051371465 833.6053525828105 
-417.87860171399717 -683.4652627081401 828.1909809612192 
-416.9968178695465 -683.600166792636 827.5219200635923 
-414.0531008637763 -681.1052356489153 827.2889275076757 
-415.10577238838056 -682.812882471196 830.7949363341761 
-415.6770863262966 -681.6412002090846 830.8634494631035 
-419.74874476393563 -684.6272389883832 830.9395735574278 
-420.9397151916144 -683.7152255989259 830.5355554640822 
-420.39935894464446 -687.5894092141202 831.7343043207869 
-421.1432300499918 -689.6359746775066 828.87155480819 
-421.2839122583591 -688.4860058750219 827.5702517228016 
-420.9304541391657 -690.5771832756388 828.2223259814128 
-418.934991617571 -692.239439685712 827.8561363260671 
-418.25057788606114 -691.7507702404138 828.2523179868347 
-419.86610061945663 -694.1973898908011 829.3333122416614 
-419.56282590167194 -694.4045275943848 828.9532793274226 
-419.62344790619693 -694.9533496734811 830.1377657013002 
-419.68097132289336 -695.072620336894 829.8811585563648 
-420.81774490267816 -694.0056916532976 831.7126831956036 
-418.00984786220505 -695.3643573943104 835.8906743656452 
-418.22806182105415 -695.5857053388181 836.452483238066 
-416.64889445124663 -694.392510131374 831.5174429161592 
-416.6063004976063 -694.7311325595274 831.6646037774603 
-416.763001278655 -695.9432181360215 831.462422419126 
-416.1891814983794 -695.4841700958145 831.7308570994226 
-417.43189529467077 -695.6902980386465 834.5639621254948 
-417.7236530866292 -694.9784310873205 834.445882001056 
-419.7071056232084 -695.6662254526088 834.2394378429954 
-416.25015067628146 -695.6421132530392 835.1931523306172 
-414.5663482749195 -693.9921678210803 830.9651602032174 
-414.591053795211 -694.0317524335238 831.0428429066359 
-413.2072396267458 -694.983954467624 827.0251370218933 
-414.2648235882008 -695.011543889668 825.1111505179713 
-417.2487352741194 -693.9718361001266 823.0287287856945 
-420.4763863631133 -689.5060113671649 823.2535374220404 
-423.2281693504102 -690.7852379597501 822.7677095900173 
-424.97113650225805 -690.9571864052797 822.5642348466291 
-425.063231312734 -691.1904068349501 821.0466496662369 
-426.6766111966919 -690.6493715514474 822.0098695286013 
-424.76925045544635 -691.400428725376 823.0897559596131 
-422.8868401599259 -692.5641156848372 822.9361160627874 
-424.83281893091987 -690.486070613552 820.5636704176778 
-426.1845014117935 -691.088006592338 820.8980325841375 
-429.59781549055486 -693.4579661409963 816.0445723321839 
-429.429517976877 -692.8770742679103 816.7137201685507 
-428.9997732032521 -693.0826955437084 817.1472471805777 
-429.1807708632797 -693.7714450527478 817.2248670343384 
-430.2588166112722 -693.708253892254 817.2348810908348 
-430.4657545289382 -695.0447638494381 817.8170015559479 
-429.7843789455455 -694.4635208369905 817.5321442116909 
-431.25857385372666 -691.1525995808538 825.0634761881607 
-429.7321919398609 -688.457853815153 829.2197281440882 
-428.3925533437296 -689.7905348156736 828.814704670156 
-428.6829211394786 -689.2048871947756 829.1222894361588 
-427.0315127906117 -691.0284394402004 828.2883936947527 
-428.68680690778285 -688.5940120670869 828.0498659564234 
-433.2786151403193 -689.0594534351186 829.7948403825554 
-435.2030748663512 -691.4943369520993 830.5036186678464 
-435.2803679801837 -690.2201654325261 830.4034297720044 
-433.3945303568935 -688.7039546923231 832.5763337163883 
-433.55206539294403 -688.3008654139977 832.1967209455951 
-428.30382612852145 -686.2202429801215 833.2954427545915 
-427.14487971604916 -688.5600028351414 834.1918053557462 
-425.9432141966865 -690.8151518309178 830.6271072271606 
-425.94366590886244 -690.8160706005469 830.6215206392725 
-426.7075845178592 -688.876643189164 827.9992299467895 
-426.05160705181953 -689.237355289981 828.004590839461 
-426.1292359977002 -689.7044981368185 828.1359465785819 
-431.7897067659592 -693.8910372533727 827.2842442979642 
-431.7617457981174 -693.9462045629268 827.2114868095573 
-431.2950883737265 -693.6355207160095 827.0014032944753 
-432.1009852982964 -694.2620606549841 827.3269516927927 
-432.20305372927186 -693.4628851273343 827.4555303736947 
-428.63313805360355 -693.5631284142398 828.1400990020035 
-432.15029813584397 -693.3994487784661 820.3070441378014 
-431.70073982836414 -687.794426925795 818.8573550576391 
-429.5028717480871 -684.344690565907 820.8638334846198 
-429.75304571019336 -683.850917443207 822.5836540406906 
-427.1203935451012 -684.0297469242768 819.2035941138937 
-424.5678240225795 -681.8668827553606 823.9404652141378 
-423.3814695749982 -681.9275229734056 821.1604371637504 
-421.23395160613916 -682.3608662135374 822.412422542062 
-422.85930437872116 -682.5677019894074 822.1981039409516 
-420.57887747252147 -682.6489169114506 822.2090472122122 
-420.5863413456177 -682.6645505830107 822.1911316283439 
-419.94127139524426 -682.8918741590801 821.3793758351545 
-420.2497921086884 -683.4049209159433 821.2367427206003 
-420.1880970575796 -682.8708959427674 821.459850921883 
-419.9450251895507 -682.8164208278189 822.1935441568343 
-421.11717116544816 -682.0619995340526 820.9701418339704 
-423.11128555059713 -682.3048194544582 820.4537836098598 
-422.6518177553566 -682.2782122403612 821.3247018947004 
-424.0989828823582 -680.3691088985538 821.423745424617 
-425.90758283639366 -683.069574991597 816.2067228397684 
-428.29779031309863 -683.1743288119217 814.4825102560162 
-428.3084581727155 -682.4882441911053 815.3927910268125 
-428.41623831131534 -682.3338394546466 815.4019878113762 
-427.1289739140613 -684.1195689614389 815.8230450158206 
-427.8110052609151 -682.4338127196515 816.3091391503428 
-427.57611028042305 -684.6318142360903 815.7638165295573 
-423.3768264917205 -685.4537460165703 816.2516544205743 
-420.4729618857369 -683.5589801658114 815.6894165236059 
-420.503162576112 -683.516891597868 815.7584150508335 
-420.73684565195424 -683.1734181091383 814.9985437139385 
-420.5964532648891 -683.264292199702 814.9227065474663 
-418.22636961569935 -684.5646477589196 812.4776092422201 
-420.5842420171516 -682.949360481047 818.4786810059555 
-421.9056769433861 -684.1490283176076 818.3329214930693 
-422.12941490316985 -684.1549560902032 818.3306719951548 
-425.7341229235708 -683.0893932754743 817.3602403742362 
-426.24068079164124 -683.8901966680796 817.062547413943 
-427.8293747261643 -686.60141902918 817.0517603023777 
-429.6972836593368 -683.5421743563495 816.5001697302969 
-429.42569716713035 -684.0502647884027 816.4405830193186 
-427.8943394740281 -680.6731738773973 812.8544031835546 
-432.3434385811102 -683.922717520083 813.5323739707683 
-432.3100148891439 -684.3327366467038 812.9766249411471 
-430.87775950476714 -689.013304724238 814.2276615261843 
-429.25537631837227 -687.390594422465 815.1803740723601 
-428.3623914013322 -686.988604986642 815.818621753332 
-431.5629351272596 -686.1315006363704 811.2487480232335 
-431.35636720771765 -686.7985576027571 809.1613428751788 
-430.77642223504193 -688.5114663285384 809.6282320052557 
-432.1193542752559 -687.5319329737821 806.8274252868192 
-433.95551600396084 -687.5017835002511 804.9495546774855 
-431.6132691031982 -691.8510493235524 806.5917062974227 
-432.49265012559755 -691.9900606459345 805.0032554400822 
-434.4536205134803 -692.8678510543558 802.4555566987867 
-436.88756136211924 -692.8982614968563 802.0053665868394 
-438.5858443119231 -692.7770695824327 801.5591211761608 
-438.3041771464164 -691.7261960428573 809.0290554185057 
-437.94591468403576 -690.2311629205053 808.7158509474825 
-440.1086141250017 -689.1653090798478 811.5413661976353 
-439.9590549628746 -689.2042882827845 811.8906395456273 
-442.0792085657093 -687.5528421076082 810.7391190204722 
-442.21196859343644 -689.731392639731 810.0218061250217 
-442.8286343600967 -689.8387336533465 811.6360449638593 
-441.4239630555985 -691.004130480757 811.0376894061478 
-440.9134050844614 -690.9885288662907 810.7618131045125 
-440.3210543702105 -692.1058277673906 813.0997245215591 
-440.73659613061335 -693.6167264451334 816.3999960498058 
-439.3833326309236 -691.9039847846994 815.8616607690583 
-440.7730274641607 -692.0505613261591 820.7876721644702 
-439.401240373512 -693.2056094990394 821.5784338001351 
-439.91430917346327 -692.1696932784943 819.1591995965465 
-439.97817321359287 -692.953417953775 818.8925296232406 
-442.14345913074493 -693.683808501059 819.566283595734 
-442.7409800634415 -693.4290744018608 820.2230187673064 
-443.4318791547213 -691.370798775835 818.9693895061545 
-441.1688606297174 -688.7032703743358 816.0000006696071 
-441.81387627205606 -688.9390690093525 816.1326279794553 
-440.45784318828373 -689.7775151983968 819.7531573619744 
-440.42157719656944 -689.742838388039 819.6906527760055 
-440.78906276493086 -690.7503429559921 821.3530408463133 
-441.14336242524286 -690.7481583205569 822.184375365215 
-436.00882714060174 -684.5405144473056 821.4242320800126 
-433.7154338444168 -681.4898520630593 822.8241766370109 
-433.9039201093438 -681.7360111810422 822.644627207642 
-434.84108446400677 -683.224799921198 825.4848617510964 
-435.344167989164 -686.0560963833396 820.3397028669115 
-435.96972583030526 -687.5950708120212 819.2830478015992 
-433.98839075743945 -685.4106898013915 819.8357517422544 
-433.9928173335082 -684.9103614873243 816.1021183977417 
-436.3874689352538 -680.0456843150015 815.4766233394823 
-437.0352810744464 -683.4287485902333 816.0108788855218 
-437.6254336527425 -684.7748651175123 811.6095709065586 
-437.5145617841137 -683.5843311784009 809.5306342836993 
-436.11522210270755 -683.9006516939559 810.1252983675466 
-435.4070633556993 -685.2414550787566 810.8570084966017 
-434.6730974375182 -684.668477973618 811.3153165143488 
-438.51568401548707 -682.287178783645 810.0927076297447 
-438.51915079816735 -682.2056402809062 810.7441558665155 
-439.23611290870514 -679.9170738750374 808.438540309234 
-440.3124381349598 -676.9131665623815 808.6970752218147 
-441.473030633498 -676.8900861155539 808.9134486926678 
-441.5177588217209 -677.5687640150043 809.2954374438676 
-439.3875395846363 -673.3435645809232 809.8921654943687 
-440.1762202055126 -670.736965112938 810.4438764927273 
-441.2753160819796 -669.298515023104 809.1275672336695 
-440.9906484372361 -670.0403415556924 809.7864410395686 
-440.4193970519411 -666.0504080470412 808.230449871744 
-441.00425997009125 -663.7385300969378 805.6761542435667 
-440.0800237139043 -662.3032288883804 804.6956098500923 
-440.4213793436587 -663.6204963669088 805.5075102401373 
-440.4147853124611 -663.7987343754763 805.4034444810723 
-440.6134654803063 -663.77744896992 805.3742982546966 
-439.27009182409705 -657.3045302920614 806.1268189998724 
-438.90204751347227 -656.4987440159157 808.6486822251966 
-439.4800195758857 -653.4690594181485 806.4940409475631 
-439.2072076338491 -653.5833421004675 806.3764706372431 
-439.36116181402247 -653.6125797444346 806.2837628611296 
-437.4812716224571 -649.9880858747673 808.3287244864398 
-437.5781006587939 -649.9931883860296 808.0313349039137 
-442.5511163664248 -655.0498725260982 810.2587651355449 
-441.7983400379694 -654.4293563391926 809.4520934703851 
-440.2400237529961 -653.8335384606796 810.3200061237131 
-442.75826487771036 -648.8658008972791 814.055887098205 
-439.12992921385035 -647.524993463613 815.0811140273343 
-437.18350798442486 -650.7392408646031 817.9537045260181 
-437.6391055401168 -650.6773272422614 817.159325805256 
-437.34689718835784 -653.9758843173684 820.0757181753253 
-434.5661356832742 -655.5432757852598 820.5995161360652 
-432.6075654255309 -656.2734553470442 817.5462376936663 
-433.8146074206568 -654.3195453574989 817.2445267575121 
-433.6033502300787 -654.3945347208613 817.3560620904816 
-435.56325722278393 -654.8406761223666 816.7597387430552 
-435.2552484373263 -655.3582267272859 816.664761216914 
-437.08371715153254 -655.6306187741221 815.3564700182246 
-438.3478776852238 -652.3133426631819 816.2778524944753 
-441.21181164710055 -654.3197052524067 819.0778301890884 
-440.3650264855973 -651.4661300047431 817.6614563537273 
-442.2720935694095 -653.1808744784547 817.8881805575028 
-441.8699391907749 -651.3194218312524 819.1375981022036 
-441.7111928806246 -651.1888611693104 816.4422023744997 
-440.16847237957523 -651.9875763128432 819.4909078340761 
-440.2565660903548 -652.0726614183351 819.483227464713 
-438.0742560442068 -646.906983127545 820.6222360863268 
-437.2932945422392 -645.5151328942854 822.9585030957393 
-432.8520393676419 -645.7151499882618 822.2722431292191 
-431.1181702838882 -639.7241234306665 818.8476255697267 
-430.29970505645446 -634.4166025173677 815.7432293483453 
-432.5290990347508 -633.5952211768387 815.9797473760055 
-432.4240716841204 -633.5734477402291 816.0395154933294 
-430.1067933611015 -634.0413474796743 816.6405634425272 
-428.1697722227822 -632.8689316882163 816.1302503957764 
-428.14896370020716 -631.0513571419345 816.9403385411578 
-428.6559403467838 -631.2920331017044 818.3690501974557 
-427.2878380988095 -628.8070563655185 818.1314466499463 
-423.744243875426 -626.9983855193931 819.889513262629 
-426.16333769987307 -626.6909099405623 819.6023238561651 
-426.1845357683897 -626.6599762484491 819.6205188435292 
-430.3490313951791 -626.0676582792121 821.3826263710386 
-431.4365409529729 -625.7156455508117 820.0613615659014 
-430.91967452489274 -625.7205269756697 822.1483509652378 
-431.9266997851687 -627.0338154048869 822.1327479967964 
-431.42842508505487 -627.1885715983714 822.3500914299127 
-431.7930588608133 -626.5738062819688 821.5688854390104 
-431.6571830043151 -626.766244773517 821.6545082215182 
-432.66536472903755 -629.0318805678658 820.9414111317708 
-432.6511804326775 -629.0510274156771 820.8876090602861 
-433.5954453117043 -628.79190588671 821.4228720382682 
-434.3073119982704 -630.3344019359841 826.0329335355367 
-435.53195461967044 -629.5661954094844 826.1644685892129 
-435.7143797341903 -629.8056329922505 826.2415912623266 
-439.32386887804245 -627.1385466494686 823.8661538172566 
-441.6615786390678 -627.5255822648801 822.9391447213176 
-442.88138529667117 -630.1160046065216 824.984486719131 
-442.7231833115514 -629.7540678006667 826.1267839322576 
-441.5067871006588 -630.9967312322755 824.8703435164193 
-443.617920398467 -631.9348818754327 823.316276860979 
-442.6591366039284 -633.038101617161 821.9264889109514 
-443.46175621392916 -629.1557498420566 828.0677318104637 
-443.72444997366824 -628.7516920453759 828.2041083360655 
-440.58344500665737 -630.3320308398439 827.4616839077569 
-440.1313915426375 -631.4981205371032 827.85241459809 
-441.34417569792356 -631.1772981902968 829.8265257701427 
-441.8272960386526 -631.9058735313622 829.4629715710101 
-437.80850636310544 -635.1147248369983 830.1459195755878 
-438.28327562114566 -637.1376863149901 831.9051162412057 
-438.2409185391562 -638.067317860537 830.8347720694422 
-437.127851522804 -638.6181042558886 831.4305307653106 
-435.54963340275793 -634.255834498751 829.0660246215226 
-436.34611874003065 -636.2804379847659 830.5914360958752 
-435.0674884103986 -636.6559994167297 829.5157132864067 
-435.052094122968 -636.2668652133339 829.8118326719059 
-436.3081301148394 -636.4491664020405 828.6212346909997 
-435.9653790693338 -636.5898609332845 828.8993020089823 
-433.398370077494 -639.8867692492224 829.350431684183 
-432.2343603534241 -635.5154392166654 828.2138777662916 
-430.7259142858533 -636.6853055717348 829.008923600121 
-427.2928665300843 -641.8017491587265 837.9638589258277 
-426.97490132085363 -641.2718306757 839.6189456241536 
-423.9283780362905 -641.7599888976721 839.8514440522225 
-424.6216050081076 -640.5517542123806 840.0644601225333 
-428.00207353862123 -641.208788482751 842.0671547918176 
-429.1297154661203 -638.3399788227703 843.1810640481517 
-430.1670500437813 -636.159240150507 848.29789414819 
-430.22859684840483 -636.28059227348 848.8588397167964 
-430.10389443196954 -636.3594102444387 848.7711967058397 
-429.78896080029136 -636.6412834048615 847.8314326953054 
-431.6148563923466 -635.8444823482337 848.931263404 
-431.6826723379868 -634.4746978536735 850.6047091905599 
-431.6656101055936 -635.0929049665644 850.7995719056673 
-431.7207162568355 -636.5790534351854 852.1037442854605 
-431.6900005856617 -636.551562480911 852.1215684600052 
-432.5611512974547 -638.3934837923822 850.7181635294947 
-435.1260284781813 -637.0222480992999 854.7989024801172 
-431.9355527738437 -640.1075836473531 852.6629288881769 
-429.94401355759095 -637.4056086784922 854.6012444059164 
-434.72872013966844 -637.3353650059613 851.5399582316974 
-431.8236146683866 -635.5212537118161 852.1983283305382 
-431.541953316452 -635.5259968230969 852.1053875090181 
-432.4188110000386 -635.0374781089181 852.6132894905772 
-430.6013704525896 -635.547575888519 853.9401429252819 
-433.66675356656015 -634.7898042704238 855.4322953550951 
-434.3825634012783 -635.759695596846 855.6440320436882 
-440.5592646871103 -639.3160754937256 861.0638122473752 
-440.7577358618665 -639.731275009633 863.2754717701224 
-440.8958865891835 -640.382448400669 866.3130871920181 
-440.39374401446537 -640.8153625671864 865.3731514146548 
-436.32766953671046 -633.9980807575752 864.8105110506543 
-436.2145436761742 -633.672330025676 865.9824933118573 
-439.78269640197254 -637.7601642163988 864.2438362274999 
-439.7298143641564 -636.7282190244451 862.4095891481944 
-440.7614474696867 -638.2983621719231 859.2632211953409 
-443.78103176643725 -640.1929803360688 857.6136446435878 
-443.9615789505099 -640.2622571665731 857.5354297631144 
-443.5155259060995 -640.8020598617836 857.3804978879106 
-443.5826012290474 -641.6472555704358 857.3013630728079 
-442.32518879913766 -641.0823268905303 856.5880631761909 
-441.06872108672235 -641.8575157296775 854.0505464709338 
-439.90796696814095 -643.8411567405312 852.2192654389411 
-440.07448250872096 -645.2094461793758 853.8860747654687 
-436.99373296006416 -644.9636735710101 854.2471225547853 
-431.9892699664819 -646.9389447515634 852.338890502159 
-435.0718891783227 -648.4384231773406 853.3392956630865 
-437.08138411955025 -646.4472382496081 854.0683593610784 
-437.065237106621 -646.228392970622 854.0786685340563 
-436.9498728055618 -644.8607275972159 850.0074859713166 
-436.4969719590685 -645.3024739961521 849.6104932642295 
-436.2413184624445 -646.1834809640361 847.9187558193497 
-438.2513281441378 -645.0886039998844 848.5080802798042 
-437.6687086289045 -644.3814006499725 848.816350955629 
-437.0778613338526 -644.3557610435138 849.482635712355 
-435.22085709211973 -643.1718704050624 849.1322890305026 
-436.28950075442964 -642.9723320594718 849.6487219567017 
-432.99789558658824 -642.6311834587518 848.726132484358 
-433.83642841244955 -643.2469427328612 847.9492101437103 
-431.93809990665386 -643.7635064400779 844.2811368549721 
-430.6960030618004 -643.0369200544986 844.0549158731732 
-431.36428078555025 -643.1130014672356 844.1785738053931 
-434.20284317668006 -643.6208427703035 844.3411605154291 
-435.06758006460734 -643.6225573289049 845.1482373833865 
-434.8432350695672 -643.9735297870259 845.3604420712526 
-434.96972879919 -643.9246419324645 845.1573915154507 
-434.8970838132995 -645.087827799032 845.0604602159794 
-434.53340347780073 -644.1170965242468 846.1389890446773 
-433.7918732882841 -643.7490482291128 846.3047400694663 
-433.9605461534038 -643.5887089445297 846.2677470874455 
-434.2464837349491 -642.970315580034 846.6906751687036 
-433.3425312549656 -642.9162767597518 853.4721631373283 
-435.05733136583206 -640.8866267758401 856.3464368539424 
-435.6121324589819 -636.7863615428023 860.1000013484019 
-437.55150642993357 -634.2714669976931 860.9558365061441 
-438.6436082578188 -634.5597775804454 862.8451757139269 
-438.0642153123922 -635.5997766717659 863.1819605591306 
-438.66541969760635 -635.7423188811597 862.0589693008983 
-438.61996218377544 -635.5589448081863 862.0487476376975 
-439.54032547716764 -637.0693981905845 860.9883220703069 
-439.7360408071535 -636.8506298919592 860.6324200491933 
-440.425050585984 -638.3707600735074 860.3564743456338 
