9.846687316894531e-05
5.14984130859375e-05
4.744529724121094e-05
4.649162292480469e-05
6.365776062011719e-05
4.9591064453125e-05
4.673004150390625e-05
4.696846008300781e-05
4.696846008300781e-05
4.696846008300781e-05
4.6253204345703125e-05
4.649162292480469e-05
4.6253204345703125e-05
4.649162292480469e-05
4.649162292480469e-05
4.673004150390625e-05
4.673004150390625e-05
4.649162292480469e-05
4.649162292480469e-05
4.649162292480469e-05
4.601478576660156e-05
4.601478576660156e-05
8.034706115722656e-05
6.389617919921875e-05
4.673004150390625e-05
4.8160552978515625e-05
4.6253204345703125e-05
4.6253204345703125e-05
4.6253204345703125e-05
4.601478576660156e-05
4.6253204345703125e-05
4.696846008300781e-05
4.6253204345703125e-05
4.673004150390625e-05
4.839897155761719e-05
4.7206878662109375e-05
4.649162292480469e-05
4.601478576660156e-05
4.6253204345703125e-05
0.0011327266693115234
5.1021575927734375e-05
4.744529724121094e-05
4.696846008300781e-05
4.7206878662109375e-05
4.649162292480469e-05
4.696846008300781e-05
4.696846008300781e-05
4.696846008300781e-05
4.649162292480469e-05
4.673004150390625e-05
4.6253204345703125e-05
4.57763671875e-05
4.601478576660156e-05
4.6253204345703125e-05
4.6253204345703125e-05
6.29425048828125e-05
4.792213439941406e-05
4.6253204345703125e-05
4.76837158203125e-05
4.673004150390625e-05
4.673004150390625e-05
4.673004150390625e-05
4.601478576660156e-05
4.601478576660156e-05
4.649162292480469e-05
4.601478576660156e-05
4.6253204345703125e-05
4.673004150390625e-05
4.6253204345703125e-05
4.6253204345703125e-05
4.57763671875e-05
4.649162292480469e-05
4.792213439941406e-05
6.103515625e-05
4.7206878662109375e-05
4.649162292480469e-05
4.7206878662109375e-05
4.696846008300781e-05
4.6253204345703125e-05
4.649162292480469e-05
4.6253204345703125e-05
4.673004150390625e-05
4.57763671875e-05
4.6253204345703125e-05
4.57763671875e-05
6.866455078125e-05
4.792213439941406e-05
4.649162292480469e-05
4.649162292480469e-05
4.649162292480469e-05
7.390975952148438e-05
5.054473876953125e-05
4.6253204345703125e-05
4.673004150390625e-05
4.696846008300781e-05
4.7206878662109375e-05
4.601478576660156e-05
4.744529724121094e-05
4.696846008300781e-05
4.649162292480469e-05
4.6253204345703125e-05
4.6253204345703125e-05
4.6253204345703125e-05
4.601478576660156e-05
4.57763671875e-05
4.57763671875e-05
4.649162292480469e-05
4.57763671875e-05
7.915496826171875e-05
4.76837158203125e-05
4.673004150390625e-05
4.7206878662109375e-05
4.673004150390625e-05
4.696846008300781e-05
4.601478576660156e-05
4.6253204345703125e-05
4.601478576660156e-05
4.553794860839844e-05
4.57763671875e-05
4.57763671875e-05
4.601478576660156e-05
4.553794860839844e-05
4.57763671875e-05
4.601478576660156e-05
4.57763671875e-05
4.553794860839844e-05
8.034706115722656e-05
8.058547973632812e-05
4.863739013671875e-05
5.984306335449219e-05
4.649162292480469e-05
4.649162292480469e-05
4.601478576660156e-05
4.601478576660156e-05
4.57763671875e-05
4.601478576660156e-05
4.57763671875e-05
4.553794860839844e-05
4.601478576660156e-05
4.601478576660156e-05
4.601478576660156e-05
4.57763671875e-05
4.7206878662109375e-05
6.580352783203125e-05
4.601478576660156e-05
4.57763671875e-05
4.553794860839844e-05
4.553794860839844e-05
4.5299530029296875e-05
4.57763671875e-05
4.6253204345703125e-05
4.5299530029296875e-05
6.413459777832031e-05
4.649162292480469e-05
4.6253204345703125e-05
4.6253204345703125e-05
4.601478576660156e-05
6.67572021484375e-05
6.222724914550781e-05
0.0001342296600341797
4.839897155761719e-05
4.601478576660156e-05
4.649162292480469e-05
4.601478576660156e-05
4.601478576660156e-05
4.5299530029296875e-05
4.553794860839844e-05
4.553794860839844e-05
4.649162292480469e-05
4.553794860839844e-05
4.601478576660156e-05
4.57763671875e-05
4.601478576660156e-05
4.7206878662109375e-05
4.6253204345703125e-05
4.744529724121094e-05
7.82012939453125e-05
4.76837158203125e-05
4.649162292480469e-05
4.6253204345703125e-05
4.696846008300781e-05
4.57763671875e-05
4.649162292480469e-05
4.6253204345703125e-05
4.649162292480469e-05
4.6253204345703125e-05
4.57763671875e-05
4.553794860839844e-05
4.649162292480469e-05
4.57763671875e-05
4.649162292480469e-05
4.601478576660156e-05
4.696846008300781e-05
4.649162292480469e-05
5.984306335449219e-05
4.792213439941406e-05
4.673004150390625e-05
4.6253204345703125e-05
4.6253204345703125e-05
4.673004150390625e-05
4.649162292480469e-05
4.6253204345703125e-05
4.553794860839844e-05
4.649162292480469e-05
4.6253204345703125e-05
4.744529724121094e-05
4.696846008300781e-05
4.649162292480469e-05
4.6253204345703125e-05
4.57763671875e-05
4.601478576660156e-05
4.601478576660156e-05
5.936622619628906e-05
4.76837158203125e-05
4.649162292480469e-05
4.601478576660156e-05
4.57763671875e-05
4.553794860839844e-05
4.6253204345703125e-05
4.5299530029296875e-05
4.673004150390625e-05
4.6253204345703125e-05
4.57763671875e-05
4.6253204345703125e-05
4.601478576660156e-05
6.365776062011719e-05
4.673004150390625e-05
4.6253204345703125e-05
4.57763671875e-05
4.57763671875e-05
5.91278076171875e-05
4.696846008300781e-05
4.601478576660156e-05
4.601478576660156e-05
4.601478576660156e-05
4.57763671875e-05
4.649162292480469e-05
4.57763671875e-05
4.553794860839844e-05
0.004780292510986328
5.507469177246094e-05
4.696846008300781e-05
4.57763671875e-05
4.601478576660156e-05
4.673004150390625e-05
4.6253204345703125e-05
4.57763671875e-05
4.553794860839844e-05
4.601478576660156e-05
4.57763671875e-05
4.553794860839844e-05
9.751319885253906e-05
4.792213439941406e-05
4.7206878662109375e-05
4.553794860839844e-05
4.57763671875e-05
4.506111145019531e-05
4.601478576660156e-05
4.5299530029296875e-05
4.6253204345703125e-05
4.553794860839844e-05
4.6253204345703125e-05
4.649162292480469e-05
4.601478576660156e-05
4.6253204345703125e-05
4.57763671875e-05
4.601478576660156e-05
4.6253204345703125e-05
4.57763671875e-05
0.00011610984802246094
4.696846008300781e-05
4.553794860839844e-05
4.5299530029296875e-05
4.506111145019531e-05
4.5299530029296875e-05
4.57763671875e-05
4.5299530029296875e-05
4.5299530029296875e-05
4.601478576660156e-05
4.601478576660156e-05
4.6253204345703125e-05
4.6253204345703125e-05
4.601478576660156e-05
4.6253204345703125e-05
4.5299530029296875e-05
4.57763671875e-05
5.8650970458984375e-05
4.744529724121094e-05
4.5299530029296875e-05
4.6253204345703125e-05
4.553794860839844e-05
4.57763671875e-05
4.553794860839844e-05
4.5299530029296875e-05
4.601478576660156e-05
0.00019025802612304688
4.744529724121094e-05
4.601478576660156e-05
4.744529724121094e-05
4.649162292480469e-05
4.649162292480469e-05
4.601478576660156e-05
4.887580871582031e-05
4.673004150390625e-05
4.649162292480469e-05
4.6253204345703125e-05
4.601478576660156e-05
4.649162292480469e-05
4.6253204345703125e-05
4.696846008300781e-05
4.673004150390625e-05
4.649162292480469e-05
4.601478576660156e-05
4.673004150390625e-05
4.649162292480469e-05
4.601478576660156e-05
4.553794860839844e-05
4.601478576660156e-05
4.57763671875e-05
4.57763671875e-05
9.751319885253906e-05
4.744529724121094e-05
4.601478576660156e-05
4.6253204345703125e-05
4.57763671875e-05
4.553794860839844e-05
4.601478576660156e-05
4.649162292480469e-05
4.6253204345703125e-05
4.649162292480469e-05
4.744529724121094e-05
4.6253204345703125e-05
4.6253204345703125e-05
4.553794860839844e-05
4.6253204345703125e-05
4.553794860839844e-05
4.601478576660156e-05
7.700920104980469e-05
9.846687316894531e-05
6.270408630371094e-05
6.365776062011719e-05
4.673004150390625e-05
4.601478576660156e-05
4.57763671875e-05
4.673004150390625e-05
4.696846008300781e-05
4.649162292480469e-05
4.6253204345703125e-05
4.601478576660156e-05
4.649162292480469e-05
4.601478576660156e-05
4.601478576660156e-05
4.6253204345703125e-05
4.553794860839844e-05
7.319450378417969e-05
4.744529724121094e-05
4.57763671875e-05
4.553794860839844e-05
4.601478576660156e-05
4.696846008300781e-05
4.649162292480469e-05
4.6253204345703125e-05
4.601478576660156e-05
6.747245788574219e-05
4.792213439941406e-05
4.649162292480469e-05
4.649162292480469e-05
4.601478576660156e-05
4.553794860839844e-05
4.601478576660156e-05
4.57763671875e-05
9.751319885253906e-05
4.673004150390625e-05
4.553794860839844e-05
4.553794860839844e-05
4.57763671875e-05
4.601478576660156e-05
4.601478576660156e-05
4.57763671875e-05
4.553794860839844e-05
4.57763671875e-05
4.6253204345703125e-05
4.5299530029296875e-05
4.57763671875e-05
6.318092346191406e-05
4.8160552978515625e-05
4.696846008300781e-05
4.649162292480469e-05
4.6253204345703125e-05
0.0023713111877441406
5.054473876953125e-05
0.0001220703125
6.532669067382812e-05
4.935264587402344e-05
4.9591064453125e-05
4.9591064453125e-05
4.887580871582031e-05
4.9114227294921875e-05
8.702278137207031e-05
5.125999450683594e-05
4.935264587402344e-05
4.887580871582031e-05
4.863739013671875e-05
6.103515625e-05
4.553794860839844e-05
4.6253204345703125e-05
4.57763671875e-05
0.0044291019439697266
5.269050598144531e-05
4.649162292480469e-05
4.601478576660156e-05
4.57763671875e-05
4.506111145019531e-05
4.553794860839844e-05
4.673004150390625e-05
4.57763671875e-05
4.553794860839844e-05
4.5299530029296875e-05
4.553794860839844e-05
4.5299530029296875e-05
4.57763671875e-05
4.5299530029296875e-05
4.5299530029296875e-05
4.482269287109375e-05
5.9604644775390625e-05
4.8160552978515625e-05
4.5299530029296875e-05
4.5299530029296875e-05
4.506111145019531e-05
4.482269287109375e-05
4.5299530029296875e-05
4.553794860839844e-05
4.57763671875e-05
4.553794860839844e-05
4.506111145019531e-05
4.506111145019531e-05
4.506111145019531e-05
4.506111145019531e-05
4.553794860839844e-05
4.5299530029296875e-05
4.553794860839844e-05
4.57763671875e-05
4.57763671875e-05
5.9604644775390625e-05
4.696846008300781e-05
4.553794860839844e-05
4.506111145019531e-05
4.6253204345703125e-05
4.5299530029296875e-05
4.649162292480469e-05
4.5299530029296875e-05
4.553794860839844e-05
6.29425048828125e-05
4.8160552978515625e-05
4.5299530029296875e-05
4.553794860839844e-05
4.5299530029296875e-05
4.57763671875e-05
4.506111145019531e-05
4.5299530029296875e-05
4.57763671875e-05
0.001834869384765625
5.5789947509765625e-05
4.57763671875e-05
8.225440979003906e-05
9.703636169433594e-05
4.982948303222656e-05
7.581710815429688e-05
4.57763671875e-05
4.57763671875e-05
4.57763671875e-05
4.553794860839844e-05
4.553794860839844e-05
4.553794860839844e-05
4.506111145019531e-05
4.6253204345703125e-05
4.553794860839844e-05
4.506111145019531e-05
4.5299530029296875e-05
4.553794860839844e-05
5.841255187988281e-05
6.508827209472656e-05
4.553794860839844e-05
4.6253204345703125e-05
4.5299530029296875e-05
4.6253204345703125e-05
4.57763671875e-05
4.57763671875e-05
4.553794860839844e-05
4.649162292480469e-05
6.532669067382812e-05
4.649162292480469e-05
4.57763671875e-05
4.553794860839844e-05
4.553794860839844e-05
4.57763671875e-05
4.553794860839844e-05
4.506111145019531e-05
0.0001068115234375
