234.3177736668132 -51.89372945647623 213.95669162579725 
234.1092287820227 -50.94459191196299 214.23383786098327 
237.9377509542057 -48.326996097072644 214.5355764933517 
240.93050957442955 -48.78353703159175 214.63965945080486 
240.14750891176197 -49.43088314974661 215.46020366922247 
239.69129168095287 -52.39164856068794 219.7213373082802 
239.658544533905 -52.37424414904862 219.48969769320988 
238.99300240113783 -52.29820359297959 219.96276701129045 
236.74814328094743 -54.4728849225715 217.28838893594386 
235.6468238827395 -54.17711930726531 219.79005718372844 
234.67642804577696 -54.72751181407675 219.68645847480508 
234.07145012829076 -56.33038081580173 221.33973888051815 
236.95061894785724 -56.41306284776272 223.43281975058136 
238.02876771010423 -53.04833257492091 220.20324734042563 
238.03447748558352 -53.18860787763745 220.11376890492895 
236.3792786636176 -51.07595491775368 220.09470425242452 
236.1133574654348 -51.28771278856755 219.39625484500084 
235.44685383564686 -53.371837797505194 219.04724953869803 
235.65399577894658 -52.524326992981266 217.97025228209833 
234.9759687936808 -54.30367950920686 219.7103581614094 
234.8661671757588 -54.721988910118334 218.55387297310077 
236.2707127737929 -61.013763044080605 221.52620405233873 
240.26074810742736 -60.85070316178147 222.84357081505928 
243.8639811231975 -62.977256857768516 220.30802724253672 
243.25508731480167 -59.73541155871538 219.9609559844091 
240.60342341544523 -60.67244295505943 219.8322311527648 
242.72692610853358 -60.90576941248419 220.16935524779805 
244.30926029362232 -61.15874598577666 228.04024814114624 
245.80830132476763 -60.79615104584322 230.26527560288335 
244.54142007568475 -61.47008961685356 229.5065374792171 
245.30813694318692 -60.26505425683243 228.36110198881826 
244.66991118052601 -61.322662073641474 228.76612041598867 
244.54710682570243 -61.09119192417552 228.20874819189342 
246.70389651195276 -58.63342760631934 228.0784324505105 
241.9943494383206 -55.54457298603987 230.52187598041073 
243.92480006710394 -57.29365252756091 230.4973867163299 
244.70397418057266 -56.4695797023602 229.91101441271033 
248.67432955831592 -57.09916244147781 231.8462372411574 
249.36641290632676 -53.8560949871671 232.19624422603465 
251.41675068326518 -51.96268279642241 233.0490169174135 
251.43338002236447 -51.92753358016766 232.7773253020477 
248.08394108987002 -58.63851858523803 228.80241878840403 
247.82707297480334 -58.54649830693512 228.7093159915978 
246.51304315019297 -57.537657052801364 230.58275932624383 
245.43273543973345 -54.22073747188 231.69315152384942 
244.95438312649645 -56.31318355074497 232.88009872620881 
245.12974052746068 -56.114977802945994 233.03397411952338 
248.87816057519464 -63.41662295193699 229.96812213160092 
249.22090380937024 -60.998779994173766 231.42698753685696 
249.31007764579104 -61.005886852547654 231.34127158157443 
246.5540612691012 -58.82801878386653 226.5651120030609 
246.00222226276895 -57.233204129285944 225.0140897739278 
245.90064420087413 -57.355861004711336 224.909143568297 
248.45438570180062 -58.873740343336024 224.16252667737004 
250.2547490991834 -59.33161368963331 223.46059065351326 
248.49253463307744 -56.72109054817755 225.31366012186376 
247.87495515473287 -56.12565341524388 224.38531603673795 
247.55274751774314 -58.90480847524546 218.41627205063023 
247.90567139105303 -60.38063314608445 220.39467957623486 
247.17693378467027 -58.415835677088054 217.2750532488851 
247.8302309734521 -57.54525503670702 218.706422579461 
250.8502452556888 -56.0011234149669 218.19692344184554 
252.6896102115068 -55.75040757453802 218.8531046044492 
250.3484856815599 -51.955302092097114 220.2763492336254 
248.15520808381936 -50.924525318017785 219.21847897445696 
249.20824045268512 -52.26495072374587 222.39052419921342 
248.1049752465304 -52.25358769182424 221.08782435929155 
249.3962847128014 -51.77721207858632 222.37205861376847 
253.50411377645594 -50.0097674364625 228.82920684110374 
253.51603275952306 -47.316705115249675 232.78522754416016 
253.78136537211984 -49.461808924074916 230.4451636953682 
257.2426522249005 -45.64045633737307 232.57505841511855 
258.3014309018004 -46.2149553954851 233.20810676745566 
255.11983094692906 -46.84273336371712 233.53301620841958 
254.6788049742513 -47.62086936818604 233.01329612035278 
254.6423801115479 -47.70977423820828 233.02632699713834 
256.90977191321724 -45.33713583362184 229.31578860656728 
256.5512323090755 -47.353165871669056 231.37428320577993 
257.2051243403334 -48.29463766480603 232.5569055073063 
254.82532814899625 -50.92056089098429 233.63902500114054 
255.96866193310063 -52.287170884820796 232.87986170413097 
257.4261210729372 -51.50741853779337 233.08287117563756 
262.3399161397415 -53.53444497939613 231.7327126577454 
262.925053331883 -52.809254320200516 230.98565359231816 
262.9302482435873 -52.820869528175145 231.01984481221055 
259.1886509068077 -59.49941713804968 224.23555698027843 
258.77694113522034 -54.12569970881418 227.63893495902929 
258.6360771130183 -55.9293265823957 227.46127358491177 
259.8600829471835 -54.09018873852994 229.33102763604037 
261.4938560810143 -50.18624465746684 232.07363587079996 
259.6166770658268 -52.72367784943322 231.74542258739916 
263.8573312548943 -56.50891685625627 230.53242894011453 
264.9961835333998 -59.361649353238946 233.75228386260088 
263.468371261372 -60.107413244885294 234.50986514912844 
264.005861901371 -59.93114223436442 234.2437559060722 
264.1174341073513 -59.72492713659904 234.0101226897903 
259.6719147229028 -63.130758912151045 236.9165815462138 
259.89673485530994 -64.41366805390551 236.9124762929241 
259.7682495876234 -64.1554390788767 236.32752278789755 
258.5757139594844 -63.06469949041113 237.41497403485405 
261.01778342576404 -64.41431748597405 239.460847539869 
261.00626114449994 -64.475454304485 239.47724754946407 
260.5297338793838 -63.39144242180212 239.75566524420256 
260.7790513809597 -62.85228575820376 239.105296124409 
260.2231161438241 -59.81493225053128 239.3626601276473 
259.58898675254136 -59.62995940146702 239.91740107979896 
261.6827443080275 -61.546382668946684 242.53060566073862 
261.8918449414496 -61.06734854080652 242.64021412520873 
269.5239017107778 -63.20314348924304 243.1455463938373 
268.6176473973329 -65.28565773798746 241.31031993740615 
270.6402853367249 -67.64766651656454 242.71858043096208 
273.7110528273639 -69.43279175864268 244.73725956047707 
272.6714115782003 -70.32493303995881 245.81638622863608 
272.6064357422718 -70.40689262613913 242.33995501009545 
273.48814610369146 -67.55570959451381 243.00320593356372 
274.0760065448333 -67.10515436213552 241.8516517561153 
275.4490455942505 -67.96687276113286 241.26037206968007 
276.1523953339674 -68.41801472908985 241.7906532512349 
280.1026798900316 -69.74557285154248 242.16143398214845 
280.09891315623173 -70.10620574255218 243.49949078802268 
279.7855434936527 -69.67729415461457 243.90480513882792 
277.6697016329094 -68.12455977370568 244.44385581850892 
280.39143749387677 -68.63822975850495 245.83627190018785 
282.6836835647419 -68.56755417660077 244.00886097280252 
283.6783881177339 -67.91836996621137 242.95045815960034 
284.3842920535484 -68.14192010856803 244.1359128366822 
284.9499339576116 -67.50586515170531 245.0588996382547 
285.0558383773037 -67.60757263945167 244.60324521436254 
290.78037899070284 -66.1413310757598 244.53288261709582 
289.1712989230979 -65.68280611498412 243.74744318079777 
289.86526787269537 -64.53792686879596 242.96941095553728 
290.3201210816119 -66.62057727366931 250.84800212407123 
288.05877599058647 -67.28304233499523 254.74862667581354 
281.89840836261925 -68.20864485756273 253.22479531957947 
281.8960188262591 -68.20173001980598 253.23683257193522 
285.5961249708814 -63.01519455058126 250.38748618264998 
285.4719227187669 -62.89073529776351 250.75310142292332 
287.64952928679077 -63.01107958426834 248.8302974051079 
286.5790341773187 -63.91341038122122 244.63278100594013 
284.55783413722344 -66.09181552618762 243.28952817739713 
284.53911370342684 -59.90308108349867 244.30713183321095 
283.1971297835174 -59.69127046874442 244.82673325608357 
287.5021272646951 -60.59156368319103 246.8276156159562 
287.4003468134722 -60.4968293455499 246.89807301545295 
287.36963555308404 -61.142246060535115 245.21277831098485 
287.6461962238866 -58.40034361381751 246.89238908136628 
287.7938697674174 -60.724511102340976 249.67003190970672 
287.79013637057426 -61.207014113995 249.03148674883371 
288.5101735647962 -61.5815133192474 248.71477679754338 
288.4480360340697 -64.41629201848916 253.51234441577483 
290.65525567046427 -65.48619850046067 255.13352047279045 
286.32376827161005 -66.93423396719682 251.6572594678963 
289.57967624087115 -67.69540511003895 257.68452453697034 
290.2863691973569 -68.01727246362334 258.56794824349936 
291.71650782368823 -66.15201398879775 256.6074851519581 
293.52784456307904 -67.87908016940708 257.4519887817837 
291.5931872286519 -67.95703409054121 257.8377067637302 
291.721245631899 -68.16432417008595 257.6918308793215 
292.2279910112157 -67.52882312881017 257.5079897484025 
292.46654896221787 -67.66939158783264 257.7342329474242 
292.42219159801203 -67.54579413537385 257.39964552242475 
290.5758225872295 -69.72772650712126 263.95949650269887 
291.6639595281992 -71.12464670021916 266.11070742532763 
291.6837139949074 -70.8947248825363 266.15446376165966 
289.65059213029014 -71.38369960940781 265.7612622222022 
286.17875695282754 -71.21605004314813 269.51088154523916 
286.82462835657594 -72.8238688782405 268.81456866300624 
284.0951691938959 -78.93506959977168 266.680625864172 
284.5296806084062 -78.22943254582492 267.00923843629386 
288.92924600296215 -76.59755250607121 268.6069330578378 
289.1684834973484 -78.30273409053378 269.33620729096987 
285.5355239449164 -79.79669869672472 268.0947010084341 
286.05241779711474 -77.84919049355155 269.9188106641551 
285.88641306993526 -78.88945554950674 268.127960070222 
283.76493278744124 -81.65799536962852 270.0360995094454 
283.89077997745653 -81.18395732411214 268.8065714761885 
283.98465547643565 -81.65917202796984 268.0153016256759 
283.5102754342537 -82.36608992792694 267.64887190107373 
283.92612186608517 -82.35322841481478 266.60727545602924 
286.11345942925664 -85.82103686175071 266.6219499420557 
287.5261203157342 -86.35937330759162 266.65120798882987 
285.4273243598169 -87.4232633194941 265.2266456322662 
284.73906508855845 -85.97927509270887 265.46680947269607 
282.5223548733166 -85.28348300538906 266.59839519175534 
282.6809168083908 -85.63407804683186 266.61737720501475 
282.1170976101962 -86.14125599937091 265.0169141602138 
279.3350297815471 -83.69753281603225 266.6267490566963 
278.26688668967716 -81.74079633923407 267.07429792817834 
277.3915126338347 -80.47100132025493 267.58975002391304 
276.48810050316786 -78.81964853635692 267.3373466035974 
277.45595672695043 -77.17315288442428 268.26822144445003 
277.44020630562676 -77.11876670015175 268.3823830179145 
277.3166126167504 -77.29456920663782 268.2897442808567 
278.6933654900804 -76.50187071041829 268.902158786959 
278.0318571597033 -79.58179769370165 268.64139464646036 
278.4564082548227 -80.50431814551192 267.83742426298323 
274.55149607918094 -79.13625470734489 266.0267014050492 
273.8975636947021 -78.79623903470964 263.7723969510885 
272.8180826743606 -78.4130654910243 264.48845885602367 
272.3130566099068 -75.09228762861554 258.5558569055673 
272.50218748582085 -75.0179280305337 258.5819966532854 
274.12071775508105 -74.64804837300879 260.90721227599573 
274.3229513265136 -75.34178139384935 259.9911040023203 
276.6290905938837 -72.78514889485963 259.44439159271155 
272.4482350898986 -66.5577869003454 257.8409252698583 
273.8645334404888 -69.75312782772531 256.4893478157431 
275.10086193094656 -71.19407671377957 256.25974117247125 
275.2009116969333 -71.43284527644796 256.311361641753 
276.92529688717286 -77.06609053999335 259.9372197552479 
277.29671441972306 -76.98901341270145 260.70843247640437 
275.46298150539013 -72.7781942496443 261.7897732337338 
273.65041545132226 -73.60087075652969 260.1699946590217 
274.9049248382874 -75.42890723647027 262.7658570316039 
274.04752701479873 -76.53471764226637 264.97479066544554 
274.31860279705563 -76.61015234568802 264.55926136445987 
275.56087538891853 -76.79805510583918 261.9792179239163 
274.6540065542218 -71.11958627785987 263.1785770670919 
274.64386194202655 -71.14820201008405 263.1865735839469 
274.5875037323807 -70.56498723667528 265.1068070083969 
275.8282217292683 -67.29570621885283 264.9625251527651 
276.2141825532414 -69.72037519167213 266.8802622945607 
276.3432873629694 -68.44983685260715 266.3220080633241 
275.87177592812867 -68.2958059394493 266.3431301168247 
276.73817030320487 -68.91701793792065 265.7347119173149 
275.97038257696755 -72.78869792311448 265.5509668827152 
276.1892449517983 -72.39806281251174 264.8983538073422 
276.03491657217734 -71.20904267886017 264.4079565249308 
276.19198470988437 -71.94164897786486 265.84739018512795 
276.00975167417363 -71.94954656273197 266.1442366804596 
275.78093041293346 -74.25095501340599 265.1824721151233 
275.48907296094904 -74.79405892779187 264.6284898541031 
274.65532205739044 -74.9432692880894 264.25344242058134 
271.62467863321604 -76.46205038189191 265.60856320670524 
272.33571308706945 -76.47070927655811 266.0581313956313 
272.47036504981634 -76.38069065649822 265.9286991021391 
272.34031776280796 -76.41574445131414 265.92556800288475 
272.44713718149296 -76.74058267596548 265.6381081401151 
273.1406491832735 -76.94257394705447 264.96263358154573 
274.71211506962294 -76.8394506289051 269.4396479463579 
276.0167870279392 -78.53273202379792 270.43318483095936 
275.5325752221888 -78.64231559051973 268.8742630999948 
276.7163167318828 -79.06382079382972 270.4202668665033 
271.0417138538468 -77.00660856589388 267.14832810683254 
272.5590699532294 -78.11327069228558 269.2267336651412 
272.7983539055735 -79.41067181205221 268.6244965428022 
273.5903339464725 -78.39347441008321 267.5658183336149 
271.8671613804412 -76.52506144944714 265.8918482818546 
274.949661537039 -77.1616953187401 267.00961572631485 
276.2528747568418 -75.13654183636464 268.6495117011014 
274.194925503053 -76.28700193352833 269.7552568110897 
274.52417815943045 -77.9628844093248 269.89773240881857 
274.2405809427 -77.77686232398656 269.7436264311992 
274.0847800631038 -77.93842683012937 267.5906175087823 
274.4567261480381 -75.75707549015429 266.7657128405664 
277.6965845674197 -77.25505162631359 267.3326629730416 
276.78728766739954 -73.76783558837948 264.7177583429782 
277.307310590624 -75.77891814901591 262.990142348336 
276.17928539166724 -75.22632321818197 262.64657665350245 
276.2426649136404 -75.1447879095356 262.69776307537614 
273.56761019706374 -72.48262710414981 261.0074898831347 
277.98275599607507 -72.1562832293924 257.17579954431193 
276.9472091635087 -71.86102790370079 256.6198455786257 
277.8109195900628 -71.77299386566932 252.51963437767287 
278.73041402648414 -69.76506306853696 251.87645165247667 
280.6802848049472 -69.4640405643615 252.6147820929997 
284.2176130322913 -69.50252600813637 249.97999629068605 
284.9393301648053 -72.16073188823573 251.53219617175722 
285.5664170042417 -72.12636793965866 251.3464176658952 
284.9403965353138 -72.00780964091298 251.03648424975265 
285.0893506806548 -72.16364561379453 250.6393628803005 
286.4035716698845 -70.51911046154723 251.2699738964989 
285.4174468551925 -68.02008644578075 252.1942478957982 
286.40082923099465 -67.3148753635437 251.75211287250053 
286.2349164288651 -67.68092494449463 252.04621847396447 
289.65331992824446 -65.57846190981331 251.3448393255177 
290.38228266179095 -61.57082573915264 251.70210339353287 
292.01180812101535 -63.098897776444396 250.0777336044732 
289.68480817802686 -65.56643974528579 253.22585094265605 
293.9323885906914 -66.32588334259657 254.40750976185848 
293.7482034464373 -66.23746993943138 254.22547712252393 
293.59515266208666 -66.77197718872856 254.2492306081817 
294.1658750802464 -65.53989188881042 254.5472491886514 
291.07223914961133 -64.2132617698501 253.50211282159708 
291.2388958239925 -64.23870449827847 253.8260777947328 
290.75003349020824 -60.66927880691457 253.8070454699268 
287.7959289761052 -60.13510638682391 252.70107582510897 
290.2786670723011 -61.27109637465886 250.28741924745484 
286.9961106175667 -61.10939627007533 251.1777048620489 
286.92007864123747 -61.2375169938653 251.40029411385768 
292.22906327152805 -60.135602407892804 250.04923196443158 
290.42354577716577 -59.7364823929238 253.5514276693676 
291.44184366655304 -57.89360862672309 253.32171181582842 
291.49038529950707 -58.83166712438546 254.36668405757382 
288.9204202008571 -62.68239462004638 251.2898962469574 
290.5892045242268 -60.91368823297533 250.3444856153297 
290.3657897100277 -59.3237793574456 248.53807266588313 
291.9724970022647 -60.64363148354171 248.22331314803682 
290.58650480935916 -61.89599273564107 248.14622610784647 
290.7851573181796 -61.921177146683746 250.4632441461077 
292.78235677637633 -62.55988486163732 251.94666288750162 
291.6878666860248 -61.02113624515221 251.02604778394266 
290.26999607993145 -59.34938488441372 250.4037422190312 
289.0458426603277 -60.00323890487893 246.7445698103036 
284.609150868771 -60.92073128851879 244.3458295779731 
284.6045268577158 -60.90547282287285 244.35452745839297 
284.4374667221589 -61.91233893556755 240.85809583757765 
284.38815934889556 -61.419279797196424 241.55150250494657 
285.0692132298429 -63.534290068022564 243.25925853195096 
284.03090668345084 -64.88731472518614 240.5796803424868 
284.9732723234976 -64.33878514012291 241.7232144072107 
288.21494306619866 -68.02472355839375 240.816566013397 
290.21013692114525 -71.69712321687979 240.58708123413723 
291.180791393398 -72.1000953201283 240.44158407694982 
290.5700494816111 -71.05412871696656 240.47795320764166 
291.7772485767281 -70.85497531125857 245.2226426997583 
291.4198700000261 -70.71965265443593 245.2962490960579 
293.31126496718554 -74.74529341567637 246.48239372114813 
292.2474874907878 -73.13871080601132 247.74220943111771 
295.17985725674106 -72.89867486535685 248.5008970799978 
294.0219548956023 -75.02456532257075 251.11864705692608 
294.84913697352005 -77.73036708427769 252.19156453577696 
297.15669598967736 -79.53036614201163 252.89382014500745 
297.94227951615824 -86.26438418785644 253.81370545877834 
301.4350187762393 -87.28178721244626 253.8272376946201 
298.0967638059986 -84.12454302973097 254.5284967616958 
299.27708842583525 -87.44757491857564 256.1846359952018 
296.7602165302787 -84.55874321680726 255.08256308298758 
293.7044849601815 -82.34460497589373 259.50886198768904 
289.7949141787858 -85.78965377602681 260.4712255514452 
284.7145626841025 -85.00218250564666 262.79283321469063 
284.209767650955 -82.29658063763449 263.20505578195895 
284.365023564848 -81.66220957542971 263.3965534057033 
283.88253314692275 -82.64128522476207 263.08533463780776 
282.22166896738753 -83.85733698150693 260.47843086742927 
281.2864210127271 -83.46404446340571 260.4768900257519 
283.3085542023053 -80.62016320315243 254.4579533541476 
284.4864617252178 -81.55308474499216 255.43485573539354 
285.49172699175506 -83.76932853161033 255.32264063270839 
288.83814848096154 -83.73977319165004 259.37951036589334 
287.4109643243705 -84.52685098325401 261.69219670775635 
287.6717470596502 -82.6620289404175 260.3411265880926 
287.87910799164996 -81.8768709677818 257.4521950874033 
287.1264588557604 -81.03553179130869 255.53627426398336 
287.8248786785966 -78.54371284598822 254.96611964732674 
286.8160335908142 -76.87915913483698 257.10354706625225 
286.26458984317935 -76.77548709399099 256.7004508194407 
281.0723566221825 -71.53593245480091 258.8732319470628 
282.7934957876422 -72.76727123312412 259.7677377167345 
281.29788751581094 -76.11737174071231 258.3232689575037 
281.4428321067805 -77.29001430091785 257.60760916110144 
281.38450187517867 -77.42884773948782 257.9102227632753 
281.455143824244 -78.3611111124848 257.7071441583623 
276.4433830174506 -79.11919560619494 253.5597020782054 
276.5951462042556 -81.26752823283863 253.76129596615368 
273.1081231977571 -78.06532820194187 254.33666081707247 
279.61335089777987 -74.41125194218458 251.60317990451466 
280.51695421304237 -74.32613897320164 250.22642623008326 
277.705076675326 -75.67333174034817 251.79118485424135 
275.3960561294488 -74.02920480866895 255.01492951075124 
275.2292619815867 -74.25215749908328 255.41963408407045 
273.86502686373007 -75.36858225559659 256.1633324743231 
276.02474027978263 -73.13775244956506 256.33098147593995 
279.149975681959 -77.85569868374519 258.30424672793623 
277.84755417142594 -79.57213818353283 258.4084294925931 
279.9085011309478 -79.22480572677959 257.24403434210507 
279.432019121149 -79.18667938266141 256.718158132897 
278.5311707396961 -80.6044356899605 257.6261541644002 
278.5914705246508 -80.55962522531256 258.1154131849817 
278.71395415338395 -80.52122840785985 258.25532742648767 
283.6497825823384 -75.50650711998676 258.77122051393667 
281.5183556141842 -78.5664396266866 261.4285689470486 
281.32494377086203 -79.18533803243373 260.6065327555737 
282.5604990743424 -81.34604104370436 263.2514664928147 
284.40156805717197 -80.67059251206196 262.11296940812974 
283.04191653470286 -77.42178022234819 263.14746276244654 
282.90638060993535 -77.2916414832308 263.1784022734569 
283.1993741284133 -78.30498791100014 263.55342985774456 
284.4588624517486 -76.77987071669205 263.28188159378846 
285.25121013959273 -78.59039153520685 264.4484532044009 
284.8493299604753 -79.08724845306799 264.7759648046168 
288.72383150595607 -78.35651353496641 264.07778271576075 
290.5083454486265 -79.77635834419891 260.54747647003495 
286.9218923310071 -80.109775993603 262.61187708375843 
287.91088299454196 -78.21643470639039 261.128442802913 
288.10392483821187 -78.31994383951164 260.68812742222303 
289.4065438706449 -77.38178530996666 259.50651338064426 
290.1139385609348 -78.15591921182533 258.23515590610043 
288.834833313823 -79.80249478894147 259.01347909568796 
286.4469787368504 -78.01134972033992 260.39971286862226 
286.9099620799407 -79.12044308827623 258.7858695350476 
287.4380139168638 -79.47765075448339 258.5860097783702 
289.9150743881634 -78.56410543452965 258.50929280923856 
286.24188118458375 -83.03531010102361 260.3137764585965 
286.1260406784072 -84.58250795143393 258.37065681298304 
286.77779012372054 -85.34430674158554 259.07373095369326 
286.07604932868804 -85.97005612347637 259.8743619947049 
280.58590372257777 -85.81974129158245 265.7213548157247 
280.6439075052355 -85.78530623920126 265.7044437126477 
280.69842014356357 -86.05278156527953 265.38060999166197 
280.02239699655786 -87.25824459438333 265.4926983923285 
282.22329915654774 -84.19415833750249 266.8196063232913 
279.521074526471 -83.89584761584501 270.0535939131603 
278.13596266632777 -79.51930331975024 272.64038855052667 
279.34122204351434 -82.81913404171439 271.5131319587977 
277.14120547192135 -87.6074334912345 266.97538401016186 
280.59426269029007 -85.7954898871083 264.8759806520307 
280.70504079824286 -89.34243889364492 265.00109674493854 
279.351868007651 -90.93324703423033 265.0335557403332 
279.3414908553111 -91.28003924637257 265.7718759039189 
279.22828229257107 -90.61103294664701 265.4542916518258 
279.5358658853728 -90.50360792407179 265.8622253368019 
276.42618547157286 -88.66517132406054 267.07475735394775 
277.67982179421006 -86.75508740036385 272.28981675790453 
276.4984576814737 -86.45641063220408 275.1989407184972 
275.8392523526285 -86.07417760119186 273.5734710196892 
273.8491772432797 -84.85631219387274 276.4726227797748 
274.0950711970443 -86.43249978093965 277.40349076330835 
272.66260563645744 -89.85067800051795 277.96921210147406 
272.1847527382435 -90.95883337479104 278.38405608208654 
269.9526330060945 -89.90519666211529 275.92318728898925 
270.09135419412104 -89.95157649350602 275.0673868891232 
269.9880792168531 -89.85625640744259 275.3179103942896 
269.48952446627 -89.80845070688294 273.7845589216241 
267.7492053116878 -90.66460595173524 273.3349895362441 
268.3200917056837 -90.97735248568975 271.9990447141811 
269.5189112321847 -91.55231985222738 273.2176414726941 
268.89706096751695 -90.67473235711618 271.4114752057776 
267.47893101917623 -87.85026363375567 273.6869505114636 
270.4990994839731 -88.36539230816763 276.75748869939247 
267.303477427595 -86.81041369530702 278.44094458358217 
269.2864673003034 -83.33626154017135 279.46432299046745 
266.55333938330153 -82.38534075634276 278.6034151778593 
267.61039553992697 -83.07344402008871 279.0575528859067 
267.12906144815935 -83.34214448895247 278.52486633720406 
267.54741132728446 -83.7055638516065 278.42410235029774 
268.4439593054485 -83.80253389230943 277.7743561592421 
268.7779585919962 -84.39405623303047 277.16426352588945 
271.26667090820024 -84.33101142025919 278.8549886087686 
270.8296112571254 -85.50154127115759 277.6411734020272 
270.9248826589079 -85.54871894617064 278.9053457558848 
275.6567411101265 -82.57450140798923 280.12744536057414 
275.7804861715101 -82.68194160185969 280.1707899784006 
276.1851810937683 -82.56792310241386 280.6920805544302 
277.04083727266703 -81.86434007754852 280.9528594920009 
279.3472054588814 -80.61705726838238 278.38606032085033 
276.94346473985286 -82.08308098240231 278.571247331079 
276.9411667720416 -82.08928593506516 278.5749284368085 
276.95743133762517 -81.60184126820674 279.0206491724536 
276.0424412479407 -77.16392091591872 277.7469619918463 
275.48231568939127 -74.97893568148103 280.860439525719 
275.3513141464265 -75.1201681513621 280.69753443992875 
275.24952430541686 -74.0251759020357 277.7176610438927 
273.94507883691404 -70.64600041411148 280.0974607116857 
273.4772449496909 -72.97317732634585 280.8920345086329 
273.5090186112784 -72.96652519274359 280.9753876965395 
273.82605673163545 -72.7520292600399 281.3190694782965 
273.0812975582026 -74.17538557432836 280.2466924402498 
273.14720512839335 -74.24050483500775 280.4708415426811 
273.39570971236844 -74.25477360019515 279.78335598017526 
273.0582011376708 -71.94262619524042 281.06912676440317 
273.10037762470824 -71.39622908816021 280.8276292286345 
273.50179268079006 -71.44304627406582 279.64920074005545 
274.2041770610627 -70.47462159979457 277.34608399617616 
275.3688615653827 -71.51394061856148 277.86381506737445 
274.255858070548 -70.47619676876738 281.6223778426205 
274.88143456597857 -71.3921010443311 281.97930454019615 
275.9227829213521 -69.14374889765334 280.11147900235005 
271.7878594652268 -71.28357008249702 278.4530805090561 
271.80228764796504 -71.02125140764866 278.7856778365682 
273.0067496209365 -69.02027553805131 281.9896182524652 
271.58847534722844 -67.10226000462035 282.4370117537789 
270.70964546301826 -66.32013275356684 280.56268904225584 
272.89876432816123 -66.95308604294296 278.23650041544334 
271.87584007308607 -65.89460321830218 279.5030404992582 
268.95719537532693 -62.600494539012814 277.7481683533883 
268.8674548106865 -63.09755954019856 278.87871092972 
268.11676847329363 -64.14319238603998 281.4594327879181 
268.3720978021147 -63.327186976634955 280.50135821985407 
271.0671261157546 -64.26729062541091 283.04943400252773 
271.32798852993056 -66.12168964614693 278.4349538316401 
266.6045433814985 -67.75534763315669 275.90163971662196 
267.0131718304593 -68.23121272459771 276.4723037605871 
267.0238480415965 -68.24963230764065 276.4634518658354 
269.2174058517966 -66.95781784808155 274.29200924769066 
268.9672142153101 -66.9650467176398 274.44480211037546 
267.97315537024696 -66.57410535085474 274.9029927487793 
268.6739981284632 -72.18670204014852 277.4636901028778 
268.1448563081692 -69.68480251117467 277.12357680065855 
264.0222806308191 -69.5140326582735 280.6086863320685 
264.2072865412201 -69.99883832785319 280.9558804358247 
267.3332997556787 -70.92605501843457 281.017602822739 
266.2206374269419 -69.15678886979511 273.95940597154964 
266.5350524950799 -69.4300067634826 274.01695442453234 
268.5842677386092 -70.22987424586877 272.52882260493925 
269.43383756788546 -68.80103920692886 273.08728426639067 
268.4749852106761 -67.86472945697547 273.4331684434741 
269.493910257694 -71.7018784394339 275.5589895057464 
269.3329937590125 -71.57487817879375 275.65219543213203 
267.20122366361295 -73.07867880036066 273.33177139105373 
