-21.475879451873126 -21.448415190851293 -20.812530165889314 -19.829327898718603 -20.99345430961712 
-21.442203917030767 -21.413596729642776 -20.77105564202111 -19.791024268341175 -20.953861403196242 
-21.45691847084302 -21.40814645483978 -20.77702477986817 -19.7973017208907 -20.968351810222686 
-21.640119885322676 -21.587764913384845 -20.96364445096374 -20.000429327306648 -21.154860057282022 
-21.661856167473175 -21.5869405349775 -21.01098150308792 -20.01381696922701 -21.2055572434097 
-21.69254044652199 -21.603338433926623 -21.030361366292695 -20.04097423606069 -21.23173073191927 
-21.660132336935376 -21.549217769346114 -20.972306775810793 -19.993945038364487 -21.185813498140632 
-21.568758014741533 -21.43064481920395 -20.85519278387902 -19.87847706700464 -21.08302095061711 
-21.613738852933523 -21.46868902116765 -20.90930619719863 -19.9255665115719 -21.137727541833442 
-21.61383003905084 -21.468573829731753 -20.90920593559983 -19.925568309417358 -21.137731872976644 
-21.518901596589686 -21.373372495823475 -20.813842430550125 -19.819256027167 -21.042939662352964 
-21.52424072515643 -21.380387967200946 -20.81942851636552 -19.826028861875486 -21.047881493516485 
-21.527967821064664 -21.382652298538247 -20.822714435419698 -19.829499140123005 -21.051734017632313 
-21.527062256084548 -21.375059118938537 -20.810871746646427 -19.825190103942163 -21.044135741807978 
-21.553898133827644 -21.40492757243105 -20.848452659860868 -19.856773493134185 -21.078656500008137 
-21.568940003042897 -21.41929064081711 -20.865123022386015 -19.873298086908733 -21.095209297381345 
-21.54050727730649 -21.39446082371876 -20.840912914482118 -19.84325557059273 -21.069131567903668 
-21.532448120298994 -21.399068982749185 -20.819081771707843 -19.840124964300443 -21.045391280422052 
-21.400762023806507 -21.22593676765763 -20.660634666938975 -19.672768208033332 -20.90655169126137 
-21.428800132043833 -21.25765604231202 -20.69646155946046 -19.705980250636756 -20.939603784465845 
-21.4618843035403 -21.284131513949873 -20.73541999898741 -19.739992693159152 -20.97964603601777 
-21.42541061588959 -21.242430136221145 -20.65576495294559 -19.696396673965268 -20.90966025254798 
-21.737013129173405 -21.52461259622453 -20.96774849591982 -20.031307530745792 -21.23036954799268 
-21.747117621937235 -21.536147229641614 -20.979338768256994 -20.043267068134654 -21.241159684140356 
-21.746052144143732 -21.53505818579039 -20.978140172265753 -20.04206509699452 -21.23999758711733 
-21.650599100236306 -21.437176454022406 -20.874998974428678 -19.934205626900138 -21.139475261784654 
-21.585296795344235 -21.37161513317649 -20.81442961511199 -19.861044221477968 -21.078418232249476 
-21.602758064059515 -21.389277307859885 -20.830480589690822 -19.880670006472954 -21.09458049125324 
-21.591372279589564 -21.383583224914403 -20.819227753009088 -19.8705757944346 -21.081399354655886 
-21.570041371061933 -21.364966969920914 -20.799526276251683 -19.847974833922166 -21.06056326797045 
-21.606895045894404 -21.368240462661987 -20.810789494178593 -19.873628879963974 -21.087801686379507 
-21.562703900546524 -21.315349617272716 -20.75388123707529 -19.8201725988788 -21.036367810807604 
-21.54714111969774 -21.302460247678795 -20.720848198597906 -19.804045581122324 -21.005665257558846 
-21.441109767293398 -21.16565218216337 -20.576470922245264 -19.671382088587336 -20.879303007091153 
-21.44378509101324 -21.16546968548846 -20.58673872387486 -19.672996473118857 -20.88914127781102 
-21.44271156600685 -21.16355924949029 -20.586827528686257 -19.67140059635622 -20.889307046066875 
-21.486363298720335 -21.200172671906472 -20.63093978291748 -19.71712697906507 -20.9355498500221 
-21.533124681762146 -21.25065703714867 -20.69476858148137 -19.771115465669695 -20.99476928289343 
-21.48657348560036 -21.212341399264176 -20.65818480370865 -19.722665282818838 -20.95374805890836 
-21.47427502818806 -21.205976625589102 -20.653783124115037 -19.711570075457487 -20.945929251877317 
-21.467476920850416 -21.200568948925678 -20.688671011478988 -19.70481142856164 -20.972751694152194 
-21.42419717249777 -21.15377795926453 -20.63592305426441 -19.654645006188048 -20.92310988295499 
-21.36932492145779 -21.098182536696015 -20.580490105372945 -19.59280613001212 -20.868259343886862 
-21.42647302470526 -21.14807075649395 -20.615610007600807 -19.653450045699543 -20.909635808378667 
-21.338778534734672 -21.076530336258813 -20.533750154560195 -19.56244493851632 -20.821587272673895 
-21.393050018660787 -21.12939837567376 -20.576347196470806 -19.62263851697044 -20.866563710038747 
-21.432991913327612 -21.16630854680662 -20.62875988462875 -19.666071567948322 -20.917557580283344 
-21.470743163719675 -21.214910054162132 -20.673361155456433 -19.713323712156253 -20.957050894489512 
-21.65180464386067 -21.455158604919788 -20.894459843398153 -19.943421775859264 -21.149892058916876 
-21.586330202227728 -21.393030343589672 -20.839165600239156 -19.871810420061067 -21.091901232283917 
-21.759408397949898 -21.585768358913796 -21.039088409939694 -20.074701280930626 -21.27955573133002 
-21.74662432752058 -21.567373511210832 -21.01529656900665 -20.057693947936315 -21.25970479051692 
-21.710760221882552 -21.54201986675197 -20.96600482318955 -20.02249537799628 -21.209335975770216 
-21.80764348530637 -21.6336627428108 -21.05029263019894 -20.128239997560982 -21.297267645266615 
-21.9972079641297 -21.805285769526094 -21.239687670347266 -20.331343003513794 -21.492085437850562 
-22.052498477333828 -21.86606419764911 -21.29121539765015 -20.395571279463752 -21.542167772295727 
-22.10227446500319 -21.9140951033757 -21.33136428129356 -20.450268207725273 -21.584431948139553 
-22.09501434254058 -21.903927255219045 -21.32230765088292 -20.440816521023706 -21.57672883457903 
-22.270435610092505 -22.084163546250252 -21.54413100514745 -20.638391408422393 -21.78790057801774 
-22.327404848603692 -22.154929194448044 -21.616944966160275 -20.708278995868767 -21.852933442467148 
-22.330851256848547 -22.128661202630653 -21.578117437997378 -20.698134590536895 -21.831821367273008 
-22.273599729728247 -22.08835748108143 -21.533431695712153 -20.64234723331745 -21.779303518436336 
-22.46398640393228 -22.293596641019263 -21.738892520332016 -20.860984797179512 -21.976208383890608 
-22.400321147853248 -22.228159471742245 -21.668272504063836 -20.789406336775343 -21.907687378738316 
-22.310778941247904 -22.112923381757255 -21.573116027876523 -20.677841966697343 -21.82272056166117 
-22.25660609094058 -22.057849041915816 -21.527616463433418 -20.617205752402867 -21.7761998088059 
-22.26114570972051 -22.049706346001244 -21.534243474180172 -20.61645055084287 -21.78677038864842 
-22.10966943991491 -21.881034365481156 -21.363584769484405 -20.4398013089978 -21.62603888851227 
-22.20294719917011 -21.97220206575406 -21.44132112779255 -20.542641516816005 -21.706915895485395 
-22.18057782856492 -21.920283991814614 -21.391675823470067 -20.504275471949185 -21.672376043806565 
-22.26738357483191 -22.00679746992833 -21.481085328906104 -20.60080531293596 -21.76105774122297 
-22.25016938607665 -21.97551426435983 -21.456625486760544 -20.575321546788118 -21.742771565376586 
-22.39984540953006 -22.12119810115186 -21.623808220042406 -20.740124058105607 -21.907510292793773 
-22.40911496916624 -22.153393204261576 -21.630098725261632 -20.760675975610468 -21.9065192360206 
-22.397714755924113 -22.136512671888937 -21.616705249184875 -20.745531292764284 -21.895398663742128 
-22.384328254226432 -22.12499223431054 -21.608440518061144 -20.731488654992546 -21.885623239727664 
-22.369053439681338 -22.13954168383286 -21.64014096581363 -20.7282298380795 -21.898752965881016 
-22.42442911914013 -22.208903468880052 -21.71357367451205 -20.796313499420435 -21.963964186198368 
-22.51978018558789 -22.28773762984241 -21.80806759053401 -20.894765167355274 -22.06384682716282 
-22.52477585523657 -22.29675466115708 -21.813598956229782 -20.902121560251715 -22.067897074253196 
-22.5108207490494 -22.28575065324968 -21.805455623185736 -20.888040400140213 -22.057764009804345 
-22.505970347179883 -22.273115282085172 -21.800419745803794 -20.879168135402935 -22.055421921768044 
-22.58299691333444 -22.348935080070433 -21.88342772293595 -20.96423159376573 -22.137460208892975 
-22.58718866814027 -22.337376284158324 -21.88443126972598 -20.961851802919682 -22.144348112221905 
-22.584727343333952 -22.33498179068657 -21.88101929594015 -20.95913122790921 -22.14109467999944 
-22.6529505039108 -22.433145023045057 -21.983602940623413 -21.048805890713083 -22.22711937094924 
-22.701363902924427 -22.481953682752376 -22.032953471042617 -21.10267108512643 -22.275980089919045 
-22.74381796945582 -22.524863952189932 -22.066396068298218 -21.14971679099756 -22.310713297230123 
-22.846083740407806 -22.60709428378736 -22.142283707408424 -21.253610586443926 -22.397717690748152 
-22.830946761895333 -22.594131468610115 -22.131713076879365 -21.237883551441783 -22.385649339012232 
-22.78830619058367 -22.575980808637013 -22.10045284104376 -21.201780586463443 -22.344210485046816 
-22.769453517265703 -22.558460120822133 -22.083284988119445 -21.181521844737617 -22.32636269871513 
-22.729550401068636 -22.511692356378006 -22.054517264153873 -21.13444674356792 -22.298091792228263 
-22.735087737723532 -22.51676505759866 -22.059603776224904 -21.14036584035094 -22.30339475103456 
-22.835600077008976 -22.623972246666938 -22.13268993342622 -21.254275969204613 -22.378713691541634 
-22.8719310749603 -22.655251968057158 -22.166529977124668 -21.292198592339517 -22.414577040823175 
-22.871947451433257 -22.655135899413807 -22.16659340621031 -21.292157441794984 -22.414677067592578 
-22.885325270818754 -22.64608291888341 -22.146466582493332 -21.296616757264744 -22.408137692175103 
-22.88380351952685 -22.64025406766237 -22.154274055508836 -21.29305657430872 -22.41573540388623 
-22.84963589108544 -22.579715719410046 -22.100247594772654 -21.243360757625993 -22.374367968087427 
-22.88722245416649 -22.63465147159077 -22.166332438862284 -21.29291853757887 -22.429281256867753 
-22.886015741848553 -22.6339981578124 -22.165564839114438 -21.291832291466662 -22.42825185242114 
-22.916584324071593 -22.673354432873523 -22.19835511412579 -21.32960049511506 -22.45754707624495 
-22.969918960958694 -22.72746057112373 -22.24190585574891 -21.388891803336463 -22.502390097998486 
-23.02469947422729 -22.774721870543715 -22.283480843880028 -21.446080755112334 -22.54868465475319 
-22.93134908357608 -22.7006601898276 -22.207675928207024 -21.351507359742456 -22.46353054120945 
-22.959006625398104 -22.72513133668774 -22.2397726886999 -21.38072360854389 -22.495806716166882 
-22.9734145047328 -22.737921217063118 -22.253074513576976 -21.39593434773448 -22.509801027686848 
-23.104337269796318 -22.862728844261667 -22.379969995899273 -21.537986164018307 -22.638992531777603 
-23.104243581840464 -22.859459797396767 -22.37260552067596 -21.53642239502392 -22.634013971645913 
-23.10124049868972 -22.84676188160587 -22.354484245867027 -21.52872303270712 -22.621920036648447 
-23.203558808452442 -22.943679105087256 -22.46319497089418 -21.63944874862146 -22.730916483681057 
-23.199500460311114 -22.937685815412294 -22.456943736548794 -21.634099302095436 -22.725732473435713 
-23.20050240869915 -22.938458403015986 -22.45763796669172 -21.635103928252434 -22.7265561865984 
-23.163115490142204 -22.911705542877044 -22.42898275313169 -21.598539084312023 -22.692863409592647 
-23.136536155182412 -22.92083848912607 -22.427010401377316 -21.585322116050065 -22.67444045563731 
-23.074801024768902 -22.867504736695935 -22.374820352987854 -21.52095918518883 -22.617922378689016 
-23.056131319096195 -22.820747506482533 -22.337788909054055 -21.487507183952516 -22.593801000437566 
-23.089316455337283 -22.85401424072596 -22.370248354610183 -21.524234453620338 -22.626235566977527 
-23.069437155676184 -22.842239944016725 -22.360427103532103 -21.50596978802153 -22.611934354039278 
-22.98492678007797 -22.7450652223538 -22.25358861341782 -21.406641593870546 -22.513730904823205 
-22.913197117332402 -22.703529556533724 -22.17938360955675 -21.340925141454377 -22.42995392273795 
-22.867739012460106 -22.690093054425645 -22.174503188102975 -21.305504898223333 -22.407076216060545 
-22.87993571553696 -22.70808141137249 -22.185539997985373 -21.321684717355126 -22.416285271794024 
-22.94581873569375 -22.76041864655926 -22.257474145863526 -21.38839793376762 -22.49153202164078 
-22.915137953572014 -22.726432043044426 -22.226225524337167 -21.352924149011628 -22.461632326264223 
-23.1840263988925 -23.00665095077032 -22.50139323700573 -21.655484549031584 -22.730782284114426 
-23.157763067361145 -22.981179117788912 -22.470911956703304 -21.62680676619999 -22.700875029314872 
-23.15285962035236 -22.959507791692744 -22.45511350614099 -21.613608363318008 -22.692760443841493 
-23.137788727216048 -22.94633070415408 -22.427503713849845 -21.59777283683681 -22.666785193460115 
-23.038416729000616 -22.83922923572416 -22.308117416995586 -21.484329056411255 -22.553986616289222 
-23.02773162120431 -22.840416649269812 -22.30307489133908 -21.477997602805146 -22.543910247465917 
-23.208904890514148 -22.990657805676378 -22.445938845861846 -21.66425080884798 -22.703512564941335 
-23.20849845145942 -22.989952938382885 -22.445567183634864 -21.663663654173746 -22.703238553843434 
-23.236826702306303 -23.024267173757693 -22.48670129244718 -21.697607606371008 -22.739922923609498 
-23.34607981168992 -23.123586035481182 -22.59149838445674 -21.813747208215474 -22.848500543319858 
-23.327818474081184 -23.101190598880052 -22.569049743809217 -21.79172879167544 -22.828285859184064 
-23.337426601296656 -23.114715491196392 -22.58215245658512 -21.804099704189 -22.839385968549095 
-23.340050564630317 -23.128093044738023 -22.593230241571334 -21.81186395221178 -22.845260709319945 
-23.34544006458019 -23.133348740093197 -22.59818756283721 -21.817756011795623 -22.850320439800555 
-23.354769645976333 -23.147472786144448 -22.615978476980985 -21.83019977493865 -22.864924462642264 
-23.352117239192893 -23.13817393157852 -22.61046233397981 -21.824234847396127 -22.862205137108546 
-23.29987031718288 -23.087759969136982 -22.550621425268645 -21.767446628888266 -22.80329109581757 
-23.277474187932327 -23.04948024092991 -22.50766691906456 -21.735613664533474 -22.769542128609473 
-23.548637882627077 -23.303212860245196 -22.76189676102831 -22.02720596999623 -23.031746080743957 
-23.38293021007817 -23.146035561928784 -22.58495047123874 -21.84845729731984 -22.854531422548746 
-23.40490088378573 -23.15511254000296 -22.606121447598113 -21.866817488785856 -22.880180234428266 
-23.356690395323056 -23.110653834693622 -22.560495228483475 -21.815245800409627 -22.832988675122564 
-23.363371361010977 -23.078547690847856 -22.549386642656515 -21.80539088051698 -22.838316468552833 
-23.36250400690504 -23.077892896805167 -22.55010614112618 -21.804501224491503 -22.8386780644735 
-23.332572738452242 -23.04891407039314 -22.518450259998232 -21.771890116823684 -22.807126897729574 
-23.30639904533365 -23.018109470047634 -22.49014557530539 -21.74093397233932 -22.78088684243697 
-23.32798776300268 -23.02950310770173 -22.51271183118739 -21.760240757138604 -22.806655666966833 
-23.303633626363734 -23.003107790255 -22.486489624639418 -21.732452825768533 -22.781561109953728 
-23.403889118784974 -23.12021853299528 -22.599252006519578 -21.850505801755943 -22.885933336356956 
-23.328818426040826 -23.037084108586654 -22.519025300457542 -21.764073868058105 -22.80967337188315 
-23.322132379851354 -23.014340942801496 -22.510445040743335 -21.74961990003041 -22.806909785358386 
-23.358454082621932 -23.061157420495633 -22.56262072530336 -21.79419110067147 -22.85249525351321 
-23.342129912754714 -23.043182600798346 -22.56108898196014 -21.775344386000427 -22.84888502831268 
-23.41594944655087 -23.114026744998696 -22.632791314315668 -21.855561462190025 -22.921698483384517 
-23.486462394561357 -23.14948575006487 -22.679537685272038 -21.918382698145393 -22.98435074217501 
-23.477518199407555 -23.139886431631595 -22.67212824232675 -21.908220756098984 -22.976912807385418 
-23.36895145234226 -23.03620601388262 -22.571134480736376 -21.79041217910236 -22.873293873948967 
-23.485068490496488 -23.152949387616474 -22.69850733029547 -21.918833453848904 -22.997946810468065 
-23.49022047039793 -23.159718683131658 -22.702891593336602 -21.925209372368798 -23.001909484446443 
-23.49202971684761 -23.16542368397529 -22.698257995967452 -21.928895576391128 -22.997142454824697 
-23.551923448145033 -23.234520290245385 -22.762763298626638 -21.998906897977193 -23.057477309065874 
-23.510487658613997 -23.2117556100998 -22.726825289872025 -21.96128054775805 -23.014388667318812 
-23.55262336566919 -23.26313260315493 -22.76088306116729 -22.011891064654222 -23.046629689721897 
-23.51372054093018 -23.20222070397547 -22.707480998997553 -21.959473926133597 -23.003473281204847 
-23.59056490747959 -23.278516068845803 -22.796181896570673 -22.043876203231036 -23.08990038806091 
-23.559267872850796 -23.252636174876557 -22.78399390605587 -22.011603608735015 -23.07251049567347 
-23.60581493824192 -23.297572149178237 -22.84086672614174 -22.062208380217328 -23.12786709657091 
-23.603332444972125 -23.29514603425075 -22.83797616807172 -22.059496379424758 -23.125041304453617 
-23.63727258967249 -23.297772389498178 -22.880117163169885 -22.083637307916078 -23.176055887647095 
-23.73243370400563 -23.406860687303308 -22.992671469303133 -22.19444733822533 -23.280414402292976 
-23.7363075630617 -23.413861162686544 -22.995917772616068 -22.200021804649865 -23.282715387103508 
-23.757243334338185 -23.419186732111598 -23.010406845397128 -22.21646821756208 -23.30352541090754 
-23.846833282354524 -23.566829465873425 -23.137917996389504 -22.340022777725224 -23.40435172672329 
-23.83209623541248 -23.55294845308694 -23.122302928698176 -22.32417329981095 -23.388661153954345 
-23.842138464758392 -23.566207539401958 -23.134025636477332 -22.336622380187592 -23.39896128661738 
-23.815317321414938 -23.54122191250407 -23.105328178277404 -22.307895147643734 -23.370082521361468 
-23.792310010234388 -23.52240836947155 -23.09344524430648 -22.28452193126863 -23.354865450681103 
-23.82780144491477 -23.556896482255382 -23.131578161953286 -22.32316223355012 -23.392730368036524 
-23.85147491183568 -23.561242478074362 -23.126460874045023 -22.340587709135136 -23.39923091755763 
-23.847066374793116 -23.560429492144692 -23.12660687771897 -22.337318422362898 -23.397358739353862 
-23.691513366907387 -23.394380162140322 -22.95408270350194 -22.16148730733859 -23.23201500761303 
-23.695301298040206 -23.39906069383045 -22.956782248971535 -22.16603607257275 -23.234598154636032 
-23.570146891311623 -23.286867948744245 -22.830201144208417 -22.03374748926926 -23.10437465342251 
-23.56973626681686 -23.285224287202766 -22.826722089943388 -22.03274735638466 -23.10186944717948 
-23.56829520108616 -23.275535451346386 -22.823408990596718 -22.02757554239065 -23.10168195554806 
-23.497796538838116 -23.20623279834365 -22.746879419233878 -21.95034252463614 -23.026109164295434 
-23.46839250248962 -23.177137873156653 -22.714215707818767 -21.918036130347005 -22.99404422576366 
-23.638472440040502 -23.350742806556056 -22.873919254990483 -22.107102856352725 -23.153805550622536 
-23.622903073118536 -23.329307889959168 -22.854154283412257 -22.087398413537173 -23.136843608346325 
-23.596600202830373 -23.2710536498233 -22.80275833002132 -22.04469472612797 -23.10090545308998 
-23.50649123128349 -23.175013676043676 -22.75757114244246 -21.94290464973828 -23.049803465235783 
-23.50884201238543 -23.17454158789353 -22.759001615680774 -21.944303155116614 -23.05233743784399 
-23.49171111845419 -23.161857634737174 -22.763507345961486 -21.92756659685024 -23.051454145391645 
-23.51065520972206 -23.151309614712773 -22.78351807411717 -21.936329274005402 -23.08100313383443 
-23.46818178760006 -23.10168738807147 -22.73372119648947 -21.886424784352357 -23.03508476259873 
-23.41929317187291 -23.05715999747872 -22.681783443291266 -21.83420025754218 -22.982447307220156 
-23.41500019909607 -23.052709172042455 -22.6779191722856 -21.829407515810672 -22.978572216254847 
-23.428206147930837 -23.06745675533385 -22.69096498692865 -21.84460479180059 -22.991087021529864 
-23.427292940706906 -23.06710371117738 -22.694602683455585 -21.843919442571277 -22.993702100517552 
-23.506238342996554 -23.15172108326685 -22.78565949333192 -21.93357384207914 -23.08035170076687 
-23.572747710488912 -23.222246031683966 -22.883119945822713 -22.00936345651236 -23.170543491539846 
-23.65802443281602 -23.301846008770468 -22.97216357099603 -22.10113282630205 -23.26045720274726 
-23.70894365713582 -23.3541906080511 -23.04657870712734 -22.15861953869063 -23.329900086542622 
-23.61720640748024 -23.22685693231034 -22.923635638223146 -22.042394716681628 -23.224741232388794 
-23.570699330883414 -23.19166723490615 -22.871628133172024 -21.995405415788795 -23.170206202816033 
-23.745660800203552 -23.361190646142816 -23.05542190387989 -22.18625149650218 -23.353514368305227 
-23.717479698991355 -23.321419537873354 -23.020034108233716 -22.15045029892002 -23.323365248081387 
-23.718763946151256 -23.322419018900547 -23.021086059449715 -22.151744976183934 -23.32454896587211 
-23.70350833664432 -23.308668128661182 -23.00714675021004 -22.135582880392846 -23.309927691041125 
-23.702784574469604 -23.307312302455486 -22.9980450683791 -22.134246289944244 -23.30259088568171 
-23.711426151530446 -23.30527758067838 -22.99616513118268 -22.13925700638775 -23.30613611864557 
-23.666811087758447 -23.289599891678733 -22.9681459371577 -22.102013185027474 -23.265698299302713 
-23.839205162592833 -23.449734993602846 -23.13386158760197 -22.28670875943284 -23.436054386265667 
-23.84464974977307 -23.45349373567069 -23.138609430969055 -22.292015329968592 -23.441465422969983 
-23.70837289005415 -23.324975368477936 -23.01345168218141 -22.14546274154661 -23.312193830524137 
-23.653738110997622 -23.263482227395457 -22.95118434541334 -22.08235024754839 -23.25379160452505 
-23.702354646557495 -23.30514793254602 -23.002270988763684 -22.13325826370891 -23.30652258200884 
-23.699451652492513 -23.3022852464252 -22.99915809744843 -22.130070247023852 -23.30344601559419 
-23.704673685403804 -23.308327791059597 -23.0049092102128 -22.13615778527634 -23.308810984941644 
-23.71341980158695 -23.31744254665236 -23.014836985991806 -22.145972270632384 -23.318366790881996 
-23.737605008582207 -23.339727496108182 -23.05253050538333 -22.172370428816137 -23.354087658044605 
-23.692060536460346 -23.279258770099958 -22.99492117079437 -22.116012172898692 -23.303763948180844 
-23.631439765318092 -23.22190180172558 -22.923132477428723 -22.05008388639159 -23.233210135909715 
-23.553476515085706 -23.114902247251592 -22.815959138842004 -21.95201482758192 -23.14127593372632 
-23.58554780014211 -23.15133276944465 -22.863239609841315 -21.989547378698006 -23.18416241777139 
-23.579064526290466 -23.144227044652283 -22.869647702437348 -21.98265398252647 -23.1883806578428 
-23.58454728873305 -23.143648845141783 -22.881834248187005 -21.98669153541526 -23.201260965708286 
-23.560039816816598 -23.121398197623407 -22.856248791089456 -21.960482202780284 -23.17523404950623 
-23.533460966446057 -23.091863477957276 -22.823993825316975 -21.929830624188597 -23.145102165013526 
-23.47833470733572 -23.02516434253458 -22.745202139392475 -21.863753580564875 -23.07472678145689 
-23.410156581021468 -22.944547343782418 -22.662223180713312 -21.783314139889626 -22.998838028565572 
-23.47579944031483 -22.9882560354625 -22.730229314114325 -21.84770072153505 -23.073263342406378 
-23.523705349687305 -23.067906497097795 -22.78718688644726 -21.912687693654718 -23.118036987768022 
-23.500347260069958 -23.03982814583732 -22.777118480522972 -21.88566359830287 -23.107081376972843 
-23.538543605977395 -23.09277323410646 -22.835804776509292 -21.934158150897915 -23.156986276725064 
-23.500046544919442 -23.061748921291098 -22.809570784437838 -21.89507292091963 -23.12616760246887 
-23.490063415176408 -23.050541370328574 -22.79800538607249 -21.883531927970324 -23.115332718278424 
-23.46337764863563 -23.0156419802165 -22.763541266850268 -21.850669385505398 -23.08509069741592 
-23.46041374639418 -23.01067653513809 -22.76598614216026 -21.846911359015294 -23.08717843809835 
-23.406020772643856 -22.941638961868023 -22.707127191594694 -21.781272365187945 -23.034097297261738 
-23.409806581387357 -22.944523156572927 -22.710186206485062 -21.785082417280023 -23.037570725467532 
-23.40096464857784 -22.937341009772098 -22.702097081994793 -21.77597294245922 -23.02883597500103 
-23.478659287036976 -23.020481432120434 -22.80089510323731 -21.86478386332682 -23.121615009979962 
-23.448197790005608 -22.981007604482826 -22.742413716702686 -21.826440219574096 -23.071436209076168 
-23.536895338985104 -23.06555063241518 -22.832357363679392 -21.922801141905467 -23.162160923613527 
-23.518817241772055 -23.04637145367778 -22.818269819785357 -21.90266117662439 -23.147741064698593 
-23.555907527517675 -23.0791465957374 -22.85915201329992 -21.942176766018406 -23.18916223359686 
-23.527370888783693 -23.04757984036418 -22.816811395649665 -21.908928770643428 -23.150513721181014 
-23.573426608865304 -23.104002739853556 -22.874987348029123 -21.96407267276001 -23.202885979625663 
-23.64828082341576 -23.173194215673604 -22.936481067192886 -22.043859662601875 -23.26845837225801 
-23.628322839251837 -23.14899217669324 -22.91638438088974 -22.020314754438047 -23.249830350288164 
-23.57055000268744 -23.088358723858434 -22.857055159061616 -21.95552502189028 -23.191929242618016 
-23.573030989166398 -23.088136791636657 -22.848025558597726 -21.95675612744577 -23.185943576515385 
-23.616774013756654 -23.146146623583647 -22.8958074391294 -22.01037536987812 -23.228190665029928 
-23.63244406959072 -23.167545517259995 -22.944887869619507 -22.031308708794953 -23.269059449661952 
-23.674741620080255 -23.238646576109645 -23.0298185082099 -22.090809663262917 -23.336543048126003 
-23.683267975552255 -23.240678980126702 -23.03615586181887 -22.097688624930313 -23.345354178856425 
-23.843907609425074 -23.393791886214913 -23.190623674931786 -22.271334313124257 -23.502828803240362 
-23.78808796015896 -23.32445304312671 -23.116814077777263 -22.204006390507004 -23.436951482264647 
-23.810617535640276 -23.33533319036205 -23.129917875141444 -22.224080274313877 -23.455499509255944 
-23.811042198657645 -23.33592463578765 -23.12987447921735 -22.224582074862354 -23.455489248962976 
-23.72657672552866 -23.248298217213318 -23.043057249506575 -22.130352511397078 -23.370436129005554 
-23.666412864670463 -23.186679171434207 -22.977219780373076 -22.063268692487483 -23.30635590268227 
-23.675157876844267 -23.195015607213847 -22.985103541728748 -22.072708007639804 -23.31450223004515 
-23.661390884811595 -23.1706448243675 -22.94637401600194 -22.052472527102424 -23.28396183779411 
-23.62327088500848 -23.12871361480495 -22.9076765966297 -22.009067031201127 -23.246739396289755 
-23.58300962832469 -23.10126361912758 -22.87268623249919 -21.96957164850332 -23.206770713776166 
-23.6923564046119 -23.194018817890836 -22.984389343099124 -22.084206292835248 -23.32296801648623 
-23.692169861429335 -23.197978490825875 -23.001690290582886 -22.086400006071415 -23.33562068722675 
-23.54256304681546 -23.041653051719422 -22.85601643363202 -21.919389033310907 -23.191896045375728 
-23.413164739132085 -22.88681666614852 -22.705698687750854 -21.76650189894349 -23.05417053076488 
-23.489849840177413 -22.963518692920516 -22.79588087095273 -21.851925420075716 -23.141486598842192 
-23.459383095404846 -22.938875462641846 -22.768215278372736 -21.82050685895622 -23.111540726842748 
-23.569482293220574 -23.05444738558748 -22.898855775920566 -21.94512630585477 -23.236121328410036 
-23.443559510654964 -22.92266951302355 -22.776704036736774 -21.804504386460493 -23.11557254550091 
-23.453450266875876 -22.945820218876705 -22.786425513351134 -21.819989097757414 -23.12106773139824 
-23.45486361603507 -22.94596792740184 -22.787713340745924 -21.821099611443174 -23.122777802774806 
-23.517256523392618 -23.01829321816807 -22.86830439115215 -21.89460915121701 -23.196521377836333 
-23.546682050314203 -23.04546122486093 -22.90256747341914 -21.926609041978878 -23.23048020874549 
-23.551734590017617 -23.054755831828587 -22.9011358228896 -21.933188190184595 -23.22890726683282 
-23.543615175895056 -23.046227490816705 -22.896875741755608 -21.924368700285072 -23.224075821035086 
-23.63704243582498 -23.144474829231214 -22.979131849414614 -22.02822822348442 -23.306571663203684 
-23.614456097137335 -23.115959413636006 -22.951148722191874 -22.000916559084416 -23.281586364582978 
-23.635955073219506 -23.137314969762784 -22.976429271955894 -22.024800757645437 -23.306118307034822 
-23.61385697133872 -23.120952857949646 -22.95322342154344 -22.002389699801 -23.281369888956903 
-23.532863654851326 -23.03956026907393 -22.867824998734804 -21.91270427899839 -23.19722661232049 
-23.53431286092345 -23.040916327509933 -22.869402539867494 -21.914277365875762 -23.198804365324037 
-23.5220959109741 -23.068667284322814 -22.84523593262594 -21.91446461721509 -23.164094344436194 
-23.487527303660414 -23.038335503575283 -22.822893880403697 -21.878591292895294 -23.138214542558188 
-23.489269197900512 -23.04013416684056 -22.82417543098441 -21.8805060977527 -23.139557817597236 
-23.456317609830236 -23.002873708861685 -22.79799702662659 -21.842998225927914 -23.113617245278576 
-23.449126169867526 -22.999631703791977 -22.795337241919214 -21.836783610260284 -23.108860601754245 
-23.47814744873655 -23.02701977983041 -22.819879011923177 -21.867916262578007 -23.13466350006152 
-23.452305776822868 -22.999089269140825 -22.78988424536351 -21.838411184790786 -23.10621612736911 
-23.454308464852943 -23.00221327303983 -22.79137737659815 -21.840999060451864 -23.107436177035623 
-23.531095572049637 -23.085304771891714 -22.861442391050574 -21.92758634853223 -23.176447855326586 
-23.552676005080187 -23.105644793311797 -22.884177620870872 -21.95097841160255 -23.199288677505677 
-23.607665127768072 -23.17178418727464 -22.951773553180757 -22.01637994724564 -23.26072119633136 
-23.621343987898342 -23.18632222570635 -22.965742249517717 -22.031779833110377 -23.274308479634186 
-23.636060964379013 -23.211104844969242 -22.980126257191145 -22.051700437994825 -23.285443791789206 
-23.60971834000175 -23.177388142706377 -22.94926323718829 -22.019698315893038 -23.257907995208242 
-23.587600684950615 -23.1786154109018 -22.93544191327716 -22.004519604392797 -23.23505011316712 
-23.6599598145837 -23.24493245136422 -23.019192077464837 -22.082573810043414 -23.31838147077751 
-23.603103661108165 -23.191848082740293 -22.96135545741926 -22.021322420215 -23.25970954008514 
-23.604991120548732 -23.19381066918379 -22.962039416197186 -22.02336015555221 -23.260585998620883 
-23.628119358793242 -23.213699105426727 -22.976152998728693 -22.047111145247484 -23.277343566745373 
-23.55301250482175 -23.133146828820657 -22.896317497443945 -21.962078641023638 -23.200427611364532 
-23.576392780908833 -23.16336368275533 -22.92498754003087 -21.990692107049114 -23.225809507953628 
-23.80343536534332 -23.41101683999561 -23.158322433828474 -22.248724890846376 -23.450456697106375 
-23.83007892916899 -23.438388066081885 -23.191957889101644 -22.2786679672039 -23.482466909013638 
-23.792717976497627 -23.39970101727903 -23.14920869879127 -22.236793711362196 -23.44127958621172 
-23.858478738667102 -23.452760833856175 -23.2030856372523 -22.303682835597968 -23.501257518633338 
-23.769999179530103 -23.367975855877887 -23.112552261373025 -22.207669298906424 -23.410219614606547 
-23.646746294292882 -23.241232040172846 -22.98193038375763 -22.070322060442507 -23.282547196002298 
-23.721388125952643 -23.339798345493875 -23.08187166037216 -22.162900600350937 -23.369735649165534 
-23.705690609988437 -23.322786104357036 -23.06662814869952 -22.145147440683047 -23.35489368387482 
-23.80555509975335 -23.410844391846638 -23.167973814971063 -22.250585723183747 -23.459453354835105 
-23.815375088309708 -23.430663745377245 -23.185250629558297 -22.265589542639944 -23.4720623406683 
-23.83177018214363 -23.446080355032734 -23.200875093428607 -22.28320063651735 -23.488089229110557 
-23.966096645439947 -23.603146659520746 -23.36307741161373 -22.441060929381365 -23.637277109729226 
-24.0626163896233 -23.68781923373085 -23.46230749063355 -22.54267450628626 -23.739528726920554 
-23.84952269355918 -23.497016513670417 -23.279886266260817 -22.319140349171576 -23.544985279191053 
-23.831191514897526 -23.476797075528495 -23.25867980794375 -22.298081319282687 -23.524983507568166 
-23.821130046715126 -23.465372024342727 -23.248109054114266 -22.286470691451825 -23.514985096038913 
-23.7478190833141 -23.407097965940395 -23.2018827247783 -22.21356937391559 -23.459184547022545 
-23.740282848211308 -23.40006583276248 -23.193820118394783 -22.205437190077305 -23.451080529411627 
-23.902571773974643 -23.57641267974259 -23.377166658115797 -22.390713799859654 -23.625457184217325 
-24.026144874943753 -23.691067384658524 -23.491646940638944 -22.52223677550181 -23.744057173082865 
-24.04303683993102 -23.702000928160416 -23.507997993529003 -22.53846905776767 -23.762384185322873 
-24.08150656659643 -23.740947832963798 -23.5398179795463 -22.580342030953574 -23.79512499079445 
-24.065454027625748 -23.726150843454477 -23.520194635668474 -22.56294801206508 -23.77579839836767 
-24.04394496169577 -23.706287543626644 -23.49407855494151 -22.539646205749847 -23.75005916317467 
-23.99428763540449 -23.648809914176468 -23.434484374251767 -22.48147118680633 -23.694993108808944 
-23.982907421804853 -23.646877470186098 -23.450964361047795 -22.474629567981992 -23.70337058001421 
-24.08003478599818 -23.76304621949214 -23.565886916561055 -22.589821143281853 -23.808538573448487 
-24.193932977398703 -23.889432857208988 -23.67376571871695 -22.71900463363866 -23.913037861856537 
-24.10711536003444 -23.802630557658986 -23.58222639704762 -22.62350826118771 -23.82264371870488 
-24.10756233152439 -23.802984625779217 -23.582678670863743 -22.623962612752706 -23.82312385784097 
-24.0971376409871 -23.784591493403184 -23.56350475976386 -22.60880647791491 -23.808168505047433 
-24.028212285391092 -23.713073433776614 -23.479226756929492 -22.531126988733448 -23.727752836935167 
-24.00838955458174 -23.716971776113922 -23.47419304716692 -22.51968744886632 -23.712349307685685 
-23.897685955195996 -23.581748741635508 -23.348741264742046 -22.387552435652808 -23.597978144770053 
-23.882925521799365 -23.56780834219579 -23.323226692972 -22.370939760055947 -23.57419399401725 
-23.91558373594428 -23.58873400413937 -23.355643200181277 -22.402217925155938 -23.610377679034258 
-23.921288251112315 -23.603068305411796 -23.362876314314946 -22.411939178448264 -23.614491393486915 
-23.915111169778484 -23.598722783685574 -23.35074901909458 -22.405485703302247 -23.602863884569516 
-23.938518372946717 -23.61572992264638 -23.391796201708857 -22.429881821309593 -23.64272598255252 
-23.958534209023256 -23.619109425675575 -23.404373974782914 -22.444934118087488 -23.66200931127338 
-23.9044599763252 -23.561961430827083 -23.362242154492776 -22.38527295476574 -23.61889304391518 
-23.911797121076518 -23.53670461214891 -23.34827221243448 -22.379486770543963 -23.619362283000385 
-23.883964593657183 -23.50380888681117 -23.3185576052457 -22.34689463446807 -23.591728997578628 
-23.909961889851857 -23.54003027696922 -23.337355213408202 -22.37873937729036 -23.60844609160658 
-23.86501016573021 -23.48771133580739 -23.280305150846218 -22.325751803441534 -23.556165545494565 
-23.91856249576523 -23.54075589256483 -23.31517753357558 -22.383179523089552 -23.59444920891444 
-23.930157203281894 -23.550314612436765 -23.34930205968621 -22.396631852885108 -23.62504975568656 
-23.90072065511346 -23.514026585486548 -23.3056741946302 -22.36077367387128 -23.586358363753206 
-23.807901480766944 -23.413563922137484 -23.22057770911671 -22.256456571867773 -23.502639756406282 
-23.792574005648092 -23.39860223739582 -23.20819935406095 -22.23995217566562 -23.489653085036153 
-23.897122048557165 -23.512599031783623 -23.312722682079325 -22.358353279486423 -23.590754876505372 
-24.038551296237614 -23.65528864821077 -23.465017611629364 -22.51487961549371 -23.740146833417157 
-23.88707288159226 -23.510598312455585 -23.299591356870096 -22.3501137849577 -23.575616887637366 
-23.818945830173078 -23.452938692827487 -23.25404402698679 -22.280772435160586 -23.52277022721411 
-23.794790075951767 -23.435203689018607 -23.221726242824445 -22.256064315666677 -23.48994825371136 
-23.793974373099147 -23.433049549709253 -23.226257367845605 -22.25503830845362 -23.493938250107135 
-23.81849640762273 -23.46956843934734 -23.256008091957668 -22.286911859733607 -23.518747050206912 
-23.844990427216928 -23.500421676924702 -23.28400764685871 -22.317791865441876 -23.544959695385558 
-23.86454063740628 -23.522395651527447 -23.30607613246822 -22.340373270558317 -23.565711105568994 
-23.933662083822597 -23.607449795095448 -23.392042093820166 -22.42359748790598 -23.64318093315873 
-23.913504849507518 -23.591163967439883 -23.371889694368207 -22.40295866903459 -23.621835527497964 
-23.927679270003694 -23.609394571253716 -23.39583179823242 -22.42080366472223 -23.642635961008978 
-23.778521083095228 -23.477494949890854 -23.259742530351446 -22.264669288658354 -23.499075884304006 
-23.79460069339906 -23.497420677302628 -23.285321562958273 -22.284574839733438 -23.521630829592596 
-23.8044661136491 -23.51638564040516 -23.30426288784831 -22.299683246933995 -23.53593256246903 
-23.78820978145518 -23.504497566352754 -23.293807684047536 -22.284004590873295 -23.523065560025955 
-23.77579049797066 -23.485844135134187 -23.278037668719975 -22.267655460534343 -23.50997785173783 
-23.900131991869586 -23.597227641606338 -23.387130148869787 -22.39795040739996 -23.62560895267694 
-23.908276514998974 -23.598344240383767 -23.391572357188835 -22.403884865529236 -23.632983421091225 
-23.907207975740903 -23.59675325752505 -23.39043122359864 -22.40250474749945 -23.632029493717823 
-23.83936024341392 -23.52439625103787 -23.31611561507033 -22.32576032757511 -23.560590400942615 
-23.873701204530988 -23.54674055640666 -23.347459965143514 -22.3586411381892 -23.596263930636567 
-23.876194657639672 -23.550516545136205 -23.351105816867275 -22.3619595670431 -23.59927485995179 
-23.755973419522192 -23.43186702228772 -23.200354388747556 -22.228221368396035 -23.453971789681177 
-23.619191569169445 -23.297088974449764 -23.030872859264008 -22.076462342693404 -23.290261339401525 
-23.511705036721608 -23.195391527728262 -22.911409548497716 -21.959737368756265 -23.171460165533972 
-23.38713234677074 -23.041708688193523 -22.738410940708633 -21.808387962929615 -23.017333798158433 
-23.448599814248794 -23.07932539393252 -22.799582330080142 -21.866746294602848 -23.086162925525755 
-23.430822296651428 -23.06353003807631 -22.78669057062922 -21.848164835569136 -23.07178714482312 
-23.40911473841244 -23.0286345514438 -22.757467772279597 -21.81872275644382 -23.048343985907067 
-23.314841421243912 -22.95555882088817 -22.661598933545434 -21.722934816079558 -22.94617383070667 
-23.327339837893447 -22.956130775091964 -22.679663429897246 -21.732322172070255 -22.96707568102039 
-23.329983293464593 -22.958833092271135 -22.683609179096834 -21.735328510666704 -22.970752231293886 
-23.325628021156106 -22.946009782116533 -22.676975727042645 -21.727116414396207 -22.967323964542942 
-23.32527415303501 -22.941533152766084 -22.675956111445274 -21.72509742457528 -22.9677751208296 
-23.323135885066634 -22.92663003483227 -22.67567322469057 -21.717940709994096 -22.971317434503675 
-23.41321201008266 -23.014381195434183 -22.736860385597566 -21.814960684732796 -23.038293536212407 
-23.430330998619425 -23.026054994374164 -22.784355429785336 -21.83331581780199 -23.081857298403207 
-23.426342085552932 -23.019681814859908 -22.77748192978521 -21.82785372514283 -23.076308996700163 
-23.443394928015863 -23.027431528956924 -22.784470341226708 -21.842594206900003 -23.088129311966043 
-23.455504531625394 -23.03851719455855 -22.80066563640628 -21.85578579700676 -23.10385147735724 
-23.452958346216263 -23.02928050269918 -22.779780191493188 -21.849487343771827 -23.088567669641677 
-23.333501035747886 -22.90184719679 -22.66820276858789 -21.715131574981925 -22.978543098263927 
-23.336717707928813 -22.90871770577884 -22.67527975987457 -21.720261091181968 -22.98370294837794 
-23.30658010408628 -22.88856916856959 -22.65031999573216 -21.691033566285284 -22.954649440988064 
-23.334191033022222 -22.941640259415564 -22.682246032098462 -21.7314083523258 -22.9773923691437 
-23.481088654642505 -23.096109337631717 -22.839342225420864 -21.89685693161981 -23.12959381496647 
-23.487094344644674 -23.1007854327205 -22.843430340227187 -21.90286272218009 -23.13444813637261 
-23.638748647935785 -23.24361263703625 -22.959635048413134 -22.06483960028001 -23.2595483712156 
-23.66810691980814 -23.276049207232063 -22.98339793604545 -22.09813034540167 -23.283234873071052 
-23.655403147274058 -23.26536802924366 -22.97333717082134 -22.085033319786078 -23.27206819348646 
-23.63742773113985 -23.27375514662991 -22.962959746488707 -22.075879135606968 -23.25170077767882 
-23.572006730056884 -23.21155939061937 -22.902884854102638 -22.005313197034496 -23.18981949371704 
-23.55479027128237 -23.192231608277496 -22.883715895844446 -21.985430867688123 -23.171767217118486 
-23.56783065680642 -23.205220471896126 -22.895294320582508 -21.999719078782363 -23.183584098767113 
-23.68184650305689 -23.315546127424952 -23.02600130612882 -22.124521529647936 -23.31201574241379 
-23.745550427744135 -23.38520599078825 -23.08628718584282 -22.19681693793204 -23.370744969429467 
-23.668850840785908 -23.311729192173445 -23.004503340254686 -22.113471320927275 -23.28911351860566 
-23.687677711481257 -23.333430918542376 -23.01707345437883 -22.13509327488366 -23.301818375025775 
-23.68743710744286 -23.333036364733402 -23.016800325745024 -22.134765882280746 -23.301602810336547 
-23.636220570442234 -23.259768303101467 -22.935851673016387 -22.068567778829788 -23.233580989923226 
-23.69546219179388 -23.337757349765027 -23.011325946498758 -22.141797717244344 -23.299669556066036 
-23.70859228197753 -23.35725134868248 -23.027163448503345 -22.15888959383807 -23.31286210252439 
-23.634564484127736 -23.294336327043894 -22.93477873550114 -22.081330718461828 -23.220439132672695 
-23.643831101851575 -23.30446162629677 -22.94011775362918 -22.091786922983758 -23.22617943407805 
-23.806940152168977 -23.457717630808972 -23.112994288395285 -22.267573281998537 -23.39993412761656 
-23.804095676269725 -23.44058893473732 -23.098896307783875 -22.258384689686252 -23.392637535217574 
-23.811257667119904 -23.44739807454853 -23.10524079386805 -22.266100664587924 -23.399223216459518 
-23.868747269468656 -23.48956124583445 -23.156049272458574 -22.323046213614717 -23.456113104147008 
-23.897497588511598 -23.51290306357184 -23.156278476227115 -22.351873954467663 -23.46330270587599 
-23.871771437591875 -23.492250383420654 -23.126817274221253 -22.32554571176044 -23.432949632762742 
-23.99056102800874 -23.60776510697751 -23.248215380621446 -22.454904366099996 -23.554517056932468 
-23.89413048420795 -23.48842397244148 -23.13701209480702 -22.3394984904743 -23.453969279898686 
-23.822323913535612 -23.424729474161296 -23.05964743845807 -22.263619237962928 -23.375225080827775 
-23.831214110380046 -23.436113136819387 -23.06784499513188 -22.274392045883502 -23.382695071780617 
-23.930864067221663 -23.509405479000094 -23.15317902245721 -22.373399693433697 -23.47903257952025 
-23.91844775673222 -23.47595475117376 -23.138280866360304 -22.351496407734672 -23.471558191694925 
-23.92722566521185 -23.48513157880322 -23.149628460477743 -22.3613484188146 -23.482259883215903 
-23.987652263276573 -23.55606317097201 -23.22840065030188 -22.432195914567245 -23.5539254434632 
-23.918845603131828 -23.490088479215814 -23.169091178120127 -22.357820754109653 -23.49215771111723 
-24.00467753114883 -23.58342716028669 -23.251147938437484 -22.45503700344139 -23.57214823368504 
-23.864511769716458 -23.44929389413997 -23.109129395976993 -22.303196082525787 -23.4290014444084 
-23.76853619065382 -23.356654559435825 -23.004133872202885 -22.19870136187248 -23.32494304643936 
-23.83678298229539 -23.4115141376802 -23.095990002185246 -22.26910023381869 -23.416534173765882 
-23.838291241383047 -23.446045144361733 -23.13724746618952 -22.28475563595012 -23.439557959833962 
-23.687449594067857 -23.287068548409948 -22.99639013876663 -22.115953629181206 -23.300059218892926 
-23.726616297897635 -23.327524409207058 -23.037780633209294 -22.15965703018034 -23.34047292202972 
-23.792448519031964 -23.409183043078926 -23.124142236545197 -22.23906436392697 -23.417614988148372 
-23.810971555493012 -23.41853900426736 -23.135925114388243 -22.255607558391617 -23.433577669527125 
-23.81114642213518 -23.41655234715263 -23.143478874987068 -22.255287163152616 -23.440470372649727 
-23.765190934016672 -23.389940889635582 -23.096975965856174 -22.212202463203397 -23.387903860910043 
-23.763482216570253 -23.38965182333405 -23.09576273555183 -22.210897985845193 -23.38613982434559 
-23.74060883796551 -23.36365357790342 -23.06693430303534 -22.184264867289244 -23.35951775851811 
-23.69221695538583 -23.296129537754695 -23.0106923493733 -22.12324514221295 -23.31116984861802 
-23.70864714288149 -23.303651175627763 -23.012211235503187 -22.137303031731847 -23.318312070439717 
-23.700814217927544 -23.292549794689506 -23.003056248377703 -22.12736933871271 -23.310500113787057 
-23.716806395358233 -23.309666947899444 -23.02475880588962 -22.145630887155733 -23.330714429951385 
-23.729460823624564 -23.31381778010305 -23.038948524422736 -22.156369501686655 -23.34734787807261 
-23.740821784977584 -23.314435647566285 -23.03948696481241 -22.164350753032068 -23.35336625424854 
-23.698057970281795 -23.276873679922204 -22.998653319100953 -22.119323536194244 -23.310631863374297 
-23.695185280855853 -23.257623455580244 -22.9811114012534 -22.109375226227243 -23.301180269924473 
-23.656417151478337 -23.20505101411827 -22.934192036814466 -22.06116579388656 -23.260422552373782 
-23.609275992367813 -23.147812500989488 -22.90438579605558 -22.006195950261073 -23.230798108796492 
-23.63857954687022 -23.185920687237584 -22.932325140611027 -22.041683013531298 -23.25603613142742 
-23.59873660141156 -23.116402225213676 -22.86556328051695 -21.98568870749162 -23.204108574317033 
-23.631431648324494 -23.169009079231458 -22.890692719409245 -22.028823011420513 -23.224095959701344 
-23.619711384058135 -23.1579985320396 -22.880193037457957 -22.01621310425135 -23.213178276799383 
-23.645047659530974 -23.185631670482266 -22.90712748661356 -22.04505168403439 -23.23897195369136 
-23.64750881214411 -23.18934359012657 -22.915456948033736 -22.048439310190517 -23.24577951257173 
-23.677233746647488 -23.215430206065292 -22.93906938097092 -22.07961402948625 -23.27161798499813 
-23.698746210316372 -23.260580924557473 -22.980626529693296 -22.11291753374269 -23.30163751506862 
-23.79943105638496 -23.362262767139356 -23.076902737748895 -22.223988969864237 -23.39804980156427 
-23.79070807749204 -23.353314072068912 -23.066942563012105 -22.21426030042042 -23.388426745141913 
-23.766437394645948 -23.333822261465087 -23.042962326649345 -22.189370390715254 -23.362921679039616 
-23.753553942961517 -23.32365874327654 -23.02909397535734 -22.176192137991848 -23.348396819788306 
-23.734899718695516 -23.320368434197576 -23.01093061276177 -22.161579058974453 -23.32518546142323 
-23.621687612008557 -23.2083299520761 -22.897215440101917 -22.03732027793309 -23.21159352637102 
-23.569768771951345 -23.147669549982936 -22.840648942231752 -21.976570541106994 -23.158947962705554 
-23.583929081914306 -23.14356584005388 -22.862782365835372 -21.985471134599123 -23.18549655606826 
-23.580666733632455 -23.14067998987474 -22.85827959916432 -21.981971977325074 -23.181116005547324 
-23.476087407058728 -23.009323962005453 -22.723759228661052 -21.8554987863764 -23.06133564728087 
-23.578875957648947 -23.12812330969527 -22.833087837005138 -21.975122899322457 -23.16383867329776 
-23.699219899257344 -23.254818118414363 -22.963422215143936 -22.110467985302535 -23.289782059124462 
-23.709223191731468 -23.265339788927164 -22.974983601885214 -22.121733025075272 -23.300845185986446 
-23.689231128797076 -23.244984699614335 -22.953871096952554 -22.09953800368538 -23.2801345445433 
-23.710771818022124 -23.26295939648743 -22.97710452044872 -22.121970368322252 -23.304132912766136 
-23.801259035073315 -23.339745577725665 -23.072980018083598 -22.216654608751313 -23.403118954600814 
-23.796820399067897 -23.33579477523091 -23.068530906009414 -22.21194992206287 -23.398529580601775 
-23.69364945991765 -23.223602181387534 -22.981221171885252 -22.095654604538822 -23.311524180575688 
-23.730217591644205 -23.260834313044953 -23.021524454988224 -22.136335652393768 -23.350775227660804 
-23.720815556426658 -23.252262074864603 -23.014076375168784 -22.126374781050316 -23.342724367704463 
-23.738779776585318 -23.264343625491563 -23.032793333207636 -22.144041797536957 -23.36313386429319 
-23.77104337476281 -23.296330374484043 -23.081517315588655 -22.180267290600256 -23.408722769033304 
-23.71488765612372 -23.236217633891954 -23.021232106589693 -22.11680387767312 -23.350694000982642 
-23.729456151798345 -23.237606535310604 -23.01838048867046 -22.12723708326402 -23.355329086542227 
