0.00013637542724609375
4.673004150390625e-05
4.6253204345703125e-05
4.57763671875e-05
4.553794860839844e-05
0.0001518726348876953
0.0001232624053955078
0.00011324882507324219
6.723403930664062e-05
0.00011777877807617188
4.982948303222656e-05
8.916854858398438e-05
4.673004150390625e-05
4.57763671875e-05
4.601478576660156e-05
0.00013113021850585938
5.0067901611328125e-05
4.982948303222656e-05
4.982948303222656e-05
4.887580871582031e-05
4.9591064453125e-05
4.887580871582031e-05
4.887580871582031e-05
4.9114227294921875e-05
4.887580871582031e-05
5.125999450683594e-05
4.935264587402344e-05
4.839897155761719e-05
4.839897155761719e-05
4.863739013671875e-05
6.175041198730469e-05
5.030632019042969e-05
6.198883056640625e-05
4.649162292480469e-05
4.673004150390625e-05
4.76837158203125e-05
4.673004150390625e-05
4.601478576660156e-05
4.601478576660156e-05
4.6253204345703125e-05
4.6253204345703125e-05
4.601478576660156e-05
4.649162292480469e-05
4.649162292480469e-05
4.601478576660156e-05
4.601478576660156e-05
4.792213439941406e-05
4.601478576660156e-05
9.393692016601562e-05
4.7206878662109375e-05
4.6253204345703125e-05
4.6253204345703125e-05
4.673004150390625e-05
4.696846008300781e-05
4.6253204345703125e-05
4.6253204345703125e-05
4.649162292480469e-05
6.461143493652344e-05
5.0067901611328125e-05
4.673004150390625e-05
4.649162292480469e-05
4.601478576660156e-05
4.6253204345703125e-05
4.6253204345703125e-05
4.649162292480469e-05
0.00016069412231445312
4.8160552978515625e-05
4.6253204345703125e-05
4.6253204345703125e-05
4.6253204345703125e-05
4.601478576660156e-05
4.601478576660156e-05
4.863739013671875e-05
4.696846008300781e-05
4.649162292480469e-05
4.649162292480469e-05
4.696846008300781e-05
4.6253204345703125e-05
4.6253204345703125e-05
4.696846008300781e-05
4.7206878662109375e-05
9.584426879882812e-05
4.792213439941406e-05
4.673004150390625e-05
4.673004150390625e-05
4.649162292480469e-05
4.649162292480469e-05
4.673004150390625e-05
4.744529724121094e-05
4.673004150390625e-05
0.0018513202667236328
5.1021575927734375e-05
4.696846008300781e-05
4.6253204345703125e-05
4.673004150390625e-05
6.866455078125e-05
0.0001087188720703125
7.009506225585938e-05
4.744529724121094e-05
9.608268737792969e-05
4.673004150390625e-05
4.601478576660156e-05
4.6253204345703125e-05
4.601478576660156e-05
4.6253204345703125e-05
4.7206878662109375e-05
4.673004150390625e-05
4.553794860839844e-05
7.295608520507812e-05
4.792213439941406e-05
4.6253204345703125e-05
4.57763671875e-05
4.57763671875e-05
4.5299530029296875e-05
4.57763671875e-05
4.5299530029296875e-05
9.489059448242188e-05
4.7206878662109375e-05
4.601478576660156e-05
4.57763671875e-05
4.6253204345703125e-05
4.696846008300781e-05
4.6253204345703125e-05
4.601478576660156e-05
4.601478576660156e-05
4.6253204345703125e-05
4.8160552978515625e-05
4.649162292480469e-05
4.57763671875e-05
4.553794860839844e-05
4.6253204345703125e-05
4.601478576660156e-05
4.57763671875e-05
0.00010991096496582031
4.792213439941406e-05
4.649162292480469e-05
4.673004150390625e-05
4.696846008300781e-05
4.5299530029296875e-05
4.6253204345703125e-05
4.696846008300781e-05
4.7206878662109375e-05
4.696846008300781e-05
4.6253204345703125e-05
4.553794860839844e-05
4.553794860839844e-05
4.506111145019531e-05
4.673004150390625e-05
4.673004150390625e-05
4.6253204345703125e-05
6.508827209472656e-05
9.918212890625e-05
5.841255187988281e-05
4.506111145019531e-05
4.57763671875e-05
4.553794860839844e-05
4.601478576660156e-05
4.601478576660156e-05
4.506111145019531e-05
4.601478576660156e-05
4.6253204345703125e-05
4.6253204345703125e-05
6.747245788574219e-05
4.76837158203125e-05
4.673004150390625e-05
4.6253204345703125e-05
4.57763671875e-05
0.00014209747314453125
4.744529724121094e-05
4.696846008300781e-05
4.6253204345703125e-05
4.57763671875e-05
4.553794860839844e-05
4.601478576660156e-05
4.601478576660156e-05
4.6253204345703125e-05
7.486343383789062e-05
4.696846008300781e-05
4.6253204345703125e-05
4.673004150390625e-05
4.6253204345703125e-05
4.6253204345703125e-05
4.601478576660156e-05
0.00013017654418945312
7.939338684082031e-05
4.839897155761719e-05
6.008148193359375e-05
4.6253204345703125e-05
4.57763671875e-05
4.6253204345703125e-05
4.6253204345703125e-05
4.57763671875e-05
4.553794860839844e-05
4.601478576660156e-05
4.553794860839844e-05
4.553794860839844e-05
4.5299530029296875e-05
4.601478576660156e-05
4.673004150390625e-05
0.00012993812561035156
4.696846008300781e-05
4.792213439941406e-05
4.601478576660156e-05
4.5299530029296875e-05
4.601478576660156e-05
4.5299530029296875e-05
4.601478576660156e-05
4.553794860839844e-05
4.601478576660156e-05
4.57763671875e-05
4.601478576660156e-05
4.6253204345703125e-05
4.57763671875e-05
4.601478576660156e-05
4.57763671875e-05
4.57763671875e-05
0.0001304149627685547
4.744529724121094e-05
4.6253204345703125e-05
4.601478576660156e-05
4.601478576660156e-05
4.5299530029296875e-05
4.553794860839844e-05
4.506111145019531e-05
4.57763671875e-05
4.57763671875e-05
4.553794860839844e-05
4.57763671875e-05
4.553794860839844e-05
4.553794860839844e-05
4.553794860839844e-05
4.506111145019531e-05
4.57763671875e-05
0.00018072128295898438
6.365776062011719e-05
4.863739013671875e-05
4.863739013671875e-05
4.839897155761719e-05
6.246566772460938e-05
4.57763671875e-05
4.649162292480469e-05
4.5299530029296875e-05
4.57763671875e-05
6.651878356933594e-05
6.437301635742188e-05
4.696846008300781e-05
4.6253204345703125e-05
4.601478576660156e-05
0.00012183189392089844
4.673004150390625e-05
4.673004150390625e-05
4.601478576660156e-05
4.649162292480469e-05
4.649162292480469e-05
4.601478576660156e-05
4.6253204345703125e-05
4.57763671875e-05
4.506111145019531e-05
4.553794860839844e-05
4.5299530029296875e-05
4.601478576660156e-05
4.601478576660156e-05
4.553794860839844e-05
4.57763671875e-05
4.553794860839844e-05
0.00011157989501953125
6.031990051269531e-05
4.6253204345703125e-05
4.601478576660156e-05
4.57763671875e-05
4.673004150390625e-05
4.649162292480469e-05
4.553794860839844e-05
4.6253204345703125e-05
4.57763671875e-05
6.365776062011719e-05
4.649162292480469e-05
4.57763671875e-05
4.57763671875e-05
4.57763671875e-05
4.57763671875e-05
0.00015115737915039062
4.8160552978515625e-05
4.601478576660156e-05
4.57763671875e-05
4.6253204345703125e-05
4.57763671875e-05
4.57763671875e-05
4.601478576660156e-05
4.57763671875e-05
4.673004150390625e-05
4.57763671875e-05
4.6253204345703125e-05
4.553794860839844e-05
4.57763671875e-05
4.601478576660156e-05
4.57763671875e-05
4.553794860839844e-05
0.00013113021850585938
4.76837158203125e-05
4.6253204345703125e-05
4.601478576660156e-05
4.553794860839844e-05
4.601478576660156e-05
4.553794860839844e-05
4.553794860839844e-05
4.5299530029296875e-05
6.580352783203125e-05
4.744529724121094e-05
4.601478576660156e-05
4.6253204345703125e-05
4.6253204345703125e-05
4.5299530029296875e-05
4.57763671875e-05
9.703636169433594e-05
6.29425048828125e-05
4.553794860839844e-05
4.5299530029296875e-05
4.601478576660156e-05
4.553794860839844e-05
4.5299530029296875e-05
4.6253204345703125e-05
4.553794860839844e-05
4.5299530029296875e-05
4.553794860839844e-05
4.601478576660156e-05
0.00561070442199707
5.221366882324219e-05
4.76837158203125e-05
4.553794860839844e-05
4.553794860839844e-05
4.6253204345703125e-05
4.673004150390625e-05
4.6253204345703125e-05
4.6253204345703125e-05
4.57763671875e-05
9.775161743164062e-05
4.7206878662109375e-05
4.57763671875e-05
4.601478576660156e-05
4.673004150390625e-05
4.601478576660156e-05
4.57763671875e-05
4.553794860839844e-05
4.601478576660156e-05
4.673004150390625e-05
4.935264587402344e-05
4.6253204345703125e-05
4.601478576660156e-05
4.57763671875e-05
4.6253204345703125e-05
4.601478576660156e-05
4.601478576660156e-05
0.00010752677917480469
0.00011610984802246094
4.935264587402344e-05
4.601478576660156e-05
4.57763671875e-05
4.553794860839844e-05
4.5299530029296875e-05
4.673004150390625e-05
4.6253204345703125e-05
4.601478576660156e-05
4.5299530029296875e-05
4.601478576660156e-05
4.506111145019531e-05
4.601478576660156e-05
4.5299530029296875e-05
4.601478576660156e-05
9.465217590332031e-05
4.8160552978515625e-05
4.553794860839844e-05
4.5299530029296875e-05
4.601478576660156e-05
4.649162292480469e-05
4.57763671875e-05
4.57763671875e-05
4.57763671875e-05
4.57763671875e-05
4.57763671875e-05
4.57763671875e-05
4.553794860839844e-05
4.553794860839844e-05
4.5299530029296875e-05
4.506111145019531e-05
4.57763671875e-05
4.553794860839844e-05
9.393692016601562e-05
4.673004150390625e-05
4.553794860839844e-05
4.5299530029296875e-05
4.601478576660156e-05
4.673004150390625e-05
4.57763671875e-05
4.5299530029296875e-05
4.553794860839844e-05
4.553794860839844e-05
4.601478576660156e-05
4.553794860839844e-05
4.553794860839844e-05
4.57763671875e-05
4.5299530029296875e-05
4.601478576660156e-05
4.57763671875e-05
4.553794860839844e-05
0.00010013580322265625
4.744529724121094e-05
4.7206878662109375e-05
4.57763671875e-05
4.6253204345703125e-05
4.601478576660156e-05
4.696846008300781e-05
4.649162292480469e-05
4.6253204345703125e-05
4.553794860839844e-05
4.649162292480469e-05
4.6253204345703125e-05
4.6253204345703125e-05
4.6253204345703125e-05
4.601478576660156e-05
4.601478576660156e-05
4.601478576660156e-05
0.00021123886108398438
4.887580871582031e-05
4.673004150390625e-05
4.649162292480469e-05
4.6253204345703125e-05
4.601478576660156e-05
4.601478576660156e-05
4.601478576660156e-05
4.5299530029296875e-05
4.553794860839844e-05
4.601478576660156e-05
4.649162292480469e-05
4.6253204345703125e-05
8.082389831542969e-05
6.246566772460938e-05
7.724761962890625e-05
4.7206878662109375e-05
4.6253204345703125e-05
4.6253204345703125e-05
4.649162292480469e-05
4.601478576660156e-05
4.601478576660156e-05
4.649162292480469e-05
4.696846008300781e-05
4.696846008300781e-05
4.696846008300781e-05
4.601478576660156e-05
4.6253204345703125e-05
4.601478576660156e-05
4.601478576660156e-05
4.649162292480469e-05
4.649162292480469e-05
4.601478576660156e-05
0.00010442733764648438
4.7206878662109375e-05
4.601478576660156e-05
4.553794860839844e-05
4.57763671875e-05
4.553794860839844e-05
4.601478576660156e-05
4.792213439941406e-05
4.601478576660156e-05
4.696846008300781e-05
4.601478576660156e-05
4.6253204345703125e-05
4.57763671875e-05
4.6253204345703125e-05
4.601478576660156e-05
4.6253204345703125e-05
4.673004150390625e-05
9.1552734375e-05
6.318092346191406e-05
4.696846008300781e-05
4.673004150390625e-05
4.6253204345703125e-05
4.6253204345703125e-05
4.6253204345703125e-05
4.601478576660156e-05
4.57763671875e-05
4.57763671875e-05
6.532669067382812e-05
4.887580871582031e-05
4.935264587402344e-05
4.863739013671875e-05
4.863739013671875e-05
4.935264587402344e-05
0.000110626220703125
4.982948303222656e-05
4.9591064453125e-05
6.246566772460938e-05
4.601478576660156e-05
4.57763671875e-05
4.601478576660156e-05
4.6253204345703125e-05
4.57763671875e-05
4.57763671875e-05
4.601478576660156e-05
