3.6125834611513127e-06 3.640339212998321e-06 3.7850106670362835e-06 3.5667676639260594e-06 3.752946337120117e-06 
3.613562616741436e-06 3.641544805937185e-06 3.785928029651662e-06 3.5677118349943215e-06 3.753805060742876e-06 
3.613432551886393e-06 3.6416941250617677e-06 3.7855603747881416e-06 3.567406576892746e-06 3.7533939608295794e-06 
3.613265759295856e-06 3.6415297139058046e-06 3.7854007869355266e-06 3.5672458133810293e-06 3.7532323932928074e-06 
3.6187508809460453e-06 3.6469931956177733e-06 3.7908231463790694e-06 3.57267938519758e-06 3.7586715066576604e-06 
3.618854296949542e-06 3.6470690853276334e-06 3.7909267282628152e-06 3.572780979097725e-06 3.758783487288969e-06 
3.6152593722923627e-06 3.6431472874947066e-06 3.7869196079292716e-06 3.568824572247305e-06 3.7549506197680007e-06 
3.613451848686086e-06 3.6414309780827343e-06 3.785131684100648e-06 3.567039191021552e-06 3.7531315607181207e-06 
3.6029878544583336e-06 3.6310197042358567e-06 3.774558420051277e-06 3.5564871860215266e-06 3.742563508939659e-06 
3.6062960962352963e-06 3.6338387356668456e-06 3.777925918325887e-06 3.5598094523336037e-06 3.746069964541674e-06 
3.5975798478419913e-06 3.6269610087387827e-06 3.7702445081082474e-06 3.552071528909385e-06 3.7376421021081e-06 
3.598368630457804e-06 3.6281640290987256e-06 3.771043159417522e-06 3.5528999180964587e-06 3.7383116316747043e-06 
3.6006355369274236e-06 3.6310969350105734e-06 3.7737117304038356e-06 3.5555471690957202e-06 3.740703848576909e-06 
3.6008195553270362e-06 3.6312614076358996e-06 3.77390015017905e-06 3.5557333120426556e-06 3.740897456248761e-06 
3.6009077689892162e-06 3.631336486050501e-06 3.774001210527866e-06 3.5558310338940066e-06 3.7410002547493456e-06 
3.585493285472411e-06 3.615522507614638e-06 3.7581401007732575e-06 3.540016627463911e-06 3.7253442175905983e-06 
3.57669651424991e-06 3.607324765336582e-06 3.7494033635241623e-06 3.5313137237623736e-06 3.716414530715132e-06 
3.5627123162660463e-06 3.593254743101344e-06 3.7356143110412206e-06 3.5174780888761e-06 3.7026200868604725e-06 
3.56444944221152e-06 3.595059562373925e-06 3.7364731245174e-06 3.5185075319448985e-06 3.7036133749560554e-06 
3.562407852327954e-06 3.592552405209203e-06 3.7338373467629957e-06 3.5159471037714784e-06 3.701226337570825e-06 
3.5596905640773096e-06 3.589713168639272e-06 3.7313099458493912e-06 3.513372199106691e-06 3.69870335555718e-06 
3.565181176477751e-06 3.5954562017189653e-06 3.736940150573015e-06 3.5189978308417022e-06 3.704230148152574e-06 
3.578717668881944e-06 3.609366835285609e-06 3.750872305353613e-06 3.532888846708184e-06 3.717974486432186e-06 
3.5787453293288632e-06 3.6100196898277074e-06 3.751247363933575e-06 3.5332497729677724e-06 3.7180957447315487e-06 
3.5753646472573158e-06 3.6066928293144176e-06 3.74780028617102e-06 3.529818960769403e-06 3.714644554103811e-06 
3.57519040187352e-06 3.6065197179246664e-06 3.7476123221497846e-06 3.529633666276589e-06 3.7144587052793966e-06 
3.57018208982e-06 3.6008768806302998e-06 3.74179004902125e-06 3.5239134870749804e-06 3.7089766825786945e-06 
3.562929890533346e-06 3.5920305140091387e-06 3.7335080835749563e-06 3.5156982777862804e-06 3.701368556600022e-06 
3.5699062247537577e-06 3.5991340947127327e-06 3.740752247527368e-06 3.522902293075916e-06 3.708524840010217e-06 
3.570897023804011e-06 3.6001468456591984e-06 3.7418075255576645e-06 3.523947055948861e-06 3.7095617616237857e-06 
3.5874794579996427e-06 3.617151123527769e-06 3.75846991183458e-06 3.5406331160121726e-06 3.7260770708363305e-06 
3.5894464352526495e-06 3.6190382636800573e-06 3.760395058039561e-06 3.542560400124972e-06 3.7280337888383046e-06 
3.5735583450491706e-06 3.603585182850163e-06 3.7441810898343524e-06 3.526443289452167e-06 3.711746777934159e-06 
3.577925541021169e-06 3.60870422633127e-06 3.7490330003237143e-06 3.5312646724524377e-06 3.7162807804258607e-06 
3.577227823448626e-06 3.6085822620830824e-06 3.7487036688975495e-06 3.5309123350756166e-06 3.715709249379602e-06 
3.580616606523214e-06 3.6119401030872456e-06 3.7519488119434377e-06 3.534184368183247e-06 3.7189886211350797e-06 
3.585806237041965e-06 3.617145199096645e-06 3.757061782490938e-06 3.5393155730413083e-06 3.7241093347439895e-06 
3.5854472003048532e-06 3.6169138315099896e-06 3.7566699129382335e-06 3.5389416591767984e-06 3.7236840218998103e-06 
3.5835382278539925e-06 3.6148776965348394e-06 3.7546628478577863e-06 3.5369423961049377e-06 3.7217338287155834e-06 
3.582499956458588e-06 3.6135121739520394e-06 3.753863424397087e-06 3.536065834699755e-06 3.720993156274795e-06 
3.5741054943919438e-06 3.60536038762844e-06 3.7456930209990615e-06 3.527869885652435e-06 3.7127101330333365e-06 
3.5833577802632557e-06 3.6139530751633124e-06 3.755232392466387e-06 3.5372993984851095e-06 3.722399798165874e-06 
3.577500486001419e-06 3.6076383503994217e-06 3.7491018087074144e-06 3.5311819447393207e-06 3.7164594335657088e-06 
3.5743121099956466e-06 3.6046220783402472e-06 3.746142780725799e-06 3.528192096488751e-06 3.713407512821573e-06 
3.570046885013252e-06 3.600607943577916e-06 3.741832937485032e-06 3.523910491255692e-06 3.7090292146363363e-06 
3.550639807956026e-06 3.581595300690563e-06 3.7223305490661483e-06 3.504454544083846e-06 3.6894262977983893e-06 
3.54368106966617e-06 3.574721682261568e-06 3.7157825412824704e-06 3.4978322222413307e-06 3.682780880807503e-06 
3.5380917822216983e-06 3.569338386458188e-06 3.710107401758284e-06 3.4921895629621526e-06 3.6770587259440055e-06 
3.5385032272625006e-06 3.5692433676680417e-06 3.7102938282390737e-06 3.492376683467635e-06 3.6774406261106326e-06 
3.5340259357203356e-06 3.565406015906658e-06 3.706141517666777e-06 3.4882146075239505e-06 3.673034950627427e-06 
3.5358859383714717e-06 3.5675164545864055e-06 3.7080888297255038e-06 3.4901671065434165e-06 3.6748893978516566e-06 
3.536194358796555e-06 3.567771820051999e-06 3.70841218754916e-06 3.4904830812358976e-06 3.675226372213984e-06 
3.5273938401893644e-06 3.5590680142499083e-06 3.6997959270326665e-06 3.481837128522809e-06 3.6665496181914826e-06 
3.5115073628296107e-06 3.54278558619206e-06 3.6844152698012826e-06 3.466323197010799e-06 3.651204538855462e-06 
3.514954958771222e-06 3.5463542971294298e-06 3.6876924425792166e-06 3.4696431896624667e-06 3.6544739266537565e-06 
3.520880728931558e-06 3.5519196495079007e-06 3.692906848623317e-06 3.474964444111512e-06 3.6599237535463028e-06 
3.5237889698489605e-06 3.5547206441473333e-06 3.6957265030077247e-06 3.477792943676723e-06 3.662791447766909e-06 
3.5159777829757455e-06 3.5475330555227155e-06 3.688406755150416e-06 3.470429414894466e-06 3.655194661847507e-06 
3.514415165320238e-06 3.5461267169849343e-06 3.686776375994329e-06 3.4688249638461e-06 3.653528531076303e-06 
3.5137686941708883e-06 3.54543121744615e-06 3.6860122587177954e-06 3.468079124762406e-06 3.6528004280909335e-06 
3.5089279431055e-06 3.54043180019858e-06 3.6808483896943113e-06 3.4629628674714422e-06 3.647743490058562e-06 
3.5104940491733915e-06 3.5429789280671778e-06 3.6827798261477306e-06 3.464909930782409e-06 3.6493081936499706e-06 
3.520259804511397e-06 3.553619180087109e-06 3.692925078421977e-06 3.4750630134871604e-06 3.6591150833741103e-06 
3.511764278733536e-06 3.545985058593802e-06 3.684250041025901e-06 3.466502576226215e-06 3.650208114403429e-06 
3.518003358907007e-06 3.5517594982560444e-06 3.6902424973786e-06 3.472501977670238e-06 3.6563859069821078e-06 
3.5143387337229707e-06 3.548332268813397e-06 3.6862591161137664e-06 3.4686053657544264e-06 3.6523862977016915e-06 
3.507930588007732e-06 3.542077376260749e-06 3.679664846325045e-06 3.46206264777485e-06 3.645778928837198e-06 
3.5072304120398053e-06 3.5413806617023946e-06 3.6789695936468727e-06 3.461366501760063e-06 3.6450818944233003e-06 
3.505200561134384e-06 3.539412703018127e-06 3.6771237818074592e-06 3.459488159156015e-06 3.6431850402223314e-06 
3.50755057752048e-06 3.541949594839979e-06 3.67954342010198e-06 3.4619126888481266e-06 3.6455342726591046e-06 
3.5070622894553837e-06 3.5413805518083574e-06 3.679046251043162e-06 3.461409186992263e-06 3.6450636809140566e-06 
3.4979303140403726e-06 3.53158692322763e-06 3.6698691793547784e-06 3.452173922719636e-06 3.636100539973341e-06 
3.4993175638516014e-06 3.533015694077538e-06 3.6712463614328665e-06 3.4535575825862454e-06 3.6374663959739817e-06 
3.5090560739372e-06 3.5438988176749496e-06 3.681653351109115e-06 3.463943325964038e-06 3.6474005880784764e-06 
3.5148263755476532e-06 3.549329941390693e-06 3.6872755426705967e-06 3.469563939389871e-06 3.65315220062864e-06 
3.506983827715415e-06 3.5418929361498136e-06 3.6797127704621006e-06 3.4619819750261407e-06 3.645416809468371e-06 
3.5045514707467394e-06 3.539899896572259e-06 3.6774381008301883e-06 3.4597182568297952e-06 3.642979402913574e-06 
3.507598685758218e-06 3.5430733972985003e-06 3.6806031037612686e-06 3.4628729414175008e-06 3.6460840240387223e-06 
3.508350652775363e-06 3.5431462502811263e-06 3.681317215619885e-06 3.4635278964871485e-06 3.6470140913945123e-06 
3.5019973613607087e-06 3.5375328124557508e-06 3.6749892270555738e-06 3.4572660029222847e-06 3.640454875092322e-06 
3.4997108309114e-06 3.535206382373271e-06 3.6729332632957052e-06 3.455158864936313e-06 3.6383711355396593e-06 
3.499775488265142e-06 3.535278611180203e-06 3.672960089302804e-06 3.4551940602973785e-06 3.63840227414765e-06 
3.514748383491183e-06 3.551190429816169e-06 3.688320266336714e-06 3.47057532428815e-06 3.653401145577486e-06 
3.5191452112545623e-06 3.554886639678073e-06 3.692779769098693e-06 3.4749532145408446e-06 3.658064816257576e-06 
3.518570020768195e-06 3.554407752465776e-06 3.692281851658237e-06 3.4744493137926727e-06 3.657523702570933e-06 
3.509079398178942e-06 3.5448770732969565e-06 3.6826512327195545e-06 3.464839754625571e-06 3.6479322486207688e-06 
3.5153503028422436e-06 3.5508872807943926e-06 3.6888402456705133e-06 3.471021150240663e-06 3.6542146947685636e-06 
3.533706015501848e-06 3.56969786064558e-06 3.7077825963112082e-06 3.4898976987014777e-06 3.6729092038264395e-06 
3.5354849594408604e-06 3.572478219222108e-06 3.709722992599124e-06 3.491906941312884e-06 3.67451168707652e-06 
3.5358739523266916e-06 3.5726889101222102e-06 3.7099046874889595e-06 3.492111892928301e-06 3.6747848573813562e-06 
3.5254267954600584e-06 3.5626567341653232e-06 3.6998548172662896e-06 3.482022279781587e-06 3.664539271526755e-06 
3.5306071111594618e-06 3.56772943763207e-06 3.7050356405309747e-06 3.4871935367583656e-06 3.669752042254358e-06 
3.521883127152946e-06 3.5588894654074594e-06 3.6963928190786455e-06 3.4785204364679546e-06 3.661132725754519e-06 
3.522333741927409e-06 3.5593146160637304e-06 3.6968981392171774e-06 3.479012586162297e-06 3.661636162202373e-06 
3.530904513210365e-06 3.5685396361232408e-06 3.705571155304694e-06 3.4877345318481126e-06 3.670087207100848e-06 
3.5270016099192227e-06 3.565696074146423e-06 3.7017798852138263e-06 3.484031200272092e-06 3.6659498984860697e-06 
3.5343306938329265e-06 3.5722726046991217e-06 3.708568998949447e-06 3.4908512471431144e-06 3.673064882428487e-06 
3.5304787998543147e-06 3.5682896313483118e-06 3.7048238858803665e-06 3.4870695910020756e-06 3.669342370107052e-06 
3.5305185350282184e-06 3.568323272384178e-06 3.7048463836793733e-06 3.4870949293366687e-06 3.6693697749120586e-06 
3.524926937818619e-06 3.5626979945599882e-06 3.699401757831324e-06 3.4816156407376452e-06 3.6639109784764154e-06 
3.5229013970251603e-06 3.5596905116108924e-06 3.6967242931265103e-06 3.4789667180151524e-06 3.6616519838628822e-06 
3.523007837441925e-06 3.559794290545362e-06 3.6968312002173093e-06 3.4790732895683907e-06 3.661759606328061e-06 
3.525785275521088e-06 3.5625599629740077e-06 3.699626321829938e-06 3.481864469549095e-06 3.6645546160815355e-06 
3.5260681685694646e-06 3.5631438366112503e-06 3.699946428119614e-06 3.4822081960913127e-06 3.6647751664418344e-06 
3.527599603040135e-06 3.5648471367410455e-06 3.7014823765137815e-06 3.483761573820204e-06 3.666256888586326e-06 
3.5304595263773645e-06 3.5666572367132762e-06 3.704152313744221e-06 3.486362967856231e-06 3.6692837705346e-06 
3.530627455530189e-06 3.56679056734813e-06 3.70434285210808e-06 3.4865455587130534e-06 3.6694809660809865e-06 
3.526631308597645e-06 3.5621310376547933e-06 3.6999122099309346e-06 3.4821345053994576e-06 3.6653324651329603e-06 
3.5247331926751653e-06 3.5600924084529136e-06 3.69785806722622e-06 3.4800972075223128e-06 3.6633495831817425e-06 
3.5458893962263106e-06 3.5797282361469506e-06 3.717990624385987e-06 3.5002943282731774e-06 3.684126859457767e-06 
3.550365309936894e-06 3.5836273499063544e-06 3.7215991875213346e-06 3.5040268240834625e-06 3.6880651933736213e-06 
3.5453836510126005e-06 3.5784792209970316e-06 3.7166467709905082e-06 3.499050629427716e-06 3.6831600015662362e-06 
3.5370592909115717e-06 3.570003169865711e-06 3.7084953111647456e-06 3.4908464020721004e-06 3.6750265806728273e-06 
3.5369887165515513e-06 3.5699249874528963e-06 3.708416322002881e-06 3.4907683932997532e-06 3.6749514346158723e-06 
3.536265817793546e-06 3.5691689959577634e-06 3.7079575276181846e-06 3.4902523175645733e-06 3.674456426449803e-06 
3.532605479407273e-06 3.5665670641063702e-06 3.704622942630693e-06 3.4869516998887104e-06 3.670738932362228e-06 
3.5246064332399175e-06 3.5589122964203046e-06 3.697132553314663e-06 3.479389018230725e-06 3.663054477974094e-06 
3.5183609178180645e-06 3.5529595228715775e-06 3.690961303077242e-06 3.473229418628244e-06 3.656781236619138e-06 
3.518736873061573e-06 3.5533420803443304e-06 3.691359447760978e-06 3.4736238341226486e-06 3.6571733532155577e-06 
3.521892780008371e-06 3.5561768235066488e-06 3.6946377148273805e-06 3.4768473138710856e-06 3.6605283860260223e-06 
3.513896778901078e-06 3.5487954250940965e-06 3.687168886589106e-06 3.469330374086231e-06 3.65277890142733e-06 
3.511165120351844e-06 3.5455728668389108e-06 3.6837812375950464e-06 3.466025427964573e-06 3.649658829979658e-06 
3.510413567369538e-06 3.5447818760433184e-06 3.6830208001333634e-06 3.465262732950688e-06 3.6489122820352063e-06 
3.5105267227061153e-06 3.5451108512290515e-06 3.6832375679446943e-06 3.4654796342353974e-06 3.649044226535627e-06 
3.5102502161250012e-06 3.5447799858459513e-06 3.6830392873922098e-06 3.465260282228542e-06 3.6488489813312863e-06 
3.5095893336687715e-06 3.544144784739668e-06 3.682236005789439e-06 3.4644879270615378e-06 3.6480630206525173e-06 
3.5048343943565775e-06 3.5395687477692814e-06 3.6779548066170143e-06 3.4601278601245392e-06 3.643644228689792e-06 
3.5072862126934064e-06 3.543099461481477e-06 3.6812752470711807e-06 3.4633823853789842e-06 3.646478341661844e-06 
3.5074144714853822e-06 3.543275588781258e-06 3.6813594338849713e-06 3.463479932217243e-06 3.646555505776648e-06 
3.505798979203133e-06 3.5416068675997685e-06 3.679728023065277e-06 3.461845963788659e-06 3.64494368370688e-06 
3.5049723999774932e-06 3.54046611976924e-06 3.678620099150798e-06 3.4607624670589957e-06 3.643982421322828e-06 
3.5094771450135225e-06 3.544798771554861e-06 3.682758657046574e-06 3.464958168547133e-06 3.6482375709629623e-06 
3.5149758208677384e-06 3.550702476341335e-06 3.6884035287135408e-06 3.4706155131740984e-06 3.6537305157548623e-06 
3.514922467503172e-06 3.5506540459887617e-06 3.6883556924547596e-06 3.4705670470426336e-06 3.6536802007787392e-06 
3.5120313142942142e-06 3.5471679604590808e-06 3.685026223333521e-06 3.4672657192582405e-06 3.6506121135482506e-06 
3.5144832743177543e-06 3.5490520224759405e-06 3.6874644887795945e-06 3.4696521191969958e-06 3.6532273630406807e-06 
3.5133278867470704e-06 3.54774767984706e-06 3.6863488227198785e-06 3.4685139528478018e-06 3.6521508631129486e-06 
3.5169933791189215e-06 3.5516869415447283e-06 3.690045780027826e-06 3.4722320073872407e-06 3.6557570713148727e-06 
3.51438305766229e-06 3.549372574354551e-06 3.687580635702277e-06 3.469765863298908e-06 3.6531756632042247e-06 
3.5043276054280457e-06 3.5384080815630743e-06 3.6773508981972885e-06 3.4594808189853235e-06 3.6432590703618265e-06 
3.506249181496579e-06 3.540407819056008e-06 3.6792970829004556e-06 3.4614300699551704e-06 3.6451764082306672e-06 
3.509427858318684e-06 3.5437657424411897e-06 3.6827081156874725e-06 3.464813293912657e-06 3.648490518226129e-06 
3.5099550526894864e-06 3.5442824138130243e-06 3.6832222417282563e-06 3.465329141534338e-06 3.649010075723853e-06 
3.497611135769328e-06 3.5317501706292753e-06 3.671229021724281e-06 3.453246916626121e-06 3.637015711076091e-06 
3.4967378651911236e-06 3.53108653589949e-06 3.6704739528455322e-06 3.4524881749072604e-06 3.6361754081095736e-06 
3.5008561738874584e-06 3.53556068504663e-06 3.6751993159409504e-06 3.4571319603931243e-06 3.6406830558688608e-06 
3.4979051204410254e-06 3.533013117220612e-06 3.6725302131676945e-06 3.45444596833951e-06 3.637840553925231e-06 
3.4965560943112654e-06 3.531907376444436e-06 3.671367806323245e-06 3.453270611665907e-06 3.6365705580639156e-06 
3.4982035587610182e-06 3.533240966994351e-06 3.6726890892211376e-06 3.4546246716946023e-06 3.6380457532163318e-06 
3.4871683640403428e-06 3.522179318033517e-06 3.6620111303948505e-06 3.4438744918167774e-06 3.627315351370734e-06 
3.4788215855274465e-06 3.513889884401e-06 3.6536399420881413e-06 3.4355106929083486e-06 3.6189327378269844e-06 
3.4897687043731337e-06 3.526185207382826e-06 3.664991249182796e-06 3.4469148852589914e-06 3.6297948179626645e-06 
3.4853013262918556e-06 3.5227488678209787e-06 3.6611300303390845e-06 3.4430379721652815e-06 3.6255098323462704e-06 
3.490004204951289e-06 3.527074018699143e-06 3.665658711812277e-06 3.4475639951231664e-06 3.630184601515059e-06 
3.500323539926351e-06 3.537122744159866e-06 3.675589044310948e-06 3.4575442640512243e-06 3.6402645855873854e-06 
3.4982059769220126e-06 3.5343585609358537e-06 3.6731254756999192e-06 3.4550835249111513e-06 3.638061912698947e-06 
3.508025386317173e-06 3.5456471279762063e-06 3.684720819966454e-06 3.4664923791724828e-06 3.648888477298111e-06 
3.5085485626930306e-06 3.546144866678099e-06 3.6852092557577532e-06 3.466984828794827e-06 3.649390768897738e-06 
3.5054913613011618e-06 3.54300256576527e-06 3.6815823901503495e-06 3.4634532843859217e-06 3.6458914730920437e-06 
3.5052496384643225e-06 3.5428171192532583e-06 3.6812626326512097e-06 3.4631534006392224e-06 3.645568190700169e-06 
3.510332254588899e-06 3.54786280691662e-06 3.686433768607481e-06 3.468305916893108e-06 3.6507338901498613e-06 
3.5076929433855946e-06 3.5465641689786065e-06 3.6844473987539474e-06 3.4663295297756887e-06 3.648219305667567e-06 
3.507109133836103e-06 3.545664626384282e-06 3.683346658290315e-06 3.465293561619717e-06 3.6473073249429498e-06 
3.5030076029158e-06 3.541892439379772e-06 3.6789402352548447e-06 3.4609775606072387e-06 3.642853935929192e-06 
3.4969328853400516e-06 3.5354550802487757e-06 3.672692887538761e-06 3.454724362570189e-06 3.6367504314696556e-06 
3.4939627487519182e-06 3.5325467286479338e-06 3.6697737376104705e-06 3.4518008978877777e-06 3.633803937428937e-06 
3.496182321425455e-06 3.534634189763729e-06 3.6717530243109445e-06 3.4538135482884904e-06 3.6358658046326216e-06 
3.496214154968243e-06 3.5346711052174765e-06 3.6717880304673366e-06 3.4538484726053613e-06 3.635898675323029e-06 
3.5100663838451214e-06 3.54841181353299e-06 3.6853336127699683e-06 3.467446180162364e-06 3.649529401705695e-06 
3.5064407696812898e-06 3.543354614531414e-06 3.681299939473632e-06 3.463345781319545e-06 3.6460103596180383e-06 
3.5054052762832296e-06 3.542290953456743e-06 3.6802965534767883e-06 3.462333122089332e-06 3.645010243061851e-06 
3.4963079072111194e-06 3.533777108159621e-06 3.6714370500948944e-06 3.4534831617236396e-06 3.6359309068262593e-06 
3.4954491183262933e-06 3.5329198105709817e-06 3.670628516299862e-06 3.452664841469189e-06 3.635113258976683e-06 
3.4945259377440406e-06 3.5322925086763833e-06 3.6698600020797708e-06 3.4518959780881884e-06 3.6342264042083912e-06 
3.4869562115836115e-06 3.524574871410904e-06 3.6619039142923636e-06 3.443997585575667e-06 3.62638581867144e-06 
3.482741462231067e-06 3.522327593535651e-06 3.6588256730276064e-06 3.4409011684308814e-06 3.6225009915565997e-06 
3.4702408496522955e-06 3.5101987966703115e-06 3.6465588772861694e-06 3.4286249398627556e-06 3.610081269048096e-06 
3.4725301458949142e-06 3.5128708857121125e-06 3.6490849952550728e-06 3.4311468963696277e-06 3.6124468751231275e-06 
3.475131805707025e-06 3.5157024530110233e-06 3.6517028962438316e-06 3.4337871273340025e-06 3.614990214965165e-06 
3.45671096702889e-06 3.4968156167467934e-06 3.6333820952166784e-06 3.4153920698254555e-06 3.59680042107022e-06 
3.4577850818146337e-06 3.49759664270135e-06 3.634216656323242e-06 3.4162418129018055e-06 3.597767393073113e-06 
3.4572994670885927e-06 3.496913472574309e-06 3.6336539695822393e-06 3.4156730167967985e-06 3.5972794023621768e-06 
3.472128496004473e-06 3.5129890789969858e-06 3.6489854221672555e-06 3.4310450046556815e-06 3.612133603360657e-06 
3.472443939676858e-06 3.513145919700384e-06 3.649093378653181e-06 3.431175875307515e-06 3.6123269969609443e-06 
3.4676277405709547e-06 3.507919118395382e-06 3.643832314554522e-06 3.4259553587702235e-06 3.6072722749899738e-06 
3.470303817027928e-06 3.5106502947411005e-06 3.6463989621885845e-06 3.4285501944527985e-06 3.6098404611744505e-06 
3.4758820019816014e-06 3.515921077121166e-06 3.651452978739764e-06 3.4336760180089107e-06 3.615080245396287e-06 
3.482434174462652e-06 3.5223282578157876e-06 3.657948767882331e-06 3.4401691560100022e-06 3.621629159867141e-06 
3.48979809910223e-06 3.52996948485395e-06 3.6651656268733106e-06 3.44744827997243e-06 3.6287843060494904e-06 
3.488253507349563e-06 3.5284017362430048e-06 3.663677734607918e-06 3.4459459282532583e-06 3.6272939939870053e-06 
3.484595890377679e-06 3.5249073243508366e-06 3.6604682379465595e-06 3.442663837276485e-06 3.6239561895671514e-06 
3.4814167080081407e-06 3.5213407563683993e-06 3.6570952615519412e-06 3.4392860195119197e-06 3.6207378229203747e-06 
3.47570827378528e-06 3.515776672423288e-06 3.651246908949852e-06 3.433479569288675e-06 3.6148708343528093e-06 
3.475088960935889e-06 3.515115390796522e-06 3.6506357684307946e-06 3.432862003818875e-06 3.6142713864248336e-06 
3.4725833060732093e-06 3.5124730858022286e-06 3.6481644393120685e-06 3.430368152803467e-06 3.611836887421972e-06 
3.4718971924338724e-06 3.512544374943116e-06 3.6478013118252517e-06 3.4300238217504467e-06 3.6111830035764526e-06 
3.4691847789088204e-06 3.5097453223108187e-06 3.6450924931213144e-06 3.4273038792116926e-06 3.608501022181151e-06 
3.466670100683429e-06 3.5064285074000166e-06 3.6428985344777154e-06 3.4249596869069494e-06 3.6064992205461523e-06 
3.472926787583535e-06 3.512947314593694e-06 3.649440337594163e-06 3.4314762285328962e-06 3.6129083240597026e-06 
3.4760609422670437e-06 3.5163391538397025e-06 3.6529587689563116e-06 3.434949548604967e-06 3.6162787282869425e-06 
3.472180411083127e-06 3.512409885905971e-06 3.6489533808365018e-06 3.4309616115146556e-06 3.6123113448278013e-06 
3.476177790233182e-06 3.5163762955727188e-06 3.654150754588231e-06 3.435934707243317e-06 3.617305833127809e-06 
3.4761992199120585e-06 3.5163989420470583e-06 3.654172495291524e-06 3.4359565201341413e-06 3.6173271380009636e-06 
3.4753831978351183e-06 3.5155793603035444e-06 3.6533275165907615e-06 3.435116178884672e-06 3.6164885715280185e-06 
3.4833032761772444e-06 3.5233794217548396e-06 3.6610372500949617e-06 3.4428540280753294e-06 3.6242704623335243e-06 
3.487120062001513e-06 3.527131202186729e-06 3.6648231907945627e-06 3.446640047152611e-06 3.6280809563536625e-06 
3.499246015655537e-06 3.538862257891025e-06 3.6768780462023563e-06 3.458671490688216e-06 3.640267235957694e-06 
3.498042848327461e-06 3.5377224888611753e-06 3.675677544706955e-06 3.4574765014659703e-06 3.639046994326841e-06 
3.4980424936660704e-06 3.5377227832132615e-06 3.6756776563699946e-06 3.4574765933618377e-06 3.639046823476781e-06 
3.488845657426257e-06 3.5286815283748135e-06 3.6667939515650446e-06 3.448549531771544e-06 3.630062122336045e-06 
3.4917521704924227e-06 3.531597899009072e-06 3.6696497756332526e-06 3.451416194533237e-06 3.6329231273405455e-06 
3.4885688708306194e-06 3.5283070857468306e-06 3.6659411221329852e-06 3.447791217129518e-06 3.6293411330190885e-06 
3.4883980569940165e-06 3.528384977115938e-06 3.6655203114632715e-06 3.4474420093002156e-06 3.6288876450756884e-06 
3.4882408097366015e-06 3.527473010184339e-06 3.665168839278087e-06 3.447049654112147e-06 3.6288034566604825e-06 
3.49914097113152e-06 3.538918585527579e-06 3.6758121162429785e-06 3.457799969766264e-06 3.6393209262959693e-06 
3.497443740438104e-06 3.537555295242304e-06 3.674209241182187e-06 3.4562136714767345e-06 3.6375986842343575e-06 
3.490952579623347e-06 3.5306300960877357e-06 3.66742705215941e-06 3.4494395390664065e-06 3.6310034268355662e-06 
3.493233526570567e-06 3.5328175528785887e-06 3.6694674099199913e-06 3.4515168411928964e-06 3.6331144672286875e-06 
3.4934213826157986e-06 3.533087991745941e-06 3.669663538482137e-06 3.4517201216908095e-06 3.6332835804506827e-06 
3.476582964286058e-06 3.5157756475439452e-06 3.6526677280556107e-06 3.4347001240244567e-06 3.6164659828713073e-06 
3.4583321976476967e-06 3.4975779124514293e-06 3.6342425580882226e-06 3.4163087299314724e-06 3.598059623327395e-06 
3.459819841612465e-06 3.4991144083368903e-06 3.6357611067611406e-06 3.4178268610048387e-06 3.5995572803242686e-06 
3.4617978508338985e-06 3.5011223034307484e-06 3.6378242380392436e-06 3.4198772795727577e-06 3.601595714982556e-06 
3.4610509241461433e-06 3.5002052694902507e-06 3.6371281786248183e-06 3.419153525153826e-06 3.600943413556134e-06 
3.470362480897634e-06 3.5101747193158808e-06 3.646817915958991e-06 3.4288422352702273e-06 3.610361109954511e-06 
3.471447980467227e-06 3.5111966660516003e-06 3.648139110048669e-06 3.4301123071505024e-06 3.6116601673610826e-06 
3.476874044872439e-06 3.516551781736568e-06 3.653375808996214e-06 3.4353790900671214e-06 3.6169507765741617e-06 
3.4856567203459656e-06 3.527156467077117e-06 3.662735342295328e-06 3.4448258568212474e-06 3.6256435037860843e-06 
3.485042445121907e-06 3.527039709649044e-06 3.662006946999455e-06 3.444174873921319e-06 3.624781409316138e-06 
3.4816498851600336e-06 3.524571185302605e-06 3.6590755006300022e-06 3.441257240443231e-06 3.62148382922738e-06 
3.4827050627324574e-06 3.5263736761145507e-06 3.660390153693434e-06 3.442607958984926e-06 3.622521229478754e-06 
3.487411277528275e-06 3.5317486046890403e-06 3.6652548351136337e-06 3.4475218269796294e-06 3.627149681314203e-06 
3.5030635177938046e-06 3.5470220028109456e-06 3.6808422754056916e-06 3.4630817095459186e-06 3.6428618326759195e-06 
3.5032185621872773e-06 3.547337894665391e-06 3.68116986819643e-06 3.4633943805823742e-06 3.6431092559839534e-06 
3.496968445962312e-06 3.54077724152169e-06 3.674715168933317e-06 3.456941493825202e-06 3.636788303984491e-06 
3.504962536560143e-06 3.549195646499763e-06 3.6831936854130777e-06 3.465377393454964e-06 3.645048235974104e-06 
3.5030932371999026e-06 3.547369472995096e-06 3.681187898805741e-06 3.4634027943517736e-06 3.6430535327008756e-06 
3.5054324809274147e-06 3.5493031002654418e-06 3.6834155100329846e-06 3.4656052298471805e-06 3.645425819811348e-06 
3.505407926249769e-06 3.549264387233484e-06 3.6833722824661656e-06 3.4655639860410535e-06 3.6453902639354215e-06 
3.4946464825864977e-06 3.538315290263797e-06 3.6731353883221627e-06 3.4552012645016717e-06 3.635122117341359e-06 
3.488246747327739e-06 3.532009858197574e-06 3.666931955963901e-06 3.4489695663898425e-06 3.6288566515437923e-06 
3.4843786812423324e-06 3.5286003379192377e-06 3.663381848637118e-06 3.4454107202938247e-06 3.6251097036959993e-06 
3.4918954368397166e-06 3.536115839156102e-06 3.6709488707131047e-06 3.452970275063182e-06 3.6326662951494316e-06 
3.4970427546777623e-06 3.5407786102434218e-06 3.6757051178808144e-06 3.457746426634995e-06 3.6376399719894784e-06 
3.494212075300767e-06 3.53802466671267e-06 3.673233396405443e-06 3.4552152591260334e-06 3.635082107799052e-06 
3.503121782049047e-06 3.54801845579907e-06 3.6823384644306735e-06 3.4644102330773917e-06 3.6438147795119277e-06 
3.510744390544685e-06 3.5562481086629015e-06 3.689983107979579e-06 3.4721243197066758e-06 3.6512654080041284e-06 
3.509902526403613e-06 3.5552327501197216e-06 3.689154900884231e-06 3.4712726808333183e-06 3.650488804760104e-06 
3.5098766020253205e-06 3.5552179666304835e-06 3.689132783464952e-06 3.471251148334591e-06 3.6504625722906113e-06 
3.4972711369514665e-06 3.542473706434662e-06 3.6765561207733006e-06 3.458649095334122e-06 3.6379272029529008e-06 
3.4973594152506362e-06 3.5425831893248707e-06 3.6766547777352395e-06 3.458748301318544e-06 3.638017442438722e-06 
3.473709350770379e-06 3.519263537526652e-06 3.6530645188898293e-06 3.4351789715835987e-06 3.6143206244688134e-06 
3.472702305131364e-06 3.5191485417568414e-06 3.652594827786424e-06 3.4347136707457957e-06 3.6134803794454647e-06 
3.4723670178036175e-06 3.518721779894798e-06 3.6521279572938766e-06 3.4342606266776755e-06 3.6130650533387034e-06 
3.4745424689434556e-06 3.5210413319997144e-06 3.6541226472553444e-06 3.4363079130609295e-06 3.615046178899956e-06 
3.4781266427884133e-06 3.5241653086404548e-06 3.657840810275427e-06 3.4399460909620435e-06 3.618882537709036e-06 
3.4786945596921992e-06 3.5249939037373512e-06 3.65848415534729e-06 3.440606530529102e-06 3.619431676995639e-06 
3.477730240113111e-06 3.523136847199445e-06 3.6567255393984905e-06 3.4388924447490252e-06 3.6180894649140994e-06 
3.490401650449895e-06 3.535749981655945e-06 3.6690516269965557e-06 3.451282207015552e-06 3.6304908249861924e-06 
3.4904190003365537e-06 3.5361750595011623e-06 3.6693156237087465e-06 3.451547410392605e-06 3.6305851234941234e-06 
3.4955933097694996e-06 3.542147219194221e-06 3.6749504071055456e-06 3.4571915984800046e-06 3.6358902793824174e-06 
3.5054203637331127e-06 3.551536874705895e-06 3.685231237932517e-06 3.4673352341117177e-06 3.646224487864948e-06 
3.5064993183057697e-06 3.5527333827686134e-06 3.686001417115475e-06 3.4681786711823183e-06 3.6470121385953546e-06 
3.509337140505518e-06 3.5547678848017508e-06 3.6883140725015046e-06 3.470496506433427e-06 3.6496653327398244e-06 
3.5044417867850806e-06 3.548649874275374e-06 3.6831162900815883e-06 3.46521149508421e-06 3.6449008483589206e-06 
3.504462601189257e-06 3.5486682256254477e-06 3.6831368600951335e-06 3.4652318328468357e-06 3.644922218816906e-06 
3.504164642416775e-06 3.54897198284994e-06 3.683027249827428e-06 3.465156252481062e-06 3.6445931774768083e-06 
3.5070219586957493e-06 3.5522033249859407e-06 3.6860130584292184e-06 3.4681623770110575e-06 3.6474397497642114e-06 
3.5012830642738244e-06 3.5467238453419974e-06 3.6806058022274923e-06 3.4627208346095942e-06 3.6418953625732835e-06 
3.5007699363235753e-06 3.5462045472377407e-06 3.6800623004578236e-06 3.4621822396977816e-06 3.6413592440895906e-06 
3.4942573611164153e-06 3.5400006220089577e-06 3.6737727367872698e-06 3.455885066483763e-06 3.6349365841491475e-06 
3.493621925878848e-06 3.538863790587053e-06 3.672952463753495e-06 3.455040393691516e-06 3.6343043376216553e-06 
3.485511332627567e-06 3.530590754341522e-06 3.6650874223514236e-06 3.447107993503145e-06 3.6264486407714797e-06 
3.4868848201971626e-06 3.531646561151675e-06 3.666943166439393e-06 3.4488392325640404e-06 3.6283175670227123e-06 
3.4808342100621163e-06 3.526784689217209e-06 3.6613791338237927e-06 3.443320766828535e-06 3.6223014849597276e-06 
3.4785938967052425e-06 3.524851663740386e-06 3.659423703321652e-06 3.441348676077912e-06 3.62020138414448e-06 
3.498525785561962e-06 3.544855180529046e-06 3.6795386487258578e-06 3.461444309901783e-06 3.6402564865697254e-06 
3.5026672750071984e-06 3.5488439457620034e-06 3.68363710301791e-06 3.46553398634672e-06 3.6444087000683573e-06 
3.503295439446041e-06 3.549501436044035e-06 3.684265402556636e-06 3.4661658032937105e-06 3.6450277207121154e-06 
3.4869919649266925e-06 3.5333905494276426e-06 3.6680144701275293e-06 3.4499233119010768e-06 3.6287123302940468e-06 
3.4894966828850197e-06 3.5362519607952552e-06 3.670734948502467e-06 3.4526471485705094e-06 3.631283656554955e-06 
3.4918535524912415e-06 3.5387096947370325e-06 3.673050911769959e-06 3.4549828608783804e-06 3.6335749100455027e-06 
3.4898049729831662e-06 3.536163852088727e-06 3.6710651012015018e-06 3.452927712023434e-06 3.631732678856062e-06 
3.5032926699085775e-06 3.5497754941775717e-06 3.6850161170541993e-06 3.466814950610441e-06 3.6455600327966757e-06 
3.5040772600058637e-06 3.550238395629257e-06 3.6857891892171894e-06 3.4675540007917556e-06 3.6464345295036824e-06 
3.506193737143957e-06 3.5532071622836638e-06 3.688391997934856e-06 3.4701696016942472e-06 3.648687134735494e-06 
3.505499758368832e-06 3.5526080670246248e-06 3.68792118670516e-06 3.469671136644516e-06 3.6481478038575198e-06 
3.4864000650752003e-06 3.533790726578426e-06 3.668951023481087e-06 3.450706104851377e-06 3.6290726934375997e-06 
3.478972229134403e-06 3.5273433966785504e-06 3.6621766234585725e-06 3.4439314727031805e-06 3.621881567238033e-06 
3.466173565138568e-06 3.5159008082314908e-06 3.649716643270972e-06 3.431570342446349e-06 3.6089453292661673e-06 
3.4669064129355133e-06 3.5166816345456216e-06 3.650565705858027e-06 3.4324055189486755e-06 3.6097588582785457e-06 
3.461810380903159e-06 3.5112440307049667e-06 3.6457463532744632e-06 3.4274978872301535e-06 3.6049982049759578e-06 
3.464865982807383e-06 3.5142361149399496e-06 3.6488502740218803e-06 3.4305871384541036e-06 3.6081124074174966e-06 
3.457914605950411e-06 3.5076282762043977e-06 3.642301790089102e-06 3.4240106663986066e-06 3.601388553272365e-06 
3.457274928483374e-06 3.506791702472364e-06 3.641442315224908e-06 3.4231641435117635e-06 3.6006289932666963e-06 
3.467887613338151e-06 3.5174089118895678e-06 3.6515720360801057e-06 3.4333775928873793e-06 3.6108392149500164e-06 
3.467846341498394e-06 3.51738790063366e-06 3.651532653262008e-06 3.4333402821406083e-06 3.6107932302829306e-06 
3.4672106893037817e-06 3.5165712573732355e-06 3.6508416080272952e-06 3.4326370185519574e-06 3.610168228724217e-06 
3.4617888428841898e-06 3.5110414784365903e-06 3.645376442259003e-06 3.427165057528664e-06 3.6047457256785413e-06 
3.4674158895056325e-06 3.5168970001589663e-06 3.6513118765818477e-06 3.433077047830208e-06 3.610554414836783e-06 
3.464909867543985e-06 3.514442966226249e-06 3.6488142881277256e-06 3.4305835297636566e-06 3.608039960808751e-06 
3.4738898495125907e-06 3.5232637167981633e-06 3.657890091033966e-06 3.4396270032360828e-06 3.6171456210068913e-06 
3.473280926020025e-06 3.522763342600364e-06 3.6572717356860376e-06 3.439022743048068e-06 3.616495460002261e-06 
3.4695684438954042e-06 3.519383459024052e-06 3.6546079665447493e-06 3.436226516611873e-06 3.6135449115071637e-06 
3.4725274397457857e-06 3.5218007556915933e-06 3.6576817602430545e-06 3.4392219901245477e-06 3.616765343461396e-06 
3.4717244945753097e-06 3.5211361405428163e-06 3.656914748449238e-06 3.4384646482524292e-06 3.615949394477577e-06 
3.4720970177584768e-06 3.522052578280543e-06 3.657380187370165e-06 3.4389770365671404e-06 3.616229869410112e-06 
3.4720082271286866e-06 3.5219355146452883e-06 3.657265641233342e-06 3.438863284190605e-06 3.6161286515275358e-06 
3.4796500377566882e-06 3.5297492383497767e-06 3.664831777820515e-06 3.44646279381131e-06 3.623652610466299e-06 
3.46707894259559e-06 3.5177846331847502e-06 3.652938576543162e-06 3.434530367409575e-06 3.6114556597924906e-06 
3.468249706777453e-06 3.518918618961447e-06 3.6540930117443358e-06 3.4356833781743647e-06 3.6126240195467216e-06 
3.471694285348559e-06 3.523110586382679e-06 3.6577989261933434e-06 3.439436180197543e-06 3.616051159903194e-06 
3.4709594825929532e-06 3.5224484805383966e-06 3.657053104606331e-06 3.4387004118653815e-06 3.615284964968789e-06 
3.468370157566119e-06 3.5194672469058e-06 3.654433103592997e-06 3.4360389139400607e-06 3.6127926431357223e-06 
3.4670731634006504e-06 3.519051516609037e-06 3.6537752632300374e-06 3.435385391133711e-06 3.611749287785886e-06 
3.466433019590444e-06 3.519003058644016e-06 3.653333345219912e-06 3.4349828374066085e-06 3.6110891308666716e-06 
3.4682320448638778e-06 3.5207912956801722e-06 3.6550032360274765e-06 3.4366716534786173e-06 3.6127845779045658e-06 
3.4652105728419496e-06 3.5177799911276563e-06 3.6520185267457964e-06 3.433681804117087e-06 3.6097911656799665e-06 
3.4648520678198232e-06 3.5174408425873882e-06 3.651668628148025e-06 3.4333328071159706e-06 3.6094338566203814e-06 
3.473811314363895e-06 3.5258390070027053e-06 3.66063214097411e-06 3.442231570778251e-06 3.6185678632303713e-06 
3.471367464680165e-06 3.523474995291189e-06 3.658339403572454e-06 3.43992481249795e-06 3.616224459720765e-06 
3.4715878123082545e-06 3.522439924778026e-06 3.658044998783479e-06 3.4395636935056287e-06 3.616409894837981e-06 
3.4709838887946498e-06 3.521923996506621e-06 3.657479653225047e-06 3.439002384706338e-06 3.615810661080332e-06 
3.469358515186465e-06 3.5201083387049253e-06 3.6557474516239345e-06 3.4372643197464566e-06 3.6141567571991283e-06 
3.4674911601261693e-06 3.5183131188272833e-06 3.653941264349878e-06 3.435456693447285e-06 3.612317989599699e-06 
3.4724165474886385e-06 3.5232004082386365e-06 3.659144773273844e-06 3.440615851604286e-06 3.617482681033368e-06 
3.480817897813747e-06 3.532102160935953e-06 3.667903292439571e-06 3.449379936845322e-06 3.6260205556541604e-06 
3.4812855374241682e-06 3.532737937649732e-06 3.6684094085487737e-06 3.449899457389053e-06 3.62646764430357e-06 
3.4813648164383706e-06 3.5328020000591038e-06 3.668458241973452e-06 3.4499510410602526e-06 3.626526547337393e-06 
3.4801077471406326e-06 3.5329556394527052e-06 3.667175148496165e-06 3.4488353674931608e-06 3.6248110761621377e-06 
3.4732360233367447e-06 3.5252631071992806e-06 3.6597962608051384e-06 3.4414352045366348e-06 3.617778310540303e-06 
3.4726702934358056e-06 3.5245317493205433e-06 3.659139418912648e-06 3.4407727582242336e-06 3.617189066389762e-06 
3.4610756150990516e-06 3.5128605560054735e-06 3.647207685046576e-06 3.428881541789789e-06 3.6053440101320366e-06 
3.460440718132709e-06 3.5121878520784844e-06 3.6466568442798354e-06 3.4283129834669668e-06 3.6047902728491307e-06 
3.468367347857058e-06 3.5213094315458184e-06 3.655523666678939e-06 3.4371789020015876e-06 3.61311831813275e-06 
3.4651340758420796e-06 3.5178307841802684e-06 3.651905485061637e-06 3.43358957893377e-06 3.609645102503423e-06 
3.4595511327518e-06 3.5130211043429763e-06 3.6464339999275715e-06 3.428193269363518e-06 3.6039157557931223e-06 
3.4651131968360517e-06 3.518249761306686e-06 3.6519580864605447e-06 3.4336838683235685e-06 3.609548283702862e-06 
3.4716742359903183e-06 3.524532200692873e-06 3.6586448858550417e-06 3.4403191645909926e-06 3.616297342248722e-06 
3.475017253623475e-06 3.527790270510919e-06 3.6619927802213576e-06 3.4436569253141934e-06 3.619669700760468e-06 
3.4782544669094305e-06 3.531125391255176e-06 3.6651196920104267e-06 3.4468132738812475e-06 3.622784683974278e-06 
3.477270655120874e-06 3.530042705062254e-06 3.664072670897186e-06 3.4457639041555847e-06 3.621779784340779e-06 
3.476518542339348e-06 3.529202511561578e-06 3.6633615544288774e-06 3.445035735288227e-06 3.621088999998759e-06 
3.47723799891266e-06 3.5299026069099774e-06 3.664075192889829e-06 3.445748120888446e-06 3.621809449887549e-06 
3.48353429111778e-06 3.5361787034457423e-06 3.670110633794093e-06 3.451823036639632e-06 3.6278952067784248e-06 
3.480799901557458e-06 3.5332971798962737e-06 3.667273031848978e-06 3.4489832124957104e-06 3.6251222805949985e-06 
3.47649862613083e-06 3.52941317781524e-06 3.6630921007517395e-06 3.4448328783956043e-06 3.620791973434343e-06 
3.4770902818598764e-06 3.530049771344819e-06 3.663555527468467e-06 3.4453221583273397e-06 3.6212638532633383e-06 
3.4781109226689585e-06 3.5308229220965047e-06 3.6645930789010365e-06 3.4463271389434167e-06 3.622374928431033e-06 
3.4816580914332715e-06 3.5342747836723725e-06 3.6680927500629276e-06 3.4498235771052352e-06 3.6259114609380656e-06 
3.482314714608715e-06 3.535194842217722e-06 3.6691113586913242e-06 3.4508176092278153e-06 3.626784336180371e-06 
3.4837429896723843e-06 3.535904453705859e-06 3.670048332332511e-06 3.4517452073439755e-06 3.628030443548118e-06 
3.4856667631508127e-06 3.537964817044483e-06 3.671987983275941e-06 3.4536991815714702e-06 3.6299243365466526e-06 
3.476422757662575e-06 3.529042605176053e-06 3.6627662191520046e-06 3.444510573761374e-06 3.620601612468116e-06 
3.4861000556559604e-06 3.539437345347884e-06 3.672264386774496e-06 3.454128333426841e-06 3.629905605286408e-06 
3.4993920884582486e-06 3.552778907289698e-06 3.685146641631646e-06 3.4670876759035484e-06 3.642840499763954e-06 
3.4990729452186367e-06 3.552448401351923e-06 3.6847776764974957e-06 3.4667255081317077e-06 3.6424839206717166e-06 
3.500222550236662e-06 3.5537379487793313e-06 3.686027166455392e-06 3.467976449220976e-06 3.643672012624404e-06 
3.504667656207313e-06 3.5583052777612512e-06 3.6906292677244256e-06 3.4725691060731027e-06 3.6482071820693683e-06 
3.503581545716126e-06 3.557299506016543e-06 3.689525543099898e-06 3.471478317255321e-06 3.6470819120928037e-06 
3.5029489846132258e-06 3.5573736783802768e-06 3.6895138330901833e-06 3.471454560060524e-06 3.6467415444832485e-06 
3.500579041732507e-06 3.5538618879932367e-06 3.6862109350490122e-06 3.4681595319605294e-06 3.6439583095815373e-06 
3.500961808767435e-06 3.5542572868841523e-06 3.6866177512472583e-06 3.4685640244038772e-06 3.6443568572095287e-06 
3.502152543541267e-06 3.555429490476687e-06 3.6878864974059536e-06 3.4698176779996173e-06 3.645617287897601e-06 
3.502673580976969e-06 3.555911427866619e-06 3.6883619179339613e-06 3.4702958705968686e-06 3.6461127224141634e-06 
3.5048745250612366e-06 3.5592194020918137e-06 3.6911315360030122e-06 3.4731132764487315e-06 3.648437591712926e-06 
3.503486475590573e-06 3.5564153362424404e-06 3.689344737716524e-06 3.471211841152288e-06 3.647161405530792e-06 
3.510865837946833e-06 3.56465677498644e-06 3.6969049076162527e-06 3.4788530015293303e-06 3.6544196758187315e-06 
3.502718840057526e-06 3.5567032530158014e-06 3.6888548863642525e-06 3.4708096896604635e-06 3.6462949299510243e-06 
3.5008883091297757e-06 3.5538181406037785e-06 3.686808494423953e-06 3.4686649418415214e-06 3.644614745899567e-06 
3.5019975098488476e-06 3.5549771146249083e-06 3.687929479046491e-06 3.469790476989958e-06 3.6457178632923223e-06 
3.4910125823168693e-06 3.5444281617002255e-06 3.6773735233923384e-06 3.459216576836098e-06 3.634954332178848e-06 
3.5039393645237104e-06 3.5574667507489653e-06 3.690245444422236e-06 3.4721145162395133e-06 3.6477972441339915e-06 
3.502446603589753e-06 3.556109605115591e-06 3.688756167823723e-06 3.4706414049239576e-06 3.6462656709253665e-06 
3.5033586770192722e-06 3.5569249345736363e-06 3.6896416411064335e-06 3.47151922888946e-06 3.6471856070573966e-06 
3.5062265393884068e-06 3.5602802181024538e-06 3.692796101259397e-06 3.474689419378571e-06 3.6501373082582716e-06 
3.5071253971439676e-06 3.5606785359991993e-06 3.6932126846688705e-06 3.47512158645444e-06 3.650794010546805e-06 
3.5099952757963196e-06 3.5634412505872416e-06 3.6961771918609245e-06 3.47805772094452e-06 3.6537743033058036e-06 
3.5112714712560747e-06 3.564806585561231e-06 3.6974888434575283e-06 3.479375121239334e-06 3.655051634028785e-06 
3.5230449206258217e-06 3.5759799220865667e-06 3.7089182748911403e-06 3.490788399153709e-06 3.666724532669291e-06 
3.532275756158791e-06 3.586084300293154e-06 3.717851612166068e-06 3.499885271703322e-06 3.6754359153890744e-06 
3.533445920333399e-06 3.5870398903957564e-06 3.7190735013805296e-06 3.5010708553474204e-06 3.676715093531082e-06 
3.5329887681705473e-06 3.585950182456227e-06 3.717994169405755e-06 3.5000161385551965e-06 3.6759419326641466e-06 
3.534455735932535e-06 3.5879529844237968e-06 3.7197075260982166e-06 3.501756776203129e-06 3.6774449422214092e-06 
3.534414192444883e-06 3.5879121517803563e-06 3.7196662784215243e-06 3.501715559638849e-06 3.6774034337644106e-06 
3.53440088160106e-06 3.5878735893800258e-06 3.7196324755394055e-06 3.501681998683653e-06 3.67738108858087e-06 
3.5267586762099078e-06 3.580407501146689e-06 3.7118120959271476e-06 3.493913616627338e-06 3.6695394849837244e-06 
3.5287480904036535e-06 3.5824166440336908e-06 3.7138765424435106e-06 3.495968091259155e-06 3.671584029600863e-06 
3.527432460355656e-06 3.580269272850438e-06 3.7122651570754056e-06 3.4942995015316838e-06 3.67028363872219e-06 
3.53500940505613e-06 3.587468766849149e-06 3.7193046478513563e-06 3.501386126756801e-06 3.6775326834040123e-06 
3.5408206449054477e-06 3.593770829790868e-06 3.7251635319443243e-06 3.507302067242233e-06 3.683228867411134e-06 
3.5318268338644357e-06 3.5857207819547782e-06 3.7160962818232557e-06 3.498371747288852e-06 3.6738834228801578e-06 
3.5319733911512623e-06 3.586756703040478e-06 3.716727718039648e-06 3.499036569673323e-06 3.674152872523712e-06 
3.5249493440763115e-06 3.5808101975469776e-06 3.7102556028840673e-06 3.492612177505721e-06 3.6672504372370745e-06 
3.5306302949756173e-06 3.5866905832463643e-06 3.71615802968518e-06 3.4985040748282527e-06 3.673050192172788e-06 
3.5270878930719403e-06 3.583699909185382e-06 3.7125210653907665e-06 3.494961414196989e-06 3.66925884914207e-06 
3.517899817226162e-06 3.5740567199368807e-06 3.7028206274664012e-06 3.4852878242011845e-06 3.6597927752733187e-06 
3.51655715324678e-06 3.5727138459301496e-06 3.701403453685012e-06 3.4838840911205893e-06 3.658389107670746e-06 
3.49956534957294e-06 3.556180448915393e-06 3.6844946718173104e-06 3.467021115507341e-06 3.6413280390294047e-06 
3.499537923816576e-06 3.5561613013381966e-06 3.6844406220596726e-06 3.466973235522004e-06 3.6412760688728676e-06 
3.484999876773442e-06 3.5421751613969757e-06 3.6689945632205223e-06 3.4517788003827826e-06 3.6258207417372094e-06 
3.486327025754861e-06 3.5434800079584953e-06 3.670296001962335e-06 3.453082331094417e-06 3.6271332165376e-06 
3.488100518280775e-06 3.545400083130179e-06 3.6722096788662254e-06 3.4549910598512243e-06 3.62897613509832e-06 
3.485740383689151e-06 3.543459388440419e-06 3.670151987792828e-06 3.4529368022442097e-06 3.626735462018333e-06 
3.4849950497140816e-06 3.5425311604784566e-06 3.66946380684509e-06 3.4522096964017822e-06 3.6260946620850317e-06 
3.4867678353944015e-06 3.5437186263684916e-06 3.671180719574046e-06 3.45385060633604e-06 3.628003491520405e-06 
3.483124763969404e-06 3.5397934364419745e-06 3.6670170618401806e-06 3.4497449976143922e-06 3.6240198288174383e-06 
3.472796152271853e-06 3.5295230384586876e-06 3.6568131228350905e-06 3.4395223513775308e-06 3.613779168903174e-06 
3.4823642890351077e-06 3.5389917831729924e-06 3.666419739307311e-06 3.449109555667539e-06 3.623407133199918e-06 
3.478161633189172e-06 3.5350818488191267e-06 3.662134934947656e-06 3.4448830787066297e-06 3.6190465907875143e-06 
3.466709593163898e-06 3.5235551917775494e-06 3.650689426104338e-06 3.433421765966074e-06 3.6076267887125823e-06 
3.469446272754689e-06 3.526543532595953e-06 3.65400770967971e-06 3.436665760664712e-06 3.610764239667162e-06 
3.477694431570827e-06 3.5341266681415413e-06 3.661531427742473e-06 3.4442334864966354e-06 3.6186193011166263e-06 
3.4778063885062596e-06 3.5338331853941667e-06 3.661476214108422e-06 3.4441511309538438e-06 3.618719718060241e-06 
3.4778128802785994e-06 3.5338373616948997e-06 3.661479694787415e-06 3.4441548604070185e-06 3.6187244444508633e-06 
3.4963949051984905e-06 3.551895354692942e-06 3.6803236566784475e-06 3.4628774906083444e-06 3.6376804517026315e-06 
3.504336451298966e-06 3.559424721646602e-06 3.6881716738144782e-06 3.470686611801676e-06 3.645670921795678e-06 
3.5060961892206045e-06 3.5612693541213477e-06 3.6898016546968516e-06 3.472354003011426e-06 3.647296586182763e-06 
3.501141910305533e-06 3.5562973599188673e-06 3.684823219256231e-06 3.467376251856294e-06 3.642329383055939e-06 
3.479732791635945e-06 3.534947014023163e-06 3.663205695491657e-06 3.445801158007774e-06 3.6207364069330886e-06 
3.4880923653850877e-06 3.543734308532728e-06 3.6725211554788508e-06 3.4549983279711855e-06 3.6297489762320205e-06 
3.4894021541131217e-06 3.54692126765276e-06 3.6747815258847045e-06 3.4573528854738266e-06 3.631257375396142e-06 
3.4845583503513124e-06 3.5421751318522293e-06 3.6699424633863417e-06 3.4525259374917784e-06 3.626388524664365e-06 
3.4847076996942828e-06 3.542327132122521e-06 3.6700931681544874e-06 3.4526768211479174e-06 3.6265381185842134e-06 
3.4839828549482922e-06 3.5416463749202276e-06 3.6694675173956482e-06 3.4520389659403048e-06 3.625881612089108e-06 
3.4839149461984636e-06 3.5415839296253705e-06 3.669410501277406e-06 3.451980707949666e-06 3.625821009784523e-06 
3.467803034867865e-06 3.526616745290653e-06 3.6534968763448804e-06 3.436195929713736e-06 3.6095205331656286e-06 
3.4674791937175725e-06 3.5262628458686457e-06 3.65313832888934e-06 3.435839294838574e-06 3.6091775303799147e-06 
3.4674382056697282e-06 3.5262396546251385e-06 3.6531064422873747e-06 3.435808367113795e-06 3.609138511461502e-06 
3.454554083201773e-06 3.5135114942332846e-06 3.640492380271208e-06 3.4231634588016827e-06 3.5964327882931995e-06 
3.4591192195684527e-06 3.518288319482888e-06 3.645334004337067e-06 3.427986810774376e-06 3.601158594436671e-06 
3.46997949245671e-06 3.528744895610881e-06 3.6562137829375215e-06 3.43880565185906e-06 3.612157502371388e-06 
3.467886642636241e-06 3.5267567143176235e-06 3.654109653249238e-06 3.4367186032693064e-06 3.610023339997289e-06 
3.4476525564420494e-06 3.506601215154586e-06 3.6334818662015376e-06 3.4161700453424017e-06 3.5894462536835415e-06 
3.4509678453216885e-06 3.509552250853477e-06 3.6365291193203484e-06 3.419213769905429e-06 3.5926529120756204e-06 
3.4567984089445004e-06 3.515358094554365e-06 3.6424744140798625e-06 3.425135460926075e-06 3.598584034723174e-06 
3.456645173150822e-06 3.514828543880812e-06 3.6422318774509857e-06 3.4248534232966997e-06 3.59847459839649e-06 
3.4545877543903884e-06 3.5114858759620912e-06 3.6392807139925755e-06 3.421880090392443e-06 3.5960810931461455e-06 
3.456222582172122e-06 3.51402463740754e-06 3.641165567030602e-06 3.4238516820157275e-06 3.5976397428567607e-06 
3.4557141723907553e-06 3.5137860284569847e-06 3.6408897408544426e-06 3.4235718070214368e-06 3.5972392946043115e-06 
3.4495560690565523e-06 3.5076299991451215e-06 3.6347493946871334e-06 3.417426616286933e-06 3.5910971743031822e-06 
3.4513090718784353e-06 3.5094844668945572e-06 3.6366431968741685e-06 3.419309460595921e-06 3.592934185137827e-06 
3.451674979120491e-06 3.5098415034127034e-06 3.6370138110841983e-06 3.4196779656224914e-06 3.5933066300057222e-06 
3.4385428448263943e-06 3.496538161092096e-06 3.622797619631371e-06 3.4056411297634186e-06 3.57933700672216e-06 
3.4406861962296635e-06 3.4985567328327503e-06 3.6253672671817136e-06 3.4081093509377966e-06 3.581870681422101e-06 
3.441792568201539e-06 3.4995654524694735e-06 3.626824397179342e-06 3.4094850528606318e-06 3.5832967920538034e-06 
3.441236128371488e-06 3.4981558161772616e-06 3.62581981881564e-06 3.4084392175866323e-06 3.582636761885458e-06 
3.436120262132734e-06 3.4929936276872526e-06 3.6206963950104126e-06 3.403308928196148e-06 3.5775307319142406e-06 
3.439568466021901e-06 3.4963449327507404e-06 3.623726452953147e-06 3.4064058556086527e-06 3.580662844706318e-06 
3.44028916090784e-06 3.4968210251350743e-06 3.6246784657110637e-06 3.407277750811137e-06 3.5816505841180877e-06 
3.436036462616318e-06 3.4927325644534426e-06 3.6206384688866706e-06 3.4032201280499174e-06 3.5775236041407342e-06 
3.435969300398604e-06 3.4926793929316166e-06 3.6205648154669172e-06 3.403149725413244e-06 3.5774467416004217e-06 
3.4358882489014003e-06 3.4926063460586187e-06 3.620480887108053e-06 3.403067486887916e-06 3.5773608446417546e-06 
3.4415541772791655e-06 3.4974347511725623e-06 3.6262043838072055e-06 3.408661078684029e-06 3.583333586845256e-06 
3.443454980633e-06 3.499390555667569e-06 3.6282489722283715e-06 3.4106874005846787e-06 3.5853353139989312e-06 
3.4346763978058084e-06 3.4916819941545336e-06 3.6201653815975417e-06 3.4026265345876348e-06 3.5767995941122893e-06 
3.425339626696778e-06 3.481838752474339e-06 3.6105448295737444e-06 3.3929827033480556e-06 3.56738947486824e-06 
3.4100492978383593e-06 3.4660577508741596e-06 3.595416936229551e-06 3.3777517154337037e-06 3.5523909732061986e-06 
3.412561061894216e-06 3.468543849627183e-06 3.5976846663830947e-06 3.380060630805419e-06 3.554708540685759e-06 
3.4139401562020767e-06 3.4695347552283367e-06 3.599287331925384e-06 3.3815693386415537e-06 3.5563925502222575e-06 
3.402901318936453e-06 3.45734999137817e-06 3.588234446764705e-06 3.3703604478515787e-06 3.5457021855797203e-06 
3.4020509055376932e-06 3.456490207371607e-06 3.5873798840705706e-06 3.369505126113647e-06 3.5448515356793685e-06 
3.3859317458083866e-06 3.4406520402676015e-06 3.5719135445711374e-06 3.3539598748241265e-06 3.52918867134718e-06 
3.3859349271718467e-06 3.440652006994156e-06 3.571899870082503e-06 3.3539486236241393e-06 3.5291789490609015e-06 
3.3821899457563325e-06 3.436683942744862e-06 3.56789401447837e-06 3.349956618491406e-06 3.5252893630795495e-06 
3.37558162808679e-06 3.4301407923635395e-06 3.5611479312064393e-06 3.34324089271615e-06 3.518549308185927e-06 
3.377701464727414e-06 3.432417297655333e-06 3.5632571057273772e-06 3.3453732998281954e-06 3.5206109546220635e-06 
3.377609961564317e-06 3.4317054810729698e-06 3.563053923967158e-06 3.34510730945034e-06 3.5206201690102377e-06 
3.380015359035689e-06 3.4345615146277197e-06 3.565943399205612e-06 3.3479743422900214e-06 3.5232839977384036e-06 
3.392314454282952e-06 3.4464789356037866e-06 3.578501258572962e-06 3.360442845042816e-06 3.535911064362821e-06 
3.3931001040546066e-06 3.4472710755342836e-06 3.5793171059522064e-06 3.3612547578478876e-06 3.536719342361316e-06 
3.3964706975186594e-06 3.4501665106606894e-06 3.5825196634147428e-06 3.364425188186125e-06 3.540097877025026e-06 
3.3869079907992e-06 3.439781425003861e-06 3.572347215618469e-06 3.3542470741895493e-06 3.5302908434707536e-06 
3.3889184766040094e-06 3.4419380389863522e-06 3.573761652886835e-06 3.355781370911248e-06 3.531763822372697e-06 
3.3921236757317303e-06 3.446089148639488e-06 3.577921011395972e-06 3.359901617376918e-06 3.535461024662861e-06 
3.3915206968210804e-06 3.445421118894669e-06 3.577351510778962e-06 3.3593179810802683e-06 3.5349060534177076e-06 
3.3986279126322254e-06 3.452861922357704e-06 3.584342886729975e-06 3.3663739536922876e-06 3.5418118115115303e-06 
3.398395892725227e-06 3.452591003616024e-06 3.5838743741634936e-06 3.3659405527722505e-06 3.5413969168422823e-06 
3.3936149563612486e-06 3.447627006902233e-06 3.5789297729817097e-06 3.3609986973275323e-06 3.5365394253062733e-06 
3.388464493252008e-06 3.4427126558565713e-06 3.573588150250938e-06 3.35571995834053e-06 3.531159548099736e-06 
3.3935030818227983e-06 3.4476149975269196e-06 3.57859517847769e-06 3.3607157863798364e-06 3.536212841920974e-06 
3.3958174986580217e-06 3.4503217628786474e-06 3.5809490934423367e-06 3.3631157533806442e-06 3.5384371067492443e-06 
3.395440429538429e-06 3.4501031160699786e-06 3.5807664707941055e-06 3.3629202515243552e-06 3.5381712966191916e-06 
3.3994497048001534e-06 3.4532020125905394e-06 3.5840693366598224e-06 3.3662268230474013e-06 3.5418796321289304e-06 
3.3988444209906175e-06 3.452659117442513e-06 3.58354335701951e-06 3.3656949485886173e-06 3.5413205634242776e-06 
3.4037235660294304e-06 3.4579521131780857e-06 3.58886950255165e-06 3.3709990134128093e-06 3.5464382090190155e-06 
3.3883883020441615e-06 3.443050166855053e-06 3.573792229980572e-06 3.3559304061809892e-06 3.5311859511304877e-06 
3.388523888566434e-06 3.4432020508268777e-06 3.5739384175979935e-06 3.3560769695302644e-06 3.531325171069883e-06 
3.384722071102312e-06 3.4396815690194773e-06 3.569928090069188e-06 3.352139993439583e-06 3.5272650696435823e-06 
3.386580813528692e-06 3.4410153789054543e-06 3.5716569398356177e-06 3.353821427365649e-06 3.5291793086513767e-06 
3.384370225290203e-06 3.4384777516739376e-06 3.5692753735214926e-06 3.3514255779607706e-06 3.526930065484787e-06 
3.3922584399108605e-06 3.446301943907664e-06 3.5769905005742977e-06 3.359164895283941e-06 3.5346928670450218e-06 
3.39300758472619e-06 3.4470557738815457e-06 3.5777888070180766e-06 3.3599553418947176e-06 3.535480872273371e-06 
3.3904455285421046e-06 3.4441609085494377e-06 3.5756700474444964e-06 3.357714821929139e-06 3.533388730286442e-06 
3.3997940342820838e-06 3.4524617693884473e-06 3.5848554742822697e-06 3.3667960561564108e-06 3.5429251717758707e-06 
3.398651445402643e-06 3.4518388829448766e-06 3.5843038435160436e-06 3.366210975545415e-06 3.542108828146667e-06 
3.403003477641258e-06 3.456454729449823e-06 3.588852258089054e-06 3.37076141677278e-06 3.5465394658351725e-06 
3.4023946997935028e-06 3.4560477487892268e-06 3.5879478054267137e-06 3.3699318688580542e-06 3.545624420861105e-06 
3.4035085481425008e-06 3.457118197689318e-06 3.588817868502886e-06 3.370837930403769e-06 3.5465503682041125e-06 
