8.034706115722656e-05
4.673004150390625e-05
4.696846008300781e-05
4.601478576660156e-05
4.6253204345703125e-05
4.7206878662109375e-05
4.57763671875e-05
4.601478576660156e-05
4.601478576660156e-05
4.57763671875e-05
4.57763671875e-05
4.57763671875e-05
4.601478576660156e-05
0.00011539459228515625
6.341934204101562e-05
8.702278137207031e-05
6.532669067382812e-05
4.863739013671875e-05
4.57763671875e-05
4.57763671875e-05
4.57763671875e-05
4.5299530029296875e-05
4.601478576660156e-05
4.553794860839844e-05
4.553794860839844e-05
4.744529724121094e-05
4.6253204345703125e-05
4.6253204345703125e-05
5.888938903808594e-05
4.7206878662109375e-05
4.57763671875e-05
4.553794860839844e-05
4.57763671875e-05
4.553794860839844e-05
4.57763671875e-05
4.792213439941406e-05
4.601478576660156e-05
8.082389831542969e-05
4.792213439941406e-05
4.601478576660156e-05
4.601478576660156e-05
4.792213439941406e-05
4.57763671875e-05
4.57763671875e-05
4.6253204345703125e-05
4.6253204345703125e-05
0.000148773193359375
6.413459777832031e-05
4.57763671875e-05
4.57763671875e-05
4.6253204345703125e-05
4.6253204345703125e-05
4.673004150390625e-05
4.649162292480469e-05
4.601478576660156e-05
4.601478576660156e-05
4.6253204345703125e-05
4.8160552978515625e-05
4.887580871582031e-05
4.6253204345703125e-05
4.601478576660156e-05
4.673004150390625e-05
0.00011014938354492188
4.744529724121094e-05
4.696846008300781e-05
4.601478576660156e-05
4.6253204345703125e-05
4.649162292480469e-05
4.6253204345703125e-05
4.6253204345703125e-05
6.651878356933594e-05
9.870529174804688e-05
5.1975250244140625e-05
4.887580871582031e-05
4.887580871582031e-05
6.842613220214844e-05
4.553794860839844e-05
6.008148193359375e-05
4.76837158203125e-05
4.8160552978515625e-05
4.6253204345703125e-05
4.649162292480469e-05
4.601478576660156e-05
4.6253204345703125e-05
4.601478576660156e-05
4.601478576660156e-05
4.649162292480469e-05
4.6253204345703125e-05
4.887580871582031e-05
4.6253204345703125e-05
4.744529724121094e-05
4.76837158203125e-05
4.792213439941406e-05
4.6253204345703125e-05
4.649162292480469e-05
5.936622619628906e-05
6.461143493652344e-05
4.6253204345703125e-05
4.601478576660156e-05
4.649162292480469e-05
4.57763671875e-05
4.696846008300781e-05
4.57763671875e-05
4.6253204345703125e-05
4.601478576660156e-05
6.365776062011719e-05
5.221366882324219e-05
4.601478576660156e-05
4.76837158203125e-05
4.76837158203125e-05
4.649162292480469e-05
4.601478576660156e-05
4.601478576660156e-05
4.982948303222656e-05
4.696846008300781e-05
4.673004150390625e-05
4.601478576660156e-05
4.649162292480469e-05
4.57763671875e-05
4.696846008300781e-05
4.6253204345703125e-05
4.673004150390625e-05
4.601478576660156e-05
4.57763671875e-05
4.57763671875e-05
4.696846008300781e-05
5.054473876953125e-05
4.744529724121094e-05
4.6253204345703125e-05
0.002135038375854492
5.1975250244140625e-05
4.696846008300781e-05
4.673004150390625e-05
4.649162292480469e-05
4.601478576660156e-05
4.57763671875e-05
4.601478576660156e-05
6.890296936035156e-05
4.863739013671875e-05
4.649162292480469e-05
4.696846008300781e-05
4.6253204345703125e-05
4.649162292480469e-05
4.57763671875e-05
4.6253204345703125e-05
7.581710815429688e-05
4.744529724121094e-05
4.6253204345703125e-05
4.982948303222656e-05
4.57763671875e-05
4.601478576660156e-05
4.57763671875e-05
4.7206878662109375e-05
4.7206878662109375e-05
4.57763671875e-05
4.6253204345703125e-05
4.5299530029296875e-05
4.601478576660156e-05
4.57763671875e-05
4.601478576660156e-05
4.601478576660156e-05
4.744529724121094e-05
4.601478576660156e-05
0.0001392364501953125
6.389617919921875e-05
4.982948303222656e-05
4.982948303222656e-05
4.982948303222656e-05
4.935264587402344e-05
4.982948303222656e-05
4.982948303222656e-05
4.9591064453125e-05
4.9114227294921875e-05
5.125999450683594e-05
4.935264587402344e-05
4.9114227294921875e-05
6.222724914550781e-05
4.6253204345703125e-05
5.8650970458984375e-05
4.696846008300781e-05
4.57763671875e-05
4.57763671875e-05
4.553794860839844e-05
4.57763671875e-05
4.5299530029296875e-05
4.649162292480469e-05
4.57763671875e-05
4.6253204345703125e-05
4.6253204345703125e-05
4.649162292480469e-05
4.601478576660156e-05
4.57763671875e-05
4.57763671875e-05
4.553794860839844e-05
4.601478576660156e-05
4.5299530029296875e-05
4.553794860839844e-05
5.7697296142578125e-05
4.649162292480469e-05
4.5299530029296875e-05
4.506111145019531e-05
4.982948303222656e-05
4.57763671875e-05
4.57763671875e-05
4.5299530029296875e-05
4.553794860839844e-05
6.389617919921875e-05
4.673004150390625e-05
4.553794860839844e-05
4.601478576660156e-05
4.57763671875e-05
4.601478576660156e-05
4.601478576660156e-05
4.6253204345703125e-05
4.553794860839844e-05
0.00011849403381347656
4.7206878662109375e-05
4.553794860839844e-05
4.57763671875e-05
4.553794860839844e-05
4.649162292480469e-05
4.696846008300781e-05
4.57763671875e-05
4.601478576660156e-05
4.57763671875e-05
4.6253204345703125e-05
4.7206878662109375e-05
4.649162292480469e-05
4.6253204345703125e-05
4.6253204345703125e-05
4.57763671875e-05
4.553794860839844e-05
5.91278076171875e-05
5.1975250244140625e-05
4.601478576660156e-05
4.57763671875e-05
4.57763671875e-05
4.601478576660156e-05
4.5299530029296875e-05
4.57763671875e-05
4.553794860839844e-05
4.649162292480469e-05
4.601478576660156e-05
4.601478576660156e-05
4.57763671875e-05
4.649162292480469e-05
4.57763671875e-05
4.696846008300781e-05
4.57763671875e-05
4.649162292480469e-05
7.867813110351562e-05
4.744529724121094e-05
4.5299530029296875e-05
4.649162292480469e-05
4.601478576660156e-05
4.57763671875e-05
4.553794860839844e-05
4.57763671875e-05
4.649162292480469e-05
4.649162292480469e-05
4.76837158203125e-05
4.6253204345703125e-05
4.673004150390625e-05
4.673004150390625e-05
4.6253204345703125e-05
4.673004150390625e-05
4.649162292480469e-05
4.649162292480469e-05
5.936622619628906e-05
5.054473876953125e-05
4.6253204345703125e-05
4.601478576660156e-05
4.57763671875e-05
4.601478576660156e-05
4.601478576660156e-05
4.6253204345703125e-05
4.649162292480469e-05
4.57763671875e-05
6.699562072753906e-05
4.673004150390625e-05
4.6253204345703125e-05
4.649162292480469e-05
4.696846008300781e-05
4.6253204345703125e-05
4.601478576660156e-05
4.57763671875e-05
9.632110595703125e-05
6.723403930664062e-05
6.270408630371094e-05
4.57763671875e-05
4.6253204345703125e-05
4.6253204345703125e-05
4.601478576660156e-05
4.601478576660156e-05
4.57763671875e-05
0.00012373924255371094
4.982948303222656e-05
4.9114227294921875e-05
4.9114227294921875e-05
4.839897155761719e-05
7.05718994140625e-05
4.744529724121094e-05
4.6253204345703125e-05
4.553794860839844e-05
4.6253204345703125e-05
4.7206878662109375e-05
4.6253204345703125e-05
4.649162292480469e-05
4.553794860839844e-05
4.9591064453125e-05
4.57763671875e-05
4.57763671875e-05
4.57763671875e-05
4.553794860839844e-05
4.601478576660156e-05
4.57763671875e-05
4.57763671875e-05
4.601478576660156e-05
4.553794860839844e-05
5.817413330078125e-05
4.76837158203125e-05
4.601478576660156e-05
4.57763671875e-05
4.6253204345703125e-05
4.553794860839844e-05
4.6253204345703125e-05
4.5299530029296875e-05
4.601478576660156e-05
4.57763671875e-05
4.792213439941406e-05
0.00010180473327636719
6.818771362304688e-05
6.246566772460938e-05
5.984306335449219e-05
4.601478576660156e-05
6.031990051269531e-05
4.649162292480469e-05
4.57763671875e-05
4.601478576660156e-05
4.6253204345703125e-05
8.869171142578125e-05
0.00012063980102539062
4.673004150390625e-05
4.57763671875e-05
4.601478576660156e-05
4.57763671875e-05
4.601478576660156e-05
4.601478576660156e-05
4.673004150390625e-05
4.57763671875e-05
4.673004150390625e-05
0.00011587142944335938
4.792213439941406e-05
4.601478576660156e-05
5.507469177246094e-05
4.6253204345703125e-05
4.601478576660156e-05
4.673004150390625e-05
4.696846008300781e-05
4.7206878662109375e-05
4.649162292480469e-05
4.649162292480469e-05
4.601478576660156e-05
4.6253204345703125e-05
4.649162292480469e-05
4.601478576660156e-05
4.6253204345703125e-05
4.57763671875e-05
0.0009572505950927734
6.532669067382812e-05
4.8160552978515625e-05
4.649162292480469e-05
4.649162292480469e-05
4.601478576660156e-05
4.5299530029296875e-05
4.5299530029296875e-05
4.5299530029296875e-05
4.553794860839844e-05
4.553794860839844e-05
4.5299530029296875e-05
4.57763671875e-05
4.553794860839844e-05
4.553794860839844e-05
4.7206878662109375e-05
4.673004150390625e-05
6.556510925292969e-05
4.76837158203125e-05
0.0043582916259765625
4.982948303222656e-05
4.649162292480469e-05
4.673004150390625e-05
4.673004150390625e-05
4.6253204345703125e-05
4.553794860839844e-05
4.601478576660156e-05
4.5299530029296875e-05
4.553794860839844e-05
4.553794860839844e-05
6.127357482910156e-05
4.696846008300781e-05
4.6253204345703125e-05
4.673004150390625e-05
4.601478576660156e-05
4.57763671875e-05
4.649162292480469e-05
5.1021575927734375e-05
4.57763671875e-05
6.866455078125e-05
4.76837158203125e-05
4.673004150390625e-05
4.553794860839844e-05
4.673004150390625e-05
4.6253204345703125e-05
4.601478576660156e-05
4.601478576660156e-05
5.745887756347656e-05
4.8160552978515625e-05
4.57763671875e-05
4.5299530029296875e-05
4.696846008300781e-05
4.6253204345703125e-05
4.57763671875e-05
4.601478576660156e-05
4.57763671875e-05
4.601478576660156e-05
4.57763671875e-05
4.649162292480469e-05
4.553794860839844e-05
4.6253204345703125e-05
4.601478576660156e-05
4.553794860839844e-05
4.5299530029296875e-05
4.553794860839844e-05
4.6253204345703125e-05
9.965896606445312e-05
6.222724914550781e-05
4.673004150390625e-05
4.553794860839844e-05
4.553794860839844e-05
4.601478576660156e-05
4.649162292480469e-05
4.7206878662109375e-05
4.673004150390625e-05
4.553794860839844e-05
4.57763671875e-05
4.553794860839844e-05
4.57763671875e-05
4.553794860839844e-05
4.696846008300781e-05
4.649162292480469e-05
4.601478576660156e-05
7.915496826171875e-05
6.318092346191406e-05
4.553794860839844e-05
4.601478576660156e-05
4.553794860839844e-05
4.7206878662109375e-05
4.673004150390625e-05
4.601478576660156e-05
4.601478576660156e-05
4.553794860839844e-05
4.601478576660156e-05
4.744529724121094e-05
4.601478576660156e-05
4.673004150390625e-05
4.6253204345703125e-05
4.6253204345703125e-05
4.6253204345703125e-05
4.601478576660156e-05
5.8650970458984375e-05
4.673004150390625e-05
4.649162292480469e-05
4.601478576660156e-05
4.57763671875e-05
4.6253204345703125e-05
4.601478576660156e-05
4.601478576660156e-05
4.601478576660156e-05
0.0001704692840576172
4.863739013671875e-05
4.649162292480469e-05
4.673004150390625e-05
4.6253204345703125e-05
4.673004150390625e-05
4.601478576660156e-05
8.392333984375e-05
8.034706115722656e-05
4.887580871582031e-05
6.031990051269531e-05
4.601478576660156e-05
4.553794860839844e-05
4.57763671875e-05
4.601478576660156e-05
4.57763671875e-05
4.601478576660156e-05
4.57763671875e-05
4.601478576660156e-05
4.57763671875e-05
4.6253204345703125e-05
