2.8761255893231404e-06 2.9107803777419814e-06 2.9946067233458224e-06 2.7962809085484225e-06 2.9697181170378222e-06 
2.8749490850188336e-06 2.909970238479684e-06 2.993987096247603e-06 2.795474326347925e-06 2.968890824354377e-06 
2.8718593824704123e-06 2.9073154808072113e-06 2.991343896053519e-06 2.792714558830893e-06 2.9660367094330953e-06 
2.873151066483346e-06 2.9087093726091983e-06 2.9927316604273805e-06 2.7940816237204557e-06 2.967376008673311e-06 
2.872270783419119e-06 2.9075750597552605e-06 2.9916930371602744e-06 2.793057223557531e-06 2.966444186388896e-06 
2.877478861283979e-06 2.912624322176094e-06 2.9965483342588645e-06 2.798053660778445e-06 2.971407007918248e-06 
2.8850604172480303e-06 2.920166714372212e-06 3.004039020575814e-06 2.8055880693172686e-06 2.9789237540992837e-06 
2.895718599680121e-06 2.9296399830884825e-06 3.0149755065774272e-06 2.8161060384775865e-06 2.9901883093213775e-06 
2.8898611329463307e-06 2.9242071419202897e-06 3.0089007677465524e-06 2.810236506471762e-06 2.984015767685963e-06 
2.884782069222717e-06 2.9189580631656194e-06 3.0036114013344633e-06 2.8050037858780012e-06 2.9788158198175626e-06 
2.869120510875052e-06 2.9037182986297693e-06 2.98839465182798e-06 2.7896536848461705e-06 2.963394788573369e-06 
2.8595323025526216e-06 2.8946175890700504e-06 2.978984748532899e-06 2.7802655061585492e-06 2.953802642794075e-06 
2.845520987669312e-06 2.8815552668114264e-06 2.9664482593891374e-06 2.767222253122255e-06 2.940725054020919e-06 
2.847563733089833e-06 2.883445917187927e-06 2.9683043053055124e-06 2.769134515754724e-06 2.942659672979316e-06 
2.8475530305581584e-06 2.8834388466439584e-06 2.9682887020771583e-06 2.769122204155948e-06 2.942643726597408e-06 
2.858682937876886e-06 2.894715657948545e-06 2.9792338893886884e-06 2.780206949521967e-06 2.9535706792707986e-06 
2.8612903025582826e-06 2.89483555576726e-06 2.980069930486991e-06 2.7813061235917226e-06 2.9554864742489385e-06 
2.8622942264891024e-06 2.8948223107542003e-06 2.9809675958994615e-06 2.7820101399785164e-06 2.9567236313836926e-06 
2.862255030027655e-06 2.8947859043104913e-06 2.9809266445050915e-06 2.781970682587364e-06 2.956682092811295e-06 
2.8662938043415465e-06 2.8991769836219286e-06 2.985941826002565e-06 2.786596287242542e-06 2.961423977550307e-06 
2.870534463831184e-06 2.903658824724362e-06 2.9902563521478653e-06 2.7909374341517543e-06 2.9656492413505254e-06 
2.8691785383284013e-06 2.902101141794692e-06 2.9897334541011916e-06 2.789958819828525e-06 2.9650529305807892e-06 
2.8763622047259265e-06 2.9087120532622026e-06 2.996955844271649e-06 2.797034104535566e-06 2.972448846424813e-06 
2.882307619342129e-06 2.9160082026184827e-06 3.003608659008491e-06 2.803672734417784e-06 2.9785564643330675e-06 
2.886367560060576e-06 2.9199914705368107e-06 3.007395838457572e-06 2.807578035519082e-06 2.982412234084966e-06 
2.8901555720929806e-06 2.923427855541066e-06 3.0094602443124933e-06 2.810403087664458e-06 2.9848717740138976e-06 
2.886553890403358e-06 2.9192265681460778e-06 3.0051820614674136e-06 2.8063085769937097e-06 2.9808957002968886e-06 
2.885436203400198e-06 2.9180340435160148e-06 3.0039414220816365e-06 2.80510920910245e-06 2.979699230714195e-06 
2.8823668806028226e-06 2.915004806739583e-06 3.00082505570082e-06 2.802022395678374e-06 2.9765784400409953e-06 
2.879677392011042e-06 2.91258292978586e-06 2.998084222770037e-06 2.7993689516650703e-06 2.9737617610872193e-06 
2.8779987868187216e-06 2.911126483521765e-06 2.9962353220901076e-06 2.797656635071842e-06 2.9718708322625844e-06 
2.8820576738166613e-06 2.915558307851473e-06 3.000336358042005e-06 2.8018325950260846e-06 2.975846052572344e-06 
2.8884051119250334e-06 2.921665799144709e-06 3.0073271711319033e-06 2.8084535909131306e-06 2.9828057761524954e-06 
2.87633657496231e-06 2.9090845573068678e-06 2.995343799228629e-06 2.7962907932667804e-06 2.970972769889136e-06 
2.876675887222908e-06 2.909492530697603e-06 2.9957215562949816e-06 2.796666620707228e-06 2.9713223873223937e-06 
2.870169277924369e-06 2.9028818543767376e-06 2.9887057439473416e-06 2.7898691095826653e-06 2.9644246159633297e-06 
2.8700988276849413e-06 2.902817542447027e-06 2.9886716883054846e-06 2.7898185171779134e-06 2.9643826262380068e-06 
2.875953716092685e-06 2.9079501247876126e-06 2.994484502001639e-06 2.7954842258911087e-06 2.970430074992046e-06 
2.8756556467909713e-06 2.907639126132271e-06 2.9941751787244482e-06 2.7951770024695486e-06 2.9701267507550846e-06 
2.8716278157666224e-06 2.903842481072604e-06 2.9904050361114965e-06 2.7913313404896795e-06 2.9662415779672206e-06 
2.877176754984812e-06 2.909392793682264e-06 2.9957785952673386e-06 2.7967975378040222e-06 2.9716427200852353e-06 
2.8537800446929917e-06 2.8855301585590833e-06 2.970581917323576e-06 2.7723530496473604e-06 2.946894289069712e-06 
2.8572978546693875e-06 2.8894138227101124e-06 2.9742360419572082e-06 2.776032332744803e-06 2.9504094962302853e-06 
2.857136358845152e-06 2.889248894693396e-06 2.9740819007371766e-06 2.7758735068602693e-06 2.950255256725223e-06 
2.8549225743519184e-06 2.887151745080758e-06 2.9717485336648887e-06 2.773625764750137e-06 2.9479050097995945e-06 
2.854359397105504e-06 2.886941844109478e-06 2.9711959582406645e-06 2.7731538448188016e-06 2.947238843794902e-06 
2.8557786072267815e-06 2.8883417840556224e-06 2.9725900179340175e-06 2.7745573476040125e-06 2.9486429176627183e-06 
2.8574266604743513e-06 2.8883015079191968e-06 2.9732321006639457e-06 2.7752922476148573e-06 2.9499853129067735e-06 
2.859403232767018e-06 2.8903535508715306e-06 2.9753709043883526e-06 2.777370459269964e-06 2.9520731576717916e-06 
2.8590531453342494e-06 2.8904942008988153e-06 2.975390107648821e-06 2.7773239244351793e-06 2.951876135359556e-06 
2.85949447843326e-06 2.891437326466316e-06 2.9760868551625694e-06 2.7780158944236268e-06 2.9523717772084276e-06 
2.860451640080335e-06 2.8926140314457933e-06 2.9765360970421807e-06 2.778774346724111e-06 2.9528349741537974e-06 
2.860930109397335e-06 2.893048401483544e-06 2.9770629084720777e-06 2.7792665976844594e-06 2.953367722368283e-06 
2.862684025809217e-06 2.8948278360847236e-06 2.978911587159107e-06 2.781076000329464e-06 2.95519242135057e-06 
2.8625797345056663e-06 2.8946808354940417e-06 2.9787888840410524e-06 2.7809519228847463e-06 2.955086302779687e-06 
2.8627703855657735e-06 2.895595596769328e-06 2.979376880501319e-06 2.7815192141707665e-06 2.9553793146846786e-06 
2.8602078738028846e-06 2.893651895739902e-06 2.976811712281657e-06 2.7791058583900088e-06 2.9526187789153225e-06 
2.856526610209235e-06 2.890302437238288e-06 2.973801345271248e-06 2.7758373010535954e-06 2.9493934062680094e-06 
2.8660981881576986e-06 2.8988324043185885e-06 2.98317581753791e-06 2.7850638002415054e-06 2.9591289579308186e-06 
2.8679852533972043e-06 2.900340136841014e-06 2.9848752840653665e-06 2.7867660029535853e-06 2.960979229933235e-06 
2.8657659147874242e-06 2.8985705340025823e-06 2.982907871752522e-06 2.784780667961718e-06 2.9588281580157694e-06 
2.8630904416601933e-06 2.8961938829967248e-06 2.980117987431074e-06 2.782118534819669e-06 2.955962838175105e-06 
2.84998272088321e-06 2.8823144597567057e-06 2.96678424426859e-06 2.768693180296939e-06 2.9429130651958362e-06 
2.853717399126767e-06 2.886232873916656e-06 2.9707670917303768e-06 2.7726014154594752e-06 2.9467962000293184e-06 
2.8541957819631044e-06 2.8868661665954063e-06 2.9713440435339874e-06 2.773167718357312e-06 2.9473077517096277e-06 
2.8394195666144584e-06 2.8708729369526795e-06 2.9562614710721207e-06 2.757924387928872e-06 2.932663551251718e-06 
2.8404333919414607e-06 2.8717924374502363e-06 2.957130295786149e-06 2.7588436564420162e-06 2.933585973726226e-06 
2.8389874375366393e-06 2.870708598960292e-06 2.955576297062744e-06 2.7574297483231706e-06 2.931935367999552e-06 
2.83697834457482e-06 2.8691985982420204e-06 2.9531904761674564e-06 2.7553521204786667e-06 2.9294538309424233e-06 
2.833993044651106e-06 2.866219422252752e-06 2.9502005745220835e-06 2.752362596097206e-06 2.926463239586452e-06 
2.8352789759919364e-06 2.8653476868675387e-06 2.9502189987116735e-06 2.752492256770055e-06 2.9273735809702843e-06 
2.8552127680913664e-06 2.884836774099112e-06 2.9699675233359735e-06 2.772249270251148e-06 2.947290320470659e-06 
2.8607515344509535e-06 2.891274991836896e-06 2.976673724930064e-06 2.7785942799219743e-06 2.9535184003848295e-06 
2.856577488910851e-06 2.887524914744568e-06 2.972902976172422e-06 2.7747200490230237e-06 2.9495475889260507e-06 
2.868470147238653e-06 2.8992381927791388e-06 2.9840058037886386e-06 2.786187613139537e-06 2.9608355807522787e-06 
2.8686031112065108e-06 2.8994948459387477e-06 2.9841018924390176e-06 2.786332412645424e-06 2.9608985562603637e-06 
2.8654786204446545e-06 2.896121872177038e-06 2.9811127788418357e-06 2.78321160346478e-06 2.957966296418719e-06 
2.8754026588510485e-06 2.905797984047475e-06 2.991112836590189e-06 2.793124826379888e-06 2.9680307602188077e-06 
2.8739845231023896e-06 2.904759347744383e-06 2.9903810056428982e-06 2.792140591028206e-06 2.96706577903403e-06 
2.8720480182079014e-06 2.902903306189647e-06 2.9883807006407198e-06 2.790189310711376e-06 2.965050835044937e-06 
2.852001576448771e-06 2.883211556314104e-06 2.9678391486721684e-06 2.7699585061341643e-06 2.944481802151843e-06 
2.8578361894980082e-06 2.8895167112091216e-06 2.973972768067624e-06 2.7760637889211466e-06 2.9504161682301697e-06 
2.862534528664267e-06 2.893710419877872e-06 2.978657285694581e-06 2.7806376003174202e-06 2.955262042631806e-06 
2.872144030669525e-06 2.9028675297150157e-06 2.9878776650210958e-06 2.7899536370758258e-06 2.9646883253017064e-06 
2.8726527441192395e-06 2.903574156793928e-06 2.9881194914665008e-06 2.790377867811791e-06 2.9649114035352144e-06 
2.872685626720789e-06 2.903467636584085e-06 2.987966010675559e-06 2.790284068587597e-06 2.9648327970817415e-06 
2.873599455973879e-06 2.9043977580599905e-06 2.988923159009711e-06 2.7912244499929764e-06 2.96577750110765e-06 
2.8762268803334724e-06 2.906915806836606e-06 2.991639431590522e-06 2.7938724752149243e-06 2.968513357033363e-06 
2.87662650306054e-06 2.9073375819247935e-06 2.991774098017768e-06 2.794146053733877e-06 2.96868463398785e-06 
2.880109178163873e-06 2.910351521384642e-06 2.995586712892809e-06 2.797683395182628e-06 2.972590725449925e-06 
2.8944550170203404e-06 2.9239069534461507e-06 3.0088577448980156e-06 2.8113190734081815e-06 2.986287195141122e-06 
2.905896806841317e-06 2.93388024433775e-06 3.0200900052312825e-06 2.822317817062516e-06 2.998017081262791e-06 
2.9056341866047725e-06 2.9338214015286597e-06 3.019898962490579e-06 2.8221390110262184e-06 2.997749792684671e-06 
2.9043429351801346e-06 2.9329951087439776e-06 3.018586626269479e-06 2.8209467110200028e-06 2.9962940265038945e-06 
2.9074530953020607e-06 2.935627759514014e-06 3.021051252752424e-06 2.823625328348506e-06 2.9990159444313996e-06 
2.8994396374779157e-06 2.9276315727463655e-06 3.013428999891912e-06 2.8158015266196216e-06 2.9913247358246036e-06 
2.9170981607480225e-06 2.9447465078877856e-06 3.031038232879546e-06 2.833325779507668e-06 3.0091115512096853e-06 
2.9146616660661934e-06 2.9423408640610497e-06 3.028699420514846e-06 2.830942640974937e-06 3.0067471720702965e-06 
2.9117817119702107e-06 2.9383326179345195e-06 3.024097210655964e-06 2.8269370506314723e-06 3.002786931868966e-06 
2.911504728469552e-06 2.9377192725027893e-06 3.0238103562200812e-06 2.826575369669938e-06 3.0026081000568978e-06 
2.910768790280073e-06 2.9370261485955904e-06 3.023133939144263e-06 2.825878187409178e-06 3.001908401310132e-06 
2.904424708858025e-06 2.9315364776933463e-06 3.017997866885443e-06 2.8203287205972475e-06 2.9963032923820615e-06 
2.909663868436336e-06 2.9354879216875064e-06 3.022740675179326e-06 2.825024239447957e-06 3.0015344580269965e-06 
2.907374898077185e-06 2.9338644783629715e-06 3.0211609817031146e-06 2.8232424595496675e-06 2.9996274102147353e-06 
2.9116652921508272e-06 2.9378997300743313e-06 3.0255005292789743e-06 2.827502703526507e-06 3.0040388353984645e-06 
2.9138201739976754e-06 2.9395690240712393e-06 3.0269845683000897e-06 2.8292113269003915e-06 3.0057870484621112e-06 
2.910817812777358e-06 2.936641166332091e-06 3.0238198361725793e-06 2.826141981307125e-06 3.002626065809366e-06 
2.912529735230469e-06 2.9385364717249744e-06 3.0252169941741257e-06 2.827741945634937e-06 3.004017149232816e-06 
2.9096404226717746e-06 2.935377148066884e-06 3.0221395163589688e-06 2.824692707894508e-06 3.00105651908311e-06 
2.9194823628439683e-06 2.944360519139123e-06 3.03087109835916e-06 2.833794518428596e-06 3.0102418909499116e-06 
2.9157068855714438e-06 2.940519002250946e-06 3.026941327045314e-06 2.829923225318268e-06 3.0063590067883673e-06 
2.9015839056025198e-06 2.9263849457924446e-06 3.0125300572864717e-06 2.8156397737219033e-06 2.992000746466796e-06 
2.8967415767818573e-06 2.9221233695299143e-06 3.0082947106574824e-06 2.8112277135800896e-06 2.987482089723167e-06 
2.8968902521303422e-06 2.9222262261066404e-06 3.008470096634477e-06 2.811378993759687e-06 2.9876675165686603e-06 
2.898168432391257e-06 2.9234694798690676e-06 3.009908123792998e-06 2.8127294528507636e-06 2.9890899662553437e-06 
2.8854372674074526e-06 2.910648016379471e-06 2.996777906026137e-06 2.799765630392577e-06 2.9760559638351e-06 
2.8924483802606344e-06 2.917294084893169e-06 3.0033879813542443e-06 2.806501249781247e-06 2.9828468122959826e-06 
2.8943242581149996e-06 2.9196452941505734e-06 3.005785810029201e-06 2.8087481950108568e-06 2.985007854616961e-06 
2.9113068880731434e-06 2.9374866460611934e-06 3.022828762831581e-06 2.8259822915206944e-06 3.0017671283618474e-06 
2.9154971107895124e-06 2.9414531524216378e-06 3.0269207671780965e-06 2.830075770993091e-06 3.005945572720085e-06 
2.9149000645996414e-06 2.940907829461981e-06 3.026536997840774e-06 2.8295953298229034e-06 3.0055102593164302e-06 
2.927158065604471e-06 2.952825725304548e-06 3.03856006424722e-06 2.8416707007541226e-06 3.0176781310009964e-06 
2.9281178210142083e-06 2.9534163178517892e-06 3.039634850433934e-06 2.842601299771873e-06 3.018850467827987e-06 
2.9248419165066226e-06 2.9491671518154988e-06 3.036013246381853e-06 2.8389236008651236e-06 3.015594040235037e-06 
2.9279617512052903e-06 2.952163966473452e-06 3.0389135445696646e-06 2.841909771941638e-06 3.018569169273945e-06 
2.9292161241157118e-06 2.9533499202796153e-06 3.0401227660135726e-06 2.8431273135278623e-06 3.0198073261938405e-06 
2.937066722062044e-06 2.9616865579876516e-06 3.048670795315734e-06 2.851444436402765e-06 3.028085319567696e-06 
2.936689039696054e-06 2.9613561510473983e-06 3.0484260137319776e-06 2.851143208583655e-06 3.027803636513106e-06 
2.942495996977742e-06 2.967704247560599e-06 3.0547499452527597e-06 2.857338952452961e-06 3.0338702359117725e-06 
2.938154666623993e-06 2.9652009991157364e-06 3.0511429748840505e-06 2.8537893544098892e-06 3.0295612029457392e-06 
2.939907507959847e-06 2.9672074771409785e-06 3.0531031413456935e-06 2.85570708464234e-06 3.0314066121388344e-06 
2.9432996871949977e-06 2.9714898627353314e-06 3.0563111182863803e-06 2.8592245255834685e-06 3.0343628356853154e-06 
2.9454032586308654e-06 2.9744263419996602e-06 3.0587867231638683e-06 2.861714974753012e-06 3.036512921200733e-06 
2.9455667227824365e-06 2.974746231912063e-06 3.0588872168689544e-06 2.8618855332079335e-06 3.0365742307068754e-06 
2.938766730956314e-06 2.9668894851560457e-06 3.0526816683140637e-06 2.855118070224417e-06 3.0306060405860834e-06 
2.925823524378326e-06 2.954446734006192e-06 3.039199461507195e-06 2.8420136062852503e-06 3.0170562886326986e-06 
2.9161725669361327e-06 2.945513639019963e-06 3.02887990956881e-06 2.832197390040323e-06 3.006621033086806e-06 
2.916216975149868e-06 2.9458631701480208e-06 3.0290957039701315e-06 2.8324005562568476e-06 3.006711855451724e-06 
2.912441930952768e-06 2.94199820452418e-06 3.0252955010756936e-06 2.8285869595135477e-06 3.002944840632015e-06 
2.9138603018003983e-06 2.941730572338617e-06 3.0255615335880154e-06 2.829031987507975e-06 3.0039349165583287e-06 
2.9149074419694542e-06 2.9416845742301718e-06 3.026406983199243e-06 2.8297182758463554e-06 3.0051595808889572e-06 
2.9152485281923124e-06 2.9420008193600073e-06 3.026735739488194e-06 2.8300477470217883e-06 3.005498189635591e-06 
2.9304213619851927e-06 2.9562574005045123e-06 3.0415254294939213e-06 2.844830958953176e-06 3.0206391015874197e-06 
2.9326550257512235e-06 2.960019122548753e-06 3.044034804145782e-06 2.847567916644632e-06 3.0226190238563873e-06 
2.9352034737929246e-06 2.9617246183869332e-06 3.0464393539777395e-06 2.849846184339726e-06 3.0253138608470634e-06 
2.936390873680799e-06 2.9628323809672243e-06 3.047260262456511e-06 2.8508365051195596e-06 3.0262203839388427e-06 
2.9382584798040784e-06 2.964544035714569e-06 3.048906337131947e-06 2.8525605966555563e-06 3.027952186238703e-06 
2.9441981668764767e-06 2.9705368696783302e-06 3.054996778775246e-06 2.8585931308908456e-06 3.0340001336686457e-06 
2.942879265696929e-06 2.969051114124813e-06 3.053883941730966e-06 2.8573336819576803e-06 3.0329062109187094e-06 
2.9429022075007903e-06 2.9692090422012926e-06 3.0540579126192297e-06 2.857462844545071e-06 3.033012496596808e-06 
2.937815133582301e-06 2.9640832453031766e-06 3.048802719100366e-06 2.8522786323402754e-06 3.0277980007498533e-06 
2.938237466394338e-06 2.964628912887087e-06 3.049000599554617e-06 2.8526212209533164e-06 3.0279938863647206e-06 
2.9397852035611212e-06 2.966301839969186e-06 3.050820606147564e-06 2.8543337160481846e-06 3.029729077170558e-06 
2.9395713805300403e-06 2.9662648636063286e-06 3.0503184175543556e-06 2.8540213124647737e-06 3.0292185768272892e-06 
2.936755582932246e-06 2.963386743257996e-06 3.047728008737878e-06 2.8512974559233005e-06 3.026611027099819e-06 
2.9380670519948375e-06 2.964725349453133e-06 3.0490916734863573e-06 2.8526423850885644e-06 3.0279573078583873e-06 
2.9366130252737552e-06 2.9630672349969675e-06 3.047531198569192e-06 2.8510857859916356e-06 3.0264792097118275e-06 
2.937437645483342e-06 2.9645574568449715e-06 3.0490534214750793e-06 2.8524124561021016e-06 3.0276753727807135e-06 
2.936659780172156e-06 2.9635755639561772e-06 3.048255537311489e-06 2.851574975970134e-06 3.0269454820356726e-06 
2.9290345148204406e-06 2.9558973995834684e-06 3.0405460616426694e-06 2.843887375993358e-06 3.019267667946793e-06 
2.932022646917574e-06 2.9598856888117536e-06 3.0444367216793837e-06 2.8475622230444437e-06 3.022692229219702e-06 
2.9370770859524225e-06 2.9650008760820087e-06 3.0495734627236436e-06 2.8526772900250703e-06 3.0277954552249556e-06 
2.9376788361405725e-06 2.9656069679349105e-06 3.0502545159034933e-06 2.853319767567975e-06 3.028461952628397e-06 
2.9373653367403526e-06 2.9653607697268054e-06 3.049992181170243e-06 2.853047314750999e-06 3.028169900196708e-06 
2.941819733483759e-06 2.9699116080550744e-06 3.0551066637982353e-06 2.8578554925866797e-06 3.0331441850474863e-06 
2.9377774914357144e-06 2.966650634778272e-06 3.051630089534966e-06 2.854276620592093e-06 3.0293273729267723e-06 
2.9327914396796983e-06 2.9615459432051965e-06 3.0458941628174077e-06 2.8488860436432324e-06 3.0237535475215198e-06 
2.93251787402061e-06 2.9607018688653296e-06 3.0457595142432704e-06 2.8485432376275925e-06 3.023776641887904e-06 
2.9332038988191877e-06 2.9613563920819347e-06 3.046430047516728e-06 2.8492147896350968e-06 3.0244596115054645e-06 
2.9202012447987994e-06 2.9498360897187338e-06 3.034684645547318e-06 2.8371779037039023e-06 3.0120390821040803e-06 
2.9258711021172148e-06 2.955285991791152e-06 3.0404956823862442e-06 2.8428710228681715e-06 3.0178956336534996e-06 
2.9213978712380214e-06 2.950215670891485e-06 3.035721143649257e-06 2.8380995977003007e-06 3.013360526882578e-06 
2.9238191813859314e-06 2.952168035912884e-06 3.0380182012447292e-06 2.8403496074394993e-06 3.0158261723435414e-06 
2.9281579887313742e-06 2.957074304988039e-06 3.0430267817948794e-06 2.845162573836826e-06 3.020543874377303e-06 
2.927891118095473e-06 2.956910742211932e-06 3.0426934109492035e-06 2.844886902637794e-06 3.020188837275446e-06 
2.9344513871228757e-06 2.9635198041757317e-06 3.048708624678231e-06 2.8511946302053675e-06 3.0262777129692617e-06 
2.9393742915032894e-06 2.968831503090715e-06 3.0544115310332794e-06 2.8566045579835702e-06 3.0317279603094935e-06 
2.9372731342471265e-06 2.9662229738853293e-06 3.0518304299025313e-06 2.8541401986655975e-06 3.0293870810835426e-06 
2.9364323470505243e-06 2.9654210778362876e-06 3.0509951773021467e-06 2.8533105807397182e-06 3.028538723317317e-06 
2.929934192831275e-06 2.9593582322205683e-06 3.044332413909284e-06 2.846828235779487e-06 3.021766260022203e-06 
2.928143216413761e-06 2.9568549247319732e-06 3.041640564044132e-06 2.8444171708083405e-06 3.0194489938335698e-06 
2.9373861667951624e-06 2.967942213413596e-06 3.051206186832662e-06 2.854278497933128e-06 3.0283756437032287e-06 
2.9381846948475164e-06 2.968914602374414e-06 3.0521403747481127e-06 2.855187411836428e-06 3.0292322168886817e-06 
2.942271621328116e-06 2.972387163185063e-06 3.055744291977777e-06 2.8588902926122996e-06 3.0331099945987713e-06 
2.9453033903918165e-06 2.9754612231489336e-06 3.058631544092767e-06 2.86186480332711e-06 3.0360072381381325e-06 
2.948841250510815e-06 2.9792858538929606e-06 3.0619861831459476e-06 2.865387454236845e-06 3.0393006328478957e-06 
2.9426484872460277e-06 2.9730478219128024e-06 3.0556851592673713e-06 2.859123834775089e-06 3.0330326952895507e-06 
2.9446735886638666e-06 2.9747040915479653e-06 3.057367736834906e-06 2.8608926775352312e-06 3.0348884337894036e-06 
2.9431320864549507e-06 2.973409516048746e-06 3.0563565395811257e-06 2.8596697558672423e-06 3.0337117160511837e-06 
2.942865796423851e-06 2.9726832882476253e-06 3.0556225393434114e-06 2.859061001528528e-06 3.033200722726953e-06 
2.950803916975744e-06 2.9817930877487805e-06 3.0641957075435677e-06 2.867607896077415e-06 3.041296421882955e-06 
2.9548696178623347e-06 2.985688993330316e-06 3.0676733320080397e-06 2.871348810626852e-06 3.0449242440508784e-06 
2.9540083031515496e-06 2.9849073672458193e-06 3.0668972325365237e-06 2.870547916971554e-06 3.044108936362416e-06 
2.9544911635292224e-06 2.9856023787949135e-06 3.0673437237084627e-06 2.8710665242672635e-06 3.044494009829962e-06 
2.981868368804089e-06 3.0124196003077462e-06 3.095169989704484e-06 2.8985529747171828e-06 3.072420117363164e-06 
2.974358373714082e-06 3.0049811020735384e-06 3.0876709158116233e-06 2.8910580326149743e-06 3.064897611592322e-06 
2.9763364243469754e-06 3.007098086034106e-06 3.0895073965540065e-06 2.893003416119843e-06 3.066713068388806e-06 
2.9712388984705614e-06 3.0029394660634914e-06 3.085105639888514e-06 2.8884742219392904e-06 3.0618993569532996e-06 
2.975033912176321e-06 3.0063199037648045e-06 3.0885142580561714e-06 2.8919810070651506e-06 3.0655027053566124e-06 
2.9686630740033324e-06 2.999644824727683e-06 3.081978918759986e-06 2.885447301841531e-06 3.0590919488888917e-06 
2.9667187837404592e-06 2.996987791345505e-06 3.0793584379175108e-06 2.882994109262241e-06 3.056809372301255e-06 
2.9653860236831094e-06 2.9944821056378476e-06 3.0774729588014237e-06 2.8811012742622346e-06 3.0553872603400735e-06 
2.9664153349155296e-06 2.9951601228221815e-06 3.0785012197701204e-06 2.8820451808977042e-06 3.056526926319844e-06 
2.974363111791894e-06 3.0021587808679583e-06 3.0855641277537616e-06 2.8893386675809043e-06 3.064035682044601e-06 
2.973646195850738e-06 3.0013195591906716e-06 3.0848267401243945e-06 2.8885812843480243e-06 3.063340525507506e-06 
2.971746652056035e-06 2.9989746579507677e-06 3.082565218458437e-06 2.886395456777027e-06 3.0612801406201825e-06 
2.9713063118079567e-06 2.998545240376752e-06 3.08212903208411e-06 2.8859593110266734e-06 3.060839863937351e-06 
2.9668233247856286e-06 2.9916723269818017e-06 3.0769795292453856e-06 2.88057431874191e-06 3.0565576626960786e-06 
2.9639152376512966e-06 2.989012128859911e-06 3.0748897441577222e-06 2.8781228216571554e-06 3.054254396068956e-06 
2.958782263107369e-06 2.984608432381293e-06 3.0704814891623374e-06 2.8735131303780203e-06 3.0494962066725312e-06 
2.951802521546402e-06 2.9771068335982614e-06 3.0630373408180865e-06 2.8661739887885287e-06 3.042294825319812e-06 
2.950642597848589e-06 2.9764585033510466e-06 3.0620730718889777e-06 2.8652298849832796e-06 3.041136540114661e-06 
2.9514110063892783e-06 2.978005910395714e-06 3.063003032675239e-06 2.866263675818681e-06 3.0417932250100586e-06 
2.9518453569718115e-06 2.97836447011281e-06 3.063385034338857e-06 2.8666547050314096e-06 3.042207810523491e-06 
2.956191697923738e-06 2.9825315965120434e-06 3.0677339667287847e-06 2.8709643069381847e-06 3.0466124656033674e-06 
2.96294937090612e-06 2.9892222328658115e-06 3.0742124979461532e-06 2.8775762628538387e-06 3.05315750958338e-06 
2.9625713815746298e-06 2.98830853749191e-06 3.073814044591788e-06 2.8770605235950093e-06 3.0529319866547584e-06 
2.9652072466485636e-06 2.9916507898439487e-06 3.0767488965994177e-06 2.8800139308360286e-06 3.055593544939867e-06 
2.959021930374975e-06 2.984881743921706e-06 3.07094803465186e-06 2.873872958218814e-06 3.0499145333987373e-06 
2.9772691139821855e-06 3.0016547897378942e-06 3.088734394173327e-06 2.891566768654984e-06 3.068240928165288e-06 
2.982594891872711e-06 3.008708615927209e-06 3.094771945758967e-06 2.8976548619989698e-06 3.07361359907546e-06 
2.980725325080005e-06 3.0065526217669143e-06 3.0925828250213225e-06 2.8955579147389446e-06 3.0715682144932176e-06 
2.9796418300912493e-06 3.0058097740183054e-06 3.091700858075815e-06 2.894653194221202e-06 3.0705452714280736e-06 
2.980894914973566e-06 3.0076322334950397e-06 3.092722590839462e-06 2.895928919903188e-06 3.071424948027006e-06 
2.9812489513437443e-06 3.008086899833118e-06 3.092827305785346e-06 2.896185004271872e-06 3.0715389907097072e-06 
2.976562141158342e-06 3.003488531380121e-06 3.0882590245963855e-06 2.891572530623655e-06 3.0669237109129796e-06 
2.9758248114252926e-06 3.0027087513871975e-06 3.0874678111401406e-06 2.8907978147377846e-06 3.0661549405528935e-06 
2.9757763968915033e-06 3.0026390908738254e-06 3.087459588190134e-06 2.8907639787392797e-06 3.066146804888135e-06 
2.974598681134795e-06 3.0013926538134253e-06 3.086121185387552e-06 2.8894897440575784e-06 3.0648568767443424e-06 
2.9582325852827687e-06 2.9862990464367647e-06 3.070818433711353e-06 2.8739340650980897e-06 3.048977606948058e-06 
2.9525887977631553e-06 2.980527656197029e-06 3.0653121221830805e-06 2.868321166957354e-06 3.0434897499005008e-06 
2.9550021619291695e-06 2.9846488760303725e-06 3.0678142319385482e-06 2.8711956178985887e-06 3.0454357440912523e-06 
2.9493088217518523e-06 2.978717480935802e-06 3.061726174124838e-06 2.8652446783610277e-06 3.039489061380934e-06 
2.9516277267872327e-06 2.9814963617594353e-06 3.063845615138672e-06 2.867582226517392e-06 3.0414951928743984e-06 
2.9510821288726646e-06 2.981008519864795e-06 3.06338280652247e-06 2.8670906215098467e-06 3.0410004917991455e-06 
2.9549839793467546e-06 2.984058080945633e-06 3.0667785215139245e-06 2.870540162350437e-06 3.04474943490093e-06 
2.9549731067177826e-06 2.984053012902877e-06 3.066763330388543e-06 2.870528603753764e-06 3.0447331169004368e-06 
2.954515361200953e-06 2.983581201977587e-06 3.0662019763894636e-06 2.87001650754619e-06 3.044193372783208e-06 
2.9493344921652833e-06 2.9780153783508264e-06 3.0613450088657215e-06 2.8648934772410692e-06 3.039405714565479e-06 
2.9536153549065217e-06 2.9825071703951445e-06 3.065776037636788e-06 2.869303865208966e-06 3.0437445269454376e-06 
2.955243851938334e-06 2.9843782524739357e-06 3.0679693452866954e-06 2.871269761458793e-06 3.0457675169112868e-06 
2.9475177043381512e-06 2.976658322821054e-06 3.0604265763992433e-06 2.863626744764255e-06 3.0381935818617305e-06 
2.9494087313369117e-06 2.9794214016360534e-06 3.0624413709886954e-06 2.8657940623339326e-06 3.0399112465907757e-06 
2.9424274023989958e-06 2.9720394041118887e-06 3.055177747911429e-06 2.8585684991798e-06 3.0328222020726063e-06 
2.9349688686982537e-06 2.9664661939610715e-06 3.048322118906324e-06 2.8518633883635757e-06 3.0252702117051627e-06 
2.933941418383227e-06 2.9653512606758377e-06 3.047254684132465e-06 2.850793448963311e-06 3.024237278847621e-06 
2.9408375131609107e-06 2.9717202779334892e-06 3.0543752382727888e-06 2.8576757135147195e-06 3.0314871038114076e-06 
2.940395716049693e-06 2.9713480142858505e-06 3.0540092132572233e-06 2.857287782311316e-06 3.031086597525977e-06 
2.93976240609569e-06 2.9706136374021554e-06 3.053667743816125e-06 2.856772000089092e-06 3.0307291785496895e-06 
2.938647372327145e-06 2.9695954955270033e-06 3.052666321112186e-06 2.85573551370995e-06 3.0296784606418835e-06 
2.939795299494702e-06 2.9721069279743464e-06 3.0553426671519942e-06 2.8579758529107e-06 3.0316702123864076e-06 
2.9397988689985446e-06 2.9721097635198815e-06 3.0553433615657116e-06 2.8579778214863052e-06 3.031671612885013e-06 
2.9407188740417622e-06 2.973071651649989e-06 3.056325412613736e-06 2.8589399078916795e-06 3.0326300108417286e-06 
2.934532746806198e-06 2.9659721111012185e-06 3.048776762371433e-06 2.8518485722145373e-06 3.0255965926292695e-06 
2.9361965041095455e-06 2.9673134637519228e-06 3.050263325730316e-06 2.8533472275277627e-06 3.0272143829015407e-06 
2.9361691113493475e-06 2.9664226505207223e-06 3.0501200767418944e-06 2.853050326970196e-06 3.027364022728018e-06 
2.9312980914257257e-06 2.9617883240399136e-06 3.0456307194005545e-06 2.8484202720432474e-06 3.0227373968464536e-06 
2.9293103662575414e-06 2.959979472131608e-06 3.0432065729195e-06 2.846259189800534e-06 3.0203287960741763e-06 
2.9297296450296122e-06 2.961187941459527e-06 3.0440011015199584e-06 2.8470584161885e-06 3.0208111188058335e-06 
2.9261898148083495e-06 2.9581653083232988e-06 3.0412981365119353e-06 2.844055273385157e-06 3.0178067376472144e-06 
2.9190848149801305e-06 2.9514803810975853e-06 3.0340286890246134e-06 2.836965773661092e-06 3.0104321836226357e-06 
2.915680607965339e-06 2.9471871441983784e-06 3.03025826825726e-06 2.8331566588588973e-06 3.007004643574019e-06 
2.918973781839422e-06 2.9511469810193908e-06 3.033993584130418e-06 2.83683670123237e-06 3.010455150193447e-06 
2.919009426972001e-06 2.9511017988609166e-06 3.0339246309645796e-06 2.8368007282867763e-06 3.0104290626905192e-06 
2.913708345841702e-06 2.9460919073457733e-06 3.0290029022539242e-06 2.831753365906242e-06 3.0053532903905404e-06 
2.910851579006081e-06 2.9431145644834633e-06 3.0260193176909705e-06 2.828800877448479e-06 3.0024292866489034e-06 
2.9161158155939812e-06 2.949735372218549e-06 3.031135677474198e-06 2.834338151845013e-06 3.007138522963359e-06 
2.9359625450908836e-06 2.9695592567751143e-06 3.0504056084511336e-06 2.8539188164205074e-06 3.02650747124779e-06 
2.9357348211147765e-06 2.969349389339771e-06 3.05011178906302e-06 2.8536631509203058e-06 3.026218879498973e-06 
2.939309875707699e-06 2.972173680754635e-06 3.0529582209753346e-06 2.8566968124382396e-06 3.0294231495082348e-06 
2.942157085810119e-06 2.9750088432955847e-06 3.055788683003066e-06 2.859535937193444e-06 3.032259767513016e-06 
2.9394162949189115e-06 2.9741358113752123e-06 3.053126034204308e-06 2.857308612170763e-06 3.028990791947401e-06 
2.942964865585063e-06 2.978663536199737e-06 3.0574346259128003e-06 2.861482452768433e-06 3.032862452210612e-06 
2.9495049544819845e-06 2.983138787812622e-06 3.063693656527328e-06 2.867361479670624e-06 3.039823473428711e-06 
2.949161181544682e-06 2.9825867776565863e-06 3.0633676510049033e-06 2.866973009035428e-06 3.0395607841836276e-06 
2.9483104166022496e-06 2.9815507103440166e-06 3.062020626927979e-06 2.865832855583031e-06 3.0383543877277582e-06 
2.955633624867889e-06 2.988946131828868e-06 3.069447644420635e-06 2.8732328007242355e-06 3.0457402842498298e-06 
2.9553640540293484e-06 2.9886595782411515e-06 3.0691844934504675e-06 2.8729617344630388e-06 3.0454815160445406e-06 
2.955087475055391e-06 2.9884933133388653e-06 3.068962691884911e-06 2.872739553208912e-06 3.045215683464914e-06 
2.9503057366729054e-06 2.9817727775503963e-06 3.0638962756038834e-06 2.867325259438072e-06 3.040812662242011e-06 
2.957155031092245e-06 2.988676844603699e-06 3.0710188875478668e-06 2.874329304146444e-06 3.047871865879863e-06 
2.969531795303247e-06 3.000622250816856e-06 3.0833778551841126e-06 2.8866034620580756e-06 3.060368867076322e-06 
2.9704509941064886e-06 3.0006336672716333e-06 3.0847275330404036e-06 2.88751232525649e-06 3.0619353033289263e-06 
2.976640270922724e-06 3.0062645507042578e-06 3.0907163905722083e-06 2.8934731683077753e-06 3.06813336025325e-06 
2.9902361838598285e-06 3.019959493545415e-06 3.1048493027115803e-06 2.9073733418148356e-06 3.0821442818543404e-06 
2.9950248891346826e-06 3.023159462208392e-06 3.1083403681534666e-06 2.91114150997672e-06 3.0863524531717563e-06 
2.9845267077527133e-06 3.0127740914258898e-06 3.0976480775023193e-06 2.900563551789977e-06 3.075657927424967e-06 
2.9845487716997407e-06 3.012791639138363e-06 3.0976727849147866e-06 2.90058585684818e-06 3.075683625315861e-06 
2.9859356016858417e-06 3.014501784447753e-06 3.0993010134369672e-06 2.9021711629944295e-06 3.0771693612271396e-06 
2.9864191589869113e-06 3.0153007483927183e-06 3.0992215162889064e-06 2.9024544251965395e-06 3.0770828827167386e-06 
2.979327714679341e-06 3.008754966409671e-06 3.092677558196101e-06 2.8957573547226385e-06 3.0702765305039366e-06 
2.974738106407526e-06 3.004322989834534e-06 3.087922809854738e-06 2.891120211058135e-06 3.0654997053736294e-06 
2.9728315652270736e-06 3.002761667217896e-06 3.086132104640921e-06 2.8893530558503494e-06 3.0635806905423656e-06 
2.9729555792332827e-06 3.0030647508916067e-06 3.086514889555001e-06 2.889648195831089e-06 3.0638639772183567e-06 
2.9735290832034147e-06 3.0036248315418693e-06 3.0871787844327656e-06 2.890263447122461e-06 3.064517132935065e-06 
2.9807152793876147e-06 3.0096198350865155e-06 3.09272135205739e-06 2.896360548827213e-06 3.0707076644546305e-06 
2.9747927747972775e-06 3.0038551037116314e-06 3.086349725491547e-06 2.8902519378065474e-06 3.0643608963001113e-06 
2.9748117973388752e-06 3.0030129934284194e-06 3.086121005408048e-06 2.889939331600267e-06 3.064446107023937e-06 
2.974900900496368e-06 3.0031045884429383e-06 3.0862184981471633e-06 2.8900332195637015e-06 3.0645414133568247e-06 
2.9729665298911547e-06 3.0013830049749785e-06 3.084351769782415e-06 2.8881816990312605e-06 3.062596317838354e-06 
2.9734135262629037e-06 3.0018794923486825e-06 3.084257856695209e-06 2.888378916647272e-06 3.0625759026538545e-06 
2.970400374446636e-06 2.9988695265267583e-06 3.08162478070842e-06 2.8855475466892816e-06 3.059879505733853e-06 
2.96935021253404e-06 2.997665939700423e-06 3.08053520433778e-06 2.884439516711981e-06 3.0588452149479317e-06 
2.964773886203607e-06 2.9925943365247947e-06 3.0762348258622265e-06 2.8798718319898865e-06 3.0546568579383065e-06 
2.9697919170472485e-06 2.9975229465523495e-06 3.0811343890075875e-06 2.8848157751512704e-06 3.059603661603936e-06 
2.9674963119531478e-06 2.995122251612839e-06 3.0787829140683824e-06 2.8824649647614232e-06 3.0572950089454523e-06 
2.9670367341627195e-06 2.9948584418246436e-06 3.0784926587893543e-06 2.882134973431407e-06 3.056914824195692e-06 
2.96914383270758e-06 2.9965625758419564e-06 3.0804120436947766e-06 2.8840550945133286e-06 3.0589926039565524e-06 
2.9686452327532215e-06 2.996150304705962e-06 3.080011886429801e-06 2.883624889820225e-06 3.0585489025468302e-06 
2.9624195701360194e-06 2.9917136116694457e-06 3.0743534256527783e-06 2.8781057102738917e-06 3.0522306058052862e-06 
2.964354526126727e-06 2.9938232097890335e-06 3.076561440145197e-06 2.8802187348884236e-06 3.0543379341259283e-06 
2.9689263610759923e-06 2.9976436504749746e-06 3.0803151734033565e-06 2.884212685890879e-06 3.0584642872658533e-06 
2.961279969007591e-06 2.99107894569964e-06 3.0732075142564515e-06 2.8770865461488475e-06 3.050925719479636e-06 
2.96013802582851e-06 2.9896662442414814e-06 3.0718857561541572e-06 2.8757890318814206e-06 3.0497196588693003e-06 
2.961532829319714e-06 2.9905426861407824e-06 3.0731316941624197e-06 2.876985151839905e-06 3.051154369377523e-06 
2.9583055138101884e-06 2.987587712728133e-06 3.069957519220568e-06 2.8738472730223064e-06 3.0478854924768973e-06 
2.954566747511425e-06 2.98386736912657e-06 3.0667284872498035e-06 2.870357023282158e-06 3.044567066612542e-06 
2.9582624275718106e-06 2.9874887510285837e-06 3.070496937716048e-06 2.8740739510817834e-06 3.0483465663031068e-06 
2.951782721499222e-06 2.9803641237783833e-06 3.062900860312948e-06 2.8668857167466183e-06 3.0411399913669308e-06 
2.9548336611314605e-06 2.983987322727874e-06 3.0661633038448602e-06 2.8701835328752676e-06 3.0441856665878344e-06 
2.9541914695088727e-06 2.9833620456252924e-06 3.065730715950997e-06 2.869646476114906e-06 3.04371324234907e-06 
2.95311422941284e-06 2.982726554852581e-06 3.0649550836827205e-06 2.8688236373016505e-06 3.042747913655668e-06 
2.9653056518587657e-06 2.9944984338936846e-06 3.0772125667333315e-06 2.8809568682605726e-06 3.0551259124721202e-06 
2.967312994106913e-06 2.9969993988689774e-06 3.079277951192855e-06 2.8831163797737796e-06 3.0570248792623683e-06 
2.9762188946456523e-06 3.004886960994523e-06 3.087642664327825e-06 2.8915179451197895e-06 3.0658006538070874e-06 
2.980466630352516e-06 3.009383880793868e-06 3.092139960406464e-06 2.8959527190399922e-06 3.0701771891152947e-06 
2.983760412482867e-06 3.0124783033018513e-06 3.095288261418696e-06 2.8991303278793666e-06 3.0734122819563905e-06 
2.9879575563040897e-06 3.0165716864555886e-06 3.0992202088589773e-06 2.9031776659143058e-06 3.0774203467122495e-06 
2.9879496057277314e-06 3.016680368031036e-06 3.099332676899109e-06 2.9032568105558434e-06 3.077475955454491e-06 
2.9777962174816626e-06 3.0056381142701176e-06 3.088192025516966e-06 2.892396096988804e-06 3.066781403387693e-06 
2.968242782431609e-06 2.9971129285816583e-06 3.0783015897419542e-06 2.8829239495746144e-06 3.0566215981650675e-06 
2.9525342671074584e-06 2.981638635757924e-06 3.063595863308378e-06 2.867739673886789e-06 3.041678359226623e-06 
2.959597951513703e-06 2.988395862962259e-06 3.070910079924472e-06 2.874856792213906e-06 3.049047519184376e-06 
2.958996813360471e-06 2.988002453192946e-06 3.070005720011405e-06 2.874159353715657e-06 3.048127355071629e-06 
2.9638127451819773e-06 2.9924989823241663e-06 3.0747895285031464e-06 2.8788861200466975e-06 3.053017130909579e-06 
2.9620682054642517e-06 2.990703283347271e-06 3.07370507377722e-06 2.877447590231918e-06 3.0518402406671223e-06 
2.94355492917107e-06 2.9726124307691704e-06 3.0560852170150546e-06 2.8594537686591025e-06 3.033941585250763e-06 
2.9382980246217005e-06 2.9662750619873485e-06 3.050278222202432e-06 2.853659035945858e-06 3.02856842989255e-06 
2.9572990589277296e-06 2.9855425979308137e-06 3.069891136961729e-06 2.873045340327465e-06 3.0479933224564694e-06 
2.9608433531688566e-06 2.988676700652181e-06 3.0731365154370405e-06 2.8763475780835254e-06 3.051417521002553e-06 
2.9602256650301094e-06 2.988627721179852e-06 3.073374535247917e-06 2.8762875362477385e-06 3.0513341378058248e-06 
2.9475145211332296e-06 2.9747361439139193e-06 3.05822652646474e-06 2.8620836900245576e-06 3.036964185996538e-06 
2.949045486618307e-06 2.9764713126778486e-06 3.059705797918594e-06 2.8636407937440473e-06 3.03838709968448e-06 
2.9477627322799887e-06 2.975000887467935e-06 3.058369797749664e-06 2.86228517826196e-06 3.0371195136310646e-06 
2.9462980629187695e-06 2.9730846541733635e-06 3.056788374415876e-06 2.8606528065765953e-06 3.035700589602926e-06 
2.9439159871720163e-06 2.9705899537918063e-06 3.0538418046121324e-06 2.8579669015543552e-06 3.0328832097064583e-06 
2.9413043598527465e-06 2.9679388834247156e-06 3.051113054498479e-06 2.8552861303328038e-06 3.0301866216430694e-06 
2.954133667474317e-06 2.980367248634346e-06 3.0641615977153657e-06 2.868138861730503e-06 3.0433243218440253e-06 
2.9599251513133705e-06 2.985909494920216e-06 3.070957657504421e-06 2.874367001047715e-06 3.0500324921879157e-06 
2.960754771856052e-06 2.984715294589948e-06 3.0705877581765388e-06 2.8741319416619036e-06 3.0505010621508283e-06 
2.958948797613904e-06 2.98241158322883e-06 3.0686498212938174e-06 2.8721430324828814e-06 3.0487425032943006e-06 
2.9583638647172558e-06 2.982199997035274e-06 3.0682573100708186e-06 2.871738946495228e-06 3.048200202412836e-06 
2.956207294772801e-06 2.9801259822199394e-06 3.06600248707736e-06 2.8695512392351616e-06 3.0459358131227166e-06 
2.956399935339236e-06 2.9803133089626903e-06 3.0662894921024747e-06 2.8697890590851127e-06 3.0462088486172546e-06 
2.9551843857323782e-06 2.9789046734129128e-06 3.065039477471453e-06 2.868510154046411e-06 3.0450257102506755e-06 
2.9619688288567185e-06 2.9849940831438267e-06 3.0708990133887663e-06 2.8746872865174376e-06 3.051257301677859e-06 
2.9647028489825116e-06 2.9879690667016366e-06 3.0738705353193474e-06 2.8775964819725493e-06 3.054113015991881e-06 
2.9696306389634312e-06 2.9926415966488065e-06 3.0788490160490424e-06 2.8824948240442145e-06 3.0591631986709297e-06 
2.973994427121349e-06 2.9975134345632095e-06 3.083665104072493e-06 2.8872030901002506e-06 3.063743290452012e-06 
2.974192562358916e-06 2.9976590490232596e-06 3.083824671071991e-06 2.8873702920342234e-06 3.0639258233723427e-06 
2.9698660964169634e-06 2.993739811193692e-06 3.0800121701502307e-06 2.8833862583697855e-06 3.0598999765158927e-06 
2.9530206490807864e-06 2.9765682041096902e-06 3.063239279962593e-06 2.8664823960701336e-06 3.043220122544487e-06 
2.9523382672693223e-06 2.9734304843829277e-06 3.059794506298683e-06 2.863879742940586e-06 3.041008733508558e-06 
2.9563399479863437e-06 2.977001876968512e-06 3.063529850308798e-06 2.8676572352733812e-06 3.044923662184805e-06 
2.9480378949134924e-06 2.969199239557074e-06 3.056012518817349e-06 2.8598431737442476e-06 3.0371194308766224e-06 
2.951030532915166e-06 2.9723746763395774e-06 3.05914620915473e-06 2.862949972433458e-06 3.040171699550897e-06 
2.951678254611272e-06 2.9724016025427544e-06 3.059448220206979e-06 2.863287170854984e-06 3.040726925984242e-06 
2.946767000044306e-06 2.967617932104141e-06 3.0542228900222043e-06 2.8582466526434946e-06 3.035513946114225e-06 
2.9459740619744543e-06 2.96697444060953e-06 3.0537327999991416e-06 2.8576347591059e-06 3.0349265465004553e-06 
2.938929244963786e-06 2.960218785779626e-06 3.0476483976381813e-06 2.851118461589086e-06 3.028592365424736e-06 
2.9364004573523338e-06 2.957581801472848e-06 3.044846593966943e-06 2.8484282282774563e-06 3.0258702693436562e-06 
2.9433589230747246e-06 2.9654944254855314e-06 3.052864136432546e-06 2.8561331161820108e-06 3.0334102540980557e-06 
2.9441693450420096e-06 2.9663726556187746e-06 3.053802358006193e-06 2.8570229128542416e-06 3.034305785785741e-06 
2.941517623192083e-06 2.965337889729202e-06 3.050731629897999e-06 2.854538499855982e-06 3.030794024796527e-06 
2.9438266720217097e-06 2.967313160103107e-06 3.052690316762184e-06 2.85660092619739e-06 3.0329159435885326e-06 
2.9384895912188093e-06 2.962733300601961e-06 3.047161777259595e-06 2.8513438898494144e-06 3.0271802668783297e-06 
2.943151171457984e-06 2.9672914455593235e-06 3.0515880267117416e-06 2.8558720885348048e-06 3.03167760110793e-06 
2.955369423752701e-06 2.978536293326755e-06 3.063876713719534e-06 2.867907903841567e-06 3.044261032994678e-06 
2.942279241180478e-06 2.965211882334276e-06 3.0511439517562875e-06 2.854922678317637e-06 3.0315446129354345e-06 
2.9513544465731143e-06 2.9734105366219914e-06 3.0592249307807788e-06 2.8633194766872983e-06 3.0400661919859487e-06 
2.957899449648499e-06 2.9805463436186e-06 3.0659923878523968e-06 2.8701175391923273e-06 3.046609386664446e-06 
2.958598767442812e-06 2.9807470443879136e-06 3.067184252788881e-06 2.870941437160087e-06 3.047877101122107e-06 
2.9577262703045573e-06 2.9797536206340433e-06 3.0663592972870235e-06 2.870063268493503e-06 3.0470825526979812e-06 
2.9617780794695196e-06 2.983573681049775e-06 3.070374050021401e-06 2.874047885905206e-06 3.051176179283391e-06 
2.9627901461695145e-06 2.9846314964986196e-06 3.0714144510261707e-06 2.8750854503489244e-06 3.052197324343307e-06 
2.962549416993092e-06 2.984437756938088e-06 3.0711832438506585e-06 2.8748599506098955e-06 3.0519497272074943e-06 
2.9551594987031694e-06 2.977541968793887e-06 3.0640087984182193e-06 2.867681604645859e-06 3.044584338829562e-06 
2.9648554884664272e-06 2.9867294138144624e-06 3.0740275699503105e-06 2.87742909904277e-06 3.054709078536583e-06 
2.969394445657298e-06 2.991142341129027e-06 3.079309586609634e-06 2.8823104534221257e-06 3.0599070565867646e-06 
2.9671938499852943e-06 2.990084395285641e-06 3.077834690720822e-06 2.8807275672402244e-06 3.057951349756057e-06 
2.973152634788843e-06 2.995011425155924e-06 3.0826973552052047e-06 2.8859150483123753e-06 3.063320887868399e-06 
2.971642733250815e-06 2.9931763372462194e-06 3.0814377975879396e-06 2.884453063166679e-06 3.062122562861618e-06 
2.9724283536025652e-06 2.99388017385186e-06 3.0821161528407643e-06 2.8851679209455395e-06 3.0628444428560282e-06 
2.977832905353672e-06 2.9991796678800554e-06 3.08708617302671e-06 2.8903398966071447e-06 3.0679191572406105e-06 
2.976763517452371e-06 2.9981440971772674e-06 3.0860210715105013e-06 2.88927918091471e-06 3.0668427898878457e-06 
2.9893516811215413e-06 3.0111285287462987e-06 3.099621924327708e-06 2.902471236588742e-06 3.0801490618145026e-06 
2.988892723178525e-06 3.010741570038625e-06 3.0992358866552065e-06 2.9020642876800017e-06 3.0797282472976897e-06 
2.9966752093593438e-06 3.0183638114680377e-06 3.1061745386610374e-06 2.9094012883915305e-06 3.086856721868693e-06 
2.987864728859028e-06 3.01074522423761e-06 3.098242597489927e-06 2.9012880179469897e-06 3.07840365916617e-06 
2.9853357673565436e-06 3.0085089592629894e-06 3.0961150891215665e-06 2.8990221770051152e-06 3.076117413011325e-06 
2.986605175123278e-06 3.009557316035183e-06 3.096920099999558e-06 2.9000125491095026e-06 3.0770691215867e-06 
2.9749488803675792e-06 2.9980778665727117e-06 3.0855596851128014e-06 2.888530777235743e-06 3.065605133552702e-06 
2.9753851478678657e-06 2.998756356375583e-06 3.0858640715083004e-06 2.8889582585237495e-06 3.065854837177453e-06 
2.9765996311724784e-06 3.000047001393122e-06 3.0871479658231537e-06 2.890225891675256e-06 3.067103022733735e-06 
2.9796993609249073e-06 3.002940584682524e-06 3.0903735928329608e-06 2.893343498622782e-06 3.0703725212013563e-06 
2.979613087660318e-06 3.0029127382481653e-06 3.090418522188966e-06 2.8933354808748498e-06 3.0703772478394766e-06 
2.9828357630678324e-06 3.0058054023122155e-06 3.093515891447508e-06 2.896423672104037e-06 3.0735992389203984e-06 
2.9831177523350857e-06 3.0063973642672735e-06 3.094358858374215e-06 2.897055178755231e-06 3.0742512259214854e-06 
2.989100635303729e-06 3.012297867499665e-06 3.099705023860529e-06 2.9027100397748885e-06 3.0797283354455337e-06 
2.9903169332137135e-06 3.01330193079538e-06 3.1007970201304043e-06 2.903817333609392e-06 3.080907840081902e-06 
2.987876505431746e-06 3.0104389074259722e-06 3.0992895212464516e-06 2.901740930808854e-06 3.0793791731032396e-06 
2.9838599161308973e-06 3.0068699600586056e-06 3.0955973553940477e-06 2.897983652824405e-06 3.0754923487098808e-06 
2.9797300289915415e-06 3.0029417389248842e-06 3.091564463284333e-06 2.8939437478398293e-06 3.071380198569604e-06 
2.973573804999418e-06 2.9979521057919946e-06 3.086017320612103e-06 2.888352133720892e-06 3.0653644446280932e-06 
2.9685253147294417e-06 2.992923193289073e-06 3.080617628392926e-06 2.8831277878819892e-06 3.0600174330998884e-06 
2.9675732609249635e-06 2.992241228768572e-06 3.0801343701275364e-06 2.882470679589479e-06 3.059371258913717e-06 
2.96859501663167e-06 2.993385022329121e-06 3.0811456500884936e-06 2.883516470041055e-06 3.0603456016632165e-06 
2.9761461693708813e-06 3.0011803172273778e-06 3.0883669386047392e-06 2.8909680249130244e-06 3.0675434876608553e-06 
2.9763271633190546e-06 3.001324058849495e-06 3.0886090684668814e-06 2.891170929445333e-06 3.0677872347579473e-06 
2.991107436551536e-06 3.0150305175625823e-06 3.1030640897573293e-06 2.905556756282514e-06 3.082633595792253e-06 
2.9903891403462855e-06 3.014331712253602e-06 3.1023900869525834e-06 2.904864249325492e-06 3.0819461753884645e-06 
2.9834318357796892e-06 3.0079090235761444e-06 3.0952961044130807e-06 2.8979550286272317e-06 3.074706833969275e-06 
2.9823035495819153e-06 3.0070676265184096e-06 3.0947132031723707e-06 2.8971631826220445e-06 3.0739430102393917e-06 
2.976280612237837e-06 3.0004535730992917e-06 3.088369761577287e-06 2.8908378471486463e-06 3.067840173236634e-06 
2.9780075656163557e-06 3.002496488922749e-06 3.0901477702957946e-06 2.892664917292209e-06 3.0695097071817815e-06 
2.9695099709602678e-06 2.9939434156954647e-06 3.0817090400050473e-06 2.8841748443075196e-06 3.061079788923606e-06 
2.9727073853263448e-06 2.9966805813710464e-06 3.084453291082495e-06 2.8870440402103925e-06 3.0640441519878674e-06 
2.9720302527665307e-06 2.996099805295867e-06 3.0838293990818116e-06 2.886414863650568e-06 3.0633810823989482e-06 
2.9683492095035244e-06 2.992400549425941e-06 3.079855259183135e-06 2.8825801583380373e-06 3.0594617411358735e-06 
2.97341801349663e-06 2.997117534958448e-06 3.0841223806790016e-06 2.887176269822684e-06 3.063972290935426e-06 
2.9725857768679494e-06 2.9962401099336013e-06 3.083380141367254e-06 2.886377121883668e-06 3.0632295062499944e-06 
2.9697833633067206e-06 2.9936652109657743e-06 3.080553367977964e-06 2.883612427969201e-06 3.060335229190257e-06 
2.9610775609887333e-06 2.985071780842879e-06 3.071730585797449e-06 2.8748657416810428e-06 3.0514973706633012e-06 
2.9605423600297857e-06 2.9850371418408227e-06 3.071295333341168e-06 2.874496007764455e-06 3.0508874351377082e-06 
2.9644992144778097e-06 2.988947367634261e-06 3.075442288358376e-06 2.8785398400310795e-06 3.0550171600531504e-06 
2.967927048722229e-06 2.992855982961341e-06 3.079349837272011e-06 2.8823204029125374e-06 3.0586928662180875e-06 
2.9666541074980295e-06 2.991789448773186e-06 3.0780894105612548e-06 2.8811006362444355e-06 3.0573652740957437e-06 
2.963423649300648e-06 2.988083689017557e-06 3.0747441116950566e-06 2.8776988226592218e-06 3.054189634856172e-06 
2.9680101264839598e-06 2.9921388958672337e-06 3.079117027257156e-06 2.8820610054487854e-06 3.0587652532729097e-06 
2.9662005048903013e-06 2.990625124196725e-06 3.0773455233111955e-06 2.8803370968470085e-06 3.0568941702978275e-06 
2.964293931382304e-06 2.9890129784894723e-06 3.0754745258801475e-06 2.87851476896033e-06 3.054924460201414e-06 
2.9598698521528845e-06 2.983972363511864e-06 3.0705006325672248e-06 2.873670998357301e-06 3.0502370295609272e-06 
2.954628941481848e-06 2.978897626208007e-06 3.065630156641613e-06 2.868645805612601e-06 3.045253313731751e-06 
2.9603895708988838e-06 2.984677192039839e-06 3.07107515446539e-06 2.8742614507580584e-06 3.0507439119465314e-06 
2.9335978403709034e-06 2.957728421226683e-06 3.044291023212055e-06 2.8474077779891505e-06 3.024011412497718e-06 
2.931695422632999e-06 2.9558854352322223e-06 3.042371811342232e-06 2.8455088540740445e-06 3.0220764391333095e-06 
2.934680661882382e-06 2.9589460548280007e-06 3.0464757706618766e-06 2.849068431751889e-06 3.025970891260371e-06 
2.9364540907610768e-06 2.960751968981732e-06 3.0484234847578687e-06 2.8509379583126135e-06 3.0278792404889395e-06 
2.9435301852273423e-06 2.968149170819102e-06 3.0555939609353862e-06 2.8581428728072934e-06 3.0349317784300397e-06 
2.9366758962736785e-06 2.961302923565614e-06 3.048583158283323e-06 2.851205255422418e-06 3.027945233902104e-06 
2.9328432258358154e-06 2.9569133480558895e-06 3.04453005991493e-06 2.8471301130011804e-06 3.024105012870805e-06 
2.9344129382372585e-06 2.9593837098588513e-06 3.046539897031654e-06 2.8491287904949417e-06 3.0257572834019875e-06 
2.937555405898546e-06 2.961549520275478e-06 3.0486062448515346e-06 2.8515145278418068e-06 3.0283100099745305e-06 
2.9399298050243637e-06 2.9628138770674997e-06 3.050057286640789e-06 2.8531789717742924e-06 3.0302643220964525e-06 
2.9318233628408516e-06 2.955875138569901e-06 3.0417801948724077e-06 2.8452510428388122e-06 3.0216476228574326e-06 
2.935708272240447e-06 2.9590885220797768e-06 3.0445013668283613e-06 2.848414294995137e-06 3.0247732011628085e-06 
2.93263058542256e-06 2.955753358450543e-06 3.0414013955403417e-06 2.845262014966133e-06 3.0217586487862587e-06 
2.937047216475275e-06 2.959870508829583e-06 3.0456401325366204e-06 2.849526844691088e-06 3.026120958684436e-06 
2.9348392873145967e-06 2.957469181648185e-06 3.043287437930139e-06 2.847200834367789e-06 3.0238535941398235e-06 
2.926603752383197e-06 2.9499205856477743e-06 3.03570484046219e-06 2.839435018771801e-06 3.0159468011888647e-06 
2.9297255726448175e-06 2.9533104834079774e-06 3.0389542945540185e-06 2.8426853749537955e-06 3.0190900439536054e-06 
2.9406432304488955e-06 2.9644216544626485e-06 3.050061444320278e-06 2.8537529739622926e-06 3.0301033683367167e-06 
2.936987539554594e-06 2.96161781229225e-06 3.047129656847416e-06 2.850647594648503e-06 3.0267829272332585e-06 
2.941098837396596e-06 2.9665738775669625e-06 3.0512969764904524e-06 2.8549909381147536e-06 3.0306732912793017e-06 
2.939969586499168e-06 2.965508191582714e-06 3.050194807475722e-06 2.8538888078647063e-06 3.0295466742379177e-06 
2.9470747196123947e-06 2.972312594862185e-06 3.0569944379565206e-06 2.8607811184312284e-06 3.0364910848947987e-06 
2.942364907425206e-06 2.966799729024134e-06 3.051474958973123e-06 2.855481307871391e-06 3.0313601207052486e-06 
2.9288103220056906e-06 2.953646560361576e-06 3.0376301247692947e-06 2.84186660643435e-06 3.0174379122278595e-06 
2.922155040956122e-06 2.9468431799185635e-06 3.031652003885305e-06 2.8354973818493855e-06 3.0113955135120206e-06 
2.9433239758369843e-06 2.969417586296661e-06 3.0538277832527262e-06 2.8575153690532978e-06 3.0329575457278292e-06 
2.9345363360359825e-06 2.9606447473180967e-06 3.044886527358868e-06 2.8486467314891373e-06 3.0240381057917003e-06 
2.9314769824082732e-06 2.957366389676549e-06 3.0417177036508597e-06 2.845478196354986e-06 3.0209570717741e-06 
2.925345491509619e-06 2.950100320365387e-06 3.0342957964303744e-06 2.8384416752121185e-06 3.014108194285419e-06 
2.9262254384943502e-06 2.9499541768004503e-06 3.0355135974630366e-06 2.8392441181966925e-06 3.015594471378284e-06 
2.9296588138507947e-06 2.9533161176062732e-06 3.0400902585330704e-06 2.843225393122291e-06 3.020003982699226e-06 
2.9411121390935723e-06 2.9650796290963334e-06 3.0522973125533797e-06 2.8551354329244647e-06 3.0319867902944376e-06 
2.9460487529034886e-06 2.9703869290572064e-06 3.0572488611184633e-06 2.860170779621205e-06 3.0368181664001353e-06 
2.949681014688396e-06 2.972857152971703e-06 3.0597213695425373e-06 2.8629652951482006e-06 3.0398494699528514e-06 
2.9338673265390376e-06 2.957094398855755e-06 3.043743047231418e-06 2.847065190214157e-06 3.0238842129007686e-06 
2.9463716287895574e-06 2.969819584063216e-06 3.056202449246973e-06 2.859612425591658e-06 3.0362797968630195e-06 
2.9449326522227233e-06 2.968401099315982e-06 3.0548199689587515e-06 2.858204383079528e-06 3.034881654301568e-06 
2.9457382866157597e-06 2.96889043890996e-06 3.0551213576966177e-06 2.858690051191791e-06 3.035366404391576e-06 
2.94542165860209e-06 2.9689654771757766e-06 3.0547659862483556e-06 2.8584455565912948e-06 3.0348937261261387e-06 
2.955440831996174e-06 2.979047534413816e-06 3.0653182637979266e-06 2.8687513265230676e-06 3.045336659445764e-06 
2.9594061563117194e-06 2.9827071460643895e-06 3.0689596003943978e-06 2.8724908678613106e-06 3.0491278027212935e-06 
2.969042211539337e-06 2.99217018501133e-06 3.079446422653891e-06 2.8825155311482782e-06 3.059527142757056e-06 
2.963072618393313e-06 2.9855537322195257e-06 3.0731531275028928e-06 2.8762310094096283e-06 3.053492468113088e-06 
2.985566037350208e-06 3.008385490431328e-06 3.0952339547476948e-06 2.8986231414848197e-06 3.075532309315352e-06 
2.98486313243785e-06 3.006944835897413e-06 3.094403719742575e-06 2.8976869891827723e-06 3.074956262437266e-06 
2.9910932059548842e-06 3.0126158486368193e-06 3.100046705064656e-06 2.9035069463567354e-06 3.080872488755273e-06 
2.9823227127837393e-06 3.0040141845905803e-06 3.0910233358182696e-06 2.894641846838317e-06 3.0718387297871792e-06 
2.987773107424023e-06 3.009315094898665e-06 3.0959273436900647e-06 2.899796550048111e-06 3.07687998750599e-06 
2.9885542964923645e-06 3.0101367525536903e-06 3.096753412337989e-06 2.900609801185429e-06 3.077685747128614e-06 
2.99174294878089e-06 3.0123052173047575e-06 3.099471108295686e-06 2.9033377716203853e-06 3.080803368322602e-06 
3.0020970907682947e-06 3.0226329672752475e-06 3.109761163684391e-06 2.9136655699133616e-06 3.0911113225398917e-06 
3.000149842168503e-06 3.020932595714449e-06 3.1080872749227633e-06 2.9119061905669215e-06 3.0893143211995025e-06 
2.9965178605650112e-06 3.017856004746502e-06 3.1045082002542397e-06 2.9084236793065052e-06 3.0855514775356554e-06 
2.9965860493492977e-06 3.0178784182361153e-06 3.1045374135211702e-06 2.9084623944165623e-06 3.085601606376694e-06 
3.0040119626216467e-06 3.0253030470973167e-06 3.111087126421976e-06 2.9154702432526204e-06 3.0922962689359503e-06 
