-2.021774269796225 -8.466397620281427 -7.399792102406167 -2.5574587442144434 -4.846095757921731 
-2.354561103606912 -8.658970084428077 -7.571710462316503 -2.8163051500209804 -5.061854623682166 
-2.419943286002251 -8.686098772714743 -7.620250091328927 -2.8587887030883223 -5.127395659662739 
-2.319558151481644 -8.659932801140542 -7.646303879205817 -2.858962532277772 -5.135737926653647 
-2.7137663888143777 -9.01012352405462 -8.139617006598769 -3.4614881648939786 -5.662242886791802 
-2.7744643604906116 -9.059509216937755 -8.18680731887028 -3.5338997727426005 -5.7122655922997865 
-2.6962613967332913 -9.016374119831383 -8.1951801804164 -3.5031703368354243 -5.717197788399815 
-2.67070806250382 -8.908759266730769 -8.082433976657782 -3.3112578347842856 -5.634250199001485 
-2.5830142898107766 -8.777586775664005 -7.9068917618519805 -3.074354412216209 -5.469351100872046 
-2.5998515273801104 -8.768961800922142 -7.920453554752569 -3.0658521121633697 -5.495486497606052 
-2.571237136238693 -8.74353016966262 -7.901773008978196 -3.0305349242856323 -5.477111959375819 
-3.03336484951717 -8.99376166970643 -8.232459752474611 -3.407956838010435 -5.890811533711457 
-3.034361805271473 -8.99113049081015 -8.232574167800081 -3.404507080922926 -5.892639280720303 
-3.2002835783994072 -9.097877070704158 -8.441133270468825 -3.6086576055326134 -6.134348092078156 
-3.1475480311122084 -9.059331240650337 -8.409177425307163 -3.55664798174152 -6.098857671965433 
-3.4581251361621526 -9.196251656442996 -8.59410075194458 -3.7523855880418466 -6.349180477736752 
-3.5569182460490225 -9.162238479179791 -8.706765442314591 -3.7566390717613984 -6.526423690427208 
-3.338342999008674 -9.052226304062302 -8.579684565072952 -3.6029595451985443 -6.361062081572356 
-3.2556159214222617 -9.032129217061794 -8.551249908069252 -3.5814530557433955 -6.310161896663317 
-3.260561125630275 -9.032183194961277 -8.549675659161295 -3.5794316689055563 -6.3100857319625305 
-3.4831822798216336 -9.058731405848377 -8.610070457191796 -3.5975699272450044 -6.442394617332383 
-3.3116483491690047 -9.032917490867789 -8.602591218958935 -3.6008754269585665 -6.386673536027402 
-3.3336835471142052 -9.083291147835311 -8.625800271293642 -3.667527806761143 -6.396110760911768 
-3.5145426768041546 -9.196966061981556 -8.736895781783971 -3.8235336763210057 -6.528588648697053 
-4.4390602585398256 -9.682592967491232 -9.332590734888 -4.526003241762211 -7.283483003908771 
-4.685803630031387 -9.839575058386217 -9.45753844402779 -4.721573658679503 -7.435477203519582 
-4.683413682026412 -9.82307524754549 -9.446843478862377 -4.698085932179865 -7.4305912736199815 
-4.680925740477775 -9.807408566070507 -9.427495436089686 -4.670428528520802 -7.4158651235290876 
-4.6925990656570775 -9.811722444935214 -9.442787158247882 -4.681934841828252 -7.43471320765012 
-4.716459515180944 -9.920882317346553 -9.56100983526396 -4.864501425406843 -7.521715728569134 
-4.678420435319893 -9.882933384670793 -9.53162657682914 -4.8137678241361215 -7.493594081535235 
-4.159737163698878 -9.528179384496909 -9.012477058923693 -4.223718203678786 -6.904560709080926 
-4.0400173812988385 -9.43274390000201 -8.934054430235037 -4.095452175643757 -6.820502841184236 
-3.9274243010394514 -9.36673136054327 -8.886220651757881 -4.016044120490193 -6.758860061590454 
-4.114254013056424 -9.49139001974092 -8.908996535603848 -4.133952451977748 -6.791501208185323 
-3.7949734089333873 -9.292798583554912 -8.70778302648634 -3.8579007853330296 -6.549204556508812 
-3.7951117953970197 -9.28667098625283 -8.707567305635038 -3.8506998777706514 -6.5519827767747785 
-4.106509976260213 -9.436754065994847 -8.927282876414495 -4.083719749905967 -6.835014445091915 
-4.325506376125901 -9.563907225106774 -8.99002339495786 -4.2218602102980185 -6.922955672129106 
-4.305262652332189 -9.548515464936628 -8.972337493355553 -4.19863683077071 -6.903477011130178 
-4.715601023445416 -9.881707678054426 -9.154972554545694 -4.602484854069829 -7.095420170685614 
-4.683186719766454 -9.899404278152517 -9.169119683953795 -4.634958234850231 -7.090139291071239 
-4.648230576353043 -9.876589687631451 -9.160384387927124 -4.610188321748481 -7.078589118444967 
-4.716199802912286 -9.979732145137064 -9.211413119007318 -4.743159278106447 -7.109641188869986 
-4.597581665230166 -9.851664902455184 -9.223960087156968 -4.622006200198825 -7.141869590220381 
-4.585555111377047 -9.814784153080353 -9.18840132079238 -4.56391963984467 -7.116123661457834 
-4.617170605800723 -9.805525897011123 -9.224630367280511 -4.566767278116629 -7.17199105992826 
-4.434680068468296 -9.67759450969804 -9.003825519944428 -4.339858453300522 -6.923610710467685 
-4.165201642250764 -9.513212213790794 -8.90117541523928 -4.145475902222117 -6.790868633355046 
-4.264878228748756 -9.51693828883522 -8.907320561617297 -4.135799117746302 -6.832347193523759 
-4.157489634383197 -9.43511842765389 -8.826872791662893 -4.019102782885 -6.743769964379865 
-4.009417009388969 -9.34568169475942 -8.819653775774796 -3.9396226473497507 -6.724785454284699 
-3.988439937566312 -9.322410861945428 -8.811993343202474 -3.913052970221301 -6.719854479915796 
-4.0978709279552135 -9.421354087244339 -8.824354969726443 -4.012187746832382 -6.725823252054951 
-4.124783462869004 -9.404506081542294 -8.819414194761578 -3.9859481865301234 -6.73829254394559 
-4.261118250528327 -9.408011369308838 -8.893712897687735 -4.007688183584136 -6.867852200980053 
-4.180949691700761 -9.349297439268412 -8.845199703929367 -3.9292538626479114 -6.813245008078013 
-4.175549789825169 -9.348120252553613 -8.833556710059455 -3.9224858195763517 -6.79910541669787 
-4.181488474455719 -9.35019333927255 -8.846377006480353 -3.930794162757877 -6.814306611927336 
-4.17893846084614 -9.348635452287084 -8.846945434326557 -3.9297858509707595 -6.814732548468584 
-4.107949210791659 -9.192653087914422 -8.766967712781977 -3.726987167936386 -6.774479783817171 
-3.8884310499664423 -9.014203468422664 -8.60253369342945 -3.474114121318337 -6.5988010782633495 
-3.9917169860330546 -9.17316670800551 -8.76788061048913 -3.723970577072464 -6.742637057726142 
-4.264644493537816 -9.36248063437499 -8.997174564024021 -4.016172278209893 -7.002970019929435 
-4.46405997870707 -9.413033018616034 -9.175903734190882 -4.145325181541494 -7.244749362598128 
-4.215253359026576 -9.231077789318235 -9.019318599604887 -3.901382390144306 -7.068735435922605 
-4.1761203282055135 -9.284547674450508 -9.08093221273333 -4.00127173094387 -7.097715349593514 
-4.574148878993597 -9.455330527532595 -9.309609088777279 -4.255262804765067 -7.4087870054565315 
-4.520714503008193 -9.405604705903954 -9.353846510030095 -4.244522527746682 -7.458993847090397 
-4.244203001180324 -9.278458249801787 -9.151950221574012 -4.030076122466554 -7.200998219912918 
-4.139411510158226 -9.15890352484864 -8.953798070245952 -3.7986376137105253 -7.003374144754147 
-3.762298107923357 -8.760503722513477 -8.643922553884408 -3.255707030366466 -6.712943222979845 
-4.223940451401816 -9.001817967808805 -8.86804639193808 -3.5772471802527264 -7.010335013601463 
-4.544438624942487 -9.307617205870912 -9.069173968548654 -3.964087811625035 -7.205928802765584 
-4.4048632280652384 -9.119604078609896 -9.014954579100618 -3.763155703093801 -7.180130719645433 
-4.350882344660974 -9.11053774048797 -8.966291172837046 -3.729948760305618 -7.113032493692117 
-4.282957072897588 -9.109259074207813 -8.93345406474964 -3.716420401396121 -7.054325708683052 
-4.238554659277625 -9.070346846971901 -8.886787478620931 -3.6544709970391693 -7.005646321621754 
-4.035236030797421 -9.045584381717191 -8.783526670354519 -3.5928336303076804 -6.833263498408797 
-3.9011093864137507 -8.936227411168275 -8.648726116484383 -3.4172427321469314 -6.689004744271855 
-3.455650214331527 -8.70127324609669 -8.436249679429181 -3.108002748528534 -6.407364518527288 
-3.641055533313178 -8.817626427860262 -8.55352113291302 -3.273788197274129 -6.547341425842973 
-3.6935285229398573 -8.785949061532321 -8.553957836293463 -3.2334876115967575 -6.580486243926018 
-3.776808860580985 -8.875889450127872 -8.636920120085222 -3.3655166811805515 -6.6593573532079375 
-4.326770225766168 -9.447596272136025 -9.18675634605249 -4.20967662228054 -7.1922146115927745 
-4.348975218926512 -9.472316177387086 -9.206101743614056 -4.243458513207457 -7.209887243930908 
-4.1597254877759156 -9.319634639546749 -9.04669399218129 -4.018500030221418 -7.0389884912638365 
-4.359158537716823 -9.44610590498219 -9.177305794491886 -4.196682282106224 -7.19410857882022 
-4.250098544897682 -9.427648904792818 -9.08589230574917 -4.1402110159370835 -7.064413699500179 
-4.235101791391159 -9.409569814520609 -9.070747025799676 -4.1145507326551325 -7.050868148018381 
-4.211355538190645 -9.319275521848269 -9.032922861347828 -4.000885838122315 -7.042459203120984 
-4.185956739240112 -9.289152767533437 -9.005952875164027 -3.9572052639043136 -7.01782669224373 
-4.370268858280355 -9.422900137695692 -9.074082600645852 -4.1084275123112945 -7.096728708778556 
-4.391356364776826 -9.453668528132837 -9.168795498745752 -4.193898805132719 -7.192915550663713 
-4.539298006682202 -9.475891496324266 -9.263047776273353 -4.25142119000742 -7.337353116361001 
-4.481380541153214 -9.436529446788327 -9.212177083359478 -4.188921527992363 -7.279502557323511 
-4.47703560476883 -9.46315018310095 -9.203991013721051 -4.211534879134263 -7.257233889572419 
-4.719192339814953 -9.729098989093771 -9.413957237688095 -4.573498579543866 -7.450774771289474 
-4.708349374529405 -9.735759364686416 -9.417561450574183 -4.584381695045707 -7.4477526619634205 
-4.63968523325191 -9.716170578529244 -9.379336769540956 -4.552746680322045 -7.3906055831243265 
-4.859583481831649 -9.782958427244452 -9.42219627679006 -4.612068697104249 -7.485992057635798 
-4.685701233576154 -9.624119944922498 -9.371817858837048 -4.445723285199463 -7.440587029676237 
-4.7524298515981656 -9.650837069496902 -9.465068232527841 -4.520234791604935 -7.5527662459969065 
-4.8439473992870035 -9.681114593641013 -9.519041802351026 -4.570229202795417 -7.629873071183596 
-4.941845758608167 -9.72479443304178 -9.586855024554083 -4.641449698148179 -7.718132376781057 
-4.811887707095593 -9.588477651670146 -9.486713354900786 -4.464166846680541 -7.624341885544766 
-4.861341462017478 -9.591678804622816 -9.513760369528299 -4.477808390416939 -7.669312474504437 
-4.806301571421628 -9.772208069732656 -9.619544775042357 -4.7313154692072175 -7.684234843049509 
-4.940060765932728 -9.867566161679349 -9.738537550584368 -4.8799966232817695 -7.817334092883897 
-4.832286480520651 -9.769916954506925 -9.637141879336184 -4.736040007144354 -7.713330626383524 
-4.987406830723401 -9.911828007758388 -9.725356676691817 -4.906803282789994 -7.800433813260128 
-5.168021672915771 -10.13923943999923 -9.974925838532556 -5.262251533468685 -8.032139363311089 
-5.1960548368499815 -10.164416291445121 -9.993684744688466 -5.294202961727635 -8.051097682865802 
-5.068337543552175 -10.06049117284148 -9.955315974572315 -5.1910530961238806 -8.010658932799359 
-4.991417163540746 -10.044522443073092 -9.900134618263849 -5.153505925072267 -7.931235676665111 
-4.978379377982975 -10.055022326577145 -9.89461561880482 -5.16303966929415 -7.916022730072015 
-4.783561528306137 -9.93977705809941 -9.694359002187227 -4.95415863849334 -7.682132975796733 
-4.409709572994444 -9.68354639175243 -9.332345449977453 -4.5327032936330625 -7.272355282760955 
-4.277420775683538 -9.597295946735827 -9.228161665216575 -4.40279572155184 -7.1513116633495315 
-4.269577952173847 -9.644997893350407 -9.205736695857851 -4.443092187773317 -7.101530648026312 
-3.9182852782421094 -9.411234899430141 -8.905390398655925 -4.079049597734581 -6.755592869785573 
-3.864641098868404 -9.424295613893591 -8.967667866877335 -4.141707059987738 -6.7994792677766185 
-3.8598071059845864 -9.424012931220844 -8.96669608068919 -4.141876525773185 -6.7968331167409985 
-3.5242513067813093 -9.222741534310146 -8.807416326312136 -3.89386936002893 -6.598364228396036 
-3.566471131391424 -9.20566932515024 -8.83375078106559 -3.8814652094822435 -6.650408744860243 
-3.4285029097124067 -9.189994012662368 -8.837055309785924 -3.8991492501189953 -6.614107674035253 
-3.429949382343679 -9.190071576394416 -8.838161624256372 -3.8995987253208426 -6.615801248995453 
-3.574442044184863 -9.264805062959056 -8.935046026069926 -4.010604886770565 -6.738006696013628 
-3.477671169054503 -9.14434934354918 -8.773516985656826 -3.795353137954379 -6.581701208336241 
-3.418251841859501 -9.10027362330851 -8.742216623277486 -3.7399990072893985 -6.547212076453803 
-3.0678371273627647 -8.87011060801153 -8.402249414338073 -3.347193856749655 -6.156229107693903 
-2.9711799703817263 -8.826844357140573 -8.320418037451802 -3.2696338700429806 -6.051805823616931 
-3.005519432679307 -8.894783717043552 -8.381608548837292 -3.3778386637713 -6.099516403810156 
-2.712100422357892 -8.72952339767717 -7.995732546533304 -3.028380400024531 -5.641812488875331 
-2.7263207912696714 -8.687989680145392 -7.997610391897595 -2.9749103691097787 -5.66997589430818 
-2.782624341610827 -8.68420374109138 -7.981018843684325 -2.949308010053798 -5.672896036076395 
-2.3197027791374154 -8.270242427640639 -7.466011805198534 -2.2657877975245526 -5.132960063693886 
-2.371341756873136 -8.296650353517222 -7.500153026677893 -2.3059687017863126 -5.176770265367978 
-2.395116775738245 -8.309986311553075 -7.510878336423744 -2.3234632834605407 -5.190662115841377 
-2.0317784195430875 -8.054174175210406 -7.363816797773396 -2.0003607327003152 -5.024568850078381 
-2.027714207097162 -8.049805025892866 -7.357720207292402 -1.992509759264152 -5.018404317369402 
-2.005412920097797 -8.073173538137752 -7.3425546359610365 -2.0178774585253905 -4.981517230918797 
-2.041719512349019 -8.102014754770593 -7.348744062725757 -2.049855396426011 -4.986641512534376 
-2.058933888153362 -8.097431399874964 -7.339454484672856 -2.0358998148438445 -4.984404098149625 
-2.270044073814219 -8.198251732669263 -7.467048402348212 -2.1862122820603105 -5.153048051919285 
-2.0125168693443243 -8.078630937848985 -7.272226931566493 -1.9872099629070306 -4.900785560146076 
-2.2240607486754556 -7.94317673395301 -7.157067459539036 -1.7252328006915718 -4.914266722086225 
-2.131873941923118 -7.895637100283523 -6.95226632024189 -1.5851911951686617 -4.6734899928393645 
-2.1090426952164023 -7.883534627204725 -6.906810206575756 -1.5533876656634362 -4.619796353874094 
-1.9607487805915298 -7.809417188885618 -6.810122033279782 -1.4380606717031696 -4.493781666856023 
-2.2211250623032726 -7.926832273825923 -6.9744387153406535 -1.6220489555120565 -4.71541913363248 
-2.6198623527545237 -8.161185457916858 -7.109458260403002 -1.9248999117690602 -4.895970829039598 
-1.9556054894871977 -7.70349081032353 -6.717124587342624 -1.2629303965984064 -4.441323431599997 
-1.9637646415828414 -7.70636807952225 -6.726527527677675 -1.2695239092279138 -4.453505380802639 
-2.494500746229477 -8.105124483836704 -7.240895017242892 -1.9255194276991716 -5.02552527309706 
-2.35213938211065 -8.030105031359327 -7.211072522821937 -1.8391447514944446 -4.977768205159137 
-2.3616166010894233 -8.133379982397102 -7.430644576677267 -2.071789631604915 -5.17678731070869 
-2.6633540501278077 -8.431827250845956 -7.7067933359810326 -2.5226312107973 -5.446892894765199 
-2.595968699707157 -8.357214455225574 -7.635613754048464 -2.407746651094186 -5.37982938862217 
-2.437940676410051 -8.298153119941333 -7.606151665405548 -2.349429065306225 -5.3199101214470375 
-2.3442479851896962 -8.276182611707142 -7.570301105234151 -2.3216639329778133 -5.257248871512502 
-2.0414011017648477 -8.006171939348263 -7.217015488514633 -1.8629113661439334 -4.884998590709856 
-2.0087778562265015 -7.986183958099346 -7.168616692148987 -1.8197596062553174 -4.828438109939853 
-2.0945564464749964 -8.066026636333305 -7.194172926550706 -1.9178396625837735 -4.847227956434182 
-2.1191811680812833 -7.9724406667079535 -7.133346395964693 -1.7665292977767706 -4.83484235138954 
-2.154065942204255 -7.977175131498726 -7.14838261093 -1.7739758554824618 -4.86204850576452 
-2.6197741085480573 -8.096394879636804 -7.5927593473396655 -2.0750154593386867 -5.4673376675347924 
-2.7772732321234628 -8.074555020556133 -7.77360054634633 -2.134654533788151 -5.731738705776721 
-2.7786272373753036 -8.090085661454935 -7.795004356991697 -2.1642030489664563 -5.748558399712607 
-2.8471709301477404 -8.03692461870088 -7.692106440788621 -2.0365624701704235 -5.684398464680299 
-2.950263461589941 -8.166611337863301 -7.848083398085237 -2.2550163241315744 -5.831672752112425 
-3.0929450186037712 -8.139827161625817 -7.892331275215199 -2.236558891768084 -5.941950642647058 
-2.7486569063479465 -7.8688931180873425 -7.550459855293781 -1.7849399447433143 -5.571807875071713 
-2.431470776101534 -7.86975960693583 -7.317313278697156 -1.691248257597465 -5.2034003689958865 
-2.4642341614235903 -7.895088024066936 -7.329393040449503 -1.7226221000690742 -5.216373546799346 
-2.3289371373658696 -7.771195430632218 -7.253927585609574 -1.557196582257717 -5.143691401097499 
-2.589753852024373 -8.079301585963947 -7.396507554726455 -1.9555703883207798 -5.247033978980582 
-2.3662723967029535 -8.037898588451725 -7.376143251642446 -1.9281170174876365 -5.1643725967664125 
-1.7467235156195784 -7.771131425612239 -6.9119099497370655 -1.4689038693116174 -4.552339242507159 
-1.6669481031405269 -7.679290696710368 -6.825838768728374 -1.324130183593283 -4.47279240683217 
-1.887027573166904 -7.924144665476689 -6.94250519479985 -1.6564085057165414 -4.558096889699215 
-1.8808729552796706 -7.9480849130181355 -6.989856291736771 -1.7098906144492076 -4.597684991740181 
-1.8075800739426597 -7.848652698415904 -6.837172008141181 -1.5250350896930627 -4.448043447619668 
-1.631889762333273 -7.766908874891186 -6.828181810317631 -1.444653203052269 -4.4174267599539405 
-1.6486277282348851 -7.773087130998107 -6.813904078007241 -1.4432003976281749 -4.403718541056364 
-1.5626794786321767 -7.811951394276605 -6.906544449930834 -1.553686796025275 -4.459655923308091 
-1.9643032541740268 -7.893892339194565 -7.257539410122703 -1.7598838155522145 -4.960345189594605 
-1.783045888797048 -7.756266507913608 -7.156716120096135 -1.571161807040113 -4.851377556703213 
-2.2073424928068306 -8.074655013078896 -7.139451138381318 -1.8845056487343044 -4.821181814931492 
-2.4918823824412044 -8.12702098869687 -7.283339342336959 -1.9722181551905038 -5.061191250174048 
-2.4760037301206523 -8.113731697315046 -7.28314372154891 -1.9580031947763672 -5.0618613251397875 
-2.4022122536357244 -8.059654871456488 -7.236261472420608 -1.8801429360310777 -5.009457165279457 
-2.3920471386971656 -8.033859665425254 -7.246568494704718 -1.8548334293782318 -5.03028400202669 
-2.4073841033425083 -8.046923404258592 -7.247735439591622 -1.8691781487434582 -5.03062804227261 
-1.855284080705502 -7.84282751807271 -6.930882054811747 -1.5510847052523786 -4.575828656721754 
-2.0543628458029985 -7.9916520870631444 -7.100010678363844 -1.7859982253631301 -4.763693909774403 
-1.924096992716727 -7.897901142286173 -6.964069875006544 -1.6255649964403744 -4.6099856919940265 
-1.9131849780356731 -7.893540183070456 -6.960542737857523 -1.6201826180330272 -4.604276581697576 
-1.468575450240678 -7.532338384980719 -6.588002314605731 -1.0567267000067062 -4.205566452587121 
-0.7223910293692057 -7.104742078751073 -6.149258404904401 -0.4186029136139098 -3.658771374622958 
-0.9714223685334957 -7.294060944755358 -6.340796659378142 -0.715529073180079 -3.8686315345634483 
-0.39419187682848644 -6.914174156938856 -5.913979228414661 -0.11219083235977223 -3.3708996786398586 
-0.38351687307427085 -6.911179762101725 -5.912238419386554 -0.10931563605755912 -3.3667476541767485 
-0.8868125890124503 -7.331059285872797 -6.157637566094564 -0.702581996423433 -3.6043450463043456 
-0.8688898791568818 -7.315421808333284 -6.130593350725235 -0.6731383037817977 -3.574724316448311 
-1.1012357653651463 -7.401053752892025 -6.27729001709227 -0.8093336682150891 -3.7835636720712955 
-1.086150601236099 -7.407142621828726 -6.252142485037041 -0.8102147304363427 -3.745401830387692 
-1.2506654230795533 -7.377891931367543 -6.433276640025042 -0.8201195153893082 -4.0304586747017765 
-1.2734424053938938 -7.484416081298022 -6.43140849345707 -0.9572144325254612 -3.9800001137420224 
-1.313277597660658 -7.526543057970031 -6.404647667271107 -0.9963519403205083 -3.9406618553712036 
-1.0655793733926942 -7.0853936413593885 -6.09280817702971 -0.31152713044785685 -3.7259343264138067 
-1.0289782733088941 -7.077504060833249 -6.097701161243151 -0.30845875486805596 -3.7224667494329253 
-1.0298003112111331 -7.073094693048716 -6.096953584027617 -0.30218891461581165 -3.724213556600489 
-0.9747898907771031 -7.104167772517599 -6.1088026958025665 -0.3567855086642453 -3.7017289315791118 
-0.9835519451464307 -7.082333312109412 -6.116748359053233 -0.3300048506566782 -3.7255029416223095 
-0.9496861234048737 -7.144389343683343 -6.204888946672028 -0.45747372588176916 -3.7824712504731366 
-0.4537215398378578 -6.749845946242459 -5.609238593909907 0.2566274513139888 -3.1244945093566656 
-0.9045506019966041 -7.057536458050137 -6.108542899818161 -0.3056983977560037 -3.700835545490321 
-0.03233605151213226 -6.674983724608708 -5.7238539788389176 0.23564680657580084 -3.150896912299814 
-0.004719174797301662 -6.602425200764827 -5.636765588934736 0.37176388095834056 -3.0778616471025373 
-0.6258621865860761 -6.941597162910895 -5.9570053166338965 -0.12747415352045266 -3.4877945935144083 
-0.5611891833814298 -6.881122932790703 -5.894471405108575 -0.028387598126172975 -3.4244008644205337 
-0.525444346599329 -6.865819992152723 -5.875407638828989 -0.005075050172891338 -3.3977513160207877 
-0.3808378375495636 -6.826052399978437 -5.77036125589315 0.0711858880314935 -3.245403607739931 
-0.0717122687663192 -6.446321035312479 -5.506720723055935 0.6580918946980319 -3.031994858651103 
1.2094001604883289 -5.350657401250828 -4.440482505193401 2.4789181748420646 -1.924120126431589 
1.30818432729383 -5.5112394502425275 -4.552328737167471 2.1807330627160724 -1.9370725956225812 
1.2589959065096963 -5.474212786710979 -4.522448611111457 2.256556997643557 -1.9381427487794696 
1.9879857602879554 -4.852188781898661 -4.227567824738614 3.155109471079868 -1.6760592734429451 
2.4450272010727474 -4.578588336607027 -4.310014337641249 3.3705773623476887 -1.7675876886234931 
2.4033642724644153 -4.636532659760647 -4.399153434141937 3.238722587230967 -1.856294204237713 
2.144952830689448 -4.739863445841934 -4.555269023838974 3.0455211794201205 -2.0653822337019534 
2.1632435820341414 -4.748226046203968 -4.5558249084891145 3.0308751544676227 -2.056647002196172 
1.6767872843402927 -4.780514278022238 -4.605149392070231 3.047871625976171 -2.2450429240967935 
1.682033271388221 -4.7768811212970235 -4.6011992478368455 3.054299841102676 -2.2406062676010805 
0.7249313951924137 -5.140042325715967 -5.007594400664644 2.4724848152478813 -2.8337189393048874 
0.0627483284476682 -5.558306054080134 -5.1980038705574 1.9312025636598804 -3.0732154629875623 
0.002652804440089085 -5.612385327115192 -5.24485589363745 1.8443435042777168 -3.1205716286757337 
-0.43251291721904295 -6.003261614991715 -5.51364041852915 1.2628690765228612 -3.3857794136126245 
-0.2424650623460849 -5.8323355856101955 -5.302815627715759 1.5697149767810572 -3.166275400411152 
-1.0293677149919347 -6.068816298012578 -5.65511300796814 1.144392315657356 -3.720595662257338 
-1.419189960969888 -6.2955196085303555 -5.9089255205913105 0.7624669345358939 -4.032143972297021 
-1.5387451218460484 -6.391789751448542 -5.966065644005056 0.6276453484624795 -4.093591965869123 
-1.8746351509034582 -6.188372534316656 -5.853286460748123 0.9010196902031424 -4.187420582861222 
-1.8640881098177573 -6.193751362542287 -5.853912609213694 0.8955680184764674 -4.181816735253761 
-1.813053791199252 -6.190997541869024 -5.8131261901026505 0.9219748334124773 -4.121214307954347 
-1.7012286397254144 -6.415792176250463 -5.739899327363247 0.7116363721795409 -3.900505712834942 
-1.6988477794115795 -6.048339868137518 -5.636834946454243 1.169754391164716 -3.9557064631278536 
-1.4976276222717217 -5.894641457568227 -5.321253256541709 1.5021802638035098 -3.615872674724045 
-1.481327326193636 -5.882242135422558 -5.318722250403312 1.5182968059282587 -3.612520174834529 
-1.5229032998307162 -5.896517457679138 -5.2780402265750155 1.517839191305967 -3.579287222577946 
-1.4311400617449976 -5.817851743873732 -5.294332417483716 1.6048262088236953 -3.596417732790485 
-1.4377921147359984 -5.80467930868852 -5.287612304239161 1.6222097481133204 -3.5977338884665357 
-1.4131216363278298 -5.798305345436944 -5.257599800220959 1.6450813188145617 -3.559631729738868 
-1.471451868418626 -5.798015842882208 -5.276583201925973 1.6324374529404793 -3.601955824550359 
-1.3672874613783108 -5.837792891204515 -5.3120617435439215 1.5778942552207127 -3.5819840228785296 
-1.3639821150734832 -5.816784239445681 -5.385093341227886 1.5654547340709115 -3.6670432261794446 
-1.3235775793592666 -5.8390731984052024 -5.500197591179699 1.4828247241465817 -3.7636465636745555 
-1.2534572602311016 -5.78949973030447 -5.44643237355821 1.5677039200911906 -3.7027123957794714 
-1.2775204062114227 -5.778725776418909 -5.441264145653619 1.5813255818627567 -3.7107946706376964 
-1.242390872836495 -5.682712729566006 -5.346494339967322 1.7373071180133053 -3.639727035520707 
-1.2902614095627456 -5.768301206893668 -5.473433066566841 1.5745871189695464 -3.753876912048966 
-1.2301908411252072 -5.735502131614936 -5.434251483840299 1.6333943985283241 -3.704771346040033 
-1.2765601813553076 -5.772039445845309 -5.420671777547767 1.5996242087297645 -3.691639826377312 
-0.6545961964324363 -5.265176458235587 -5.101522271911875 2.3458126916492006 -3.3475004747273545 
-0.7465495038298968 -5.722957759974761 -5.429890386200441 1.6514827725523276 -3.531832489646689 
-0.5967603841197899 -5.60211701998692 -5.3432406239803925 1.8328680016666539 -3.4392094736472245 
-0.23085857517948227 -5.361176906214212 -5.157879951644617 2.2016883830193734 -3.2180660409579076 
-0.6175739444051942 -5.623713005950464 -5.1780722555196235 1.9034541294079759 -3.2586968392588744 
-0.4829044919984966 -5.535921076607309 -5.053803039311333 2.070239418221817 -3.115731575663858 
-0.6677546966445789 -5.701474964871437 -5.153794654307248 1.826377326222385 -3.2150145034649285 
-0.6987761477864467 -5.422834266035352 -5.108180524535086 2.169354771797046 -3.3023779221073966 
-0.9008622244445093 -5.577617857208693 -5.488043650234999 1.7743077621580312 -3.711053330174437 
-0.7050264316578847 -5.318607617890422 -5.197727971908137 2.2291695113959236 -3.4444014312132083 
-0.8012271896055552 -5.410112590556494 -5.290700123093885 2.0736958480759 -3.5379857255005476 
-0.7596682339944607 -5.386861043283403 -5.265947494341802 2.114075196705855 -3.506958756443396 
-0.8721935817892472 -5.35387974741748 -5.254249114622738 2.1533778980086993 -3.5484669888110147 
-0.8544980343683903 -5.438956878926916 -5.241940258441019 2.071563445756368 -3.4932065936326353 
-1.095374287448763 -5.752109028287094 -5.393240494715158 1.6413139710052889 -3.604880888357357 
-0.9003483585023702 -5.578761900981448 -5.400376274031913 1.8272330370207328 -3.617470565522254 
-1.5081141529169315 -6.009928177228332 -5.688771196790057 1.1918524340437244 -3.956105470918075 
-2.00708167713978 -6.238505576521959 -6.185760259541297 0.6577857845094996 -4.561329609555116 
-1.7986735064851729 -6.01419430125209 -6.036536904843189 0.9746857317895063 -4.423273806340859 
-0.7547540283504617 -5.210599258504871 -5.394224635669943 2.2079216311094996 -3.712668494567737 
-0.6386709236335832 -5.084206003041473 -5.27014468787192 2.420860187526813 -3.5937584769819324 
-0.9465946639601128 -5.3230915509682575 -5.454879977350174 2.052387817197655 -3.79718766829194 
-0.35173254672911014 -4.965751118049013 -5.241855667976139 2.5582475368466078 -3.5139880625586386 
0.2491596423447504 -4.611700483427782 -4.994763335106356 3.081971073005917 -3.1958654814981458 
0.12130788873830056 -4.546646625855175 -5.025333028807239 3.1229326541405698 -3.2950095905583225 
0.12299532972077998 -4.549473195158839 -4.954707918558356 3.178475746224464 -3.2191417439590992 
0.1646614345370665 -4.515799151167613 -4.901302043770357 3.253393084569666 -3.162504398442181 
0.24420213755460907 -4.388435015975972 -4.849992576041586 3.4161913892223197 -3.1322236722654537 
0.09350561040015748 -4.495243227558149 -4.795840690693623 3.3569328410826813 -3.083374177211951 
0.07418886403331726 -4.502533721809925 -4.803386490542479 3.3438769772771337 -3.0948666459772056 
-1.0904080396435347 -5.434565152578941 -5.498241412892241 1.9097911133199972 -3.8477081870647396 
-0.6598532376388135 -5.176203780511628 -5.147441918606205 2.410655030232604 -3.4351096210435514 
-0.4430186874187143 -5.2016530364272455 -4.98278689533457 2.4893899476069805 -3.173618771540262 
-0.7148559990428822 -5.488905671953432 -5.2417775201443675 2.0194431601827887 -3.421658491988012 
-0.7823276395109815 -5.516533967656102 -5.2936032353020295 1.9585398427033311 -3.4888790368045193 
-0.8471223753909101 -5.395466574482086 -5.1347076591348895 2.18068627066323 -3.3959785799925157 
-0.9256625435752 -5.315323221341103 -5.157938915109881 2.249467764508978 -3.482903527091665 
-1.5966805273885427 -5.665022910068274 -5.706942945931829 1.5270415997780162 -4.15141957505719 
-1.9671428242423445 -5.685488506977308 -5.811182591671084 1.4113816527570577 -4.384680135688271 
-2.000856285646151 -5.9112612279004395 -5.903983061372031 1.1413939908938744 -4.402005545929811 
-2.0215600391128277 -5.914746597019388 -5.893357633725913 1.1425060457200402 -4.397389567414692 
-2.1135527623499115 -6.6042304286637545 -6.185215477938399 0.28144562242634663 -4.4439650027692466 
-2.253722244196382 -6.860162340587138 -6.376137443827531 -0.09168925468868849 -4.584638017553175 
-2.482681658538823 -7.207159506057636 -6.785873925211689 -0.6719846018272619 -4.950373308291063 
-2.435089078464941 -7.170361151063659 -6.763932131599603 -0.622333333584848 -4.925939392656545 
-2.3073337864910854 -7.142864324621584 -6.669994012671481 -0.5473323793194567 -4.7908377521496135 
-1.954375863338086 -6.9493618028166395 -6.631629508094505 -0.33332578955139525 -4.7092757463374255 
-1.7760402227056176 -6.766289317573666 -6.537451769004264 -0.09347171962723166 -4.626061682720589 
-1.6873052713854833 -6.736939028891015 -6.468735053822201 -0.026403557162723246 -4.533792257586171 
-1.5047184329065715 -6.482534171575878 -6.177159754691218 0.40955358286504406 -4.267868249085282 
-1.2836692335944377 -6.359512956694914 -6.089826214696757 0.5832724325048275 -4.15047099353248 
-1.3925921616100965 -6.739714093891962 -6.085505162902265 0.1602975586329478 -4.009154080625976 
-1.4072214759991937 -6.76517965372517 -6.115091066974529 0.11636131711767916 -4.034899022508554 
-2.072476637731384 -6.9614368167525384 -6.405184660058239 -0.219936091510462 -4.5023199616982055 
-2.08453328313729 -6.995799451421831 -6.385955619324292 -0.24897328000044183 -4.470129492277593 
-2.1315667325513914 -6.975913719979133 -6.40178506767424 -0.23298632699523125 -4.5138927288923725 
-2.243925780928123 -6.949509363045834 -6.423675709009359 -0.21270119513691554 -4.591296830403465 
-2.59207816091633 -7.1346693581730705 -6.747755874343341 -0.573863873360267 -4.982492086357624 
-2.8669519447338843 -7.396866645199907 -7.18953965331616 -1.0810196992033525 -5.435904541225554 
-2.845854934100686 -7.341382323485263 -7.255526152766478 -1.0661515536732935 -5.521433142414395 
-2.7117479821224606 -7.2391013816888545 -7.135279399233994 -0.896731574193609 -5.390085753817289 
-2.895475366187597 -7.532278925500421 -7.333593747862821 -1.2993299563014915 -5.540198747442105 
-3.0761154299026714 -7.591239695760635 -7.328894404942545 -1.3501440244603486 -5.575261347752431 
-2.9076723776099413 -7.559489981069049 -7.179590963149508 -1.240605375067588 -5.369161164472587 
-2.9088124547116507 -7.560361466987388 -7.179628049874424 -1.241502471169511 -5.369233101917175 
-2.9389307786567684 -7.574636847624461 -7.201948454579934 -1.2673998240446878 -5.397720718628506 
-3.053052017479118 -7.639224394347039 -7.213241887343713 -1.3380813283322368 -5.423248179525302 
-3.1327397844712834 -7.681192790601003 -7.341421445586789 -1.4470354479485223 -5.570050539866301 
-3.4248102791756736 -7.935315386986247 -7.5773127856475355 -1.8253755336964304 -5.8158614871178 
-3.309244805647893 -7.871883081438966 -7.479238096583373 -1.7117320731420733 -5.697168688803501 
-3.323771016622203 -7.9019201121594875 -7.536346424956008 -1.7722740292294787 -5.74978435489875 
-3.7011768624219172 -8.146809293160175 -7.77734036695054 -2.1388404962737866 -6.0368892511593515 
-3.68516466099004 -8.19480390318735 -7.699534698133917 -2.1495191011812977 -5.927315063021112 
-3.4867873413916897 -8.072063074897585 -7.615084200941482 -1.9844094346550065 -5.8181973533169185 
-3.48399772470286 -8.076677017020018 -7.617316660854442 -1.990444365377698 -5.817452197920218 
-3.41795408890313 -8.061046342885291 -7.715238649374513 -2.0279150489825923 -5.904006857942008 
-3.3303809022869757 -7.99245226069894 -7.65973475717 -1.9314455730445133 -5.843215558327415 
-3.4766569283132753 -8.060162955993846 -7.803766102246584 -2.0733587163059752 -6.019812234085791 
-3.6446328339397525 -8.195884015147328 -7.980479317876529 -2.3010160067818504 -6.209002972973977 
-3.5060225951430937 -8.123973739117133 -7.912012620441942 -2.197571899342563 -6.117412748908521 
-3.4938097879102514 -8.131506075364484 -7.892440935551065 -2.194406669172949 -6.088958908835053 
-3.25612100868301 -8.041139972870965 -7.615885017159201 -1.962463081041605 -5.74739561752817 
-3.3717919018550475 -8.09149146736705 -7.764853702048015 -2.0888014049134824 -5.9264569487208405 
-3.366321290030811 -8.106770855476611 -7.7820612759526995 -2.1143992943209753 -5.936048244652341 
-3.0870859212453468 -7.837872551156565 -7.702885716270046 -1.8154488489169438 -5.869044882303456 
-3.4448300904739284 -8.030993019118853 -8.023739050621515 -2.18035342847341 -6.253374624366458 
-3.4931833331247333 -7.8639449309739575 -7.807443873917862 -1.8846307052882736 -6.113394693662528 
-3.4756687680159075 -7.869421429233341 -7.801877742849882 -1.8869063174895473 -6.098965899696424 
-3.503143268808259 -7.912786929509409 -7.838381276480121 -1.949269724123198 -6.128906858336549 
-3.801925771207607 -8.438531262352768 -8.273480282647398 -2.7019837275303757 -6.471153855544557 
-3.549734321455105 -8.32230573890692 -8.080379556590259 -2.491335001356518 -6.2256909005728716 
-3.4857540443441195 -8.403770677444484 -8.005129809464364 -2.5380696088622727 -6.08545586183692 
-3.6217577155124587 -8.49058988274571 -8.125988061200047 -2.6837390919832558 -6.225674896317443 
-3.410947300828468 -8.048647150599223 -7.700415432906709 -2.0074899675636573 -5.891164764467149 
-3.313550974692859 -8.014902169531581 -7.648269268666951 -1.9491797965048931 -5.814868567271631 
-2.9392959788544744 -7.618905198389115 -7.310478784707826 -1.3722667280612768 -5.493713355223591 
-2.79910307487323 -7.378875239071903 -7.041763678285264 -0.9817468530695663 -5.2627029162902375 
-2.298641099923316 -7.119593360891372 -6.6663720129242705 -0.5203835273572821 -4.79430718348965 
-2.34662877045983 -7.137525464288601 -6.695371451204224 -0.5534717616925633 -4.834900433485558 
-2.3500933377174817 -7.132114363005883 -6.719865436058058 -0.5604444547096818 -4.8648350914101 
-2.548599708133736 -7.200130928149861 -6.7912318558144165 -0.6659466163858809 -4.983509305991234 
-2.7810294310674664 -7.441345138044554 -7.116828422345122 -1.0876383959185318 -5.3082629974259845 
-2.692686415275247 -7.468643405975243 -7.073825125349501 -1.0961082349744657 -5.217998961751661 
-2.795578606194283 -7.49090119209302 -7.012425798676759 -1.0844935068812163 -5.180279713897917 
-2.91608826092596 -7.6344952421891605 -7.052253720806078 -1.2566463559043086 -5.20250060071983 
-2.9371424536022346 -7.8105445644439015 -7.030433581327642 -1.4438576392080194 -5.10445597844091 
-2.970014199923085 -7.842522783644327 -7.0651907799089315 -1.4942444684571257 -5.139367734250598 
-2.8634328074172117 -7.788728485949392 -6.989479044352677 -1.4040930961898965 -5.042324561371387 
-2.86434748029599 -7.792173176961484 -6.992974216528992 -1.409534589716671 -5.044811369089061 
-2.93103519362991 -7.8192646078319825 -7.041425962501691 -1.4588165818917247 -5.109849374984222 
-2.802972670740516 -7.804240036097795 -6.9217994132233684 -1.3968692950961952 -4.937957639677833 
-2.7969200272286656 -7.799486999968323 -6.915927503463379 -1.3891334416250913 -4.931547072431314 
-3.8831744174499363 -8.632995138635607 -7.79232106113011 -2.6629870004228167 -5.898686501631346 
-3.96120120122859 -8.623316626839397 -7.800387912543059 -2.6524420999543565 -5.942548523192528 
-3.9307154112295706 -8.558322828756147 -7.771011783658565 -2.5685967150850075 -5.930052549421589 
-3.902887999048204 -8.514974059163436 -7.761355150044224 -2.5171443006729532 -5.929340273251384 
-3.8120509443612036 -8.426396581184804 -7.728094742683396 -2.407747195908641 -5.900087242031688 
-3.882229393242497 -8.463643017659592 -7.822626170819419 -2.487969097071968 -6.01066850135912 
-3.6246613158578214 -8.352209955720255 -7.591481122592356 -2.2728249286189595 -5.716181733111242 
-3.6366646078238034 -8.399302188217447 -7.660616478033305 -2.35466458072608 -5.772850717571117 
-3.6380588992527976 -8.399164217821237 -7.672192080916773 -2.3594596317174705 -5.785909260029044 
-3.708597804456275 -8.67262322881254 -7.802352633436257 -2.7224844649327054 -5.822461347112167 
-3.673222933814273 -8.617277338324271 -7.765895365946449 -2.645594922296908 -5.796130197960139 
-3.3817811149403383 -8.587868419096651 -7.663898319113301 -2.5929255653807957 -5.586819432612344 
-3.366662501633826 -8.57778309317186 -7.586172686138255 -2.551279971279314 -5.500214541757671 
-3.4828767793475777 -8.656662126533519 -7.665064009530241 -2.667248156814466 -5.5924674432432795 
-3.4752612556955 -8.663150788515637 -7.671943600846362 -2.6784898927198526 -5.593836116685679 
-3.234603492494017 -8.472093318152474 -7.579611609250705 -2.433199602949742 -5.495422972007617 
-2.62481448282891 -7.900163118658227 -7.030831588312452 -1.5686641642167842 -4.942613402310343 
-2.620723629792309 -7.886292830132675 -7.0141487687978525 -1.5451582408686022 -4.9295124193425295 
-3.348390050926355 -8.23481594894318 -7.347860023452768 -2.0496518175537233 -5.40235120118632 
-3.340254817207409 -8.191756959721502 -7.348418910127521 -2.0001891798825255 -5.420697271142288 
-3.2055935822536696 -8.015940226134546 -7.187771538146549 -1.7368331740920269 -5.2795122715056095 
-3.1661458260250726 -8.0114552340859 -7.206271209538471 -1.740646326163116 -5.286418322107451 
-3.15319207442127 -8.000588970036318 -7.18778265500174 -1.7209292189503742 -5.266644040811613 
-3.116982109607818 -7.971415866034249 -7.145571701554701 -1.6711327445666058 -5.2210276977908165 
-3.1249685067256223 -7.9643140052596095 -7.119717796125769 -1.6520861561254065 -5.199562200479107 
-2.7110534026616193 -7.714543821857134 -6.835340448121499 -1.2595177224856684 -4.852134589642006 
-2.7307353019343736 -7.681026599052572 -6.926317143264228 -1.2578411651773536 -4.974867499418423 
-2.723690397398613 -7.616099445233047 -6.868937025060362 -1.158201816057101 -4.940954097172636 
-2.7956651916753685 -7.8155793931209985 -7.003498122704627 -1.4445618527817174 -5.0187630826648615 
-3.3922399235567013 -8.243188958788963 -7.335209308132775 -2.0526762454432372 -5.401642659329923 
-3.3718769522566703 -8.260076869161963 -7.306641044691347 -2.0624209818950305 -5.354375859798068 
-3.2779708853625067 -8.356971147953672 -7.512935964975796 -2.264552797577366 -5.495501330612143 
-3.287797245545107 -8.36169588797992 -7.513685850839181 -2.2696752471934616 -5.497758235858555 
-3.3295568431326217 -8.366428247726773 -7.5354105260343545 -2.281284945440845 -5.535155360050297 
-3.704162121819948 -8.643916629680163 -7.7752592543457695 -2.678330176145323 -5.805280006730385 
-3.6506379494063026 -8.607167883126664 -7.74068680417497 -2.625041096960814 -5.764895238703332 
-3.8667387485886167 -8.739268781950003 -7.874038051472041 -2.818521123497618 -5.929195106915927 
-4.306235953745983 -9.109069902040133 -8.120279561884487 -3.317666588018213 -6.187626553485472 
-4.445629086814492 -9.134719219921863 -8.086053312375 -3.329450840457014 -6.193851293191656 
-4.284952980664357 -9.052693899291413 -7.98391850489044 -3.2045907119025827 -6.059367996143052 
-4.388831118684067 -9.166236721928911 -7.985466357189409 -3.3368461307508 -6.045985860732955 
-4.581012487757903 -9.356587180473326 -8.330185074077349 -3.667610209945309 -6.402069338511609 
-4.5939783490954795 -9.348711884582698 -8.326284966587394 -3.6562690853688196 -6.406970631767322 
-4.614668032925621 -9.356766466004999 -8.337564556079172 -3.66854044403253 -6.42348786374626 
-4.7571336095339944 -9.480603085757195 -8.469970104680641 -3.851938645817498 -6.562483956558907 
-4.521027527147567 -9.288335668393188 -8.243440803477768 -3.5604254232628136 -6.31799177940006 
-4.495824127436379 -9.246674532036891 -8.228916702277346 -3.507681061270887 -6.312863448182995 
-4.667195153252365 -9.444652791972175 -8.354047459507356 -3.7750657862336823 -6.4186208160489855 
-4.733188620941078 -9.437270436317078 -8.321073697907977 -3.7522319522721688 -6.413466372659556 
-4.888166108178638 -9.53716117745526 -8.293981771193799 -3.857878329077707 -6.3975355651579235 
-4.917206457834368 -9.479431816013786 -8.264497320887315 -3.7795435307700274 -6.407245955843038 
-4.636339849944392 -9.192492833907394 -8.059744344853485 -3.3841215783171066 -6.214767516734383 
-4.6451244150350846 -9.20132144835712 -8.066150191817329 -3.3963384386312327 -6.2208658671847274 
-4.7708794283517335 -9.292316114547205 -8.166991663164055 -3.532199068726314 -6.335636268703041 
-4.409038653846906 -9.146692497559542 -7.901132952976283 -3.2873693716206844 -5.972725187229599 
-4.12001179061032 -9.016399416942491 -7.709716197900292 -3.08322054026317 -5.711825920188659 
-4.277372300276042 -9.171662669335205 -7.868421923975859 -3.314372340119263 -5.869619764822517 
-3.9121405480657785 -8.891873767986908 -7.747910083861669 -2.9515588800104524 -5.733393741312597 
-4.079659116391056 -9.030655377579677 -7.893031372246114 -3.1587436441308654 -5.888800264061146 
-4.079520158691665 -9.040239956686108 -7.9025856848184475 -3.173618683155155 -5.8943123152585315 
-4.068779174270745 -9.056270652274037 -7.869983768216272 -3.183510558796087 -5.845988355906442 
-4.123170649874481 -9.083255773739182 -7.89402693827283 -3.220917099862902 -5.88046568623983 
-4.325203618730654 -9.283716586570392 -8.032883769884862 -3.499014868170761 -6.011230784372827 
-4.161762048874323 -9.25998896693963 -8.079673026842272 -3.496825197752443 -6.008910268834839 
-4.127206504562565 -9.267585586557075 -8.069702880724435 -3.5063158142535684 -5.980065111770415 
-4.064233024675659 -9.275571516245549 -8.048685657323716 -3.5159487353427323 -5.927302763950749 
-3.9376368767792087 -9.328010175981348 -7.983422743955401 -3.5784096362573052 -5.775359738836229 
-4.0243920854633615 -9.34933210601659 -8.020429090067026 -3.606929854840473 -5.840382623281386 
-4.026543726416648 -9.348107839478075 -8.022914791603483 -3.6058121328030097 -5.844698649823599 
-4.051376147373901 -9.359906813355664 -8.065242036527877 -3.631058338159221 -5.895779118033076 
-3.960674050079362 -9.31487333251458 -8.009489318065363 -3.5661164608225135 -5.8210273463934925 
-3.9178481965978307 -9.292510705566457 -7.984761224444256 -3.5345092422242317 -5.78812153935371 
-3.663595922831263 -9.21591660374665 -7.958106169706838 -3.459670396791921 -5.6984061727256545 
-3.5776067743275206 -9.229990767262535 -7.973141257205043 -3.496756957440226 -5.674121407200886 
-3.608752289149507 -9.187931332098785 -7.990454271798356 -3.44210815196773 -5.728628381135792 
-3.592558867737381 -9.201031656446062 -7.980543105962838 -3.458430097112739 -5.7040469347730465 
-3.4355428238608425 -9.061096473028527 -7.799462969229239 -3.2358273592838884 -5.512841794456833 
-3.286458925013676 -8.900342668323859 -7.5792612917482245 -2.971280463931805 -5.29153794811117 
-3.3710270921082213 -9.069035212752055 -7.73288715810736 -3.2349025800736513 -5.407321576347073 
-3.5945972148829384 -9.193261446290393 -7.925015847110018 -3.4290978058322423 -5.646044388385221 
-3.571027969344243 -9.202144245544758 -7.947382878356578 -3.452036451333413 -5.657387884267791 
-3.6031282928603474 -9.221558018908041 -7.971943740161407 -3.4810223590701526 -5.687318714998838 
-3.902898006259008 -9.333981437786065 -7.983195548508405 -3.590700489193253 -5.757870357353582 
-4.631264259852813 -9.719867642852051 -8.5204807017804 -4.168361853068532 -6.445237949570057 
-5.00781949843703 -9.908766956783808 -8.734707431955513 -4.434213905809045 -6.735509994993905 
-4.619628087780455 -9.775013134129594 -8.483873002442266 -4.228261498897055 -6.370868110731905 
-4.716899821015389 -9.875908534816858 -8.582132799706727 -4.3758947316164125 -6.46593396193154 
-4.378738143238152 -9.71901244519178 -8.445978698564076 -4.174521284425694 -6.261169416499271 
-4.309816432857019 -9.66956306929545 -8.371199416242021 -4.096186886406912 -6.176198532528787 
-4.355728698088669 -9.693425454371734 -8.430096824792173 -4.139389820660881 -6.247867059419534 
-4.4024669103911265 -9.707097768019736 -8.483150263373318 -4.167727418759938 -6.318646993863879 
-4.427874960327557 -9.791378278416715 -8.542441395780884 -4.2924407958994095 -6.350215172432627 
-4.429042118344867 -9.791458082243338 -8.542934082174511 -4.292532067262172 -6.351191268536553 
-4.495479764865166 -9.765506652030155 -8.476914222489313 -4.228911659035376 -6.317848285377124 
-4.377843182845723 -9.70902135319703 -8.414928891219631 -4.151966113191804 -6.231365168817106 
-4.290492464821639 -9.662313019859042 -8.375713296912778 -4.090769228008099 -6.177421032488638 
-4.341194606088266 -9.684359698530542 -8.408460180246422 -4.122774663949684 -6.22264716678437 
-4.680523132145169 -9.832494962137787 -8.60287416368567 -4.33107301045257 -6.497238684075782 
-4.7003647815590455 -9.84601574574171 -8.61711723151113 -4.350378067912743 -6.513924285479419 
-4.6962826364585055 -9.845181203137884 -8.612245175719352 -4.348267312918068 -6.507310061951642 
-4.692491259895675 -9.84335662473849 -8.609257928868246 -4.345459610514126 -6.503426143526497 
-4.463971786762784 -9.676826993679185 -8.396459629698967 -4.093659177061298 -6.262731515574458 
-4.388982092649698 -9.586643403362643 -8.234853911753632 -3.9379480662180555 -6.100412774340768 
-4.6362340224482494 -9.614708647008385 -8.30657754373793 -3.9711651521831044 -6.2664855726714705 
-4.7465898569768115 -9.69005682642755 -8.463900078053172 -4.102745676771505 -6.445299261316848 
-4.926037081969966 -9.79232148514562 -8.66237737195975 -4.276054089438389 -6.682910429438934 
-4.926552368515189 -9.79320795380275 -8.663614559518933 -4.277489185559588 -6.684017285757577 
-4.7755075993509735 -9.714514687447846 -8.624439656879787 -4.182052056164963 -6.6203622176445975 
-4.716407237354318 -9.69273394494543 -8.529279888616756 -4.1291402658831515 -6.503409491592521 
-4.71697319330886 -9.692777248031064 -8.529834366177994 -4.129321783067127 -6.504224788809694 
-4.226302439151425 -9.569131099136229 -8.476616160865959 -4.014408290938633 -6.314411678311217 
-4.286854904442819 -9.593493293701542 -8.501521751804617 -4.0455962650944315 -6.35318455044613 
-4.265045889044117 -9.60263571103279 -8.448377568823275 -4.041231265202811 -6.280515625215273 
-4.013459460377845 -9.338837285774233 -8.027887855659287 -3.5967141676225225 -5.849991458216138 
-3.9148912682121733 -9.242450685161401 -7.85144600501593 -3.429905336803756 -5.664309435783892 
-3.909198009794295 -9.239228621685243 -7.845595981460164 -3.4246308336530404 -5.657177088562207 
-4.055126445148844 -9.292818985328111 -7.945161203081909 -3.507760575289396 -5.799070276061542 
-3.794495684629709 -9.120955688994272 -7.818557217218526 -3.2738798330154424 -5.644412826266233 
-3.29218582662223 -8.718644329773724 -7.391204471263748 -2.6705083023032046 -5.179778476003705 
-2.707649236300881 -8.429205253548844 -7.0184106349012865 -2.2379814610568616 -4.682693610526897 
-2.65343480683849 -8.408087021299238 -6.9771629321595015 -2.203879255792998 -4.625725050571717 
-2.597656378152223 -8.335107576124955 -6.8796434396167 -2.081922670562264 -4.532552608467682 
-2.960676389492761 -8.43660473631337 -6.772220015298998 -2.1584035378646433 -4.5003611899664975 
