1.1079308622632428e-06 1.2192759588883793e-06 1.075984786377917e-06 1.0361115997983476e-06 1.0457067399990116e-06 
1.1062491248479075e-06 1.214356620479209e-06 1.0745622853739415e-06 1.0316547362957627e-06 1.0455459384301095e-06 
1.0933090531169997e-06 1.2003699749028305e-06 1.0595655157168136e-06 1.018144329380375e-06 1.0311772242501247e-06 
1.0925130564450178e-06 1.199648294196436e-06 1.0592894107212995e-06 1.0173210836409326e-06 1.030806352138184e-06 
1.1076819396736707e-06 1.212173425688445e-06 1.0718266296154728e-06 1.0307786557117767e-06 1.0447635251741166e-06 
1.1080203341331261e-06 1.214440437708876e-06 1.0727064571733778e-06 1.032629209561612e-06 1.0448079778034605e-06 
1.0979814316445455e-06 1.2038555266781384e-06 1.0628128163487473e-06 1.0220812560133047e-06 1.0350856885030027e-06 
1.0959498557976256e-06 1.2020025454388113e-06 1.0608231104320923e-06 1.0201855407979074e-06 1.033013397074658e-06 
1.0968176591491617e-06 1.2021095340875465e-06 1.0611866856181464e-06 1.020508174117976e-06 1.0337450683748415e-06 
1.0983922441453423e-06 1.2025829510777517e-06 1.0598430934633464e-06 1.0216791989510122e-06 1.033200944816153e-06 
1.098010718549824e-06 1.2021548764879625e-06 1.0592954484484662e-06 1.0212874771269296e-06 1.0326909933796193e-06 
1.0941098678215855e-06 1.2000922046340605e-06 1.0539801627037836e-06 1.0191882317833266e-06 1.0267961749061812e-06 
1.0898872844778473e-06 1.1983115343937163e-06 1.0523212893691805e-06 1.016549594136288e-06 1.0238320902172089e-06 
1.0899461454228417e-06 1.1983522090584584e-06 1.0523983541982354e-06 1.016589588483558e-06 1.023914515725174e-06 
1.0996180087317654e-06 1.209287468610081e-06 1.062421967883893e-06 1.0273029577316771e-06 1.0334171946473884e-06 
1.100284327918085e-06 1.2092045411219722e-06 1.061401436945983e-06 1.027652491669661e-06 1.0329022426250404e-06 
1.096630864074241e-06 1.2054262920585734e-06 1.0592852978008333e-06 1.0235862772855464e-06 1.0306416021167708e-06 
1.095559768287206e-06 1.204646075050997e-06 1.0587027945499655e-06 1.022669460300599e-06 1.029880078835417e-06 
1.09924360575728e-06 1.2099368601149948e-06 1.0650441505181275e-06 1.0272469812409402e-06 1.0352689858603526e-06 
1.0996926001997582e-06 1.2102372589732397e-06 1.0655886329053332e-06 1.0275525788541504e-06 1.0358634487095505e-06 
1.0906416040187672e-06 1.2032063042619462e-06 1.0596877853885518e-06 1.0196475040889271e-06 1.0287460691818875e-06 
1.0902151377643588e-06 1.204610352889205e-06 1.0598869949854022e-06 1.0206856152027067e-06 1.0281309136138689e-06 
1.093707301130007e-06 1.2095195151831855e-06 1.0645284700524858e-06 1.0252097052144686e-06 1.03207644958703e-06 
1.0900807854870626e-06 1.2035021837286457e-06 1.0581815713253393e-06 1.019991584097696e-06 1.0270031548020873e-06 
1.0907123162438957e-06 1.2041777090040594e-06 1.0585665257461106e-06 1.020707706560312e-06 1.0274013561511252e-06 
1.0918761086417304e-06 1.2069935337134268e-06 1.0606194410502265e-06 1.0231466640922161e-06 1.0286850296877996e-06 
1.0970285078834494e-06 1.2060369060866674e-06 1.060800303968183e-06 1.0239578087158893e-06 1.031938730868745e-06 
1.09705738546903e-06 1.2060717742625958e-06 1.0607461220083537e-06 1.0240072778000649e-06 1.0318921323650808e-06 
1.0973992447661532e-06 1.206745961274759e-06 1.06130855586838e-06 1.0245931733032088e-06 1.0322953761952765e-06 
1.0932638302118184e-06 1.2030123970628172e-06 1.0575694036644627e-06 1.0207178463535898e-06 1.0283337448198197e-06 
1.0923430955339027e-06 1.2013091709174905e-06 1.0567758546562594e-06 1.0191027462859536e-06 1.0278376581347896e-06 
1.090751012132457e-06 1.2020890348972524e-06 1.0551345457194883e-06 1.0195533898783837e-06 1.0252389864886786e-06 
1.0916214160593641e-06 1.2031192143492984e-06 1.0556437008784484e-06 1.0206337435359886e-06 1.0257289433269514e-06 
1.092783619142814e-06 1.204249473079747e-06 1.0576561392767122e-06 1.0216084707532045e-06 1.0276578635567915e-06 
1.097006636730318e-06 1.2078256968814457e-06 1.0613125698749144e-06 1.025390082780563e-06 1.0316566633765492e-06 
1.0951751612158368e-06 1.2074107590917818e-06 1.0604586915039624e-06 1.0245944400399986e-06 1.0301083588985896e-06 
1.0933997058813775e-06 1.2056867745426921e-06 1.0585515743078128e-06 1.022884632905618e-06 1.0281899950792797e-06 
1.0915293864256005e-06 1.2044037871472202e-06 1.0566354307317432e-06 1.0215300850764761e-06 1.026034907038845e-06 
1.0876916374792788e-06 1.20112307618877e-06 1.0538008735139958e-06 1.017976963158722e-06 1.0228437769457988e-06 
1.0947389303820534e-06 1.2086229893401956e-06 1.0618190853320187e-06 1.0252507824090063e-06 1.0305886509640197e-06 
1.1111443338374196e-06 1.223892358400701e-06 1.0775690369090813e-06 1.0408298992295127e-06 1.0469290695211512e-06 
1.1054189880768192e-06 1.2178759561777173e-06 1.072469880925248e-06 1.0347247096114044e-06 1.041854997492046e-06 
1.1062099743919032e-06 1.2187085090010968e-06 1.0733725491981951e-06 1.0355330415904245e-06 1.0427302332743515e-06 
1.101658568405785e-06 1.2140086664113908e-06 1.069334643572467e-06 1.0307502418534894e-06 1.038676891669144e-06 
1.1028457728652243e-06 1.2164277150113688e-06 1.075080148728433e-06 1.0322110633177655e-06 1.0433914312994484e-06 
1.1037065983069636e-06 1.2170431730158086e-06 1.0757264062537808e-06 1.0329006569391583e-06 1.0441643547937944e-06 
1.1043193140205102e-06 1.2173693028079648e-06 1.0752316534494692e-06 1.0334547388316992e-06 1.0439177424991888e-06 
1.1143961918423733e-06 1.228716722897288e-06 1.08757921965782e-06 1.0442645713334392e-06 1.0555176282599858e-06 
1.1134851596648593e-06 1.2282825359116828e-06 1.0870884807700123e-06 1.0436891799584342e-06 1.0547829829585126e-06 
1.1149464940806812e-06 1.2283798015085485e-06 1.088604050519551e-06 1.0439891132617439e-06 1.0568435792591711e-06 
1.119849611399542e-06 1.2316398526496528e-06 1.0921759547459287e-06 1.047731505668758e-06 1.0612460350627883e-06 
1.124516361705109e-06 1.2344289731124133e-06 1.0967042747238052e-06 1.050867125127808e-06 1.0665534225545375e-06 
1.1362421964208979e-06 1.2446086848560277e-06 1.1089705757996016e-06 1.0612749168289399e-06 1.0794005929630977e-06 
1.1468964862048036e-06 1.2570673057473034e-06 1.1229701447696317e-06 1.0729696805273437e-06 1.0923074960667998e-06 
1.1398900559005177e-06 1.2494047328074584e-06 1.1165778767776002e-06 1.0653270206636357e-06 1.0860816396549742e-06 
1.1399975091003438e-06 1.2493287322755952e-06 1.1176179909489832e-06 1.0651666147407437e-06 1.0870809424448933e-06 
1.1446358549166595e-06 1.2533843723282837e-06 1.121267215255182e-06 1.069474906146017e-06 1.091092479680299e-06 
1.1388614691154674e-06 1.2480136843100944e-06 1.1145020882027378e-06 1.0641393746192613e-06 1.0842737830135466e-06 
1.1571367623919576e-06 1.2666074360034726e-06 1.1352083747213845e-06 1.0824149420275665e-06 1.1046046508617287e-06 
1.147874235410812e-06 1.2550311935125551e-06 1.1220246246497579e-06 1.0717638882538707e-06 1.0927891905038303e-06 
1.1466419746344226e-06 1.2541219616733608e-06 1.1206075259031633e-06 1.0708133509591036e-06 1.0912642132855671e-06 
1.1533477469502842e-06 1.2596649086010147e-06 1.12503077796364e-06 1.0769133197248842e-06 1.0964432357259784e-06 
1.1367771080934672e-06 1.2444046804734183e-06 1.1093216003814097e-06 1.061234647510595e-06 1.0800680704237927e-06 
1.1351760254926518e-06 1.241898507264427e-06 1.1082532630368756e-06 1.0588202169744422e-06 1.0792883404514908e-06 
1.1366935584405029e-06 1.2422133674534765e-06 1.1083942857004822e-06 1.0595613135264428e-06 1.0800769923244384e-06 
1.1300036561698728e-06 1.2357263583047362e-06 1.1005970643087427e-06 1.053170930900833e-06 1.072318069633439e-06 
1.1336806482879786e-06 1.2370589636522106e-06 1.1043093079088106e-06 1.0549678365751185e-06 1.0769610275748215e-06 
1.1390736346559558e-06 1.2406916502079578e-06 1.1063746062190865e-06 1.059439260888073e-06 1.0801456867720737e-06 
1.1391112644894995e-06 1.240630213113467e-06 1.106500773719171e-06 1.0593851092035012e-06 1.0802999709497297e-06 
1.1464584324835124e-06 1.2416769447974027e-06 1.110881248611971e-06 1.0622141086029745e-06 1.0875419328408386e-06 
1.1302404132562202e-06 1.229330074750219e-06 1.0966688179764906e-06 1.048691404920473e-06 1.071522188764842e-06 
1.134937847667622e-06 1.2347724509364638e-06 1.1028214158371374e-06 1.0537913034421223e-06 1.0772113727931375e-06 
1.136408883749226e-06 1.2355167980930826e-06 1.104309048264108e-06 1.0546931683918711e-06 1.0789856030314282e-06 
1.1297191313810956e-06 1.2284908835809096e-06 1.0969053534074157e-06 1.047812603965627e-06 1.0717874741738062e-06 
1.1360063870161866e-06 1.2348358879667673e-06 1.1038679946094562e-06 1.0540759647859941e-06 1.0786576061695045e-06 
1.1372132930588776e-06 1.2331972986610593e-06 1.103731486371274e-06 1.0532483416466985e-06 1.0798068029157308e-06 
1.1491882240845917e-06 1.2460297604511378e-06 1.11559714617141e-06 1.0659462846007696e-06 1.0913779606576357e-06 
1.148901302541696e-06 1.245635912008443e-06 1.114707152469915e-06 1.065656109608315e-06 1.090605420845118e-06 
1.1464200776772492e-06 1.2436589421883157e-06 1.113228543719864e-06 1.0634242754570877e-06 1.0887973548349526e-06 
1.1429221711564099e-06 1.2408374157715682e-06 1.1103853616223644e-06 1.0603542114479882e-06 1.0855991071314609e-06 
1.1388922647702635e-06 1.236991427776398e-06 1.1080511362187651e-06 1.0562333274558405e-06 1.0829701421404206e-06 
1.1391165268574134e-06 1.2370090480782423e-06 1.10802841658094e-06 1.0563292825714797e-06 1.083059815342939e-06 
1.1461200509172715e-06 1.2411839021975375e-06 1.1142319154421441e-06 1.0612793239138985e-06 1.0904829144877458e-06 
1.142510097418053e-06 1.2321466915501073e-06 1.110564233073248e-06 1.0535800944771448e-06 1.0889174427757708e-06 
1.1435992207246548e-06 1.23248381502467e-06 1.111413503776741e-06 1.0541441297782832e-06 1.0900897787467908e-06 
1.1429528694600138e-06 1.2303497725975796e-06 1.1097713828929547e-06 1.0525070719921818e-06 1.0891488923347258e-06 
1.1449047872453898e-06 1.2316604062682284e-06 1.1113245032002076e-06 1.0540401431849353e-06 1.0910043238726044e-06 
1.1569721090114242e-06 1.2428549583530663e-06 1.1230207750219146e-06 1.0655620228801453e-06 1.1031059285924705e-06 
1.1573757981183868e-06 1.2433281930344083e-06 1.1235208554833025e-06 1.0660080050463553e-06 1.103567383117105e-06 
1.1543336105827104e-06 1.2390129668307396e-06 1.1193994037898551e-06 1.0621409439676283e-06 1.1000707084940761e-06 
1.1508025559941434e-06 1.2360152225565583e-06 1.1159722701942778e-06 1.0589707294720527e-06 1.096419185579973e-06 
1.1504862453190513e-06 1.2338883251301837e-06 1.1160539392659676e-06 1.0573037646336017e-06 1.0971415019617379e-06 
1.1533951941243218e-06 1.2360540540699328e-06 1.1177223821917134e-06 1.0598173816235262e-06 1.099263247914408e-06 
1.155674024284467e-06 1.2371879219907271e-06 1.1190046831210805e-06 1.0613881196416333e-06 1.1011191874685384e-06 
1.1531877992188908e-06 1.2364046621126765e-06 1.1176905857996511e-06 1.059992186266036e-06 1.0989943928511046e-06 
1.1508611423479128e-06 1.2335479092689698e-06 1.1163695366381716e-06 1.0571735834591291e-06 1.0977390070788213e-06 
1.1523822740412203e-06 1.238497301507617e-06 1.1169539349721533e-06 1.061280474087677e-06 1.0971355305365653e-06 
1.1512397946111392e-06 1.2372352098085655e-06 1.1159031576894961e-06 1.0600354546981136e-06 1.0961166644770471e-06 
1.1487444711524183e-06 1.2346775814303689e-06 1.1146545689937999e-06 1.0573499182505185e-06 1.0947240683360833e-06 
1.1478300124957752e-06 1.2339859617096183e-06 1.1137948902941363e-06 1.0565881575777865e-06 1.0937699885836699e-06 
1.13992423071013e-06 1.226068784738605e-06 1.105429661979708e-06 1.0486886367191628e-06 1.0854549844424843e-06 
1.13160364977428e-06 1.2214689090232187e-06 1.1004122930008562e-06 1.042716131349938e-06 1.0785584909238134e-06 
1.1275146943431927e-06 1.2174338727644452e-06 1.0965009096320598e-06 1.038630710565929e-06 1.0745953266866733e-06 
1.1261159099044714e-06 1.2122416877604435e-06 1.0913190138813495e-06 1.0348385877705253e-06 1.0713654620272864e-06 
1.1268355119793746e-06 1.2125804021846126e-06 1.0925942892583163e-06 1.035222999400699e-06 1.072716099452077e-06 
1.130513789148231e-06 1.2191134490996044e-06 1.0987648217744136e-06 1.0407465642381272e-06 1.0774693065400734e-06 
1.1398784528815233e-06 1.2277651046687558e-06 1.1102856604570684e-06 1.0494178818561958e-06 1.0890010467907777e-06 
1.1393485035447704e-06 1.2270420897334799e-06 1.1098344469067405e-06 1.0487381179296239e-06 1.0886126590191102e-06 
1.1385471033224526e-06 1.2278018266236566e-06 1.1132418137635961e-06 1.0486933838447723e-06 1.0908716371493403e-06 
1.1488074218535933e-06 1.2370516542202666e-06 1.122253661709222e-06 1.0583758751227532e-06 1.1004510077106773e-06 
1.1486808728744999e-06 1.2369760381171534e-06 1.121789983423224e-06 1.0583137524857677e-06 1.1000116965591096e-06 
1.1585385686579698e-06 1.2476207779203682e-06 1.1307662027303042e-06 1.0688606988751684e-06 1.1088190952774423e-06 
1.1719091321442044e-06 1.2622975181419556e-06 1.1465689722038642e-06 1.0830249208148074e-06 1.1238282024377568e-06 
1.1722662210288643e-06 1.262569612076548e-06 1.1469874778305683e-06 1.0833169349533816e-06 1.1242718008937955e-06 
1.1746018484878352e-06 1.2656010273456786e-06 1.148754889180988e-06 1.0862154035962724e-06 1.125851163513584e-06 
1.1826717200193713e-06 1.2728985231469032e-06 1.1574146362173769e-06 1.0937095802852824e-06 1.1347430630865483e-06 
1.1790799312333904e-06 1.269541784551622e-06 1.1547361690565773e-06 1.090198200451078e-06 1.1318495765564875e-06 
1.1789959844298916e-06 1.2739825575640021e-06 1.1560915642932684e-06 1.0932938076781992e-06 1.1312864191921914e-06 
1.174443844759755e-06 1.2692328694668945e-06 1.152160817683153e-06 1.088525062997891e-06 1.12734314192844e-06 
1.1602336129327303e-06 1.2562575101662086e-06 1.140346052079855e-06 1.074969784372813e-06 1.1147203844134301e-06 
1.1622747350387967e-06 1.2566124945637514e-06 1.1414377219535653e-06 1.0758580606740411e-06 1.1165846341661595e-06 
1.1571002822317856e-06 1.2510394426156239e-06 1.1359050641092215e-06 1.0703983559631368e-06 1.111241510636129e-06 
1.1566513853970264e-06 1.2504059829538097e-06 1.135603078477458e-06 1.0698015438495068e-06 1.1109904933546135e-06 
1.1561612921651545e-06 1.2499564999030379e-06 1.13818034363404e-06 1.0691190988590368e-06 1.1131553730556122e-06 
1.1561458990107518e-06 1.249943819821935e-06 1.1381749009993148e-06 1.0691049352290335e-06 1.1131475816789663e-06 
1.1560961477974537e-06 1.2499268667542385e-06 1.1383432141961618e-06 1.0690642642386962e-06 1.1132751105507297e-06 
1.155912024650942e-06 1.2514144703135972e-06 1.1393680753142367e-06 1.0700084818088016e-06 1.1135049779346142e-06 
1.1515020418605158e-06 1.244407189822691e-06 1.1318071863746909e-06 1.0639137971731014e-06 1.1073356361265421e-06 
1.1479890357993333e-06 1.2421317645543682e-06 1.1262207134303221e-06 1.0614422939121555e-06 1.1015360162816877e-06 
1.1511472227205858e-06 1.2452179682090087e-06 1.130262883416759e-06 1.06449138857974e-06 1.1054979182205512e-06 
1.1553856880362839e-06 1.2502733051137954e-06 1.1351988313952015e-06 1.0692911839959318e-06 1.1100386472380212e-06 
1.1516164167275064e-06 1.2449826639942475e-06 1.1303344893463802e-06 1.0644798779595398e-06 1.105891699239155e-06 
1.1522911265399102e-06 1.2459212358385815e-06 1.1314913103000514e-06 1.0653126342476964e-06 1.1068864482607484e-06 
1.1539102841423036e-06 1.2460404819433732e-06 1.1316098057850433e-06 1.0659648318164473e-06 1.1077762149608546e-06 
1.1533551036603726e-06 1.2450632266486048e-06 1.1305339279979701e-06 1.0651419831871764e-06 1.106928368800452e-06 
1.1530607524298635e-06 1.2461617362657612e-06 1.1309388855106624e-06 1.0658031206134601e-06 1.106708810283076e-06 
1.1529181732179259e-06 1.2465301868931718e-06 1.1315477513211055e-06 1.0659732118112322e-06 1.1070245576532134e-06 
1.1606794256435498e-06 1.256362170990346e-06 1.1404493625500122e-06 1.0751936718285438e-06 1.114999431659573e-06 
1.1569562300999483e-06 1.2510705142471311e-06 1.134563669703306e-06 1.0704782148670023e-06 1.1099869359998895e-06 
1.1637282035712349e-06 1.2581944219988001e-06 1.1421353198828925e-06 1.0774714253958247e-06 1.1173330217960211e-06 
1.1620462051545474e-06 1.25750182309209e-06 1.1416411636945005e-06 1.076413198595084e-06 1.116303403322367e-06 
1.159754896194253e-06 1.2596163991877521e-06 1.14297811105403e-06 1.0770863754621355e-06 1.1154791746777238e-06 
1.160093137314991e-06 1.2600292358951674e-06 1.1434016220301663e-06 1.0774749493358095e-06 1.11586380285694e-06 
1.1591904433884944e-06 1.258786664992294e-06 1.1422853953488161e-06 1.0763321247653701e-06 1.1149037795045402e-06 
1.1880234267224416e-06 1.2860947882884298e-06 1.1696644823346997e-06 1.1042627445446681e-06 1.1431083845358608e-06 
1.1815357138340823e-06 1.2800099579387806e-06 1.1647385089273136e-06 1.0979293538670652e-06 1.1378162347245886e-06 
1.1803253774094898e-06 1.278410012872661e-06 1.16346364250428e-06 1.0964320309184418e-06 1.1366967691079286e-06 
1.1807111776302105e-06 1.2773101821593546e-06 1.1616509686715047e-06 1.0958905666467501e-06 1.1357360501692936e-06 
1.1729403052188543e-06 1.2693505526680744e-06 1.154186099449697e-06 1.0879261862458563e-06 1.1282901694398634e-06 
1.1773236909288043e-06 1.2741793955368723e-06 1.1577088916166028e-06 1.0927212159931005e-06 1.1317605733271173e-06 
1.175853325265273e-06 1.2740596133691087e-06 1.1579608953745712e-06 1.0921079357578027e-06 1.1312710052247352e-06 
1.1789988729006018e-06 1.2774955394427056e-06 1.160693073225975e-06 1.0955128963541003e-06 1.1339503313903528e-06 
1.1779008502212697e-06 1.2763774203958249e-06 1.1596889001122317e-06 1.0943882706570429e-06 1.1329398466662087e-06 
1.1772270308815126e-06 1.276412780409542e-06 1.1580374881410824e-06 1.0943181398651947e-06 1.1311391158637593e-06 
1.1759693225811302e-06 1.2776734157981904e-06 1.1593458300520536e-06 1.0947307174422086e-06 1.1311491889204216e-06 
1.177159923015152e-06 1.2786450021417888e-06 1.1602104973661744e-06 1.0957877950024257e-06 1.1321418521199008e-06 
1.189603352959578e-06 1.29182531800307e-06 1.173158225000022e-06 1.1087912451307255e-06 1.1447659153648073e-06 
1.1938363597721952e-06 1.2977911563895231e-06 1.1775426239590874e-06 1.1143369619951943e-06 1.148471125014635e-06 
1.2000598811820886e-06 1.303420343493606e-06 1.1840915578377437e-06 1.1201056542508338e-06 1.1552203940801776e-06 
1.1805802986953995e-06 1.286392872853194e-06 1.1671641239333456e-06 1.102208701141663e-06 1.1369870446725068e-06 
1.1785768125668397e-06 1.2839587094360375e-06 1.1654745301577809e-06 1.0998458675435945e-06 1.1354205267468951e-06 
1.184224994943166e-06 1.2902319662611454e-06 1.1713740596755058e-06 1.1059700217881255e-06 1.1410584645863842e-06 
1.1718529747914064e-06 1.2764390032424434e-06 1.1594167052134853e-06 1.0924447262411392e-06 1.1295729408773206e-06 
1.1768973365009012e-06 1.2806244172146602e-06 1.1624270866375948e-06 1.0970144282727741e-06 1.1331803732272516e-06 
1.1715546511671608e-06 1.2758055590152986e-06 1.1565585297275194e-06 1.092090189661452e-06 1.1271648139825567e-06 
1.1757295849182212e-06 1.279852141902798e-06 1.160279355015413e-06 1.096220657621856e-06 1.1310007357692555e-06 
1.1780967043191947e-06 1.2803086339933326e-06 1.1609943787178195e-06 1.0972880209788582e-06 1.1326665392544858e-06 
1.177658461194263e-06 1.278363940953064e-06 1.1603536821223684e-06 1.0957325307130616e-06 1.132631417124873e-06 
1.1768002035118723e-06 1.2807255365217208e-06 1.1630492488199332e-06 1.097010975981594e-06 1.1336353600298848e-06 
1.1810329070502418e-06 1.285785284599788e-06 1.1683280744928708e-06 1.1018047291747167e-06 1.1384720546412446e-06 
1.183159590822319e-06 1.2882046648003235e-06 1.1708048285736277e-06 1.1041343729141081e-06 1.1407961518623425e-06 
1.1831830462845934e-06 1.2889716216198758e-06 1.1705882860340905e-06 1.1047385745697147e-06 1.1403228736250387e-06 
1.1849412637517046e-06 1.2905258259167465e-06 1.172152780896871e-06 1.106363337054905e-06 1.1419939215887446e-06 
1.1905641994188014e-06 1.2930657381784518e-06 1.1746487362145267e-06 1.1099234106963407e-06 1.1460835527613665e-06 
1.1930353287309169e-06 1.2951784913150885e-06 1.1765076371390724e-06 1.1121834337400322e-06 1.1481627258622167e-06 
1.1871921137547075e-06 1.2894015493164726e-06 1.1711180416526535e-06 1.1063317541134341e-06 1.1426789523140283e-06 
1.19603328396015e-06 1.296732829438107e-06 1.1788413649503493e-06 1.1141641488702425e-06 1.1511418855014571e-06 
1.1910808743179338e-06 1.291061785695025e-06 1.1751283923581256e-06 1.108563754531609e-06 1.1475378183725672e-06 
1.2011267263386901e-06 1.3010126723854753e-06 1.1870724384438599e-06 1.1184473367047703e-06 1.1592937387929935e-06 
1.1921715202931117e-06 1.2883524845745687e-06 1.1744074521236525e-06 1.1069972893066142e-06 1.1485058409253203e-06 
1.1992021868205748e-06 1.294379457560921e-06 1.1803354390778517e-06 1.1134042459081521e-06 1.154971486783174e-06 
1.2009434617065576e-06 1.2953207781730131e-06 1.178813989685652e-06 1.1148171295651483e-06 1.154180981783001e-06 
1.2012789360948961e-06 1.2953347155289299e-06 1.1791806369839992e-06 1.1149166157144737e-06 1.1546670670535026e-06 
1.20683991225116e-06 1.301187412949977e-06 1.1823678704424631e-06 1.1209135955510456e-06 1.158059816369886e-06 
1.2070902647376053e-06 1.3013370731993893e-06 1.18031298410607e-06 1.1213051981629757e-06 1.156342274636376e-06 
1.2059551558484444e-06 1.2973129606997918e-06 1.1788549529216374e-06 1.1180689756235244e-06 1.1560310695398797e-06 
1.2205393711223859e-06 1.3097662200904299e-06 1.1929766128222663e-06 1.131205382975974e-06 1.1710501081516114e-06 
1.2197609477861294e-06 1.3090525996505308e-06 1.1920329287958698e-06 1.1304849969241752e-06 1.1701022451227425e-06 
1.221097019561916e-06 1.3119259772516177e-06 1.1950324447452017e-06 1.1327946309134827e-06 1.1722999389304733e-06 
1.2274681908899266e-06 1.3193281010791902e-06 1.2038468432540927e-06 1.1397364149245081e-06 1.1804119939876656e-06 
1.2245364065369478e-06 1.3156342989453452e-06 1.1998181405907412e-06 1.136330334858953e-06 1.176812302041385e-06 
1.2195997065957006e-06 1.3103945864192479e-06 1.194867048743375e-06 1.1311565974323316e-06 1.171970605662255e-06 
1.2205886041909064e-06 1.3113450087533308e-06 1.1958933418754242e-06 1.1321187193317828e-06 1.1730082032903195e-06 
1.2037375769733835e-06 1.2952319913462402e-06 1.1784940301851243e-06 1.115779147269484e-06 1.1553720097090538e-06 
1.213082039893163e-06 1.30228170977644e-06 1.1874084221850487e-06 1.1235412279507306e-06 1.1652320968223845e-06 
1.2127081648653894e-06 1.3019626013450473e-06 1.1870207191695098e-06 1.123206192035941e-06 1.1648248013798959e-06 
1.207110941610527e-06 1.2979561547906581e-06 1.1823079124560603e-06 1.1186595178116727e-06 1.1593814868012885e-06 
1.2191062179891785e-06 1.3115475929318096e-06 1.195027641368365e-06 1.1317995206111142e-06 1.1714176229592842e-06 
1.2120415909165332e-06 1.3047565889418854e-06 1.1862172511498638e-06 1.1250567943351097e-06 1.162718462142146e-06 
1.2166971970711711e-06 1.3106842770362916e-06 1.1913379910108293e-06 1.1306228017899961e-06 1.1672999584181434e-06 
1.2143106444066525e-06 1.3066557195127346e-06 1.1880437102510638e-06 1.1271034849983117e-06 1.1647478099645278e-06 
1.2101302508717548e-06 1.3026842558413722e-06 1.1840155153572527e-06 1.1230461924837263e-06 1.1606128471701283e-06 
1.2109810504238803e-06 1.3034042704219689e-06 1.1846766419058991e-06 1.1238216144150508e-06 1.161350124922939e-06 
1.2128058768676268e-06 1.3040520209322194e-06 1.184365500074704e-06 1.1249895027258865e-06 1.1617707148100613e-06 
1.2186483965329325e-06 1.307906794015526e-06 1.189993629932964e-06 1.1294264849787039e-06 1.1681956347451789e-06 
1.2244245618500712e-06 1.3163547725277562e-06 1.1967171636132629e-06 1.1370846570539558e-06 1.1737845503919354e-06 
1.2186702628034902e-06 1.3113760819167901e-06 1.1932940498343384e-06 1.1316646719277115e-06 1.1697515509910576e-06 
1.2153668733872233e-06 1.305640903383837e-06 1.1892548152580417e-06 1.1266443619091825e-06 1.1667307849822781e-06 
1.205962576966613e-06 1.295678656465784e-06 1.1786669048378177e-06 1.116900386464744e-06 1.1564955330535374e-06 
1.1977826139980813e-06 1.2871958867220122e-06 1.16964709168672e-06 1.1085424465829792e-06 1.147687898703736e-06 
1.1986612659246005e-06 1.284006506844836e-06 1.1706648712293888e-06 1.1065004456617957e-06 1.1502370091000241e-06 
1.1986752754893276e-06 1.2842493841553208e-06 1.170947232428801e-06 1.106655178090414e-06 1.1503969841244256e-06 
1.1946842726622568e-06 1.2802644591478591e-06 1.1669208849763996e-06 1.1026539530239115e-06 1.1463669435125646e-06 
1.19016892432877e-06 1.2753628637924444e-06 1.1605090861607515e-06 1.09800073454084e-06 1.1403461429388225e-06 
1.1935578425812576e-06 1.2786509088762729e-06 1.1639681805152287e-06 1.1013266438716368e-06 1.1438395314255505e-06 
1.1874653089858985e-06 1.2711968545425392e-06 1.1594298812691627e-06 1.0941219857591832e-06 1.1396020865037604e-06 
1.1891293752959572e-06 1.2722266943389239e-06 1.1659428649221667e-06 1.0950320041388123e-06 1.1457101562727536e-06 
1.1872814901944968e-06 1.2693921740813188e-06 1.1672585134956405e-06 1.0923441255788737e-06 1.1469701418366405e-06 
1.1756853041138722e-06 1.2584156279936543e-06 1.157332400628149e-06 1.0810385342967833e-06 1.1365726159518856e-06 
1.1749502075497552e-06 1.257279277434755e-06 1.1568355949949722e-06 1.0800201902257887e-06 1.1361932462203013e-06 
1.1744171630482341e-06 1.256466207238344e-06 1.1562598394411055e-06 1.07929790039618e-06 1.1357273693682195e-06 
1.163716661922378e-06 1.2447198714761798e-06 1.1440315274608866e-06 1.067900269658237e-06 1.1240816754145162e-06 
1.1634444763382335e-06 1.2449312682082903e-06 1.1444109507592294e-06 1.0679251523301806e-06 1.1241920896676182e-06 
1.1612110862164736e-06 1.2432394607087752e-06 1.1426415423005027e-06 1.0660259696474757e-06 1.1221545058617875e-06 
1.1629710325584724e-06 1.2454804637096818e-06 1.1437831514332962e-06 1.068145023318752e-06 1.1232007710028368e-06 
1.153145411425885e-06 1.2363954867152362e-06 1.132977604345166e-06 1.0588169276126736e-06 1.1122337677671612e-06 
1.1506800593147168e-06 1.234643682030329e-06 1.1307138237759617e-06 1.0568169288489665e-06 1.1096707639998102e-06 
1.1499576848438757e-06 1.234395524755187e-06 1.130063777057162e-06 1.0564124906119901e-06 1.1088312185840381e-06 
1.1496497940570946e-06 1.233314765924956e-06 1.129789231373772e-06 1.055571914333654e-06 1.10884317468725e-06 
1.1490161109517037e-06 1.2322892460991454e-06 1.128927811790032e-06 1.0546783720285754e-06 1.1081587531830254e-06 
1.1488054268089242e-06 1.2320669071653107e-06 1.1287575901335263e-06 1.0544567023943458e-06 1.1079872298542547e-06 
1.1457146594079828e-06 1.2286252800043592e-06 1.1230841494975369e-06 1.0512448046718929e-06 1.1027853287973676e-06 
1.1381177775014837e-06 1.2218616000184265e-06 1.1154861514247366e-06 1.044183600915216e-06 1.0948610948658068e-06 
1.1383192708008442e-06 1.2220815785655035e-06 1.1156762286361672e-06 1.0443995663516906e-06 1.0950460020232042e-06 
1.1374179803255932e-06 1.220818110700433e-06 1.1147454137232668e-06 1.0432453014752991e-06 1.094254715939917e-06 
1.1363452142721031e-06 1.2177613236626443e-06 1.1143705371389778e-06 1.040769815015157e-06 1.0945341709282174e-06 
1.1352821729358404e-06 1.2167268415525717e-06 1.1134370274563252e-06 1.0397139929706395e-06 1.0935710634294245e-06 
1.1317479458612054e-06 1.21406004728553e-06 1.1100942586128922e-06 1.0367425889960164e-06 1.0898705487010835e-06 
1.1329942523972001e-06 1.2163024833199173e-06 1.112230320656129e-06 1.0386310455771943e-06 1.0915142400271508e-06 
1.131757373448148e-06 1.2154260927737276e-06 1.1113859480480032e-06 1.0376147526137014e-06 1.0904798050697753e-06 
1.1308387468537283e-06 1.2141773818504066e-06 1.1125613033313007e-06 1.0363676776806557e-06 1.0915002446208003e-06 
1.1345188868512842e-06 1.2174216108318607e-06 1.1162922672460402e-06 1.0397695905704803e-06 1.0953938702546388e-06 
1.1328457217298956e-06 1.2161435257744144e-06 1.1127529470498967e-06 1.0384409084390702e-06 1.0919514362991952e-06 
1.1339854086153604e-06 1.217555693265771e-06 1.1139531928104018e-06 1.0397700037431574e-06 1.0930425426797894e-06 
1.1156246696361103e-06 1.1990274109909423e-06 1.0954709187342987e-06 1.0212028460160807e-06 1.0746117246735e-06 
1.117413604219609e-06 1.202670795046361e-06 1.0952341764717486e-06 1.02439707939444e-06 1.0739427691575865e-06 
1.1345193909447415e-06 1.2173863194387751e-06 1.1096943411020396e-06 1.0400951955103097e-06 1.0896867272605814e-06 
1.1223329525653362e-06 1.2039686948547102e-06 1.0973060275867577e-06 1.0270077641342165e-06 1.0777725630119726e-06 
1.1242681478811804e-06 1.2021541696848003e-06 1.0946344264357095e-06 1.0266828689358477e-06 1.0771383873973288e-06 
1.123369959639783e-06 1.200416560244661e-06 1.0929172217603618e-06 1.0252634111737179e-06 1.0758472932377235e-06 
1.137902109021598e-06 1.2151172735422191e-06 1.1084999341477372e-06 1.039914584410071e-06 1.0912458424064546e-06 
1.1412892685557506e-06 1.2156847658224857e-06 1.1071462697172287e-06 1.041741687103642e-06 1.0916017117014706e-06 
1.1481646263785448e-06 1.2215340752104726e-06 1.1132814057838926e-06 1.0480128779131227e-06 1.0982335744278939e-06 
1.1549228347312982e-06 1.2301284379311264e-06 1.1215075877266472e-06 1.055940669803739e-06 1.1055775821083618e-06 
1.1752384487221713e-06 1.245999844370534e-06 1.1412489679385043e-06 1.0734139604430859e-06 1.1270914418681327e-06 
1.180794730147955e-06 1.2526839540948437e-06 1.147294390093461e-06 1.079715504688739e-06 1.1326544558276512e-06 
1.176356891527441e-06 1.2474362960567189e-06 1.1422900166464984e-06 1.074754392463813e-06 1.1280255533834189e-06 
1.1704723658597758e-06 1.2428543607587546e-06 1.1388835742333046e-06 1.0695451392503654e-06 1.1237846325470493e-06 
1.1783795678801753e-06 1.2489632627162978e-06 1.1459592122850401e-06 1.076354502171382e-06 1.1316556135747656e-06 
1.1765926496473562e-06 1.247064793263584e-06 1.14530735224827e-06 1.0744188569251898e-06 1.1308868261289852e-06 
1.1875164893161998e-06 1.259159940997593e-06 1.157320046200694e-06 1.0861078708335296e-06 1.142325566888598e-06 
1.1896038877744632e-06 1.2612284418449726e-06 1.1590045543277383e-06 1.0882158060205765e-06 1.1440749435061738e-06 
1.1990264556922106e-06 1.2685089712763481e-06 1.1658743099182572e-06 1.096427478216231e-06 1.1521051293807896e-06 
1.1920524892688187e-06 1.26175759802819e-06 1.1575601176696365e-06 1.08964799731171e-06 1.143885697408533e-06 
1.1885073508915133e-06 1.2577142182911669e-06 1.1541268480975696e-06 1.0857497821678023e-06 1.1406187418715095e-06 
1.1770636477109997e-06 1.2467635145021655e-06 1.1432026459585337e-06 1.0745387141733873e-06 1.1294259867813917e-06 
1.1689215369263099e-06 1.23986199958706e-06 1.1394887539570808e-06 1.066914296383788e-06 1.1246297427600476e-06 
1.1634412719771097e-06 1.2362709254211433e-06 1.1335886693379527e-06 1.0626709781547262e-06 1.118075956545352e-06 
1.1636986759506896e-06 1.235867294406215e-06 1.1333337345678557e-06 1.0625216678347551e-06 1.118138570869178e-06 
1.1650568748806986e-06 1.2373915272247878e-06 1.1344114115014804e-06 1.0640131621622271e-06 1.1191943021058782e-06 
1.1637907825515533e-06 1.2366436640736783e-06 1.1335574929123483e-06 1.0630597520376141e-06 1.1180886324202639e-06 
1.1670174636052823e-06 1.2405224582436287e-06 1.1370760823900122e-06 1.0667193128218323e-06 1.121327343468704e-06 
1.175633335966632e-06 1.2491832209216497e-06 1.1458500862262121e-06 1.0754002497730847e-06 1.1300734930154855e-06 
1.1782837997323945e-06 1.250897519164482e-06 1.1461814962967293e-06 1.0775829653503146e-06 1.131075725585696e-06 
1.1806694578413092e-06 1.2522186155823857e-06 1.1474924224749372e-06 1.0793420688198118e-06 1.1329351064094122e-06 
1.1809901626296342e-06 1.252460014965424e-06 1.1477914373303888e-06 1.0796131557526233e-06 1.1332671259280983e-06 
1.1768732542717287e-06 1.2506412310100823e-06 1.1444800255315742e-06 1.0769562103691145e-06 1.1289800369055124e-06 
1.1778981569874963e-06 1.2538565787351047e-06 1.1485636318644897e-06 1.0792599978672832e-06 1.1318268855504966e-06 
1.1774139552357037e-06 1.2542013917466471e-06 1.148537546810823e-06 1.0793036194829135e-06 1.131426969624225e-06 
1.180573912826769e-06 1.2587502395769884e-06 1.1543422058130178e-06 1.0832593174255193e-06 1.1363564782391582e-06 
1.179698304691094e-06 1.257921806214617e-06 1.1532689099083323e-06 1.082422415509328e-06 1.1352910841227808e-06 
1.180051008256567e-06 1.259408382253311e-06 1.1538092262703798e-06 1.0835336652428212e-06 1.1353808371395883e-06 
1.1797158875954418e-06 1.2589029225350764e-06 1.1533682982762276e-06 1.0830875153984472e-06 1.1350177245901235e-06 
1.1921086812066672e-06 1.2695053789354726e-06 1.1636284344929359e-06 1.094457220097938e-06 1.1462544900184444e-06 
1.190483801413642e-06 1.2682861851889357e-06 1.1611077171108655e-06 1.0931567739158723e-06 1.1437007555347743e-06 
1.1898707642158463e-06 1.2675954351711064e-06 1.1602729609602149e-06 1.0925026908118145e-06 1.1429244106564327e-06 
1.198816822198291e-06 1.2754158619569642e-06 1.1662060896216994e-06 1.100936864021945e-06 1.149700726621959e-06 
1.2041580212569332e-06 1.2805257810399506e-06 1.1713208599857184e-06 1.1061620905056482e-06 1.1549400497947194e-06 
1.1832135957503277e-06 1.2614327055173866e-06 1.1509327178393034e-06 1.0863458416795934e-06 1.1337516840140494e-06 
1.1878260430947205e-06 1.2670037131283773e-06 1.154297712886926e-06 1.0917439802375323e-06 1.1369291070976554e-06 
1.1871226621541505e-06 1.2636791335271023e-06 1.151414637049574e-06 1.0894067245352051e-06 1.1353297596739807e-06 
1.1863367003311159e-06 1.2630622391734587e-06 1.152520520274122e-06 1.0885773693733685e-06 1.136114553980705e-06 
1.1813928506600175e-06 1.258337182149105e-06 1.1487617130804745e-06 1.0836680915381805e-06 1.1321061612359172e-06 
1.1837161571226856e-06 1.2602981447641839e-06 1.150682810682092e-06 1.0857851788762036e-06 1.1342213447113023e-06 
1.1824558240525958e-06 1.2595493140459218e-06 1.1496111070713597e-06 1.0848546114969307e-06 1.1329296942608069e-06 
1.1787831153008128e-06 1.2566093753545356e-06 1.147010009415409e-06 1.0815855660081532e-06 1.1299025057682166e-06 
1.178027694056313e-06 1.2575460442829823e-06 1.1472391519009053e-06 1.081917345163181e-06 1.1293594364458298e-06 
1.1634764251146068e-06 1.2416733420092038e-06 1.1333545154716308e-06 1.0663383491879589e-06 1.115863285815584e-06 
1.1478241607883715e-06 1.2281068408969056e-06 1.1202813537188467e-06 1.0518617477065209e-06 1.101633897453886e-06 
1.142037768535503e-06 1.2214564748424826e-06 1.11343662530177e-06 1.0455241884146466e-06 1.0952489339952022e-06 
1.1306160129141051e-06 1.212749696690006e-06 1.1032164143040864e-06 1.0358383975479496e-06 1.0838226252756066e-06 
1.1320285819701773e-06 1.2144380099138027e-06 1.1053575938651256e-06 1.0373982843227299e-06 1.0857646272096349e-06 
1.1359883674949345e-06 1.218186530852478e-06 1.1089031999335753e-06 1.0412601648353987e-06 1.0894516193371198e-06 
1.1327816802312462e-06 1.2128141013002377e-06 1.1034045523327953e-06 1.0367000096222883e-06 1.0850745352226117e-06 
1.1327481125805183e-06 1.2127687689719058e-06 1.1033674483691664e-06 1.036658386724288e-06 1.0850423107814037e-06 
1.1390276382199746e-06 1.2185910039613141e-06 1.1117392596138364e-06 1.0425097921186766e-06 1.0933165185023612e-06 
1.1488663499125545e-06 1.2300185081861807e-06 1.1196690307822084e-06 1.053628498069437e-06 1.1009152317101154e-06 
1.1473143488913912e-06 1.2282048602177906e-06 1.1180518611385436e-06 1.0518918961373988e-06 1.099403554201689e-06 
1.148198014434481e-06 1.2278434956356902e-06 1.1183955122761437e-06 1.0519575171304272e-06 1.1002921922556366e-06 
1.1457489885406498e-06 1.2260324441448928e-06 1.1163712247779212e-06 1.0499062830315246e-06 1.0979659047418362e-06 
1.1570687000356043e-06 1.2378491645384288e-06 1.1277335919480342e-06 1.0616228614028245e-06 1.1091513561462706e-06 
1.1683364559883874e-06 1.2511130480777636e-06 1.1422971696441303e-06 1.0740960438059194e-06 1.1225365026461696e-06 
1.1772777845164563e-06 1.2591719097754453e-06 1.1497456540877922e-06 1.082570421235887e-06 1.130530860176981e-06 
1.1788815592623532e-06 1.2614009387256327e-06 1.1524023976794698e-06 1.0845424771096052e-06 1.1328130249610895e-06 
1.1941916353722413e-06 1.277062779709166e-06 1.167442261456636e-06 1.1001857476976334e-06 1.1477781072788912e-06 
1.1988820522991896e-06 1.288521782830599e-06 1.176595010253987e-06 1.1093431845297324e-06 1.1537841587208576e-06 
1.1978427184843018e-06 1.2873363054675563e-06 1.174754533455148e-06 1.1082519740014693e-06 1.152102778204007e-06 
1.1955251271969678e-06 1.2850401329433487e-06 1.1723048921435193e-06 1.1059492776452875e-06 1.1496586796793908e-06 
1.2047619593467415e-06 1.2941551142706114e-06 1.1818413969235023e-06 1.1151172204263288e-06 1.1592165477983834e-06 
1.2130710582840941e-06 1.3029689768896956e-06 1.1901810660498134e-06 1.1238184513614898e-06 1.1673734498402124e-06 
1.2123508800793915e-06 1.301147267022416e-06 1.1887719559865098e-06 1.1223609787074544e-06 1.1664718209931104e-06 
1.2098350759524815e-06 1.2967369657021773e-06 1.18789929912188e-06 1.118392152707157e-06 1.1660950006614074e-06 
1.2039619688721595e-06 1.2912201001847318e-06 1.1818214472546992e-06 1.112754889313739e-06 1.159901172765541e-06 
1.2046683428971602e-06 1.29180967657547e-06 1.182480002012487e-06 1.1133856059602524e-06 1.1606112396024039e-06 
1.1986661424042696e-06 1.285313179476558e-06 1.176726276936867e-06 1.106995956213863e-06 1.155002601577196e-06 
1.2037321458765466e-06 1.2909685504927954e-06 1.1829452962726926e-06 1.1124271690458094e-06 1.1608536415183082e-06 
1.2035592125027937e-06 1.2916028330332165e-06 1.1854055884536146e-06 1.112671891780178e-06 1.16266056725717e-06 
1.2014475320510664e-06 1.2897472844520002e-06 1.1826325912308377e-06 1.1107632810309886e-06 1.159875371781054e-06 
1.2001343668393992e-06 1.2884290921577456e-06 1.179528598216555e-06 1.1095425211698124e-06 1.1570078783695474e-06 
1.1856913919037763e-06 1.2746064658862333e-06 1.1633853069250938e-06 1.0955819346583306e-06 1.140831394416501e-06 
1.1768333710102234e-06 1.2668055825302352e-06 1.1535421902008345e-06 1.0875087545740702e-06 1.1307010452900596e-06 
1.1806557203879956e-06 1.270859351702749e-06 1.1576763034621065e-06 1.0914903401700643e-06 1.1347125422084538e-06 
1.1787948389727658e-06 1.2671350138510629e-06 1.1569630504706798e-06 1.088216279817536e-06 1.134554137850141e-06 
1.1744415638876717e-06 1.2639920338429935e-06 1.1538433038644758e-06 1.0846190258760216e-06 1.1308061525579638e-06 
1.1934401278133457e-06 1.28223275303189e-06 1.1734038468309256e-06 1.1031338462991227e-06 1.1506096520586656e-06 
1.1951822679388227e-06 1.2828898735539122e-06 1.1751916401524616e-06 1.1041217765212282e-06 1.15280424357222e-06 
1.1951994910670833e-06 1.2829085128568405e-06 1.1752104077363892e-06 1.1041399779777323e-06 1.1528222973494027e-06 
1.1928418031565621e-06 1.2789032292612242e-06 1.1718490619303136e-06 1.1006824534876658e-06 1.1502123972934298e-06 
1.1926237730024924e-06 1.2783470015218628e-06 1.171409874477465e-06 1.100241543424171e-06 1.149929821444419e-06 
1.196869743961297e-06 1.2816528518610254e-06 1.1745215902246549e-06 1.1039214717363018e-06 1.1535528634574004e-06 
1.2017363144574775e-06 1.2868663292911382e-06 1.17937499794742e-06 1.1090509829122375e-06 1.1582841287835743e-06 
1.2021001236070435e-06 1.2875470403648977e-06 1.1799080990715732e-06 1.1096260166883583e-06 1.1586757475706383e-06 
1.2015667888933537e-06 1.2881481974121671e-06 1.1809423338941523e-06 1.1097873014418208e-06 1.1590731681213935e-06 
1.1886401442975223e-06 1.274434117119035e-06 1.1703161374397804e-06 1.0961396499370392e-06 1.1484197937495346e-06 
1.19816789599681e-06 1.2846692626117433e-06 1.1798607565932236e-06 1.1061975016242872e-06 1.1577093190464786e-06 
1.1968135532004328e-06 1.2818481201353203e-06 1.1770750575660903e-06 1.1038984542713583e-06 1.155663903513461e-06 
1.196479980655819e-06 1.285245740063628e-06 1.1740567685188655e-06 1.1063200349484102e-06 1.1515917245506292e-06 
1.1989331163974384e-06 1.288377537275379e-06 1.1757806208316583e-06 1.109316626045649e-06 1.153157703944015e-06 
1.19577014405914e-06 1.284474249608048e-06 1.1723053639106172e-06 1.105635878366733e-06 1.149999698273637e-06 
1.2029905953919641e-06 1.2925532194453739e-06 1.182417279201665e-06 1.1133014833416414e-06 1.1594167090857642e-06 
1.1915581113703685e-06 1.2812289240494299e-06 1.170695630552938e-06 1.1019140604054499e-06 1.1476744729263855e-06 
1.1877919848918442e-06 1.2785643465955308e-06 1.1688304910921895e-06 1.0987922936504155e-06 1.145136287493165e-06 
1.1885213813346003e-06 1.2792756577521643e-06 1.1695342075088255e-06 1.0995136636561227e-06 1.145851373413334e-06 
1.1808444189668654e-06 1.2732253113327444e-06 1.1633185438595258e-06 1.092869798020228e-06 1.138814992863277e-06 
1.1730651247720652e-06 1.2700103702452066e-06 1.1575489037038056e-06 1.0882166178313612e-06 1.1310325987128044e-06 
1.1749955349842469e-06 1.2711736425502693e-06 1.1589951383734579e-06 1.0896293197563285e-06 1.13283759113569e-06 
1.1798270921263872e-06 1.2760339680094871e-06 1.1637493642782722e-06 1.0945072171334315e-06 1.1375991786150398e-06 
1.1775617705272435e-06 1.2739209847333386e-06 1.1624353851668915e-06 1.0922827702919175e-06 1.1361006025487406e-06 
1.1773613002021344e-06 1.2741695818826146e-06 1.1632669268209694e-06 1.0923441130878093e-06 1.1366276185209186e-06 
1.1847531604616872e-06 1.2781351024176069e-06 1.1679287238613408e-06 1.0974677030040847e-06 1.1429597333180355e-06 
1.1720755441441269e-06 1.2651502439598677e-06 1.1563913090678242e-06 1.0844492678569026e-06 1.1313702114581514e-06 
1.1696619674698183e-06 1.263495179781223e-06 1.152282969212938e-06 1.082667951705623e-06 1.1271889813201144e-06 
1.165794580965739e-06 1.2598906900462146e-06 1.150252702704102e-06 1.0788605760078148e-06 1.1248141662378462e-06 
1.1658725491183123e-06 1.2599689710566921e-06 1.1503482522359787e-06 1.0789381032206188e-06 1.1249074525838828e-06 
1.1734339930554773e-06 1.2682558970810532e-06 1.1561369673234044e-06 1.0871635858650803e-06 1.1306617062558474e-06 
1.1739001254216655e-06 1.2687583829827963e-06 1.1559327014024154e-06 1.0877027724599527e-06 1.130530943540787e-06 
1.165919532962157e-06 1.2604357544576016e-06 1.145366968689311e-06 1.0796266814819602e-06 1.1204154289076915e-06 
1.1711896417375776e-06 1.268040544984826e-06 1.1549287108475667e-06 1.0863134737899577e-06 1.1285407793958385e-06 
1.1581421461687884e-06 1.255753408258091e-06 1.143762650541817e-06 1.073642077813167e-06 1.1168191587729486e-06 
1.154731153807485e-06 1.2524866259376877e-06 1.1400800245482845e-06 1.07033869552227e-06 1.1131098108633523e-06 
1.1361991082538077e-06 1.2339567318485744e-06 1.1205378253498968e-06 1.0517943630215953e-06 1.0936607551137407e-06 
1.1590968305261207e-06 1.254188090727812e-06 1.141469049655012e-06 1.0729813104449577e-06 1.1159083609158406e-06 
1.1584978992593968e-06 1.2536206786445516e-06 1.1410425437420574e-06 1.0723909427819404e-06 1.1154465318471948e-06 
1.156157963561828e-06 1.253646267225468e-06 1.139124504818255e-06 1.0717383766235953e-06 1.1125637611393664e-06 
1.1541945072451423e-06 1.2521106822959387e-06 1.1374039105113713e-06 1.0700637518592421e-06 1.1106441830890347e-06 
1.1654432126557993e-06 1.2636698045864774e-06 1.1455994057197836e-06 1.0818273356830358e-06 1.1191310411111058e-06 
1.1640733624184012e-06 1.262117211198152e-06 1.1441339766233004e-06 1.0803239468032406e-06 1.1177455213584872e-06 
1.1704406208812334e-06 1.2657518176633418e-06 1.147692806677772e-06 1.0849299457510932e-06 1.1227270780254178e-06 
1.1656310500984315e-06 1.2604148192986976e-06 1.1430431316351923e-06 1.0796978575926022e-06 1.118250541685923e-06 
1.1629223534081244e-06 1.2585167294667295e-06 1.1406445852608791e-06 1.0775497137570629e-06 1.1154955508265857e-06 
1.1639339896199459e-06 1.2586002927307913e-06 1.1404056128226788e-06 1.0779886281687433e-06 1.1157759535642873e-06 
1.1698746395281814e-06 1.264352463854506e-06 1.144932373003339e-06 1.0839418956518437e-06 1.120568202112727e-06 
1.1649171449143102e-06 1.2594669529394135e-06 1.1411280091411992e-06 1.078912858607187e-06 1.116578515016717e-06 
1.165909622673593e-06 1.2612692045405815e-06 1.1443172406505885e-06 1.0803181160298678e-06 1.1191760366409303e-06 
1.1673591530005542e-06 1.2619959921185478e-06 1.1434574588186791e-06 1.081439181478254e-06 1.1188935502394868e-06 
1.1682098925900141e-06 1.2628034293180946e-06 1.1442051008023611e-06 1.082270601114033e-06 1.1196726925173077e-06 
1.1763683642687526e-06 1.2697895331830522e-06 1.1519176196906414e-06 1.0896379953322861e-06 1.1279079091996446e-06 
1.1749637485069992e-06 1.2691708250991804e-06 1.1517562751317522e-06 1.0886974114869523e-06 1.127281980372151e-06 
1.1741791217557491e-06 1.2685541186949715e-06 1.1510454207571933e-06 1.0880267282171777e-06 1.1264957579344765e-06 
1.1813601529731408e-06 1.2766459360140728e-06 1.1592792147110967e-06 1.0958180131654537e-06 1.1342574963913858e-06 
1.1654917433967275e-06 1.2628720516275283e-06 1.1464958166269306e-06 1.081179421164727e-06 1.12024486012456e-06 
1.1494437382623663e-06 1.2488874354513107e-06 1.1308219971637472e-06 1.066569668571558e-06 1.1036976063653377e-06 
1.1520540403976492e-06 1.2516447134706622e-06 1.1330990526998613e-06 1.0693286359010024e-06 1.1059653782886854e-06 
1.1507637996831995e-06 1.2501992037383795e-06 1.1313895380082813e-06 1.0679526200719566e-06 1.1043663179161717e-06 
1.1524406858740265e-06 1.2522478760792182e-06 1.1329700190954115e-06 1.0699238029964225e-06 1.105818760099529e-06 
1.1501233072234453e-06 1.2511125848446933e-06 1.1311129401385231e-06 1.0684481708215614e-06 1.1034415927995197e-06 
1.1464997942807563e-06 1.2487763781068834e-06 1.1304950658040371e-06 1.065526819398952e-06 1.1019399370885957e-06 
1.150287594381001e-06 1.2540252442204177e-06 1.1350337408959082e-06 1.0703736467519235e-06 1.1058269003494625e-06 
1.1406581540138267e-06 1.24469773765284e-06 1.1264653888079148e-06 1.0608495070118417e-06 1.0969885844500368e-06 
1.1464963700914278e-06 1.249033077465142e-06 1.1309780391391825e-06 1.0656803102116974e-06 1.102261211659929e-06 
1.1472121894916406e-06 1.250547353168013e-06 1.1338383184994487e-06 1.06683459423394e-06 1.1045452659589658e-06 
1.1431719057263413e-06 1.24592664244121e-06 1.128456190787005e-06 1.0624433718534294e-06 1.0995474234838396e-06 
1.1406263705451757e-06 1.2438010260037843e-06 1.1262867236920026e-06 1.0601749129699148e-06 1.0971630843799334e-06 
1.1408036658168676e-06 1.244043207044039e-06 1.1266341695601695e-06 1.0603886664312054e-06 1.0974644913423965e-06 
1.1382526373916335e-06 1.240438560729174e-06 1.1214649051159519e-06 1.0572431565675166e-06 1.0930258274402989e-06 
1.131111484294022e-06 1.2344168089096426e-06 1.1146997413400783e-06 1.050891271109801e-06 1.0857640777429202e-06 
1.1310557977427426e-06 1.2350991893040793e-06 1.1148806133428245e-06 1.0513779239729127e-06 1.0856286296150887e-06 
1.1379075963469785e-06 1.2410166862572863e-06 1.120493294997403e-06 1.057652630889548e-06 1.0917738423227592e-06 
1.1450485743789497e-06 1.247896681107406e-06 1.1267518904809937e-06 1.0647018617654408e-06 1.0982595854500131e-06 
1.1477510417153615e-06 1.2510239371591082e-06 1.129634726553829e-06 1.067722686461706e-06 1.1009607738709811e-06 
1.1496487027122808e-06 1.2515827964662998e-06 1.1298571264252483e-06 1.068761076421219e-06 1.10191682494455e-06 
1.1498510337956123e-06 1.251764937612707e-06 1.130023687963561e-06 1.0689521564398233e-06 1.1020961438192552e-06 
1.1460543403940737e-06 1.2481661075623608e-06 1.1268917425667754e-06 1.0652295549403546e-06 1.098795880944029e-06 
1.141887097986433e-06 1.2447523605136614e-06 1.1234723130455271e-06 1.061552190241104e-06 1.0949812688836912e-06 
1.1448737412418397e-06 1.2491720995542227e-06 1.1276529522228902e-06 1.065537912987547e-06 1.098462564679625e-06 
1.1284164201507125e-06 1.2343914205754776e-06 1.1146717381648882e-06 1.049999033183858e-06 1.0843611377384134e-06 
1.1242403396582008e-06 1.230571220991238e-06 1.1118079164543165e-06 1.0459716902957312e-06 1.081187203892327e-06 
1.12365229371947e-06 1.229646818422679e-06 1.1114241503283595e-06 1.0451079805466968e-06 1.0809075896880677e-06 
1.1252134228536549e-06 1.2345537697926095e-06 1.1139221328802435e-06 1.049175219371875e-06 1.0819909567562784e-06 
1.135918198999474e-06 1.241477330250179e-06 1.122223747418704e-06 1.0572074237621881e-06 1.0920852365219225e-06 
1.1296469403839956e-06 1.237246989655822e-06 1.1173861770240556e-06 1.052360119466188e-06 1.0862626904820516e-06 
1.1416381092429408e-06 1.2447023927877806e-06 1.126240538466038e-06 1.0611915884115423e-06 1.0972942222164676e-06 
1.1403539565144115e-06 1.2401772032225276e-06 1.1219691855865294e-06 1.0577073214216029e-06 1.0946497500640627e-06 
1.1373151018995133e-06 1.2362857547011441e-06 1.1170809581236721e-06 1.05417560199146e-06 1.0903186771633476e-06 
1.132357095422481e-06 1.2288083496636278e-06 1.110755697023322e-06 1.0474336869464676e-06 1.085130388609912e-06 
1.1363729462795115e-06 1.232051820758536e-06 1.113997698388306e-06 1.0509605187829353e-06 1.0887771428823398e-06 
1.1352363362202902e-06 1.2320327675084042e-06 1.1143147607143883e-06 1.0505231036297931e-06 1.0884754849956534e-06 
1.1342408027872867e-06 1.2321025737045674e-06 1.1132416504611185e-06 1.0503248687815837e-06 1.0869987432728688e-06 
1.1332486900949293e-06 1.2287677754856725e-06 1.1076331541046774e-06 1.0480078449080465e-06 1.0828813202992396e-06 
1.1328468476632297e-06 1.229540453866545e-06 1.1066547870788993e-06 1.048548733501131e-06 1.0815201397908137e-06 
1.137983714598362e-06 1.235273749470429e-06 1.113924636281196e-06 1.0539399005947193e-06 1.0882989013063214e-06 
1.1519110619799457e-06 1.247226978128196e-06 1.1266198820023101e-06 1.0665624898057397e-06 1.101942891155931e-06 
1.1546721853138098e-06 1.2496018632796184e-06 1.1299953779322517e-06 1.0689884349490803e-06 1.1053941167002054e-06 
1.1492934173485523e-06 1.2464260945960376e-06 1.1264560509276611e-06 1.0650601981985064e-06 1.1007590667658566e-06 
1.1549686963082038e-06 1.2524665628638882e-06 1.1329550774409232e-06 1.07095615376932e-06 1.1070235397597476e-06 
1.1568415068464899e-06 1.2539707341821876e-06 1.1343865867370753e-06 1.072600938000856e-06 1.1086572434623852e-06 
1.1595944407937692e-06 1.255529300432692e-06 1.1361523746149237e-06 1.074564229603246e-06 1.111015074063029e-06 
1.1593846388864075e-06 1.2553189750575322e-06 1.1360528553954335e-06 1.0743431244663602e-06 1.1109012365534309e-06 
1.1581661126966946e-06 1.2535150661130892e-06 1.1350827977834408e-06 1.0726626619869131e-06 1.1101224609966587e-06 
1.1526662422381778e-06 1.2466594084835213e-06 1.1302356670664352e-06 1.0660842716261524e-06 1.1057023558229732e-06 
1.151285389253888e-06 1.244908489165821e-06 1.1283254231963525e-06 1.0644702790159911e-06 1.1039998228719168e-06 
1.1537306275406451e-06 1.248256043433512e-06 1.1309686166208334e-06 1.06757233522707e-06 1.1062754174037406e-06 
1.1559857265302523e-06 1.2537566359623752e-06 1.1314256545125667e-06 1.0724260564039074e-06 1.1057144984208766e-06 
1.1480967153999644e-06 1.245663495238678e-06 1.1227974178431528e-06 1.064427310403985e-06 1.097242904752614e-06 
1.1393765434832507e-06 1.238065639584158e-06 1.1132041370996946e-06 1.056621808017287e-06 1.087305553369301e-06 
1.1422665010648459e-06 1.2429729608341654e-06 1.1170477964407564e-06 1.0609688540082935e-06 1.0902498115541539e-06 
1.1493370607268143e-06 1.248520282196565e-06 1.1220355598223806e-06 1.0671267094580326e-06 1.0961087828910383e-06 
1.1539697704489939e-06 1.25590385769053e-06 1.1314749360274305e-06 1.0733672166983546e-06 1.1038831096283838e-06 
1.1485795451579705e-06 1.2519675081125632e-06 1.1256858745243967e-06 1.0691261404651827e-06 1.0975652891122275e-06 
1.1487960489691772e-06 1.2528752985228716e-06 1.126619455898448e-06 1.0698032048904062e-06 1.0981401830312933e-06 
1.1478657777233686e-06 1.2529468655305058e-06 1.1261605660994582e-06 1.0696008604184684e-06 1.0972291361660393e-06 
1.1568866556359179e-06 1.263887382045154e-06 1.136572844231594e-06 1.0800072141159986e-06 1.1067394671088571e-06 
1.1579573442284444e-06 1.265038994108832e-06 1.1369736924958975e-06 1.0812202105607127e-06 1.1071938236213987e-06 
1.141849265685565e-06 1.2506789254919604e-06 1.1209184646631213e-06 1.066443542083108e-06 1.0904069559217534e-06 
1.1374615080080505e-06 1.2420139077686353e-06 1.1124852883600364e-06 1.0591256929895197e-06 1.0841411952364958e-06 
1.1479821204038037e-06 1.2514973015520102e-06 1.123591986568169e-06 1.068795817654946e-06 1.0956066218229106e-06 
1.149340943727905e-06 1.2528190882035542e-06 1.1270473792035045e-06 1.069894782062816e-06 1.0988185434474242e-06 
1.1506059549631684e-06 1.2536222634326722e-06 1.128173281028761e-06 1.0708208198889247e-06 1.100144766157693e-06 
1.1500244663788453e-06 1.2533108454420233e-06 1.1276943047749878e-06 1.0704357401724057e-06 1.099546380123009e-06 
1.155814469960178e-06 1.2598173317810231e-06 1.1363515885161035e-06 1.0765050201134774e-06 1.1075797126634454e-06 
1.1573297839042634e-06 1.2608511594491903e-06 1.1378316193149628e-06 1.0776585110644567e-06 1.1092546640872298e-06 
1.1556134372690635e-06 1.259528313347907e-06 1.1345600617112773e-06 1.0763967621125822e-06 1.1060204158803981e-06 
1.1678201314695056e-06 1.2721918825642299e-06 1.1472088325720167e-06 1.0889548353019594e-06 1.1184630387241487e-06 
1.164547452019916e-06 1.2677371303593715e-06 1.1446120422583377e-06 1.0846902653794281e-06 1.1162341983686276e-06 
1.1616533661327062e-06 1.2654255005860568e-06 1.1416346994682474e-06 1.0822422445072236e-06 1.1130347148207376e-06 
1.1613268029792955e-06 1.2644947134210193e-06 1.141372071878965e-06 1.0814430543017875e-06 1.1129982093878025e-06 
1.1605105272645298e-06 1.2636320072272693e-06 1.1405527334669188e-06 1.0805884273932676e-06 1.1121955375595963e-06 
1.174958869644546e-06 1.2779097320763662e-06 1.1544016946638988e-06 1.0950169660598575e-06 1.126216587599059e-06 
1.1784051174698746e-06 1.2829508830008526e-06 1.158404532728225e-06 1.0996489153470954e-06 1.1295376370298043e-06 
1.1773643733885897e-06 1.281761931103327e-06 1.1575089601539383e-06 1.0984753527397311e-06 1.128679276351413e-06 
1.1687785885805299e-06 1.274398986440422e-06 1.150079878038215e-06 1.090690814287741e-06 1.1206117929728833e-06 
1.1731358106554226e-06 1.2796304609985506e-06 1.1548973689554192e-06 1.09569652116216e-06 1.1250412823891814e-06 
1.1681418495349354e-06 1.2750515647300242e-06 1.1493033265491538e-06 1.0910707712441327e-06 1.1193488374442716e-06 
1.1691709133853765e-06 1.2766189243425905e-06 1.150606449079188e-06 1.0924964872267588e-06 1.1204103147072406e-06 
1.165984504276257e-06 1.273915306087762e-06 1.1473451151927253e-06 1.0896866923274182e-06 1.1169624412814664e-06 
1.1664497913811234e-06 1.2732860754140684e-06 1.1469730799270067e-06 1.0893825261295713e-06 1.1171224788633761e-06 
1.169626556877983e-06 1.2774132814957608e-06 1.1490636502531485e-06 1.093437689962194e-06 1.1189831251710048e-06 
1.170857169995822e-06 1.2787966158502956e-06 1.1496423692201011e-06 1.0948679846603617e-06 1.1195853341188626e-06 
1.1718369212637086e-06 1.2801948537187495e-06 1.1479206244914122e-06 1.0965145381037798e-06 1.1180342483514796e-06 
1.1755539114081473e-06 1.2821487774329926e-06 1.151552403937705e-06 1.0988433691609592e-06 1.122377257449082e-06 
1.1729764937389213e-06 1.280175946100081e-06 1.1532267494149449e-06 1.0962453419996825e-06 1.1232829555657005e-06 
1.1705607433396073e-06 1.2776963274773223e-06 1.1507535969713868e-06 1.0937776115014588e-06 1.1208363720951277e-06 
1.1691696272828372e-06 1.2757782639346718e-06 1.1490932282096154e-06 1.0919970748459704e-06 1.1194119552362871e-06 
1.1702183639441792e-06 1.2762481274777898e-06 1.1500417716793514e-06 1.092606664381283e-06 1.1206011620504394e-06 
1.1761343544667395e-06 1.2827456407592644e-06 1.1594035797525551e-06 1.0986491235939706e-06 1.1293211886947925e-06 
1.1780950693174087e-06 1.284972141642842e-06 1.1615684011576632e-06 1.1008032484187632e-06 1.1313615423907699e-06 
1.164613167056823e-06 1.2745760742854176e-06 1.1518745218010299e-06 1.089326675159844e-06 1.1199685949801623e-06 
1.169398068533228e-06 1.2780642630064603e-06 1.1552446128249148e-06 1.0932453773402556e-06 1.1240287353580539e-06 
1.1693521989093877e-06 1.2780134648026438e-06 1.1551963709233368e-06 1.0931957318529269e-06 1.1239826036287628e-06 
1.1705221153073331e-06 1.278944600904058e-06 1.1560778319562278e-06 1.0942103091690712e-06 1.124995225304093e-06 
1.1610650794999528e-06 1.2662116089038458e-06 1.1468596418371847e-06 1.082177605816039e-06 1.1169987267750634e-06 
1.1652881391818954e-06 1.2709669213410233e-06 1.1507458877621261e-06 1.086850666357803e-06 1.1207296699456823e-06 
1.1651620934532381e-06 1.2708757439705147e-06 1.151099974241171e-06 1.086710751634608e-06 1.1210100821639607e-06 
1.1549975849496058e-06 1.2597284040997164e-06 1.1405590855193562e-06 1.075789633499456e-06 1.110875551616774e-06 
1.1544329271677515e-06 1.2594307897972568e-06 1.1406899260494845e-06 1.075369714730835e-06 1.110814928646551e-06 
1.1543785603764238e-06 1.2592924027046064e-06 1.1407216119248377e-06 1.0752444216605294e-06 1.1108682902585405e-06 
1.157737494237367e-06 1.2624954148684975e-06 1.1424017391623732e-06 1.0786354392683695e-06 1.112825551074671e-06 
1.1595960198501326e-06 1.2643953149013856e-06 1.1447435537347013e-06 1.0804918335904355e-06 1.115094881780544e-06 
1.1603857233519228e-06 1.2651484791082127e-06 1.1454407522123566e-06 1.0812643818591976e-06 1.1158194528477995e-06 
