2.1968508644699662e-06 2.2097564454809744e-06 2.2865693804715404e-06 2.097087110106875e-06 2.273365735068765e-06 
2.196772600183839e-06 2.209823474140455e-06 2.286514449940587e-06 2.0970538593021784e-06 2.27326134703546e-06 
2.197113567704159e-06 2.2102295893256665e-06 2.286919010714319e-06 2.097439285556464e-06 2.273634985165027e-06 
2.200052543989243e-06 2.2136722564889322e-06 2.2900658204702426e-06 2.100597544468943e-06 2.2765891703884716e-06 
2.202744074256872e-06 2.2166720899536187e-06 2.2929248981546182e-06 2.1034432133408465e-06 2.2793236181998268e-06 
2.193555788869437e-06 2.207918601721457e-06 2.2847616909886093e-06 2.0947946242118605e-06 2.2708568852930547e-06 
2.193251193936333e-06 2.2076659335769375e-06 2.284515419727528e-06 2.0945278345966487e-06 2.270584779697048e-06 
2.197134545643714e-06 2.213192461427981e-06 2.2909243808546095e-06 2.0999459566642698e-06 2.2760634586428128e-06 
2.1950690844158674e-06 2.211745763153413e-06 2.2892848634849248e-06 2.0982176557807444e-06 2.2741600229829527e-06 
2.1962131986683772e-06 2.212487087223318e-06 2.2905995826007603e-06 2.099344051109624e-06 2.2755732772441685e-06 
2.202757846765e-06 2.219077423855955e-06 2.297172101624337e-06 2.105925875790965e-06 2.2821260467849246e-06 
2.202911967622982e-06 2.219265546225531e-06 2.2973386838179507e-06 2.1060941336166707e-06 2.282279884535114e-06 
2.2034924744483534e-06 2.2197663663621245e-06 2.2978599130211604e-06 2.1066298562069036e-06 2.2828357848135004e-06 
2.2006823262734985e-06 2.216944917353575e-06 2.2951271938680242e-06 2.1038462095118373e-06 2.280094298765193e-06 
2.207418877846803e-06 2.222759491540187e-06 2.301517778696258e-06 2.1102193661871366e-06 2.2868303289934695e-06 
2.207153009870405e-06 2.223016221294204e-06 2.300558543371576e-06 2.1097653210019143e-06 2.285820482667145e-06 
2.201441525371346e-06 2.217564178084307e-06 2.2958071262811327e-06 2.1045374902353983e-06 2.2808310810300415e-06 
2.2143937161198124e-06 2.2308208475767585e-06 2.308830740307249e-06 2.1176218831987026e-06 2.2937456841048532e-06 
2.2176508962306857e-06 2.2326343176332993e-06 2.309720629899874e-06 2.1194743835362016e-06 2.295476601953386e-06 
2.2279192628854697e-06 2.244263615783919e-06 2.32001331594836e-06 2.130105976603144e-06 2.3053359709975274e-06 
2.2065529354867054e-06 2.2207905627579092e-06 2.297338251817286e-06 2.107602239575745e-06 2.283540243043436e-06 
2.20195096108079e-06 2.2150125750289172e-06 2.2924086954748244e-06 2.102562768905132e-06 2.2790343452153006e-06 
2.2020474548437306e-06 2.2150122377543855e-06 2.2925027587998686e-06 2.102635275746048e-06 2.279159204357179e-06 
2.200491960989399e-06 2.213677870354248e-06 2.291164451761452e-06 2.1012258413860983e-06 2.2777160097460346e-06 
2.2020124401600054e-06 2.2148192531707235e-06 2.2928991058617397e-06 2.102754729464888e-06 2.2795344014477206e-06 
2.2013531442632825e-06 2.214195012830189e-06 2.2922948645555868e-06 2.1021269438911186e-06 2.2789101934863175e-06 
2.200745860598429e-06 2.2142342976680847e-06 2.292944923411096e-06 2.102235027094193e-06 2.279151148976037e-06 
2.20005052586514e-06 2.213464707378277e-06 2.2922008996662255e-06 2.1014987818825904e-06 2.2784384894148584e-06 
2.190931107399093e-06 2.203951583395846e-06 2.28288146723883e-06 2.0921773754056897e-06 2.26927637368528e-06 
2.20106659049922e-06 2.2133690429708022e-06 2.293513891684653e-06 2.1023904681932363e-06 2.2800512786859777e-06 
2.2187144728853337e-06 2.233269140484977e-06 2.311438072910935e-06 2.1207300165453464e-06 2.297221533352278e-06 
2.2162998436136345e-06 2.23064745947009e-06 2.3086901327488726e-06 2.118111310817529e-06 2.2945935357092177e-06 
2.2064409607813516e-06 2.222007830969386e-06 2.2994109804161096e-06 2.1087847701683983e-06 2.2848374446948864e-06 
2.2220783436662297e-06 2.238000277284454e-06 2.3165408685588492e-06 2.125212419293044e-06 2.3016094489873504e-06 
2.2257025861267796e-06 2.242528921459107e-06 2.321299076407443e-06 2.1295759116013666e-06 2.305897280262337e-06 
2.2271305845724518e-06 2.2442982133405462e-06 2.324165390986631e-06 2.1317469922380244e-06 2.3084206070995853e-06 
2.233619838473793e-06 2.2519006880530085e-06 2.33241903028532e-06 2.139329894631112e-06 2.3160346587770376e-06 
2.2383871499523843e-06 2.256939962229378e-06 2.3373445195876815e-06 2.1442447930666826e-06 2.320848115941028e-06 
2.2625004242890968e-06 2.280830499119147e-06 2.361516097338986e-06 2.168379103838728e-06 2.3450766835268676e-06 
2.2552022185569536e-06 2.2734895449822657e-06 2.3549146803046777e-06 2.161381870882087e-06 2.338375529591965e-06 
2.2515774576467724e-06 2.2697196722476e-06 2.3514097842344917e-06 2.157772109198951e-06 2.33489706830688e-06 
2.254022840038072e-06 2.272052651769211e-06 2.3534843887125975e-06 2.160022148706766e-06 2.3370674069332395e-06 
2.2546305710044944e-06 2.2724865621526976e-06 2.354050153835831e-06 2.16057052800675e-06 2.3376945443252426e-06 
2.251636164691356e-06 2.2698559962407383e-06 2.351182210694317e-06 2.1577151592196934e-06 2.3346920469737745e-06 
2.2529410959012335e-06 2.270675371310862e-06 2.3517851401894368e-06 2.1585804304052937e-06 2.335562354329078e-06 
2.2615401584913906e-06 2.279517860989052e-06 2.360123637777018e-06 2.1671325175511555e-06 2.3438659063847888e-06 
2.2589592779995585e-06 2.2751410890445674e-06 2.3574850865833734e-06 2.164098621373369e-06 2.341800939203599e-06 
2.258887042983765e-06 2.275077731214401e-06 2.357316076226635e-06 2.163983048813921e-06 2.341645047218639e-06 
2.260521514136346e-06 2.2758986573651375e-06 2.3582414327450354e-06 2.165101189425865e-06 2.34294183068328e-06 
2.2592368366801193e-06 2.274753032552529e-06 2.3568935375097364e-06 2.1638167319230518e-06 2.341560876373502e-06 
2.2604615432970855e-06 2.275070379283607e-06 2.357463924800942e-06 2.164529667207406e-06 2.3425231517298627e-06 
2.2640678044660775e-06 2.2798826938212503e-06 2.3614916843870132e-06 2.1686181251336646e-06 2.3461029543434445e-06 
2.265359326470039e-06 2.2822920301276075e-06 2.364632935224948e-06 2.171035614474213e-06 2.348589580112178e-06 
2.2598577888229534e-06 2.278230485145704e-06 2.3599966859912534e-06 2.166266389608632e-06 2.3433601431141168e-06 
2.2617775341769534e-06 2.2802293708850307e-06 2.3621342375146884e-06 2.1683107382916223e-06 2.345436852289246e-06 
2.2668713162931644e-06 2.285080456211591e-06 2.3668591039075345e-06 2.173183944567986e-06 2.350297691136419e-06 
2.269645039263019e-06 2.288143897053262e-06 2.368457554336412e-06 2.1754831957874157e-06 2.351997378642117e-06 
2.2756292571222247e-06 2.293596608016674e-06 2.3747173707536666e-06 2.181480867563795e-06 2.3583782111268495e-06 
2.2709519833206764e-06 2.289166571205594e-06 2.3700551231950847e-06 2.176860173676362e-06 2.3536364738392897e-06 
2.2506261293053638e-06 2.2684497989867025e-06 2.3487557320832614e-06 2.1559503309804633e-06 2.3326222846225415e-06 
2.234076689699572e-06 2.2510389469732885e-06 2.332568157894143e-06 2.139333371326341e-06 2.3166481380177114e-06 
2.234397332927314e-06 2.2512695694371287e-06 2.3322311406026023e-06 2.1393275955859336e-06 2.3164471796232995e-06 
2.233646094586397e-06 2.250719325968961e-06 2.331438612511692e-06 2.138603084418895e-06 2.315598425338511e-06 
2.2337090796639407e-06 2.2507359515609505e-06 2.3314941686107913e-06 2.1386518144729183e-06 2.31566974530376e-06 
2.232510271557996e-06 2.2504045764878823e-06 2.330784439627065e-06 2.1378826217990022e-06 2.3146076412386493e-06 
2.2350607824891008e-06 2.2531621240368134e-06 2.33404325028524e-06 2.1408163975577873e-06 2.317685029817436e-06 
2.2349260431995357e-06 2.2537077917338834e-06 2.334315999584316e-06 2.141032678023326e-06 2.3176773370780017e-06 
2.2336104815597303e-06 2.2534837937107535e-06 2.333445576523982e-06 2.140182798756094e-06 2.3163911996734775e-06 
2.2182260858322025e-06 2.2372874904330607e-06 2.315993344987846e-06 2.123615807934723e-06 2.299534726588546e-06 
2.214901160152324e-06 2.235712181898965e-06 2.312185344188321e-06 2.120492580906459e-06 2.2952553170456774e-06 
2.209334251830587e-06 2.230349901446118e-06 2.307334582182548e-06 2.115290974252554e-06 2.2902241422774306e-06 
2.2103731222764946e-06 2.231438414024469e-06 2.3080373753947867e-06 2.116191161837085e-06 2.290965942447421e-06 
2.2105791675403117e-06 2.2316353548221324e-06 2.3081716282712443e-06 2.1163627187034543e-06 2.291114738789035e-06 
2.2013280130945643e-06 2.223082277793782e-06 2.298948831737424e-06 2.107279615482537e-06 2.2816687442950887e-06 
2.203325255117673e-06 2.224922731100559e-06 2.300229340098265e-06 2.1089175331827446e-06 2.28311512127775e-06 
2.2028407537099972e-06 2.2248106484905366e-06 2.3000815082361706e-06 2.1086776837209083e-06 2.2827950798345668e-06 
2.2026954607799926e-06 2.2246204110809974e-06 2.299938602525427e-06 2.1085218500527313e-06 2.2826659845359563e-06 
2.2030144671813485e-06 2.228495252786545e-06 2.3020714251592464e-06 2.110568084749454e-06 2.283381056929853e-06 
2.1932713343926373e-06 2.2186820760405337e-06 2.2933163840274136e-06 2.10123463635717e-06 2.274489497715052e-06 
2.196289893687512e-06 2.2218432293319307e-06 2.297224441419859e-06 2.1047021644778856e-06 2.278207501820439e-06 
2.1979642732081963e-06 2.2237559112465578e-06 2.298489658116009e-06 2.1062538839005343e-06 2.2794635924851546e-06 
2.194530935642333e-06 2.220025876896054e-06 2.2935303974848745e-06 2.102044766467404e-06 2.274846399868637e-06 
2.1927165134500628e-06 2.2186473711601293e-06 2.292146139045456e-06 2.100533752812756e-06 2.273254868924142e-06 
2.1836412440543218e-06 2.2091375599864013e-06 2.2829416149124236e-06 2.09126868030782e-06 2.264210320950729e-06 
2.1826410917962298e-06 2.208415393248258e-06 2.2818267261929444e-06 2.0902865547389145e-06 2.263026365615273e-06 
2.171936455222891e-06 2.197908395230624e-06 2.2715045001698792e-06 2.0797834673973366e-06 2.2525816265880525e-06 
2.1876305717371152e-06 2.215742748736647e-06 2.2890861203226974e-06 2.096924476766119e-06 2.2691775286537214e-06 
2.198966481271937e-06 2.227922452058269e-06 2.3014773574496384e-06 2.1089862694780045e-06 2.281128561163598e-06 
2.1846114639977624e-06 2.214313626186054e-06 2.2862420382603687e-06 2.094398435637163e-06 2.2658023048360925e-06 
2.185841131832542e-06 2.2152866735199635e-06 2.285404092260085e-06 2.094633718600395e-06 2.2653795545299653e-06 
2.1905515449835376e-06 2.2193999000080925e-06 2.2892277734199817e-06 2.0987990734361517e-06 2.269534983016993e-06 
2.1919601744998855e-06 2.220716897799676e-06 2.2909813300629803e-06 2.1003390601802103e-06 2.2712615917250118e-06 
2.1882981051540597e-06 2.2165418612670813e-06 2.2874374716514636e-06 2.096584565749592e-06 2.2678619344488513e-06 
2.1717457052676336e-06 2.201037621956081e-06 2.271863677413371e-06 2.0807151081907603e-06 2.251801005906319e-06 
2.1584817897181608e-06 2.1886998965547307e-06 2.259948291809632e-06 2.068277495899247e-06 2.2393770163319604e-06 
2.1574374841260287e-06 2.1875970840942905e-06 2.258708019352872e-06 2.0671269109092374e-06 2.2381871441986673e-06 
2.166974510580567e-06 2.19596273856462e-06 2.2686519062862334e-06 2.0765565038676663e-06 2.2484343377431866e-06 
2.1731546508480424e-06 2.20537071164341e-06 2.276016534994184e-06 2.0841506498034547e-06 2.2545833333809573e-06 
2.177649649960249e-06 2.210116951840522e-06 2.2809448728408934e-06 2.088919437697219e-06 2.2593610757350017e-06 
2.1811922326789974e-06 2.2141435441543913e-06 2.284313405823028e-06 2.0925223716989807e-06 2.2626032287296634e-06 
2.1856578461647753e-06 2.2185440174244087e-06 2.2882750964645637e-06 2.096752289616665e-06 2.266665811821399e-06 
2.18473931694061e-06 2.2175596826733563e-06 2.2873000659633588e-06 2.0957884120186455e-06 2.265720988893691e-06 
2.177070522972555e-06 2.209244245396626e-06 2.2795983311899142e-06 2.087912323012872e-06 2.258231564522421e-06 
2.176555787196259e-06 2.2089068100469265e-06 2.279120179763795e-06 2.08746126468063e-06 2.2576913494665634e-06 
2.1730492256988593e-06 2.2042312039986406e-06 2.2744059095554075e-06 2.08308636183262e-06 2.253543597952444e-06 
2.172960821474073e-06 2.2045555552566458e-06 2.2736818405816043e-06 2.0828261042044446e-06 2.2527910066679817e-06 
2.1845078908288887e-06 2.2172270390864313e-06 2.2859810015144906e-06 2.0950416078579738e-06 2.2646093331605493e-06 
2.185832275756611e-06 2.2173010281232215e-06 2.286135982337855e-06 2.0955045619957237e-06 2.265349726131887e-06 
2.1825807492468127e-06 2.2148004246759753e-06 2.2832479785914727e-06 2.09261415912546e-06 2.2621652430957676e-06 
2.1800674606892703e-06 2.211990357707325e-06 2.2801477891088094e-06 2.0897536285671333e-06 2.259254425340804e-06 
2.181091205063219e-06 2.2127158992244635e-06 2.2805898882127065e-06 2.0904403639775628e-06 2.259884769613781e-06 
2.1752949127976995e-06 2.20719079220618e-06 2.2746609312711508e-06 2.084648478587857e-06 2.2538921642020725e-06 
2.1757972656475466e-06 2.2084500152782983e-06 2.275180735595085e-06 2.0853704068131724e-06 2.2541683358400004e-06 
2.174684571620118e-06 2.2075178464567576e-06 2.2747819907237116e-06 2.084619487540652e-06 2.2535975623119637e-06 
2.174874165542765e-06 2.2077258138685395e-06 2.2748794795896643e-06 2.0847740464976425e-06 2.2537039818054954e-06 
2.1891664642631893e-06 2.221668488226293e-06 2.2889568244109585e-06 2.098904464758555e-06 2.2679241158642907e-06 
2.186947927926609e-06 2.2195540215140044e-06 2.286897232599413e-06 2.0967802095941734e-06 2.2658063044557062e-06 
2.174269809899275e-06 2.206346266419428e-06 2.272546212791413e-06 2.0831948147661653e-06 2.251895551230651e-06 
2.1744513254564466e-06 2.206517524310555e-06 2.2727449040922767e-06 2.083381322955157e-06 2.252094706839957e-06 
2.1826404180637006e-06 2.215062963160972e-06 2.2805014563072246e-06 2.0915002494220818e-06 2.2598057262284124e-06 
2.173023941071256e-06 2.2062486594907973e-06 2.2711761681153302e-06 2.082216195739483e-06 2.2501801331351855e-06 
2.1731507010864063e-06 2.2062902936179967e-06 2.2712389116032376e-06 2.0822913806208675e-06 2.25028024977003e-06 
2.1742877686879553e-06 2.207633631141607e-06 2.2734637359004504e-06 2.0839616915328294e-06 2.252264402728516e-06 
2.17492987231292e-06 2.208781651725627e-06 2.2741238338230402e-06 2.0847561389997795e-06 2.2527603462087184e-06 
2.1752629421576394e-06 2.209288453706765e-06 2.2747420036839194e-06 2.085263371997544e-06 2.2532773206098358e-06 
2.170927975124056e-06 2.2045477887420885e-06 2.270142427250933e-06 2.0806888928186046e-06 2.248850387359885e-06 
2.1688113334845586e-06 2.2015526871508797e-06 2.2671285828455134e-06 2.07792928457611e-06 2.246260849201111e-06 
2.1715483198245314e-06 2.2031706504787366e-06 2.2693041331685347e-06 2.0801139752440676e-06 2.2488822546800992e-06 
2.1542393168158523e-06 2.1846580862301742e-06 2.250042363619671e-06 2.061586849774806e-06 2.230320933289617e-06 
2.147459833300562e-06 2.1783919301356184e-06 2.2456951433734634e-06 2.05599020145424e-06 2.2254204519954294e-06 
2.1435797826947697e-06 2.172615360437924e-06 2.2401292034208133e-06 2.050843147613226e-06 2.220729218053825e-06 
2.152504358320008e-06 2.180964003556733e-06 2.249167763195046e-06 2.0596795724603734e-06 2.2299305020302098e-06 
2.1605127536978013e-06 2.1888429764908596e-06 2.257050933213171e-06 2.0676155072022595e-06 2.2378734419291527e-06 
2.1628396976531058e-06 2.1909557783923746e-06 2.2588705114008007e-06 2.0696680824476594e-06 2.2398424268266886e-06 
2.149671358401738e-06 2.1780758217291656e-06 2.2465464991139486e-06 2.0569179206571904e-06 2.2272931218700707e-06 
2.1469541121594136e-06 2.1755067940296373e-06 2.244138950942834e-06 2.0543706785213644e-06 2.2247891026323066e-06 
2.146119462124446e-06 2.173256293092852e-06 2.241800069431432e-06 2.0524928036710518e-06 2.223142233772894e-06 
2.149113609176381e-06 2.1755578894397295e-06 2.2446458513984647e-06 2.0552421568673146e-06 2.2262309861108456e-06 
2.1543724909739465e-06 2.1792092130257296e-06 2.2500165515219888e-06 2.0601337396419414e-06 2.2320917368476478e-06 
2.1538605403855828e-06 2.178727965104549e-06 2.2497725403678964e-06 2.0597468278271604e-06 2.2317947006533925e-06 
2.149648725235037e-06 2.1756540919073538e-06 2.2462627874984118e-06 2.0561362633483436e-06 2.2278119055812814e-06 
2.144704176181136e-06 2.1715486664718194e-06 2.2417041000454134e-06 2.0515744465958765e-06 2.2229260072053076e-06 
2.139067916225051e-06 2.16604427764496e-06 2.236023658228931e-06 2.0459415186243503e-06 2.2172119859393886e-06 
2.1374682212823746e-06 2.1642301677059865e-06 2.23427924969959e-06 2.0442171956310337e-06 2.215559177330403e-06 
2.125787974979279e-06 2.1532904417647464e-06 2.2233788289054507e-06 2.0330533669162886e-06 2.204300425628508e-06 
2.1256865637746196e-06 2.153261849258028e-06 2.223310749620903e-06 2.032985969688869e-06 2.204203917045977e-06 
2.1240791580320895e-06 2.1514321077650147e-06 2.2215509661182672e-06 2.0312480784429816e-06 2.2025394772956463e-06 
2.1248080834511244e-06 2.1485803372913838e-06 2.220151359253335e-06 2.030092148394225e-06 2.2026169527453826e-06 
2.1215362353556524e-06 2.144858352386815e-06 2.217165970371613e-06 2.026822723375375e-06 2.199727896051433e-06 
2.1269419852221874e-06 2.1503714089084994e-06 2.2230718688168425e-06 2.0324905500963846e-06 2.2055178690231585e-06 
2.127962875869618e-06 2.151969269354651e-06 2.224678850163578e-06 2.0339240965051093e-06 2.2068474139579194e-06 
2.13096527541452e-06 2.154914139190643e-06 2.2265290530569575e-06 2.0364065907871694e-06 2.2089020415216315e-06 
2.1321302186857194e-06 2.156124515976248e-06 2.227626265024311e-06 2.0375560735997857e-06 2.2099956691247255e-06 
2.126883427611602e-06 2.150208235018184e-06 2.222253320064781e-06 2.032067471381414e-06 2.204855623628487e-06 
2.1254589787938497e-06 2.1489757215481383e-06 2.22099765576066e-06 2.030764379907574e-06 2.203512200863501e-06 
2.1468655585784413e-06 2.1691012972888976e-06 2.241299673803731e-06 2.051398631901281e-06 2.2243945334494046e-06 
2.152203509115997e-06 2.1744874061919986e-06 2.247262210677867e-06 2.0570368105921314e-06 2.2302395920681695e-06 
2.152414680875295e-06 2.1741824976105547e-06 2.2453260820098966e-06 2.0561709050730847e-06 2.228815100276299e-06 
2.1384543600224557e-06 2.1580094718981222e-06 2.232382897270492e-06 2.042062370657533e-06 2.216406834130242e-06 
2.1435685449585422e-06 2.1621602956433273e-06 2.2361712846142406e-06 2.046358609101155e-06 2.2207139224135686e-06 
2.143488204087086e-06 2.1617788327998893e-06 2.2362168393459766e-06 2.046258373372458e-06 2.2208338268767702e-06 
2.145700046105826e-06 2.1640253766227938e-06 2.238022363153255e-06 2.0483042565741885e-06 2.2226943287866104e-06 
2.145254134785042e-06 2.163430876438431e-06 2.2374903749812146e-06 2.0477821696397404e-06 2.222223235445749e-06 
2.146008701704947e-06 2.1642419330921724e-06 2.238220929110445e-06 2.0485419683858614e-06 2.222939805162134e-06 
2.142036264781091e-06 2.1601002611964476e-06 2.2340031687366592e-06 2.044410243415137e-06 2.2188158669559737e-06 
2.131298799891057e-06 2.1501902973334972e-06 2.2238639735004314e-06 2.0341203250561147e-06 2.2083199979960173e-06 
2.134219939467615e-06 2.152287084835265e-06 2.226205678213876e-06 2.0365855859955172e-06 2.2110153692750844e-06 
2.1410994546964593e-06 2.159685952477993e-06 2.2348015856573093e-06 2.0443704919206025e-06 2.2191670818456186e-06 
2.1412271453473035e-06 2.1596106566676468e-06 2.234335019645491e-06 2.04418359867687e-06 2.2188612635324524e-06 
2.1278742695692503e-06 2.1456240540915067e-06 2.220378551884719e-06 2.0303755942892616e-06 2.2052045209505357e-06 
2.132027991960005e-06 2.1498264368465594e-06 2.2248058621298503e-06 2.034672030414397e-06 2.209571347347908e-06 
2.132874769169218e-06 2.1506748037951236e-06 2.2257280699106246e-06 2.0355545883450614e-06 2.2104806404869833e-06 
2.1169363474805233e-06 2.1333168949849177e-06 2.2100011977305045e-06 2.0193263054014164e-06 2.195167732888854e-06 
2.1123398504339816e-06 2.1293502363298463e-06 2.206239718060771e-06 2.0152476316443624e-06 2.1910726704888416e-06 
2.0980300291732e-06 2.114635050246766e-06 2.1929675877988625e-06 2.001277076769892e-06 2.1777603527655605e-06 
2.100206952083248e-06 2.116628055293424e-06 2.1949850114679363e-06 2.0033422934396808e-06 2.1798612352473008e-06 
2.110324213484656e-06 2.1270433810996283e-06 2.20445739485546e-06 2.013261971068682e-06 2.1893440005724718e-06 
2.1316201622318377e-06 2.149459154932862e-06 2.2266209021145237e-06 2.035269365412713e-06 2.2110110659564127e-06 
2.1316100942215576e-06 2.1492697960054007e-06 2.2258678504224274e-06 2.034880374141052e-06 2.210435637945051e-06 
2.134541356197154e-06 2.1519636109779243e-06 2.2293004552402393e-06 2.037986336555608e-06 2.2138606184535495e-06 
2.1389706110284374e-06 2.15662566542151e-06 2.2334855371913526e-06 2.0423717847402135e-06 2.2180117782550128e-06 
2.14691060834971e-06 2.1631986635404924e-06 2.2385757745668976e-06 2.0487213209466345e-06 2.2239960827818036e-06 
2.145016377796951e-06 2.1618310528206913e-06 2.2373058023345342e-06 2.047229238285924e-06 2.2224587841299407e-06 
2.1439059985322813e-06 2.1608429343751384e-06 2.2363392825937007e-06 2.046210406401977e-06 2.221430467273765e-06 
2.1399087103858926e-06 2.156714654931005e-06 2.2325557651050477e-06 2.042267185933553e-06 2.2176537783140877e-06 
2.141470528390895e-06 2.158436840689862e-06 2.2342635932836674e-06 2.0439368731404362e-06 2.2192871321718537e-06 
2.1399458234060485e-06 2.1567521487290077e-06 2.232577380181827e-06 2.0422975719212433e-06 2.2176777987991554e-06 
2.1167755684955567e-06 2.134001380728077e-06 2.2106657154959345e-06 2.0197414515539604e-06 2.195431949761751e-06 
2.11857341315168e-06 2.13594024002799e-06 2.2126610444287847e-06 2.0216665547065615e-06 2.1973504818323875e-06 
2.118816693503852e-06 2.135891041000701e-06 2.2131376973522152e-06 2.021944382104393e-06 2.1978809007371024e-06 
2.117729436622882e-06 2.1348468418659437e-06 2.21212502706821e-06 2.0208988188376484e-06 2.196842678118927e-06 
2.1049453278111604e-06 2.122703884445773e-06 2.2000075958875624e-06 2.0085432387731813e-06 2.184416856045505e-06 
2.111010411011119e-06 2.126532178832815e-06 2.2065297170047515e-06 2.0142952306019937e-06 2.191565217478904e-06 
2.1104952231131836e-06 2.125916237774676e-06 2.205954446662275e-06 2.013727589554254e-06 2.191031423716402e-06 
2.111788621651528e-06 2.1265898658622123e-06 2.2068282056568973e-06 2.014685741795975e-06 2.1921678925227108e-06 
2.1145296142332232e-06 2.1284780069410757e-06 2.2089468074503782e-06 2.0169482068508707e-06 2.194655215429332e-06 
2.116874606850455e-06 2.131878425047909e-06 2.211405919373158e-06 2.0195980022398906e-06 2.196764694848008e-06 
2.1241222528878836e-06 2.1384532228596333e-06 2.217644135820518e-06 2.026243447754117e-06 2.203378182880135e-06 
2.121045265008377e-06 2.1369181081456205e-06 2.21562766993897e-06 2.024007338449367e-06 2.2007050293414452e-06 
2.1245760603079235e-06 2.1420901217977033e-06 2.219536044455427e-06 2.028112213301267e-06 2.204035970675183e-06 
2.1164627456985246e-06 2.133802622116719e-06 2.2111500258602848e-06 2.019815114586766e-06 2.1957503481437704e-06 
2.1184801144310116e-06 2.1368427376295784e-06 2.2122970337813787e-06 2.021696454833241e-06 2.1967175088502284e-06 
2.1236075873068495e-06 2.1422290267812664e-06 2.214964934626041e-06 2.0258132994358266e-06 2.1997037332397846e-06 
2.1168737216076893e-06 2.135956783391752e-06 2.2085646790328435e-06 2.019327154055523e-06 2.1931046140671907e-06 
2.1177222524417814e-06 2.136699910512028e-06 2.209544428827119e-06 2.020208312493241e-06 2.1940961276108072e-06 
2.1125205124389714e-06 2.131370283873369e-06 2.204039832475333e-06 2.014829684122322e-06 2.1886818397121258e-06 
2.115924788697271e-06 2.135637996090719e-06 2.2090583590981724e-06 2.0191699328697862e-06 2.193165161595308e-06 
2.1134136885741156e-06 2.1340697058918335e-06 2.206798187017982e-06 2.017003534149433e-06 2.190567318420347e-06 
2.098592476491274e-06 2.1197981224320272e-06 2.1929007015177405e-06 2.002696931337883e-06 2.176348780898979e-06 
2.1033776786424654e-06 2.1233385429821414e-06 2.197740243997209e-06 2.0072020428629415e-06 2.1815710184026864e-06 
2.099330252927392e-06 2.119353591590464e-06 2.1945872556653827e-06 2.0035612746795738e-06 2.178253477426936e-06 
2.104082757706638e-06 2.1251805846496733e-06 2.1999769390475948e-06 2.0088800948570596e-06 2.183200419428165e-06 
2.104980405690184e-06 2.1261195159429743e-06 2.2008118757226014e-06 2.0097620055381797e-06 2.1840323984355115e-06 
2.103753450417796e-06 2.1256131822806984e-06 2.1994972461840957e-06 2.0086753319567444e-06 2.1825051141513267e-06 
2.1168506933918677e-06 2.1405747140047958e-06 2.214785715797057e-06 2.0232617235831986e-06 2.1968476585758085e-06 
2.1227308392123653e-06 2.1460516205122922e-06 2.2200722801935262e-06 2.028784384975768e-06 2.202356720347047e-06 
2.1310209771278242e-06 2.154826169936497e-06 2.229542438986358e-06 2.0377493684786595e-06 2.2114810334625825e-06 
2.117381095611309e-06 2.139021300304157e-06 2.2150326283992953e-06 2.023138533170147e-06 2.1977972938966316e-06 
2.1277141463069053e-06 2.1496359319418834e-06 2.2252302317633533e-06 2.033503416692717e-06 2.2079264842175257e-06 
2.1312985081292034e-06 2.1530333632251473e-06 2.2290608211607288e-06 2.0371606762775746e-06 2.2117752959199434e-06 
2.132479207118023e-06 2.154165894983532e-06 2.2299120204043142e-06 2.0381822669081778e-06 2.2126950737904014e-06 
2.133580239951198e-06 2.1547930627183095e-06 2.2305017339080743e-06 2.038935492697775e-06 2.2135170584342928e-06 
2.1290466345122917e-06 2.1502930356824106e-06 2.225811461297079e-06 2.034329448942758e-06 2.2088424452470317e-06 
2.1300853705742966e-06 2.1514903232592224e-06 2.226891640068595e-06 2.035428933889842e-06 2.2098657664276817e-06 
2.147775813323267e-06 2.1708341858241354e-06 2.2453585691039793e-06 2.0539261689827247e-06 2.2276822513758797e-06 
2.161411289424943e-06 2.1876696508045962e-06 2.259724920228888e-06 2.0687463056773523e-06 2.2409167091612035e-06 
2.16265760431157e-06 2.189985327164679e-06 2.2617328441446995e-06 2.0706178482016265e-06 2.24246271344141e-06 
2.1624798631633786e-06 2.1897361665887066e-06 2.261539412622476e-06 2.070413832574265e-06 2.242294461272504e-06 
2.162770839759197e-06 2.190099710202159e-06 2.2619284230113843e-06 2.070768527127176e-06 2.242644583199729e-06 
2.164957907831037e-06 2.1919995092431994e-06 2.2641366023161627e-06 2.0728940038775164e-06 2.244939843349046e-06 
2.161551306211199e-06 2.1884379985650947e-06 2.261903951779916e-06 2.0699694105107074e-06 2.2425667289512895e-06 
2.1542799442619733e-06 2.179060976214485e-06 2.254578080368149e-06 2.0621162955663923e-06 2.2359160808649375e-06 
2.151828909191857e-06 2.1761780121293558e-06 2.2511955092242836e-06 2.0591248623553825e-06 2.2328215112893454e-06 
2.152135924467564e-06 2.17755121728378e-06 2.2520855642393454e-06 2.059970487629844e-06 2.2332803560905637e-06 
2.160020460841155e-06 2.1850701937414366e-06 2.259926915645419e-06 2.067758549455876e-06 2.2412426468413343e-06 
2.1610108091364166e-06 2.1861677337944543e-06 2.260902710454154e-06 2.0687717903022755e-06 2.242186781224015e-06 
2.1630835097932416e-06 2.187870009683889e-06 2.262862019654954e-06 2.070702564585593e-06 2.2442810446170462e-06 
2.167232135001946e-06 2.1921469581885093e-06 2.2673682403784146e-06 2.075055861191919e-06 2.248687931014138e-06 
2.157864027589567e-06 2.18239895475146e-06 2.2579234604259987e-06 2.0655362807079216e-06 2.2393772043491546e-06 
2.1741413395873e-06 2.1977713935946547e-06 2.2735323085883057e-06 2.0813134676349293e-06 2.2553771803087497e-06 
2.180438715899666e-06 2.20279267305765e-06 2.2794399491584097e-06 2.087125701337713e-06 2.2617494368523303e-06 
2.1857953352544483e-06 2.206067422837859e-06 2.2834297860013204e-06 2.0913531352702394e-06 2.2666168216996267e-06 
2.1791982967974735e-06 2.1996957154061427e-06 2.27667521284014e-06 2.0847259602530806e-06 2.2598180370579977e-06 
2.18102211673496e-06 2.201265655915025e-06 2.278454096804798e-06 2.0864705323717883e-06 2.2616838864100123e-06 
2.180208723560556e-06 2.2005567505764717e-06 2.277334354336964e-06 2.0855417184759886e-06 2.2605813387529236e-06 
2.189782729103879e-06 2.2103434960283625e-06 2.286961459167018e-06 2.0952124991320922e-06 2.270131315724331e-06 
2.191201313020957e-06 2.211401644708872e-06 2.287302340810077e-06 2.096056780242822e-06 2.2707612346971544e-06 
2.191758358080273e-06 2.2119214763523627e-06 2.2878140170019696e-06 2.096585273372648e-06 2.2712919489310453e-06 
2.188417046206262e-06 2.2084982206447712e-06 2.28455705159475e-06 2.0932546525255142e-06 2.2680475443059096e-06 
2.1882875767126365e-06 2.208569955242521e-06 2.284837602362283e-06 2.0933601597892252e-06 2.2681978825973673e-06 
2.1898892228296286e-06 2.2108408391449884e-06 2.2861259259975007e-06 2.094990752937291e-06 2.2693261358793723e-06 
2.190276514363906e-06 2.212266554757545e-06 2.2861665571704628e-06 2.0954859554672544e-06 2.2690955663440883e-06 
2.19089180130923e-06 2.2122395528282742e-06 2.2870308700111023e-06 2.096051202419041e-06 2.270121913688449e-06 
2.213030854365136e-06 2.2347619501851466e-06 2.3073907335763956e-06 2.1175424940987304e-06 2.2906469413236645e-06 
2.2119313085689355e-06 2.2339598523188247e-06 2.306574419383883e-06 2.116642169763229e-06 2.2896907471513134e-06 
2.222184465495104e-06 2.243226186981423e-06 2.3159576572650213e-06 2.126279589884946e-06 2.2995257773890558e-06 
2.219769258200391e-06 2.2410408294426213e-06 2.313720079468059e-06 2.12399654072432e-06 2.2971870286460034e-06 
2.219862707182256e-06 2.2411360678028946e-06 2.3138043503410914e-06 2.124086599942591e-06 2.2972722141554786e-06 
2.2127692525128527e-06 2.2331667644429087e-06 2.3049062424515682e-06 2.1159629924780266e-06 2.2889454526412018e-06 
2.217401435382056e-06 2.2365348990948268e-06 2.3086690929398493e-06 2.1199023101692206e-06 2.293248500469869e-06 
2.2102906775987136e-06 2.2298509302624147e-06 2.3016549038307186e-06 2.1129279138447774e-06 2.2860847185415334e-06 
2.211687329035679e-06 2.23115714860629e-06 2.3030879065877765e-06 2.114320101804954e-06 2.287540183855039e-06 
2.207584383794698e-06 2.22617553317676e-06 2.2973987651432653e-06 2.109296914819034e-06 2.2823873641486414e-06 
2.2096706316364225e-06 2.228967795066611e-06 2.299868167826366e-06 2.111734312492105e-06 2.2845710770959008e-06 
2.2109959379261205e-06 2.230208103535349e-06 2.3012508883038867e-06 2.1130652228933292e-06 2.2859711441913987e-06 
2.2130154158556934e-06 2.232229473279502e-06 2.3034357821777853e-06 2.115160773856257e-06 2.2881282591160103e-06 
2.211408062046164e-06 2.2288733911214583e-06 2.3006319205567457e-06 2.112586534187011e-06 2.286071756943487e-06 
2.2143913549303824e-06 2.23126756173e-06 2.3038197197223454e-06 2.115515028020308e-06 2.2894117556251675e-06 
2.2057285708474433e-06 2.222822845844668e-06 2.2952325141184915e-06 2.106921760968914e-06 2.280744434689907e-06 
2.2067887618312087e-06 2.2248931937614816e-06 2.2967539771606042e-06 2.1084401336812527e-06 2.2818717970760456e-06 
2.202992649693186e-06 2.221196379843942e-06 2.2927961135407197e-06 2.1045914908490455e-06 2.2779094006051814e-06 
2.2027841415366435e-06 2.221290011790683e-06 2.293347231503197e-06 2.104788197974754e-06 2.2782414143728314e-06 
2.198963028233878e-06 2.2170093305294683e-06 2.28962427378189e-06 2.1008847848065693e-06 2.2746479732275834e-06 
2.201871388659059e-06 2.2208032838112498e-06 2.2930990117343894e-06 2.104270789472963e-06 2.277750580920933e-06 
2.2034231067460485e-06 2.22209335507995e-06 2.2944119579070966e-06 2.1056552604732593e-06 2.27918481294848e-06 
2.2024115219965657e-06 2.2217436680239506e-06 2.2931091887527895e-06 2.1046846653692493e-06 2.2777205810405604e-06 
2.2119720853275265e-06 2.2311363105922174e-06 2.301599629495943e-06 2.113761357611921e-06 2.2864370184653485e-06 
2.2135690767833534e-06 2.232649473661109e-06 2.302979597646937e-06 2.115247034906822e-06 2.2878786008755327e-06 
2.2039273857911164e-06 2.221592730693519e-06 2.2921700786149386e-06 2.1047205263154004e-06 2.277707502646201e-06 
2.2022769852096164e-06 2.2203936495872387e-06 2.2930485190876703e-06 2.1042715689701357e-06 2.2780316298305458e-06 
2.1977237273593676e-06 2.2149225681313328e-06 2.286659172016351e-06 2.0986811719741268e-06 2.2722317281476094e-06 
2.1992140332468195e-06 2.2158092614356304e-06 2.2875787572036685e-06 2.0997760542919235e-06 2.273434657282735e-06 
2.197165943914277e-06 2.213580506857742e-06 2.2853402700969337e-06 2.0975960488772124e-06 2.2712844491943254e-06 
2.1972051143579367e-06 2.213624931471745e-06 2.285372324986846e-06 2.0976335823941084e-06 2.2713160025975635e-06 
2.1978366589925915e-06 2.214231125933761e-06 2.2858645092318747e-06 2.0982002963648314e-06 2.271838842268606e-06 
2.205455516250539e-06 2.2215718935210223e-06 2.2935152457737577e-06 2.10577866124791e-06 2.2795712701015113e-06 
2.200061446602869e-06 2.2181748183145433e-06 2.289384571901341e-06 2.1014240834716323e-06 2.2746049855567776e-06 
2.191613107244842e-06 2.20984001776051e-06 2.2810599492450093e-06 2.0930399540924807e-06 2.266225392550164e-06 
2.185731479105794e-06 2.2041086882596524e-06 2.275350728510836e-06 2.087258385654884e-06 2.260441369634666e-06 
2.1842414712185323e-06 2.202960020625708e-06 2.2721452574863028e-06 2.0851208020029947e-06 2.257407325330582e-06 
2.1850160644918484e-06 2.2036674755904604e-06 2.2728477629819516e-06 2.0858490392390163e-06 2.2581426857378074e-06 
2.1863335476845114e-06 2.2049793298601725e-06 2.2742134653345227e-06 2.0871883474976665e-06 2.2595021683943044e-06 
2.191747780373038e-06 2.2100036428284197e-06 2.2798967929046847e-06 2.092627234823033e-06 2.265264327914095e-06 
2.1921341956971295e-06 2.210239021352956e-06 2.2802091340478244e-06 2.0929438793839168e-06 2.2656364059445406e-06 
2.192292136723435e-06 2.2103944408114315e-06 2.2803800538916235e-06 2.093107030601279e-06 2.2658059916688826e-06 
2.1925918610542957e-06 2.213147641518823e-06 2.2807011922670023e-06 2.0940600150588462e-06 2.265347428083734e-06 
2.1936337326924427e-06 2.2148880512698894e-06 2.28400676908753e-06 2.0962490611756377e-06 2.268064300002798e-06 
2.1899299545045555e-06 2.2119244315170303e-06 2.2806674323429455e-06 2.0928887146187934e-06 2.264432022696147e-06 
2.197259351399857e-06 2.2191938908849097e-06 2.287765774944532e-06 2.100119292953643e-06 2.2715857983527633e-06 
2.1953971769332136e-06 2.2169331519278335e-06 2.286151127517079e-06 2.0982535247225965e-06 2.2700574364418618e-06 
2.196964695250988e-06 2.2179707822163435e-06 2.2868980698430334e-06 2.0993340273052413e-06 2.2711050936206294e-06 
2.1990212967507234e-06 2.219663495942358e-06 2.288464857171984e-06 2.1010905327208234e-06 2.2728663174341243e-06 
2.202307330682009e-06 2.223545468452368e-06 2.2920492985278444e-06 2.104667919773693e-06 2.276213209898964e-06 
2.2018606085144652e-06 2.221934748002609e-06 2.291216175927319e-06 2.103749162942513e-06 2.2758113242201196e-06 
2.2040460710439177e-06 2.223499107170528e-06 2.2926128640596196e-06 2.105441206410972e-06 2.2775324265221034e-06 
2.208682310440518e-06 2.227978634291817e-06 2.2973021118805896e-06 2.110068860500681e-06 2.2822620577837673e-06 
2.2104745011857497e-06 2.228351844065657e-06 2.298743115778458e-06 2.111347206019096e-06 2.284208584040871e-06 
2.200737730512074e-06 2.2197884821221543e-06 2.2892429765749165e-06 2.101994550400062e-06 2.274300192016172e-06 
2.1982035682803165e-06 2.2179030682461123e-06 2.286535618960603e-06 2.0995513663975157e-06 2.271416074099374e-06 
2.198814139586823e-06 2.2186884496978535e-06 2.2869529591490698e-06 2.1001276426893947e-06 2.2718094006663945e-06 
2.1894779769674104e-06 2.209333616809399e-06 2.277794056224202e-06 2.0908412617760757e-06 2.2626287885535203e-06 
2.1914181901217678e-06 2.2112185938034515e-06 2.2796642523554327e-06 2.0927415312171766e-06 2.2645275931094957e-06 
2.1935266382245697e-06 2.214195017185286e-06 2.2819428291897036e-06 2.0951559683821125e-06 2.26650348767598e-06 
2.1956617676467146e-06 2.215771614162645e-06 2.283394346176714e-06 2.0968597175365476e-06 2.268242571522462e-06 
2.2009086843875863e-06 2.2203354122865664e-06 2.288713227721918e-06 2.101967713864936e-06 2.273765379925915e-06 
2.2012467287476166e-06 2.2221601577168794e-06 2.2903296375641953e-06 2.103239392578497e-06 2.2747034832516654e-06 
2.197845581505016e-06 2.2187292882295806e-06 2.286984554372039e-06 2.0998468158163605e-06 2.2713591589112053e-06 
2.202064361827102e-06 2.223122361900568e-06 2.2927509522254614e-06 2.1047803524373117e-06 2.2768185488141824e-06 
2.2177072819177013e-06 2.2383724161536873e-06 2.3096613919983426e-06 2.120900888104857e-06 2.2936450980671276e-06 
2.2181400454776977e-06 2.238786353218194e-06 2.310498828967268e-06 2.1215057177806436e-06 2.29442259925851e-06 
2.222428861715083e-06 2.2412908470137295e-06 2.314653453331574e-06 2.1252891413879823e-06 2.299161967286449e-06 
2.2173584912592345e-06 2.235129460309405e-06 2.308936511977608e-06 2.1196498792816666e-06 2.2938952589234304e-06 
2.2046563848309186e-06 2.2227455589335305e-06 2.2963011491164723e-06 2.107030428371916e-06 2.2811502598104656e-06 
2.2043987935466537e-06 2.222274547343964e-06 2.2959832992240154e-06 2.1066922370111844e-06 2.2809095656840726e-06 
2.2149185992903366e-06 2.234676755936886e-06 2.308605554584274e-06 2.118634160488705e-06 2.292593949104151e-06 
2.218890663885982e-06 2.2378015623300243e-06 2.3119805652349815e-06 2.122137018533424e-06 2.2963330126534375e-06 
2.2173459213247312e-06 2.2353838585172804e-06 2.3099386723160426e-06 2.1201508212324625e-06 2.2946476605140703e-06 
2.218119602964839e-06 2.2361308504990692e-06 2.3106933328997338e-06 2.120911037855691e-06 2.2954137394429767e-06 
2.2147724110108996e-06 2.2323854560972557e-06 2.3085118511785494e-06 2.117976397546696e-06 2.293167759714184e-06 
2.2146689741362483e-06 2.232276262903434e-06 2.3084062188983417e-06 2.1178703505275748e-06 2.2930643117764183e-06 
2.224553340345894e-06 2.2414018028816442e-06 2.317927738025001e-06 2.127426725537741e-06 2.3028827490099103e-06 
2.2217598222201305e-06 2.2385716949630753e-06 2.314530239286429e-06 2.1243491062461297e-06 2.2995958663079346e-06 
2.2216959667503202e-06 2.238487944268886e-06 2.3144778633161786e-06 2.1242853446602697e-06 2.299547884562951e-06 
2.219895057674249e-06 2.2370561295852427e-06 2.3128748608378733e-06 2.1226595353791297e-06 2.297796553250505e-06 
2.224168664195954e-06 2.241218579458766e-06 2.3166687287166397e-06 2.1267013910510646e-06 2.3017032951309734e-06 
2.2246322638909424e-06 2.242061680662633e-06 2.3170650562494026e-06 2.1272300463169408e-06 2.301991010470199e-06 
2.2243051465412353e-06 2.2416619070006006e-06 2.316680315277681e-06 2.1268587428994045e-06 2.3016386137516345e-06 
2.2267071428971583e-06 2.244180303878977e-06 2.318867554801416e-06 2.1291996945757057e-06 2.3038239543326804e-06 
2.219683024081517e-06 2.238430391481353e-06 2.3127871039374736e-06 2.1228962475689733e-06 2.2971887027165764e-06 
2.2208962934711373e-06 2.2397420061574787e-06 2.313878375523912e-06 2.1240827755316652e-06 2.298268701110226e-06 
2.217780574684499e-06 2.2362517387569884e-06 2.310503175819629e-06 2.120752067085025e-06 2.2950543452768253e-06 
2.2192556910700136e-06 2.2375019425480513e-06 2.3118749469191635e-06 2.1221282929740266e-06 2.2965136988068386e-06 
2.2204981308009776e-06 2.238483414519567e-06 2.312175268013799e-06 2.1228933053019725e-06 2.297049870712402e-06 
2.225237377352521e-06 2.242716164543334e-06 2.3169846388582913e-06 2.127546293242575e-06 2.3020069079757975e-06 
2.2235447791707067e-06 2.2409890452821536e-06 2.31516546058413e-06 2.1257859405081146e-06 2.3002194841622894e-06 
2.2187401775591823e-06 2.235604246808335e-06 2.3103639152856636e-06 2.120828352261196e-06 2.295600859853711e-06 
2.2227281713311616e-06 2.2389686361801633e-06 2.3141785761622335e-06 2.124593986564549e-06 2.299639787623492e-06 
2.217643951839521e-06 2.233152290255882e-06 2.3080989454772292e-06 2.1188807473556737e-06 2.2939540081253016e-06 
2.2202780592156896e-06 2.237034394923774e-06 2.311708981535271e-06 2.122257785205174e-06 2.297011181437447e-06 
2.2133223082280307e-06 2.230311465411257e-06 2.304097167411078e-06 2.1150577346215033e-06 2.289433964936095e-06 
2.2136671783089305e-06 2.2304271103301164e-06 2.304515683329219e-06 2.115378333052886e-06 2.289912661425246e-06 
2.2123278224941517e-06 2.2296899870005796e-06 2.30349779525609e-06 2.114327426299716e-06 2.288652636440317e-06 
2.2042535759484444e-06 2.221463252559436e-06 2.2934437794575693e-06 2.1053374084099264e-06 2.278970623117262e-06 
2.2014264118006376e-06 2.218424552724546e-06 2.2923414550524303e-06 2.103200442632198e-06 2.2776539625621646e-06 
2.2119295686482212e-06 2.229370092801528e-06 2.3028907714585986e-06 2.113856637929116e-06 2.2880550246716947e-06 
2.206839598964968e-06 2.2238775037687313e-06 2.2977192041454494e-06 2.1086194511652823e-06 2.283024312806837e-06 
2.220244872504961e-06 2.236311535699563e-06 2.3123235943975326e-06 2.122340964984509e-06 2.2977370701506372e-06 
2.2159717084764055e-06 2.232995073411688e-06 2.3090012106009116e-06 2.1187163817485693e-06 2.293958624185605e-06 
2.2200709646977483e-06 2.2358458638744386e-06 2.3133132498902147e-06 2.1226152234865485e-06 2.298628117511634e-06 
2.2293925605173642e-06 2.244529462486464e-06 2.321940128463616e-06 2.1314906111188033e-06 2.3075682524892566e-06 
2.23101851727862e-06 2.2477394537526404e-06 2.325709186206677e-06 2.1344660128987613e-06 2.3104881444446295e-06 
2.230299242389274e-06 2.24687811373956e-06 2.3252276418339357e-06 2.133818738601746e-06 2.3100124349435446e-06 
2.2416222248496105e-06 2.2608053555868334e-06 2.338614254301619e-06 2.146733592982866e-06 2.3222407026501114e-06 
2.2438641410409164e-06 2.2623806435203174e-06 2.340492241417768e-06 2.148651741669399e-06 2.324387686244553e-06 
2.2404411205455894e-06 2.25895028317385e-06 2.3372456696621703e-06 2.145300645032465e-06 2.321115035352909e-06 
2.2399018740470897e-06 2.2578133521466014e-06 2.3366661272145726e-06 2.144597517440033e-06 2.3207301469984616e-06 
2.2530077940062494e-06 2.2717895202683965e-06 2.3500597296044805e-06 2.158071233343164e-06 2.333801125716242e-06 
2.2584364736485006e-06 2.277304788092634e-06 2.355249029134531e-06 2.1634223980025234e-06 2.339001574529917e-06 
2.257093303510435e-06 2.2768603697074172e-06 2.355385875843272e-06 2.162972584892808e-06 2.33861367578379e-06 
2.2570933054208387e-06 2.2768603704572248e-06 2.3553858757880532e-06 2.162972585621464e-06 2.3386136764150123e-06 
2.264156667655982e-06 2.284021366542122e-06 2.362854431279979e-06 2.1702597951821216e-06 2.345984208416684e-06 
2.266232726517038e-06 2.2859940381317835e-06 2.3650705894684625e-06 2.172379388869188e-06 2.3482096857736495e-06 
2.272619705685548e-06 2.291299054301634e-06 2.3701339587937356e-06 2.1779080490118655e-06 2.353829214864821e-06 
2.278509791827875e-06 2.2982410761667298e-06 2.3767691092340855e-06 2.1844063980643113e-06 2.3600105221809535e-06 
2.2793387635336795e-06 2.299598579874785e-06 2.3780490133294604e-06 2.185572936477406e-06 2.3610501299676042e-06 
2.281866888101093e-06 2.3018470719897477e-06 2.380549957802477e-06 2.188025250488944e-06 2.3636432061673703e-06 
2.2806726429485186e-06 2.301556634306813e-06 2.379356020847603e-06 2.1870499387550114e-06 2.3621647025076604e-06 
2.277997058006765e-06 2.2989111619454182e-06 2.3768060683832844e-06 2.18443426563259e-06 2.359585131591426e-06 
2.2783244979832283e-06 2.299322905276077e-06 2.377443712187647e-06 2.1849255252458646e-06 2.360145476076597e-06 
2.263423729147903e-06 2.282855362221765e-06 2.360602632115742e-06 2.1687238478837314e-06 2.3441172172129155e-06 
2.2634664894429685e-06 2.283081943399135e-06 2.3605756861944796e-06 2.1687799647256273e-06 2.344043766253764e-06 
2.2665992066053824e-06 2.286126135356635e-06 2.3635497612339965e-06 2.171824884170151e-06 2.34707121571879e-06 
2.2651026421796377e-06 2.2854260040575225e-06 2.3624733708783207e-06 2.1707124996882684e-06 2.3456754490895916e-06 
2.2638435365052088e-06 2.284982538445844e-06 2.3613889239636047e-06 2.1697325225638086e-06 2.3443055394908645e-06 
2.260886034672705e-06 2.2804334135112235e-06 2.357241988042565e-06 2.1658358768452976e-06 2.340854965082791e-06 
2.2611959519614085e-06 2.280724140724625e-06 2.357432792007341e-06 2.1660877941375174e-06 2.3410712333018174e-06 
2.2520921988270454e-06 2.270453161420685e-06 2.3462193225027383e-06 2.155729558881775e-06 2.3305714835995496e-06 
2.259557230509907e-06 2.2795575142212518e-06 2.355084454057456e-06 2.1642435360649796e-06 2.338690170199414e-06 
2.2468456746567577e-06 2.2669126786234174e-06 2.3412914106366968e-06 2.151040649240914e-06 2.325054266273052e-06 
2.2463379535000013e-06 2.2664763155400064e-06 2.340828008028898e-06 2.1505695939949147e-06 2.3245611884688416e-06 
2.242333961602423e-06 2.263315567336763e-06 2.3367442860359467e-06 2.1467359572695454e-06 2.320224804574308e-06 
2.239664183182917e-06 2.2606877104321777e-06 2.3342130459180908e-06 2.144132797015973e-06 2.3176581396736827e-06 
2.22596561740793e-06 2.2457551501314484e-06 2.3207337787658944e-06 2.1301922721123376e-06 2.3045344751530647e-06 
2.2265025315143046e-06 2.2455388650666854e-06 2.320612422078967e-06 2.1302484655468287e-06 2.304757906492842e-06 
2.2204645757120067e-06 2.2390679918615044e-06 2.3147386299881028e-06 2.1241637544836867e-06 2.298994562905325e-06 
2.227936806416807e-06 2.246616496736708e-06 2.3228550409022457e-06 2.1319587234544945e-06 2.306980748668273e-06 
2.2221802849682448e-06 2.2425322907159387e-06 2.317530155395768e-06 2.1268002080053927e-06 2.301059156557048e-06 
2.2321480629770972e-06 2.2525917472630546e-06 2.3284697825034816e-06 2.1372476104613748e-06 2.3118099480422993e-06 
2.2238280978678945e-06 2.2441881188400135e-06 2.3194721431998374e-06 2.128585173536969e-06 2.3029504169130104e-06 
2.230475344753274e-06 2.2488109072036774e-06 2.324313677065254e-06 2.1339340430698048e-06 2.3087238238883446e-06 
2.2352796304871736e-06 2.2536644076746176e-06 2.3303014307462363e-06 2.1392903225590183e-06 2.3145021117244814e-06 
2.2343249757587077e-06 2.2520949238716942e-06 2.3289807297645776e-06 2.1380182715128687e-06 2.3134349424574385e-06 
2.234135539785298e-06 2.2518626878719885e-06 2.32877442273922e-06 2.137810394396232e-06 2.313244890960097e-06 
2.2468136317854166e-06 2.2639603881254085e-06 2.3410818312765607e-06 2.150205523416271e-06 2.3257939867865444e-06 
2.2449534403303003e-06 2.26214313673334e-06 2.339393977666679e-06 2.1484296186378337e-06 2.3240646561005894e-06 
2.253352759068201e-06 2.2717587288664696e-06 2.348641127761779e-06 2.157524806050697e-06 2.3327891614118603e-06 
2.262622141325878e-06 2.2825898938991137e-06 2.358387612862468e-06 2.1674133187295313e-06 2.341964273368383e-06 
2.2587659167723758e-06 2.279833463622033e-06 2.3561394095277844e-06 2.1645492347472743e-06 2.3391073612290204e-06 
2.253572728184128e-06 2.2740528258465855e-06 2.3509027922240396e-06 2.1591802976233316e-06 2.3340637912211123e-06 
2.253013519867344e-06 2.273497385390028e-06 2.35037058467758e-06 2.1586331911266977e-06 2.3335260696364777e-06 
2.250541299610766e-06 2.2720651632220804e-06 2.3483193772709857e-06 2.156605779462948e-06 2.331078656498276e-06 
2.2317366885608373e-06 2.252888734695611e-06 2.3312351568929547e-06 2.138459487160563e-06 2.3138337620284028e-06 
2.2203132608621965e-06 2.24238469602428e-06 2.319540036510586e-06 2.12711493049274e-06 2.3018952025921274e-06 
2.2048402707379574e-06 2.225647141498645e-06 2.3034223154465736e-06 2.111002565348746e-06 2.2862834239076726e-06 
2.1929252426671482e-06 2.21432151347386e-06 2.2928735104292593e-06 2.099837558031423e-06 2.2753281049039196e-06 
2.1992073535984956e-06 2.2185324907543823e-06 2.2973281301850087e-06 2.1047848273323277e-06 2.280731613093527e-06 
2.1958428725067606e-06 2.2146759041082385e-06 2.2930974816236265e-06 2.100896497042972e-06 2.2767977446923006e-06 
2.193085663397462e-06 2.211743217902636e-06 2.2904644672965936e-06 2.098148098346861e-06 2.2742000029284417e-06 
2.197805223681135e-06 2.216651180693105e-06 2.2948761717003238e-06 2.102781961929878e-06 2.2786020969649684e-06 
2.208438223755443e-06 2.2289051369586363e-06 2.3081570281640594e-06 2.1150495140142284e-06 2.2909389317813102e-06 
2.20817368586874e-06 2.2282497126112254e-06 2.3078918531197408e-06 2.114689698332545e-06 2.290796812859708e-06 
2.210431364084253e-06 2.2302669817747137e-06 2.310368181743919e-06 2.116995904547397e-06 2.2933126087695783e-06 
2.2099878057869653e-06 2.2298119744132287e-06 2.3100676551678622e-06 2.1166154321912192e-06 2.2929923600870683e-06 
2.1999167055986433e-06 2.219774069244987e-06 2.2998339505897942e-06 2.1064561134354037e-06 2.282776397124636e-06 
2.1876152403308433e-06 2.208644828598322e-06 2.2879250373698614e-06 2.0945952092514067e-06 2.2704368552247385e-06 
2.188245652924675e-06 2.209119757074922e-06 2.288589358655003e-06 2.0952050223781507e-06 2.271144426204625e-06 
2.191802985532284e-06 2.213145046033031e-06 2.2921822222866516e-06 2.0988997723401205e-06 2.2745837315009185e-06 
2.1920289030156124e-06 2.2133393220327516e-06 2.2924285854779173e-06 2.099127958548078e-06 2.274836673103274e-06 
2.1884373180378075e-06 2.2104202000387086e-06 2.288784128909603e-06 2.0956688078425108e-06 2.2709898546283106e-06 
2.1852902817748576e-06 2.2084749197389413e-06 2.2858176748794812e-06 2.0928958030220746e-06 2.267616070743771e-06 
2.1849504956124835e-06 2.208393363372963e-06 2.2853824988313743e-06 2.092575674028649e-06 2.2671151113228552e-06 
2.1862489932584565e-06 2.2102596232949432e-06 2.2870544370884627e-06 2.0941910648968834e-06 2.2685470732603897e-06 
2.183282736684046e-06 2.20620172073089e-06 2.284418842200229e-06 2.0911002868033537e-06 2.2662021121332413e-06 
2.1837256829188043e-06 2.206635367303887e-06 2.28486818190547e-06 2.091544821996387e-06 2.2666532596822226e-06 
2.1942433639014323e-06 2.216900901999549e-06 2.295025665744e-06 2.10185465278627e-06 2.2769469971038986e-06 
2.1953258145846702e-06 2.217373470623293e-06 2.296013062298069e-06 2.1027452701449797e-06 2.278141707241531e-06 
2.190165920843253e-06 2.212125164678102e-06 2.291264361545252e-06 2.0977446761439047e-06 2.2733546326079904e-06 
2.189117972144998e-06 2.2110240591933368e-06 2.290699555523663e-06 2.0969075203592372e-06 2.2727278902540044e-06 
2.187965212947433e-06 2.2099362346440154e-06 2.2896668813525236e-06 2.095824444506787e-06 2.2716553976093835e-06 
2.1856688621824242e-06 2.2081161061418787e-06 2.2874113887343764e-06 2.0936583930727264e-06 2.2692438497383594e-06 
2.1892057075042592e-06 2.2121202272697882e-06 2.2912037635822877e-06 2.097436250746316e-06 2.272846892326482e-06 
2.1866465777266084e-06 2.2086504299115525e-06 2.2882062173740794e-06 2.0944445444027934e-06 2.2702078154382883e-06 
2.193200732043033e-06 2.215376988609554e-06 2.2937853347832386e-06 2.1005997357643687e-06 2.275890604115522e-06 
2.196703430397944e-06 2.2191952898763937e-06 2.297854509877473e-06 2.104450308670969e-06 2.2797674545934546e-06 
2.1928123698759094e-06 2.215561914308641e-06 2.2940396761953668e-06 2.100650112977313e-06 2.2758597500032145e-06 
2.205813441099748e-06 2.228250323925001e-06 2.3062854058261474e-06 2.1132500351176167e-06 2.2883248315161164e-06 
2.204432211408237e-06 2.2270635662713767e-06 2.3049084378236266e-06 2.1119160078217026e-06 2.2868861517931955e-06 
2.2073006166861337e-06 2.230462593428732e-06 2.308444430074897e-06 2.1152307068296106e-06 2.2901456880069813e-06 
2.2101867047237296e-06 2.2337171829828743e-06 2.311551245596027e-06 2.118316340931717e-06 2.293099923845528e-06 
2.2107470275902438e-06 2.2356598854241146e-06 2.312982436584271e-06 2.1196268165600458e-06 2.2939534233901418e-06 
2.217110510714291e-06 2.2399637867236375e-06 2.3182110473821326e-06 2.124963924324794e-06 2.300014904990678e-06 
2.2229077639947053e-06 2.2462123682535777e-06 2.323953435199197e-06 2.1308589744935384e-06 2.305623035629898e-06 
2.213715211589855e-06 2.238047350967093e-06 2.315215136659529e-06 2.1221144965019585e-06 2.296488429078948e-06 
2.2034316283024436e-06 2.226711926544756e-06 2.305285798293322e-06 2.1117136044566764e-06 2.2868346918278633e-06 
2.208905725731906e-06 2.2324603463694895e-06 2.3120606704008314e-06 2.1178756808263056e-06 2.293310122587258e-06 
2.217523456916674e-06 2.2403871061060394e-06 2.3204425036939258e-06 2.126230977674853e-06 2.3019463438316974e-06 
2.225090279360588e-06 2.2473796377364282e-06 2.3262319113083243e-06 2.1328400639577455e-06 2.308205294472473e-06 
2.2328901440105003e-06 2.2546407586803142e-06 2.332482096168943e-06 2.1398054007256124e-06 2.3148767495848715e-06 
2.2361491826709445e-06 2.2573400449124747e-06 2.33513531776279e-06 2.1426543556814765e-06 2.317804649835582e-06 
2.235177905122333e-06 2.256287617718778e-06 2.3341844074745827e-06 2.1416705547844875e-06 2.316876125289926e-06 
2.23947927909224e-06 2.2605884406480374e-06 2.3384869071793e-06 2.1459808196273053e-06 2.321177945267494e-06 
2.242165385698814e-06 2.2629407913154997e-06 2.340722395336966e-06 2.148383333059694e-06 2.3235917182259713e-06 
2.2426696144474505e-06 2.2634386629958546e-06 2.3411619930518717e-06 2.1488573660024725e-06 2.3240437953475726e-06 
2.2402869513141693e-06 2.2610754109715165e-06 2.3386140999901154e-06 2.146399099010668e-06 2.3215171289729563e-06 
2.241094896976047e-06 2.2617833332411428e-06 2.33953084667242e-06 2.147233865178329e-06 2.3224474928435897e-06 
2.2369597867081055e-06 2.2572298376075105e-06 2.3358245786682414e-06 2.1431853074714317e-06 2.3188035245117144e-06 
2.2370992553363933e-06 2.2579468940319976e-06 2.336752518992869e-06 2.1438298220952197e-06 2.3194208257971336e-06 
2.2404325994928554e-06 2.25846434420867e-06 2.3404808120802243e-06 2.1466810731486335e-06 2.3239689848931245e-06 
2.2486672607861037e-06 2.266892594361677e-06 2.3490917101119048e-06 2.155154062983633e-06 2.3324562306889833e-06 
2.253615329303709e-06 2.2726653987581855e-06 2.354653765753557e-06 2.1605945919985973e-06 2.337657980681097e-06 
2.256708160596141e-06 2.2758582984112915e-06 2.35774229793314e-06 2.1637148856466375e-06 2.3407153270084514e-06 
2.251159332175106e-06 2.270288076096568e-06 2.35217912603995e-06 2.1581436091187886e-06 2.3351620626006293e-06 
2.2630960868223737e-06 2.2817645225167415e-06 2.3630777698473265e-06 2.1695069040462596e-06 2.3463736480364853e-06 
2.267698502639247e-06 2.2857862908427116e-06 2.367120838844316e-06 2.1737194012927287e-06 2.3506901470345748e-06 
2.26279245468137e-06 2.281954620133764e-06 2.3630116965784068e-06 2.1694308774790022e-06 2.3461135683004442e-06 
2.264359359375243e-06 2.2839106536277512e-06 2.3667284050441894e-06 2.1721069632726666e-06 2.3493554693741104e-06 
2.280366579891973e-06 2.2996512922689026e-06 2.3831440119374217e-06 2.188276642558539e-06 2.3657852940195682e-06 
2.286686343212417e-06 2.305509455216216e-06 2.389559801755938e-06 2.1945471013057247e-06 2.3723292011887495e-06 
2.2864417849682203e-06 2.304275857461201e-06 2.3895636453712064e-06 2.19419493145346e-06 2.3726023695636763e-06 
2.266993184169036e-06 2.2841266313082455e-06 2.3699326385932483e-06 2.174463765222162e-06 2.353223681975662e-06 
2.2700091974938e-06 2.2874430323306234e-06 2.372860129573093e-06 2.1775105433225588e-06 2.3560712181891617e-06 
2.2645815483725283e-06 2.2827224450410597e-06 2.3679543061567033e-06 2.1724850045828567e-06 2.350858912937332e-06 
2.262452032840721e-06 2.279873107212421e-06 2.3658584241346054e-06 2.170204824284623e-06 2.348983272260656e-06 
2.2649938134829153e-06 2.282472019529223e-06 2.3685495192184168e-06 2.172836573749073e-06 2.3516315397056604e-06 
2.2614179149667725e-06 2.2781892440861606e-06 2.3638651675574653e-06 2.1685589555678206e-06 2.347351367853869e-06 
2.2531005833977067e-06 2.2703170440900516e-06 2.356183767762388e-06 2.160633288043639e-06 2.3394272252204056e-06 
2.2490396631008456e-06 2.2662452748129607e-06 2.3525852164159917e-06 2.1567863538411132e-06 2.3357566224812843e-06 
2.249078417514699e-06 2.266290711080714e-06 2.3526326867636217e-06 2.1568309118730117e-06 2.335800562213051e-06 
2.2619439595836123e-06 2.2795100067178215e-06 2.365755184904795e-06 2.169924797285167e-06 2.3487681312227485e-06 
2.2653494658537286e-06 2.283204919773349e-06 2.36953489340239e-06 2.1735836284650204e-06 2.3523951663130784e-06 
2.261129623895911e-06 2.2787858335035237e-06 2.365104886322267e-06 2.169208923770374e-06 2.3480627477802424e-06 
2.2547043669455155e-06 2.271344146151499e-06 2.3584743914184164e-06 2.1624447347035664e-06 2.3417850245791686e-06 
2.2537992210559062e-06 2.2703778015254575e-06 2.3575248695030133e-06 2.1615026737908326e-06 2.3408620820540824e-06 
2.2480766322667396e-06 2.262386693224632e-06 2.35069142896898e-06 2.154729421889463e-06 2.3349214118656026e-06 
2.2495088115781137e-06 2.2635981386845094e-06 2.3521313455261857e-06 2.156120227674505e-06 2.3364287742550325e-06 
2.248956566460857e-06 2.2631172646794436e-06 2.3516017718100496e-06 2.1555934750045646e-06 2.335873252214323e-06 
2.246860483479507e-06 2.260372255460963e-06 2.3491892463136564e-06 2.153198672856893e-06 2.3337157758657748e-06 
2.2413919452981206e-06 2.2548457157529876e-06 2.342530669388547e-06 2.1471282210535527e-06 2.327272416955422e-06 
2.243302484091754e-06 2.2567871852805713e-06 2.34457925561511e-06 2.1491160101082167e-06 2.3292883258709864e-06 
