8.731469240066397e-07 1.133084053697828e-06 9.962811273943052e-07 9.567614048246984e-07 8.873817367751604e-07 
8.772536098247187e-07 1.1371354255554312e-06 1.0025033352432946e-06 9.601768440815712e-07 8.93582183783434e-07 
8.83288500057159e-07 1.142393426440157e-06 1.0058747220569202e-06 9.650475771731024e-07 8.974800056770595e-07 
8.775514998810969e-07 1.136705954041728e-06 1.0009308970166653e-06 9.59306148111196e-07 8.924455312293652e-07 
8.781758496934379e-07 1.137455915657804e-06 1.0024375853130047e-06 9.599941289910353e-07 8.938604360924576e-07 
8.900178199796919e-07 1.1493938256060033e-06 1.0124360138747497e-06 9.723275084737418e-07 9.039541439080281e-07 
8.910760096793792e-07 1.1505499259567965e-06 1.0152017860358942e-06 9.731824994420796e-07 9.066122966454255e-07 
8.997876420671287e-07 1.1588972023850515e-06 1.0250356952813114e-06 9.807661294464415e-07 9.166341170946115e-07 
9.005080610115118e-07 1.1595272093909258e-06 1.0254796793710428e-06 9.813420360476423e-07 9.171384412179516e-07 
8.934265239604085e-07 1.1523575261563592e-06 1.0184069017461678e-06 9.74155883106625e-07 9.1006767605541e-07 
8.926858008370319e-07 1.1507260046416107e-06 1.0147220344640096e-06 9.721621496035294e-07 9.069384327881775e-07 
8.717335131577157e-07 1.1283518458854025e-06 9.928889350265552e-07 9.487093802983077e-07 8.85712711791727e-07 
8.629259378384153e-07 1.1190834253936754e-06 9.847133073664764e-07 9.389551794629052e-07 8.776839628547221e-07 
8.607911762666207e-07 1.1173868833309619e-06 9.834983599299506e-07 9.375484846224605e-07 8.762041542278167e-07 
8.596921050306322e-07 1.1175756075729151e-06 9.844463552483255e-07 9.386910675490474e-07 8.764310481844791e-07 
8.520998905567781e-07 1.1117839042064106e-06 9.776394949123568e-07 9.348585596118931e-07 8.686481703946698e-07 
8.515780336710304e-07 1.1112802193110008e-06 9.771256046418228e-07 9.343819302657932e-07 8.681214620899403e-07 
8.517643412903413e-07 1.1114370161273295e-06 9.77277846502126e-07 9.345086201448685e-07 8.68290942681192e-07 
8.40478383419158e-07 1.1005196631287983e-06 9.664224534464041e-07 9.2409602815897e-07 8.571608228002125e-07 
8.46567588609121e-07 1.1058190345920878e-06 9.695362379844698e-07 9.290633235752962e-07 8.608112334007389e-07 
8.566500829823249e-07 1.116590532672469e-06 9.806694128073334e-07 9.40278316376429e-07 8.716292434884245e-07 
8.644471695498662e-07 1.1257043954798448e-06 9.909113187150543e-07 9.50358564305011e-07 8.811715976053024e-07 
8.58600517724267e-07 1.120303529311543e-06 9.867645165797225e-07 9.452107256942733e-07 8.767038980649022e-07 
8.60032187103026e-07 1.121925288857954e-06 9.881789193871616e-07 9.470692615267938e-07 8.780309801526576e-07 
8.661241959837464e-07 1.1281586355086105e-06 9.941836941285062e-07 9.534286217358492e-07 8.840048239160311e-07 
8.672916931217297e-07 1.1295719955523084e-06 9.995547674165209e-07 9.54223422144949e-07 8.891106832291418e-07 
8.730839381254118e-07 1.1338030925274833e-06 1.0053607106702014e-06 9.565334455121413e-07 8.957276008232168e-07 
8.729795172235244e-07 1.1337301578274568e-06 1.0052831234259663e-06 9.564926622182005e-07 8.956327916568377e-07 
8.685334607251909e-07 1.1297585015805849e-06 1.0022973918095736e-06 9.528833538411428e-07 8.923302368050724e-07 
8.852359828488652e-07 1.1463818705546431e-06 1.0215205933206464e-06 9.689154322096693e-07 9.115717368056019e-07 
8.838352130377784e-07 1.1450653844720882e-06 1.0205864593749918e-06 9.676515893640248e-07 9.105693981427175e-07 
8.834667613515978e-07 1.1446373718089903e-06 1.020077687068401e-06 9.671793206149366e-07 9.100941316121308e-07 
9.054612955501355e-07 1.1679339515304848e-06 1.0433002425543365e-06 9.915438933870524e-07 9.327258327408782e-07 
9.10200314462029e-07 1.173779084062845e-06 1.049049776971044e-06 9.985139289546936e-07 9.379062024672651e-07 
9.102488444610365e-07 1.173847297153219e-06 1.049152538951841e-06 9.985988093997713e-07 9.379970182558365e-07 
9.077176802078373e-07 1.1715029494979213e-06 1.0486353411765166e-06 9.962790703449262e-07 9.372855909449799e-07 
9.06492935100362e-07 1.1707554538393761e-06 1.0483842393135327e-06 9.960171875732065e-07 9.367496169519694e-07 
9.155119090302145e-07 1.1799396821909196e-06 1.057088584870032e-06 1.005347642293852e-06 9.454245045668844e-07 
9.175430718360388e-07 1.1821622152610322e-06 1.0590091933832336e-06 1.0077992671019454e-06 9.472640082124909e-07 
9.158076053629588e-07 1.1806621802791537e-06 1.0571469096831067e-06 1.0066279709943358e-06 9.452833247580632e-07 
9.149574843267864e-07 1.1799015382198031e-06 1.056370429200539e-06 1.0059819009505946e-06 9.444553937665348e-07 
9.148612009398746e-07 1.1801559140672598e-06 1.0569061704420186e-06 1.0066182380177112e-06 9.447876562095635e-07 
8.925096479814518e-07 1.1584712482212684e-06 1.0357312511859833e-06 9.859179152098618e-07 9.231312438076499e-07 
8.900811733639918e-07 1.1559099643510803e-06 1.0332809480815115e-06 9.832034919315146e-07 9.207380761656272e-07 
8.911652233231899e-07 1.1569555514281626e-06 1.0340582565929508e-06 9.842231445391804e-07 9.215522664237572e-07 
8.990614776223457e-07 1.165448667651687e-06 1.0398556111902544e-06 9.937915696259785e-07 9.271684980375389e-07 
9.016646937386784e-07 1.1685566966455115e-06 1.043448736074399e-06 9.974677771371737e-07 9.304760002868257e-07 
9.062851769856156e-07 1.173535770173042e-06 1.0507431704640903e-06 1.002529726613617e-06 9.374980408386454e-07 
9.142628069723386e-07 1.180895117593531e-06 1.0581490829619447e-06 1.0089711531912423e-06 9.452755306323937e-07 
9.062209633692027e-07 1.171872482341774e-06 1.0480783805947786e-06 9.989240032837285e-07 9.35752254338695e-07 
9.057369780330015e-07 1.1712820407720728e-06 1.0474743498116248e-06 9.982097626474657e-07 9.352047244619555e-07 
9.266998221767726e-07 1.193982713550832e-06 1.0703058905565893e-06 1.0229289589421494e-06 9.571670074575934e-07 
9.222857096450673e-07 1.1897234342770699e-06 1.0651532563055183e-06 1.0190716367217129e-06 9.519484782855935e-07 
9.169483580155396e-07 1.1834627576066586e-06 1.0578304881782527e-06 1.0117776602622129e-06 9.451572859225632e-07 
8.96565478989345e-07 1.1619108880725185e-06 1.037477356125397e-06 9.887781866736906e-07 9.253019226515007e-07 
8.90809539108427e-07 1.1575982954636995e-06 1.0342617299499817e-06 9.862141344808526e-07 9.212256477339606e-07 
8.90063176478258e-07 1.1568132048884553e-06 1.033881627859397e-06 9.853282499443473e-07 9.208472095977176e-07 
8.926893524311679e-07 1.1593246881849552e-06 1.0358769276254813e-06 9.877313164572612e-07 9.229380336133796e-07 
8.909375670445062e-07 1.15765423300067e-06 1.0344173148303387e-06 9.861581346379413e-07 9.214174163731723e-07 
8.888817942678536e-07 1.1561285486132367e-06 1.03390676592513e-06 9.852298058484449e-07 9.205654402535567e-07 
8.894974327540873e-07 1.156654431387595e-06 1.034672039478702e-06 9.855946052242144e-07 9.213731058278622e-07 
8.921142547367291e-07 1.1593722118222386e-06 1.0376325746484889e-06 9.883899358199435e-07 9.242794061590305e-07 
9.00342838604052e-07 1.1683755709447094e-06 1.0475788201745684e-06 9.982714278365747e-07 9.337933112581271e-07 
9.004537169344912e-07 1.168449384694982e-06 1.0474874775371725e-06 9.98311103342253e-07 9.337298409198707e-07 
8.996007729056368e-07 1.167511853912209e-06 1.046669525290168e-06 9.972474188222469e-07 9.329501689589393e-07 
8.953839336180591e-07 1.1629122044728537e-06 1.0421378328167822e-06 9.921485625868663e-07 9.286095476760167e-07 
8.835454292879636e-07 1.15061160882215e-06 1.031355696325647e-06 9.79191392101026e-07 9.17969359507691e-07 
8.773199801284993e-07 1.144637470170043e-06 1.0270546366133648e-06 9.734740301777798e-07 9.134363798296633e-07 
8.795454058888217e-07 1.147076686598564e-06 1.0291761248306334e-06 9.762011755229655e-07 9.154628507265856e-07 
8.73560165785864e-07 1.141107373317823e-06 1.0220543548875247e-06 9.704170519155816e-07 9.083560158949949e-07 
8.697507017896642e-07 1.1372856507794475e-06 1.016231148931112e-06 9.668466994833019e-07 9.02601929778878e-07 
8.69809626158154e-07 1.1374165752482582e-06 1.0164912586427919e-06 9.670609300989584e-07 9.028177041716438e-07 
8.702819819562011e-07 1.1378499692581005e-06 1.0180732056172024e-06 9.672985737955978e-07 9.043786708579696e-07 
8.740756937493124e-07 1.1409877556889136e-06 1.0194183470387019e-06 9.697166262075925e-07 9.061702853243237e-07 
8.737820208752149e-07 1.140689814186103e-06 1.0190846191777724e-06 9.694208236833754e-07 9.058389992085821e-07 
8.717110969154707e-07 1.1387080091591614e-06 1.0174508291330547e-06 9.67537726472004e-07 9.041336806040871e-07 
8.869551952194757e-07 1.1537396640279334e-06 1.0321593264929887e-06 9.821592650186697e-07 9.190375595531959e-07 
8.914361312450144e-07 1.1581745020473318e-06 1.036640290774358e-06 9.86480202506523e-07 9.235609336530171e-07 
8.916356979524804e-07 1.1583086457305383e-06 1.0365026052524844e-06 9.865590754255196e-07 9.234712161622142e-07 
8.960902325961129e-07 1.163348292067236e-06 1.0439736292632744e-06 9.92066699547104e-07 9.305369083227677e-07 
9.026338553881732e-07 1.1698816223131392e-06 1.0505469803082921e-06 9.985182288406145e-07 9.37139473278198e-07 
9.031734099371843e-07 1.170072661991889e-06 1.0496907457118574e-06 9.983431147625837e-07 9.365222129009146e-07 
9.023842218090345e-07 1.1696522743566084e-06 1.0477515196832527e-06 9.985939534668342e-07 9.34442758360624e-07 
8.972588182137382e-07 1.163912836654258e-06 1.044183722732954e-06 9.9186330605375e-07 9.310971588256765e-07 
8.976661268854532e-07 1.1642655842651123e-06 1.0445125777057746e-06 9.921445630665808e-07 9.314584197990183e-07 
8.946068227510976e-07 1.1613160782983069e-06 1.042859144846388e-06 9.892589575567072e-07 9.296762097807742e-07 
8.954148159792392e-07 1.1624362461097044e-06 1.0426358565583705e-06 9.908878781580307e-07 9.293444058593195e-07 
8.958633251473488e-07 1.1628590633999179e-06 1.0428893629065185e-06 9.912886737719918e-07 9.296210498240878e-07 
8.978554841210007e-07 1.1645179751154736e-06 1.044146187399421e-06 9.925336744828736e-07 9.310853835781981e-07 
8.99906820626977e-07 1.1664319205969566e-06 1.0465661055382603e-06 9.942045410992178e-07 9.335662709964088e-07 
8.990748452040795e-07 1.1655683954348014e-06 1.0455615152922448e-06 9.933219114300834e-07 9.325818060530435e-07 
8.886008112087997e-07 1.1550960124603725e-06 1.0352413111796124e-06 9.82941859310448e-07 9.222122267771229e-07 
8.859924740330031e-07 1.1521258864171348e-06 1.031447632327178e-06 9.796229978860939e-07 9.186397656649171e-07 
8.868964739366065e-07 1.1533647873997846e-06 1.0346310679373997e-06 9.810985874827322e-07 9.215616516100849e-07 
8.728933451018013e-07 1.1402686915886813e-06 1.0246619006733435e-06 9.691044362768434e-07 9.109118333472044e-07 
8.7316189719603e-07 1.139928763209393e-06 1.025762096202607e-06 9.679304190155903e-07 9.122805055019683e-07 
8.740293035973204e-07 1.1405664111210166e-06 1.0265900931535067e-06 9.682717591704898e-07 9.132271515389361e-07 
8.983504574569558e-07 1.1645206540521158e-06 1.0531666222650571e-06 9.915863320403562e-07 9.399535937965823e-07 
9.031351686119368e-07 1.1693028684116288e-06 1.0574023666965113e-06 9.963215297929274e-07 9.442317547956714e-07 
9.018382855623768e-07 1.1681598059303904e-06 1.055733233903329e-06 9.953659365859426e-07 9.425021287548445e-07 
8.984404012277573e-07 1.1650306947593155e-06 1.0504438028028481e-06 9.926067986413303e-07 9.371615094268399e-07 
8.944990862310898e-07 1.1612100979905427e-06 1.0460018006584127e-06 9.88985655845678e-07 9.326701829327246e-07 
8.865698655536029e-07 1.1534908881302718e-06 1.0416343420412808e-06 9.815501290649938e-07 9.280065831101601e-07 
8.885408704859408e-07 1.1553725233712875e-06 1.0444911221611149e-06 9.833177334777978e-07 9.308707501578309e-07 
8.922890102599804e-07 1.1590240424149636e-06 1.0471801527011846e-06 9.868087161696754e-07 9.336692882551895e-07 
8.975067603209171e-07 1.1643351962991265e-06 1.0517757436385729e-06 9.921910067652528e-07 9.382646694530395e-07 
8.979373305203608e-07 1.164214254455083e-06 1.05300384556984e-06 9.914120135018632e-07 9.397251517237304e-07 
8.928592991099732e-07 1.15932621839871e-06 1.0481635282621262e-06 9.867897595862563e-07 9.347657008043511e-07 
8.935188350954614e-07 1.1600157821477115e-06 1.0508362945324628e-06 9.875687259112089e-07 9.373259850005555e-07 
8.874858105621634e-07 1.1540091915377315e-06 1.0439413393397312e-06 9.816062736451615e-07 9.30444417520188e-07 
8.915774570260351e-07 1.1579765306624274e-06 1.0483644504728563e-06 9.854097760987238e-07 9.349230851480199e-07 
8.943307569566123e-07 1.1611894053847427e-06 1.0503493444177136e-06 9.891250549383556e-07 9.367289310730966e-07 
8.930582985411692e-07 1.1598206325072497e-06 1.04856398114492e-06 9.87639955954906e-07 9.350122021998052e-07 
8.917157597339707e-07 1.1592358331258167e-06 1.0473161606726834e-06 9.880147351320881e-07 9.333825451889207e-07 
8.914342975858975e-07 1.1588762517913384e-06 1.0471908967963955e-06 9.875575696508838e-07 9.332876464832041e-07 
8.965253675092909e-07 1.1643527183414365e-06 1.0522987136912936e-06 9.934959334783515e-07 9.382188320001237e-07 
8.980998840099452e-07 1.1657242238126263e-06 1.0529251761594236e-06 9.945894639072165e-07 9.389960402117863e-07 
8.965001754350368e-07 1.1631697234560924e-06 1.0492436765399906e-06 9.908470999747098e-07 9.358808698867955e-07 
8.956601181760727e-07 1.162202153625787e-06 1.0483076063677758e-06 9.897294281760065e-07 9.350095209403767e-07 
9.108648374386277e-07 1.1782515275826471e-06 1.065812149323837e-06 1.0067078367860808e-06 9.520325891664515e-07 
9.012598071603783e-07 1.1687263000584184e-06 1.0574322227488714e-06 9.973674516996477e-07 9.435251202023422e-07 
8.993809493030011e-07 1.166960344769513e-06 1.0559416946313436e-06 9.957655138027342e-07 9.419545456381294e-07 
8.983709646676416e-07 1.1655422153738946e-06 1.0532492005603882e-06 9.93820810326161e-07 9.395423952400439e-07 
8.964621374165331e-07 1.1637032488865266e-06 1.0523814729832327e-06 9.920926810638708e-07 9.385840892225594e-07 
8.926142587374111e-07 1.159945704966031e-06 1.0496857298911226e-06 9.884989015966372e-07 9.357768393897997e-07 
8.772726040032385e-07 1.1445075921204411e-06 1.037720738166761e-06 9.731996113489698e-07 9.236540713855401e-07 
8.618965236621431e-07 1.1300226653108314e-06 1.0246831720979143e-06 9.600684371135601e-07 9.100300082158748e-07 
8.628199027966987e-07 1.1312874739790192e-06 1.0245706251099067e-06 9.616993642229067e-07 9.097994496816769e-07 
8.670760890997284e-07 1.1354518377263664e-06 1.0260116455919733e-06 9.655993517112684e-07 9.114266644205673e-07 
8.616449440739577e-07 1.1300263050419616e-06 1.021572866467518e-06 9.602521468707418e-07 9.069251609894119e-07 
8.558312902104886e-07 1.1243792758716944e-06 1.015097191480113e-06 9.548592839010342e-07 9.003796007339776e-07 
8.621594500566815e-07 1.1312854249129039e-06 1.0228306894643604e-06 9.62555165359331e-07 9.077784262878313e-07 
8.59491432638199e-07 1.1275416019238627e-06 1.0200602690029737e-06 9.573760645541956e-07 9.055421977606315e-07 
8.592030218975361e-07 1.127531321511702e-06 1.0202764245331361e-06 9.577524839836478e-07 9.055965459799226e-07 
8.580960986303422e-07 1.1263256432718445e-06 1.0173588254946304e-06 9.563574740762338e-07 9.028068864292717e-07 
8.578475548308032e-07 1.1261796950175e-06 1.0169647001983821e-06 9.563470253696734e-07 9.023673432347362e-07 
8.583525631573979e-07 1.126274058280531e-06 1.0173591736268942e-06 9.558924798391023e-07 9.029726916266854e-07 
8.584525450576745e-07 1.1264760571520287e-06 1.017410657665707e-06 9.56225195742216e-07 9.029759110877059e-07 
8.437399233149714e-07 1.11159442336639e-06 1.0039657104096818e-06 9.412853739599668e-07 8.895182321720602e-07 
8.450432454931886e-07 1.1127962995443014e-06 1.0037631677822922e-06 9.422975377704574e-07 8.894351040982303e-07 
8.417706479273903e-07 1.1096206757409817e-06 9.985173819946226e-07 9.392561572487906e-07 8.842139517089628e-07 
8.18764981996342e-07 1.0871083446870745e-06 9.72972282752788e-07 9.17737255734561e-07 8.584347357396028e-07 
8.02996336918255e-07 1.071190586362644e-06 9.560380732425928e-07 9.018532118327468e-07 8.415530130047502e-07 
8.104030010655976e-07 1.0786906508811056e-06 9.645069630836437e-07 9.093357025855282e-07 8.499689213171567e-07 
8.1279486849434e-07 1.0818193874160032e-06 9.656915866568094e-07 9.136692553135617e-07 8.508220712553773e-07 
8.19911984144621e-07 1.088403749547955e-06 9.717636414476062e-07 9.194200741071958e-07 8.572349381379043e-07 
7.992510427793834e-07 1.06600708862877e-06 9.492786545923095e-07 8.948947574929977e-07 8.356109531480927e-07 
7.970411471413472e-07 1.0641410229717129e-06 9.506427369075588e-07 8.93294047897299e-07 8.366744267532565e-07 
7.789998671627138e-07 1.0468823830743032e-06 9.350334302739385e-07 8.77209550758169e-07 8.205172898313502e-07 
7.889559242174702e-07 1.0562258677545978e-06 9.435084523220557e-07 8.856572911006759e-07 8.293904597462307e-07 
7.924797956325703e-07 1.0604397273080007e-06 9.491254326006399e-07 8.907089002894322e-07 8.346009505784484e-07 
7.888711999351543e-07 1.057099764289633e-06 9.459703750074883e-07 8.877719955652723e-07 8.312806817724127e-07 
7.872677041472466e-07 1.0552573590568343e-06 9.432771896764849e-07 8.856427732021632e-07 8.287389006854587e-07 
7.870651747012895e-07 1.0558729235133435e-06 9.44035394762498e-07 8.87411202429252e-07 8.290459077719284e-07 
7.741127724424202e-07 1.0429114794519442e-06 9.325278740207533e-07 8.745357030184454e-07 8.174500515571554e-07 
7.715699905517684e-07 1.0404933484285257e-06 9.300167258900356e-07 8.723302658571828e-07 8.148642781196811e-07 
7.726094549936832e-07 1.0417685210504183e-06 9.315736126472184e-07 8.739343126103887e-07 8.162877061943707e-07 
8.036704631385435e-07 1.0717092191607304e-06 9.5552381847235e-07 9.022277341691635e-07 8.411595881776609e-07 
8.032130502806456e-07 1.0719268118786065e-06 9.571611668202814e-07 9.033087088302091e-07 8.423796753673159e-07 
7.932040790467792e-07 1.0616064752578286e-06 9.468280580824627e-07 8.926553575929274e-07 8.321762110445262e-07 
7.933684873164325e-07 1.0617808627238756e-06 9.474059438746168e-07 8.928127875299302e-07 8.327369271730814e-07 
7.947922767007109e-07 1.0632298247779566e-06 9.486731714561285e-07 8.942938788656646e-07 8.340018996729971e-07 
7.888047591166125e-07 1.0566927346343143e-06 9.434509702395635e-07 8.869747335204608e-07 8.290141029390546e-07 
7.866365258242126e-07 1.0545034127219877e-06 9.412369092137533e-07 8.847827342619057e-07 8.268035484167296e-07 
7.770672326735086e-07 1.0454909819533398e-06 9.338688199286446e-07 8.765829571974247e-07 8.190440886292662e-07 
7.738470832315327e-07 1.0423802551767815e-06 9.295029760978361e-07 8.737257446067842e-07 8.146427354720526e-07 
7.700920986417437e-07 1.0387760840162279e-06 9.25115776463326e-07 8.704384331064702e-07 8.101791518593022e-07 
7.69595350863309e-07 1.0382665076675628e-06 9.242979092643445e-07 8.699392859837058e-07 8.09374520223594e-07 
7.76460194087226e-07 1.0437998080127332e-06 9.308856844434188e-07 8.734723601357886e-07 8.166859962125056e-07 
7.840882423743499e-07 1.0513491612586082e-06 9.389665917716045e-07 8.808106742047704e-07 8.248235363098838e-07 
8.030306361254851e-07 1.0692587647381037e-06 9.546837318537862e-07 8.972992749041156e-07 8.412463335000372e-07 
8.026361453234973e-07 1.0688106985872358e-06 9.542092270740002e-07 8.967913245463817e-07 8.40799945393372e-07 
8.038214147480754e-07 1.070116343125573e-06 9.593495011533839e-07 8.981349036583228e-07 8.457435580671652e-07 
8.031981837213069e-07 1.0694342365416263e-06 9.578671973942207e-07 8.973931828993369e-07 8.443198877287188e-07 
8.067144305765774e-07 1.072045613322399e-06 9.630282734923429e-07 8.98934034445307e-07 8.498796113340383e-07 
8.084677369937193e-07 1.0737527326029082e-06 9.646857833615946e-07 9.005725245801775e-07 8.515692814252817e-07 
8.214489615543518e-07 1.087686539150125e-06 9.78620853064052e-07 9.154943412534111e-07 8.650378550717826e-07 
8.244674303685367e-07 1.0903370915039687e-06 9.814651728957978e-07 9.176918984486446e-07 8.680799847329635e-07 
8.194895339086501e-07 1.086487314013662e-06 9.780947358726337e-07 9.152552784875757e-07 8.640712784013011e-07 
8.15925691666993e-07 1.0826061447629082e-06 9.719455806702607e-07 9.109795120857199e-07 8.581705515805632e-07 
8.164474145029462e-07 1.0832667229285633e-06 9.72139212609766e-07 9.118081728196314e-07 8.583092506182514e-07 
8.154103766909417e-07 1.0822793092132556e-06 9.709430526327067e-07 9.108940626083461e-07 8.570907393419403e-07 
8.122409175775608e-07 1.078126986003223e-06 9.674166485035455e-07 9.055799321987621e-07 8.540565079541784e-07 
8.182722008929291e-07 1.084373484693982e-06 9.736660132539334e-07 9.120245614593417e-07 8.602112340928028e-07 
8.17824929118958e-07 1.0838933640535092e-06 9.733124024330494e-07 9.115102395537639e-07 8.59868718842092e-07 
8.160054749018894e-07 1.081775966677615e-06 9.713771996256259e-07 9.09061394168666e-07 8.580794388469673e-07 
8.234083837482656e-07 1.089789954562479e-06 9.797403800839662e-07 9.1773516343386e-07 8.661263546248614e-07 
8.182074354706192e-07 1.0847718413754471e-06 9.760833057202852e-07 9.13009693253227e-07 8.623001857549447e-07 
8.171051064642648e-07 1.0836347565828887e-06 9.723826176142932e-07 9.118128941445737e-07 8.587153879264356e-07 
8.186654020884041e-07 1.0853191303301615e-06 9.734879008541838e-07 9.136398079931961e-07 8.597816423140778e-07 
8.197123996747756e-07 1.0861836203135123e-06 9.735346042888012e-07 9.142827681420499e-07 8.599614242319791e-07 
8.161149141462958e-07 1.0829563080804566e-06 9.706390951100661e-07 9.115434998290517e-07 8.568410316101095e-07 
8.1379781286882e-07 1.0812044605799251e-06 9.698998014611307e-07 9.105205423421108e-07 8.557506865635063e-07 
8.124202160310329e-07 1.0793982078912516e-06 9.677876313367725e-07 9.081821788976358e-07 8.538763653504574e-07 
8.134546438022043e-07 1.0803204961562948e-06 9.689442569109007e-07 9.089506229843735e-07 8.550882755214143e-07 
8.199843901750775e-07 1.0873812642372236e-06 9.74817764639965e-07 9.166469180129628e-07 8.607428603627706e-07 
8.203060711778073e-07 1.0881472812920687e-06 9.760250098020028e-07 9.179879618572557e-07 8.616938554625098e-07 
8.258604957226994e-07 1.0940705691116528e-06 9.819202464015623e-07 9.243596741752181e-07 8.674090515977101e-07 
8.252689740813464e-07 1.0934591535814466e-06 9.814815059885448e-07 9.237225935413412e-07 8.669725512568002e-07 
8.181372794257597e-07 1.0850772280572196e-06 9.720171116502213e-07 9.137869412536257e-07 8.582009654888144e-07 
8.155393758530463e-07 1.082093742367485e-06 9.736444913908187e-07 9.10348980459443e-07 8.598489681401094e-07 
8.305189627329513e-07 1.0980194251483593e-06 9.888922538685708e-07 9.273125841649729e-07 8.746615028055607e-07 
8.362441126055932e-07 1.10344355165933e-06 9.944125656262414e-07 9.323053484329918e-07 8.803572140777855e-07 
8.330718027054899e-07 1.0994296462232802e-06 9.893453625595229e-07 9.272612278871342e-07 8.757764102810451e-07 
8.328757533073774e-07 1.099232565625063e-06 9.892326943198113e-07 9.270658863299394e-07 8.756601588681889e-07 
8.403717393716257e-07 1.10643904956868e-06 9.958699771466385e-07 9.338557473715515e-07 8.825002380025809e-07 
8.407597368262174e-07 1.1068309364028897e-06 9.96301726733129e-07 9.342494266558671e-07 8.829294416280554e-07 
8.292361848719285e-07 1.0950819013160265e-06 9.852059317763941e-07 9.22345043014327e-07 8.718900896231101e-07 
8.290049064921942e-07 1.0948746685909068e-06 9.850405479674369e-07 9.221685261098788e-07 8.717093931001061e-07 
8.296869718999818e-07 1.0958288271166612e-06 9.846295415384618e-07 9.234229290586463e-07 8.712111360271158e-07 
8.468885452151108e-07 1.1119591718995618e-06 1.0023769479491543e-06 9.382056541667334e-07 8.895161421542704e-07 
8.483193671971397e-07 1.113435969691084e-06 1.0038548296534327e-06 9.397220327246306e-07 8.909738369947602e-07 
8.427618232204142e-07 1.1077118234566744e-06 9.98135882782192e-07 9.338584842777198e-07 8.853263872145868e-07 
8.316179840955273e-07 1.0966605952719799e-06 9.867260306455147e-07 9.22991701906514e-07 8.738480879947265e-07 
8.35415785044566e-07 1.100718109341764e-06 9.900376093733459e-07 9.272942456574268e-07 8.770652317235415e-07 
8.373981291251916e-07 1.1026461829905011e-06 9.918559796674101e-07 9.291430149767325e-07 8.78923628063096e-07 
8.278167883226022e-07 1.0932578946796674e-06 9.829687004758709e-07 9.200616971080088e-07 8.698812600630209e-07 
8.284155557133676e-07 1.0938529764694e-06 9.851843686337176e-07 9.206862893998837e-07 8.720328879283679e-07 
8.281889613256644e-07 1.0937428485380705e-06 9.849796897153342e-07 9.207069934687636e-07 8.717695502029313e-07 
8.307360832249289e-07 1.0949485845118442e-06 9.84740114878583e-07 9.203840110265388e-07 8.723113704213461e-07 
8.296664544040155e-07 1.0944787803560354e-06 9.82566076242277e-07 9.205522268440175e-07 8.698866209372139e-07 
8.296340123584278e-07 1.0949173125414567e-06 9.824659100313361e-07 9.215193179097163e-07 8.695572390124668e-07 
8.30729022400202e-07 1.096468497847917e-06 9.80534038427995e-07 9.236947039958169e-07 8.675216692615639e-07 
8.314703788660878e-07 1.097416434228886e-06 9.813452754836114e-07 9.24889493341603e-07 8.682298594284396e-07 
8.228711673808583e-07 1.0884721561964587e-06 9.701769787572392e-07 9.157797670869006e-07 8.572923133500679e-07 
8.2409735243103e-07 1.0896024960394483e-06 9.711944517897382e-07 9.167912464834315e-07 8.583709742059278e-07 
8.231033900276763e-07 1.0878931269950505e-06 9.69128455218882e-07 9.142886815591398e-07 8.56698212309922e-07 
8.227073717556742e-07 1.0873692208161051e-06 9.686739864822042e-07 9.136181011570618e-07 8.563081201067455e-07 
8.236275580435574e-07 1.0886230174762254e-06 9.694752432916145e-07 9.152824864508398e-07 8.569504197923869e-07 
8.293069713177545e-07 1.094953346908858e-06 9.767982427901713e-07 9.222317908668107e-07 8.63912603107505e-07 
8.318246786444401e-07 1.097096519371911e-06 9.79141397442624e-07 9.238888608763273e-07 8.664612032875881e-07 
8.515728822629457e-07 1.1168862892123713e-06 9.973801608214716e-07 9.436409221754986e-07 8.848224605651538e-07 
8.539926859191159e-07 1.119413017168802e-06 1.0005439914098363e-06 9.462146391151879e-07 8.879139439533375e-07 
8.535249961779739e-07 1.119012737661283e-06 1.0002863176521182e-06 9.458875932678714e-07 8.876122583660633e-07 
8.582415048730355e-07 1.1243670371208241e-06 1.0093143630446515e-06 9.517454619397511e-07 8.961646285569116e-07 
8.585241306986208e-07 1.1244224594270236e-06 1.009400295272855e-06 9.515255608467045e-07 8.963726852029745e-07 
8.538576645243305e-07 1.1202597271779547e-06 1.0047764938013587e-06 9.480340055902091e-07 8.914791837037002e-07 
8.581487487400625e-07 1.1241870041802487e-06 1.0082779258429278e-06 9.514965003081696e-07 8.952108157359039e-07 
8.594286259550334e-07 1.1246379317477387e-06 1.0081850508474958e-06 9.509876217603783e-07 8.955917681924346e-07 
8.516016045309918e-07 1.117945040778727e-06 1.0037241752680668e-06 9.456221633591942e-07 8.903980044706356e-07 
8.403622299400797e-07 1.1058791941593104e-06 9.87277786492471e-07 9.329184744472299e-07 8.745267642623691e-07 
8.374820540835993e-07 1.1035995378380212e-06 9.85002290180432e-07 9.313988309908294e-07 8.71913885042914e-07 
8.346832377305663e-07 1.100324004932434e-06 9.82129969037471e-07 9.275398127567818e-07 8.692722415485011e-07 
8.345644892451736e-07 1.1001669910536043e-06 9.819938871697446e-07 9.27336690725809e-07 8.691555139285433e-07 
8.422828539553151e-07 1.1074282992771429e-06 9.856954722617546e-07 9.343181112124063e-07 8.732698305280714e-07 
8.424225866340457e-07 1.1076210268461415e-06 9.859467683287343e-07 9.34565381264863e-07 8.734909877690551e-07 
8.380915095396009e-07 1.1026952627119393e-06 9.798121361849745e-07 9.291414437766747e-07 8.677000607827774e-07 
8.374099959613756e-07 1.1023269371061046e-06 9.797256746466892e-07 9.29111699644842e-07 8.674309058188072e-07 
8.474462620802031e-07 1.1137414104123605e-06 9.905407934848679e-07 9.421989309935311e-07 8.775665937787485e-07 
8.377117742889692e-07 1.1037909233425635e-06 9.828692042611265e-07 9.317808977969001e-07 8.698863612577474e-07 
8.332833149845055e-07 1.0978060725088962e-06 9.763635936704235e-07 9.240415622910992e-07 8.642204571939079e-07 
8.298618726571103e-07 1.094328256300985e-06 9.745214186946057e-07 9.20372665056019e-07 8.623335001292229e-07 
8.261550137280805e-07 1.0908195865688763e-06 9.708450415408073e-07 9.171465050893684e-07 8.585393009132629e-07 
8.283652066644873e-07 1.092400176423701e-06 9.711903935886361e-07 9.181187042644881e-07 8.592774543045513e-07 
8.271218964911311e-07 1.0921935755573786e-06 9.727036304549586e-07 9.189332785616358e-07 8.60166027666836e-07 
8.238633480920654e-07 1.0910095347534594e-06 9.747229317048612e-07 9.200869490602366e-07 8.609347127608473e-07 
8.224965447322485e-07 1.0897552417185138e-06 9.7237492673372e-07 9.190848212581768e-07 8.585578611023418e-07 
8.239789788350002e-07 1.0911057453067828e-06 9.732245105476928e-07 9.202879936990118e-07 8.595030443823517e-07 
8.233285455676515e-07 1.09178349505216e-06 9.754804303616305e-07 9.226755393434186e-07 8.609749591031817e-07 
8.117161204896278e-07 1.0803750032076545e-06 9.626769226428388e-07 9.118509922863402e-07 8.480541870743565e-07 
8.11714744418337e-07 1.08037148356448e-06 9.626706988777378e-07 9.118445804094914e-07 8.480492256568385e-07 
7.992548721429003e-07 1.0682395131347209e-06 9.527255944128748e-07 9.001372551571332e-07 8.378015411640309e-07 
7.923865284654034e-07 1.0605002443656888e-06 9.461044306296557e-07 8.911210202997122e-07 8.315952903282871e-07 
7.923518675007278e-07 1.059920200493392e-06 9.449026689735935e-07 8.898323372066693e-07 8.307099258577519e-07 
7.926791831047364e-07 1.0600939780976133e-06 9.444963822173939e-07 8.898377035964762e-07 8.304065234026902e-07 
7.960398619221236e-07 1.0630541093115215e-06 9.463412101211715e-07 8.923156113524293e-07 8.32518439706027e-07 
8.007001589205758e-07 1.067498473433167e-06 9.525466279890071e-07 8.962977327106432e-07 8.388046864883845e-07 
8.032887311361818e-07 1.0697945889149158e-06 9.52232066738115e-07 8.983851498882025e-07 8.387448272757047e-07 
8.013185265519165e-07 1.067968209966779e-06 9.510841828211364e-07 8.967073332804717e-07 8.374883662860318e-07 
8.077726596834158e-07 1.0743482116830473e-06 9.576009722300508e-07 9.029056902423705e-07 8.440695153953939e-07 
8.103068138877428e-07 1.0769027215937799e-06 9.596397005300816e-07 9.054984957569254e-07 8.461255438712054e-07 
7.924485183575827e-07 1.0598132076994418e-06 9.44085744080891e-07 8.895025095054164e-07 8.300261231242959e-07 
7.977126914371384e-07 1.0639645357356423e-06 9.445229187474229e-07 8.924946620660436e-07 8.312050219480666e-07 
7.933109626928871e-07 1.0596280509988866e-06 9.411734441018475e-07 8.881888991038187e-07 8.277691377890557e-07 
7.934363000618719e-07 1.0597837277958024e-06 9.414028823582833e-07 8.883738854731374e-07 8.279805320833376e-07 
8.017817078224708e-07 1.0678348605605363e-06 9.477589841850732e-07 8.961355725307569e-07 8.345882493983459e-07 
7.915596362219102e-07 1.0571695350510589e-06 9.359451166953749e-07 8.851986408637693e-07 8.229955665174654e-07 
7.864214362430576e-07 1.051634217014341e-06 9.306126558847386e-07 8.79219747529935e-07 8.178448917848915e-07 
7.909837141313864e-07 1.0561817756799614e-06 9.36185289817023e-07 8.835632782629565e-07 8.234200689805932e-07 
7.861182483927523e-07 1.0516536113536803e-06 9.302590156204084e-07 8.796885801412871e-07 8.173253001499216e-07 
7.901204392250063e-07 1.0553306824102066e-06 9.324056214152861e-07 8.831348558231082e-07 8.197117740833222e-07 
7.839629068811128e-07 1.0497857930309518e-06 9.329755093057312e-07 8.776973567488485e-07 8.197444394275475e-07 
7.838011067198998e-07 1.0496273972074088e-06 9.328829862220788e-07 8.775397872150922e-07 8.196473489102348e-07 
7.750910261235604e-07 1.0414212987527932e-06 9.225147403611227e-07 8.702897686166557e-07 8.090250322544597e-07 
7.711554996879594e-07 1.0370947133038195e-06 9.186585978945682e-07 8.654684425767026e-07 8.053479431767742e-07 
7.710260593098912e-07 1.0367947193028195e-06 9.187056639907086e-07 8.649224792894973e-07 8.054771552461667e-07 
7.716469167373837e-07 1.037444137788898e-06 9.193267349864678e-07 8.65601673247239e-07 8.060867283599559e-07 
7.711308684209383e-07 1.0367404443616595e-06 9.19028114871911e-07 8.646354225968715e-07 8.058756361329508e-07 
7.756336197875479e-07 1.0423676530255264e-06 9.207689718351136e-07 8.72141277832104e-07 8.071297764703396e-07 
7.742191241987937e-07 1.0405266988284722e-06 9.184336576514544e-07 8.698306078573626e-07 8.050312968526717e-07 
7.53015265545737e-07 1.0203508828225972e-06 9.015529445930035e-07 8.508682251856347e-07 7.873964369811478e-07 
7.400839676654921e-07 1.0078705936895707e-06 8.924879456568654e-07 8.387993932453547e-07 7.779450656605303e-07 
7.388917082129588e-07 1.0069014429576296e-06 8.916496648702214e-07 8.381498212926929e-07 7.769764117722414e-07 
7.363100458254687e-07 1.0043799421403266e-06 8.888158180668828e-07 8.357852694919086e-07 7.741031941494578e-07 
7.37545156428446e-07 1.0050721907573955e-06 8.877624308296869e-07 8.358941216453992e-07 7.733873319430677e-07 
7.299374328608454e-07 9.975494483532002e-07 8.799903508970676e-07 8.286431049506083e-07 7.655319532794153e-07 
7.221763509827604e-07 9.9041975051228e-07 8.717923188838503e-07 8.227321577102022e-07 7.569600514353518e-07 
7.230772687639646e-07 9.91399069192053e-07 8.727760617613408e-07 8.238145720587773e-07 7.579057525764666e-07 
6.946520637418448e-07 9.628494703530107e-07 8.452592783970085e-07 7.95411772331576e-07 7.302748434752229e-07 
6.917480282551392e-07 9.600302840753875e-07 8.432329630978035e-07 7.926462434157943e-07 7.281767827172946e-07 
6.92445753813353e-07 9.608317421168303e-07 8.451384701656336e-07 7.93428458652804e-07 7.300184032688864e-07 
6.888716554411156e-07 9.576529525371944e-07 8.421711144062894e-07 7.908885024353438e-07 7.26811203091285e-07 
6.781709588930217e-07 9.474427238224058e-07 8.352892738338359e-07 7.812210855227991e-07 7.195694685397904e-07 
6.783445990770238e-07 9.476218414274915e-07 8.355151666246777e-07 7.81401045214826e-07 7.197928020013647e-07 
6.891943561118534e-07 9.586898121417231e-07 8.427054385734034e-07 7.93150325658785e-07 7.269566110085803e-07 
6.897913163345363e-07 9.593810980808113e-07 8.435290440060854e-07 7.939665853059346e-07 7.277301632620283e-07 
6.834195964871633e-07 9.542890566145082e-07 8.387215175561992e-07 7.912571896907515e-07 7.22163968227781e-07 
6.875170594557453e-07 9.590626932653948e-07 8.442385592290237e-07 7.971516807016884e-07 7.273148565408617e-07 
6.884452876897954e-07 9.60035974294642e-07 8.451174786519802e-07 7.982194816232372e-07 7.281735695426132e-07 
6.871396924124956e-07 9.590286531260124e-07 8.435291073822856e-07 7.980104253949034e-07 7.264072791281065e-07 
6.819251900827204e-07 9.535652813273929e-07 8.374119613801365e-07 7.922750627263562e-07 7.204048447455277e-07 
6.819940174826291e-07 9.534952045999447e-07 8.369412864541538e-07 7.920038336326198e-07 7.200155549142883e-07 
6.803731657785458e-07 9.523670061472563e-07 8.380228548237869e-07 7.914617042779409e-07 7.20797975067546e-07 
6.823646726144521e-07 9.541746414354665e-07 8.392970353883611e-07 7.929430864198555e-07 7.221915530142423e-07 
6.791645724006432e-07 9.50966789755494e-07 8.326722706904003e-07 7.907145985167921e-07 7.155505101123072e-07 
6.781685886310742e-07 9.503944329152359e-07 8.362102494762278e-07 7.900202940492273e-07 7.188374522759973e-07 
6.771307627267796e-07 9.493265959577411e-07 8.344180565078592e-07 7.890781687504985e-07 7.170574289703759e-07 
6.731010183255334e-07 9.456013888458003e-07 8.302260396944818e-07 7.86293962967608e-07 7.1266122459245e-07 
6.800978130950912e-07 9.524426180781093e-07 8.389773746517854e-07 7.921403265863334e-07 7.215444313413823e-07 
6.776816181325467e-07 9.513145318804558e-07 8.37097538996564e-07 7.945941713473415e-07 7.188796122781367e-07 
6.60750330341383e-07 9.335520989103003e-07 8.184053702692674e-07 7.752482046298349e-07 7.005849188838595e-07 
6.570586023165339e-07 9.297438828823008e-07 8.14302793494946e-07 7.713256220612346e-07 6.965264032068504e-07 
6.564828277996489e-07 9.292343432168205e-07 8.147500558376438e-07 7.707111061106189e-07 6.969372313839077e-07 
6.675393917017303e-07 9.396158661351087e-07 8.219047205857015e-07 7.801289580345668e-07 7.045448894297833e-07 
6.77451693587651e-07 9.495572334145415e-07 8.324993317021443e-07 7.89679730544e-07 7.151910723665253e-07 
6.721259220654972e-07 9.441698773488972e-07 8.26473175864098e-07 7.844794773649704e-07 7.0916377908776e-07 
6.806207936299426e-07 9.527306141150614e-07 8.337096454578133e-07 7.934391103610896e-07 7.16411684097763e-07 
6.815384883923245e-07 9.523248096740556e-07 8.272483987412507e-07 7.922984921851939e-07 7.106974586343168e-07 
6.823094279032933e-07 9.529716098950392e-07 8.28564390542217e-07 7.923093626325086e-07 7.121011758400957e-07 
6.87028221603009e-07 9.57608511861567e-07 8.340937220968066e-07 7.962432926844243e-07 7.177235994249098e-07 
6.892470837665328e-07 9.597268994178267e-07 8.356797820695892e-07 7.982926553224265e-07 7.193828791317407e-07 
6.794151910317514e-07 9.488104199798865e-07 8.253400661379665e-07 7.851820791906413e-07 7.095974944547682e-07 
6.900939500592578e-07 9.599881351080642e-07 8.353137887611319e-07 7.975180441814758e-07 7.193627243132293e-07 
6.866555320011997e-07 9.564540463164386e-07 8.288566395523149e-07 7.951749277478541e-07 7.129094855424605e-07 
6.899730587679933e-07 9.595723272255498e-07 8.302540992874228e-07 7.986295341519875e-07 7.14434171166365e-07 
6.85315806494053e-07 9.553950194288327e-07 8.267152242258218e-07 7.954127495544433e-07 7.105731715984363e-07 
6.784505513460261e-07 9.490067539140649e-07 8.209612393265287e-07 7.901289380281089e-07 7.044759660699101e-07 
6.542321520935976e-07 9.257897211919383e-07 8.031462766711317e-07 7.674282672445855e-07 6.859351184440681e-07 
6.556126492103919e-07 9.272097088911942e-07 8.045457428645126e-07 7.689184570879168e-07 6.87321902564615e-07 
6.404610490459215e-07 9.111536522576781e-07 7.919606083412256e-07 7.497490007194449e-07 6.75200576115702e-07 
6.416193502901135e-07 9.119980514970993e-07 7.923792923844388e-07 7.500463275346369e-07 6.758043984881142e-07 
6.391957329290324e-07 9.091425318429835e-07 7.856148432291714e-07 7.478161417660709e-07 6.692141681970208e-07 
6.337999474585455e-07 9.027616496785349e-07 7.789948244011177e-07 7.396976005162653e-07 6.631093773463847e-07 
6.317604845945396e-07 9.003689869422323e-07 7.75720044575441e-07 7.370383578343978e-07 6.600026526658956e-07 
6.249300437884609e-07 8.930177119293398e-07 7.665183048412504e-07 7.296918896346685e-07 6.509959116513471e-07 
6.105071278694398e-07 8.795485593213712e-07 7.543316012438392e-07 7.180433249917119e-07 6.38141752958217e-07 
6.169885837284525e-07 8.85678336783965e-07 7.586670036910412e-07 7.240684963717613e-07 6.427021706065928e-07 
6.158110118318542e-07 8.860686393735925e-07 7.641693203872165e-07 7.255048036943051e-07 6.474061538705821e-07 
6.137492007448716e-07 8.840509140853526e-07 7.617673594597642e-07 7.238249186575497e-07 6.449499614589924e-07 
6.130780695233696e-07 8.835449801545337e-07 7.635363761923882e-07 7.227712689287879e-07 6.466680917209002e-07 
5.991405434199169e-07 8.697134110616863e-07 7.522723414393592e-07 7.087067515453106e-07 6.35277552226225e-07 
5.883274675365611e-07 8.595723922792756e-07 7.462236761490166e-07 6.991074930607763e-07 6.288431690835077e-07 
5.890667428680497e-07 8.602647513583941e-07 7.4684767875148e-07 6.996977507853077e-07 6.294980385670405e-07 
5.916450612306575e-07 8.632503652542502e-07 7.49754339483848e-07 7.035036020288067e-07 6.321884052289277e-07 
5.933788641269678e-07 8.648902911950666e-07 7.521068189016049e-07 7.047033736591696e-07 6.346209606000589e-07 
5.944720922742525e-07 8.670229054542909e-07 7.547831044319912e-07 7.090512195406249e-07 6.367117422273132e-07 
5.930037920532944e-07 8.656933784893679e-07 7.529903038409186e-07 7.082571308441623e-07 6.348165877418384e-07 
5.895916225765638e-07 8.623729436221093e-07 7.49883982967056e-07 7.052147072513633e-07 6.316361526195914e-07 
5.889000979165885e-07 8.616469440598938e-07 7.492659179550325e-07 7.043863095386922e-07 6.310362058641175e-07 
5.877606687596059e-07 8.606176466158096e-07 7.498984441151971e-07 7.031902485577376e-07 6.316324004136426e-07 
5.871543211788547e-07 8.601201134713781e-07 7.493490327952555e-07 7.030042377331019e-07 6.310134143994408e-07 
5.962166632717159e-07 8.690265388826044e-07 7.590466745190886e-07 7.11057034185601e-07 6.408763386633589e-07 
5.923384633095151e-07 8.652570403562792e-07 7.553733903087639e-07 7.07640653340469e-07 6.371168047045924e-07 
5.87105516396756e-07 8.600845079822803e-07 7.50270427714684e-07 7.027511944058632e-07 6.319466506645622e-07 
5.882387755025945e-07 8.615524941680301e-07 7.52441416571184e-07 7.048802914502675e-07 6.339402649309983e-07 
5.893284003837416e-07 8.62780502563067e-07 7.537374770587371e-07 7.064315282303185e-07 6.351617143009946e-07 
5.876643563308225e-07 8.599671630560693e-07 7.53096709113844e-07 7.004788379676968e-07 6.352161860762374e-07 
5.916998039041364e-07 8.630758956531731e-07 7.523137331643476e-07 7.022063455294314e-07 6.349273479264254e-07 
6.013350430034192e-07 8.725772656482395e-07 7.610418197470318e-07 7.113431591189444e-07 6.437824216132464e-07 
5.942521582095876e-07 8.654341904049535e-07 7.571244521070542e-07 7.037220459442744e-07 6.398945613738611e-07 
5.938479945673777e-07 8.649791493490204e-07 7.532770939304532e-07 7.037493862482462e-07 6.360289182230011e-07 
5.881940558174575e-07 8.588585640027118e-07 7.441658221269368e-07 6.975596564814756e-07 6.270875966008279e-07 
5.967641886167039e-07 8.672081226566871e-07 7.516148481624682e-07 7.05463001435635e-07 6.347108770276431e-07 
5.965762111491121e-07 8.670344782584236e-07 7.514916228266144e-07 7.053093990690768e-07 6.345789938249956e-07 
5.797565422277434e-07 8.49718060462713e-07 7.354349270083973e-07 6.872116383671012e-07 6.186951584180448e-07 
5.812127687718021e-07 8.503834118367822e-07 7.358791968911898e-07 6.864872627719303e-07 6.195857296700045e-07 
5.786522559669218e-07 8.475973800880613e-07 7.324374395929069e-07 6.835387928300068e-07 6.162352086909356e-07 
5.783284238637918e-07 8.470887146462381e-07 7.287297763452306e-07 6.835613117051671e-07 6.12556093945313e-07 
5.631395719998266e-07 8.312459170831241e-07 7.148338982011906e-07 6.665657298695746e-07 5.989317623596253e-07 
5.576611245797281e-07 8.245536783374784e-07 7.078443713684008e-07 6.582516928009883e-07 5.925455767842535e-07 
5.778326518066016e-07 8.456202386960196e-07 7.262068608211884e-07 6.807748132226785e-07 6.105424885304165e-07 
5.752426169760428e-07 8.43062538297605e-07 7.242148007319755e-07 6.781895845363398e-07 6.085215912249444e-07 
5.778690028816808e-07 8.460529520284292e-07 7.253001355078546e-07 6.822899657965474e-07 6.093822311057983e-07 
5.815495649963863e-07 8.49619568815957e-07 7.276710480335865e-07 6.859459975562401e-07 6.118218897747755e-07 
5.822970962835582e-07 8.504943782392857e-07 7.287404834337427e-07 6.869504672050507e-07 6.128328925343464e-07 
5.861695556795943e-07 8.544566787428989e-07 7.321447738764798e-07 6.911430744184122e-07 6.162112497900591e-07 
5.987391049372685e-07 8.691209388756878e-07 7.517091428745548e-07 7.077242112343625e-07 6.348209683493344e-07 
6.024898913153147e-07 8.730343984561155e-07 7.549147802534919e-07 7.120881475647331e-07 6.37950107150131e-07 
6.019938301116952e-07 8.716934778278438e-07 7.498258567194488e-07 7.103948641224099e-07 6.33256603767043e-07 
5.956594015182968e-07 8.651072870025111e-07 7.425865947797602e-07 7.03782918071871e-07 6.26082761376113e-07 
5.838461461848406e-07 8.525921549453013e-07 7.302538573492763e-07 6.902236373605612e-07 6.140361041576995e-07 
5.78597993910626e-07 8.473568400832951e-07 7.243559056743252e-07 6.854805901576551e-07 6.080548835589397e-07 
5.788022445372582e-07 8.475641901695559e-07 7.24556535322391e-07 6.856891237521682e-07 6.082557350913423e-07 
5.761354871314089e-07 8.453463073716409e-07 7.260628627307226e-07 6.830045418704371e-07 6.095918091207374e-07 
5.780660894741506e-07 8.465374156405657e-07 7.284613053360438e-07 6.824386617753345e-07 6.124525791195211e-07 
5.763147268072228e-07 8.447701209079738e-07 7.244891359852393e-07 6.813781101638146e-07 6.08416814899173e-07 
5.792804288649865e-07 8.479293335286423e-07 7.27584468331066e-07 6.84805172052667e-07 6.114312129583659e-07 
5.814194419785282e-07 8.498978437000107e-07 7.296001560341149e-07 6.863812656969302e-07 6.135646343391053e-07 
5.965238983518808e-07 8.646328474245425e-07 7.414269483165097e-07 7.009779506102075e-07 6.256765801272901e-07 
5.932979921589919e-07 8.613578335980124e-07 7.36999043254922e-07 6.981770896560441e-07 6.212130994270808e-07 
5.883511235630321e-07 8.563992129568359e-07 7.335773588852305e-07 6.927710534429036e-07 6.177872223670831e-07 
5.932907410860273e-07 8.612077315655696e-07 7.352636375024771e-07 6.984432456610059e-07 6.195135575297986e-07 
5.816732030346271e-07 8.48188829129233e-07 7.206862562874998e-07 6.840403188044668e-07 6.055456014535594e-07 
5.765462381116394e-07 8.420284224238616e-07 7.141619023194107e-07 6.765317579195603e-07 5.995242067530691e-07 
5.613079006697952e-07 8.258257479517979e-07 6.972882054399794e-07 6.597217826430025e-07 5.829651513570024e-07 
5.664099908543457e-07 8.330224919090899e-07 7.0865578993168e-07 6.68317022733621e-07 5.933812549928902e-07 
5.65208322853675e-07 8.325791423920943e-07 7.089717273719965e-07 6.68900267846186e-07 5.932858527784644e-07 
5.607084478958276e-07 8.283335870491184e-07 7.052229871440085e-07 6.650758455620519e-07 5.893601813740387e-07 
5.603842641990203e-07 8.280086429405758e-07 7.046327964870167e-07 6.648693212026237e-07 5.887571610622961e-07 
5.575301384752715e-07 8.254939557287822e-07 7.027470872634845e-07 6.628232055519197e-07 5.866705320044946e-07 
5.619888584800713e-07 8.309127093538755e-07 7.098317860029545e-07 6.692018652388622e-07 5.933223946120237e-07 
5.627192771972298e-07 8.315779671885603e-07 7.103463137973663e-07 6.697729504047903e-07 5.938764822062826e-07 
5.562088958836602e-07 8.250134814990708e-07 7.037755914737679e-07 6.633611005824625e-07 5.872650626528143e-07 
5.560453029312207e-07 8.247699187352333e-07 7.034160115150028e-07 6.630167388109963e-07 5.869446862669065e-07 
5.51589645024135e-07 8.210868507904881e-07 7.015447501409061e-07 6.603067669449972e-07 5.84654288278291e-07 
5.574376857012228e-07 8.257955665614233e-07 7.028135579811262e-07 6.639684237757624e-07 5.865039979728004e-07 
5.685729269330307e-07 8.363574473477276e-07 7.148418201775972e-07 6.724875630350656e-07 5.990292304061798e-07 
5.681343422284814e-07 8.358825945281117e-07 7.144298686860728e-07 6.719441309876307e-07 5.986347426310549e-07 
5.473420298692682e-07 8.154919186082102e-07 6.931446810591532e-07 6.534134343995163e-07 5.768597607298489e-07 
5.497147532910445e-07 8.177049714367043e-07 6.952530493091558e-07 6.552757813246417e-07 5.790819715329997e-07 
5.579991917435886e-07 8.263470443475668e-07 7.064466034368645e-07 6.632761723119934e-07 5.902595699448688e-07 
5.360140213486419e-07 8.034888900865613e-07 6.83683569527666e-07 6.397064012418809e-07 5.677460409592805e-07 
5.383920206822714e-07 8.063202028449187e-07 6.86891917889613e-07 6.430843415165578e-07 5.707447611407028e-07 
5.406487624762732e-07 8.083307539270099e-07 6.888295393714846e-07 6.446156048668374e-07 5.728407539737414e-07 
5.417957988059249e-07 8.067359740128933e-07 6.828130476510952e-07 6.402369291137926e-07 5.68175636956916e-07 
5.45664154034282e-07 8.10605203404579e-07 6.875220169876668e-07 6.436795510271305e-07 5.729619192607553e-07 
5.555394000106032e-07 8.195906538792531e-07 6.919257897794498e-07 6.526772434160511e-07 5.778137897283523e-07 
5.556446940912189e-07 8.201221635663134e-07 6.923513035807472e-07 6.538651630686942e-07 5.780030501327784e-07 
5.489032214667757e-07 8.150339247865295e-07 6.90029633621246e-07 6.504773560343872e-07 5.747866140182462e-07 
5.509061959956627e-07 8.17013404603732e-07 6.926940545315537e-07 6.520682670859513e-07 5.775152597336783e-07 
5.503159645773807e-07 8.166288862473057e-07 6.925767645531079e-07 6.519325872386457e-07 5.772869987201242e-07 
5.420812859157247e-07 8.112253218136162e-07 6.917062398629565e-07 6.501127577800753e-07 5.749146008366457e-07 
5.417009610540555e-07 8.10243825279941e-07 6.916381402144452e-07 6.476797679516317e-07 5.752162953168911e-07 
5.391200145922464e-07 8.076189533561241e-07 6.891384429698695e-07 6.450315427007291e-07 5.727183669323189e-07 
5.356842545730648e-07 8.04854040571441e-07 6.87764152716527e-07 6.431535724044301e-07 5.709871241888213e-07 
5.496511515102474e-07 8.196638972026425e-07 7.028744644101631e-07 6.589737000663074e-07 5.857728292591606e-07 
5.604983566107847e-07 8.313857335013766e-07 7.165475699627431e-07 6.714732831950551e-07 5.991116688923107e-07 
5.752021994485328e-07 8.450055799664786e-07 7.240945045351288e-07 6.845055321126276e-07 6.072264035741025e-07 
5.7545379586689e-07 8.45153886127342e-07 7.243066157132215e-07 6.843989701869282e-07 6.07502776159393e-07 
5.668051053039363e-07 8.35176809822963e-07 7.158305960337942e-07 6.716538645033118e-07 5.997370592319108e-07 
5.644782175764706e-07 8.325475438556281e-07 7.133109484144468e-07 6.685506454265636e-07 5.973654427416809e-07 
5.619929691372601e-07 8.3004473150535e-07 7.110922239252928e-07 6.660147096334926e-07 5.951399990691831e-07 
5.528210400373997e-07 8.210620169788746e-07 7.025247432846358e-07 6.575403689483752e-07 5.863884956316133e-07 
5.662896987082969e-07 8.334416757399876e-07 7.127677558806898e-07 6.683285482136527e-07 5.973061516453598e-07 
5.66280453636116e-07 8.334122623226018e-07 7.126721833861085e-07 6.682880499155396e-07 5.97219712244147e-07 
5.706594152019509e-07 8.388700068384443e-07 7.188057867573578e-07 6.75169008727589e-07 6.028198411069086e-07 
5.597863781094671e-07 8.279070305040321e-07 7.085480152633225e-07 6.641965982540862e-07 5.925232027851253e-07 
5.518117570794059e-07 8.199973136320446e-07 7.04561920589701e-07 6.555572683902234e-07 5.885402768140266e-07 
5.504620358564443e-07 8.185198531531195e-07 7.019740493974318e-07 6.541982154894695e-07 5.859776600870075e-07 
5.49220404175765e-07 8.168761009821447e-07 6.982394274416115e-07 6.525334445494336e-07 5.823863450150342e-07 
5.551021548693443e-07 8.239475600705008e-07 7.070394301335083e-07 6.609030522001272e-07 5.906414643605669e-07 
5.485768893569226e-07 8.187288395175185e-07 7.050803018684391e-07 6.573850368332005e-07 5.879951766167127e-07 
5.375379673399023e-07 8.080591337504486e-07 6.96954655083266e-07 6.471461319418265e-07 5.796522159168227e-07 
5.378105547983441e-07 8.097790949381169e-07 7.025368208688951e-07 6.509710300463673e-07 5.845420754551707e-07 
5.459726200083994e-07 8.17351193089484e-07 7.048237765293083e-07 6.582941140981942e-07 5.870580973692619e-07 
5.708735077609978e-07 8.42804013198311e-07 7.287904170227911e-07 6.84628087048855e-07 6.108622862086256e-07 
5.702708012268108e-07 8.421075289325299e-07 7.277373697219411e-07 6.838490061678645e-07 6.098486606479946e-07 
5.71265969967605e-07 8.430808557653925e-07 7.288265159863161e-07 6.846957977133646e-07 6.10962227063478e-07 
5.578862654338393e-07 8.296456443814401e-07 7.153889400695867e-07 6.716043185705792e-07 5.974446654241593e-07 
5.571425358105694e-07 8.288081888470658e-07 7.151316313756132e-07 6.703707423669941e-07 5.972551596097605e-07 
5.584979706144486e-07 8.297673564178751e-07 7.14849730481007e-07 6.707921232791884e-07 5.971738545898781e-07 
5.464847784316616e-07 8.175648731532489e-07 7.008677386699216e-07 6.592940375826266e-07 5.831238727503041e-07 
5.500083038198537e-07 8.211954712200926e-07 7.055326267219061e-07 6.626210702932535e-07 5.878009817572494e-07 
5.489075733960525e-07 8.200238871763902e-07 7.049637809381985e-07 6.6110697747906e-07 5.87285457522968e-07 
5.491206279665436e-07 8.202442999182618e-07 7.052935634707598e-07 6.612969809179673e-07 5.876169268552855e-07 
5.458193444436323e-07 8.168609239990007e-07 6.998766228371011e-07 6.586477535187347e-07 5.821367725907723e-07 
5.465395305521478e-07 8.176251685857578e-07 7.006817825860367e-07 6.594694304570983e-07 5.82925045069328e-07 
5.420149438121332e-07 8.127508765434277e-07 6.964969166226439e-07 6.536935715824741e-07 5.789269134726051e-07 
5.525133998838988e-07 8.222924050130246e-07 7.061874745702936e-07 6.608120034071643e-07 5.892686253001969e-07 
5.524113022437663e-07 8.22214829287655e-07 7.059878765390205e-07 6.608237960762246e-07 5.890502522105635e-07 
5.533045104922699e-07 8.231032813338658e-07 7.068946669795153e-07 6.616657840384023e-07 5.89968676424139e-07 
5.496876930897308e-07 8.198195816154439e-07 7.050963553642218e-07 6.587024113845217e-07 5.879980464903863e-07 
5.567425362629581e-07 8.267127408430957e-07 7.121240988008504e-07 6.650091016080314e-07 5.951826760753336e-07 
5.435919636565647e-07 8.136908176872437e-07 7.028022136938514e-07 6.517487936921498e-07 5.857885822247485e-07 
5.578795840663524e-07 8.280913617393087e-07 7.151898489847668e-07 6.663724029304219e-07 5.981698661345419e-07 
5.440636906434223e-07 8.136779691755185e-07 7.022860064048139e-07 6.509629073859924e-07 5.855291192212898e-07 
5.405015588291737e-07 8.102384329910893e-07 6.994537538573888e-07 6.477228073629118e-07 5.826189472644404e-07 
5.34335706213415e-07 8.045450605498467e-07 6.890398961333623e-07 6.44392979241077e-07 5.717259921929014e-07 
5.35860307588812e-07 8.060545107606642e-07 6.901451621685447e-07 6.459527070308516e-07 5.7283865812727e-07 
5.24808910524148e-07 7.936972045968382e-07 6.766706195183018e-07 6.31877581255168e-07 5.599393341552898e-07 
5.248697917783228e-07 7.941001154132934e-07 6.767469585148155e-07 6.33036241934876e-07 5.598105638158173e-07 
5.24122712958383e-07 7.930801061334685e-07 6.747819599721775e-07 6.318756081281081e-07 5.579483685053717e-07 
5.210925325740518e-07 7.895061984311347e-07 6.695422843678637e-07 6.280582598620475e-07 5.529008568075842e-07 
5.261186495885668e-07 7.95131285430978e-07 6.73894262720033e-07 6.352063248683841e-07 5.569112090855125e-07 
5.263825330097553e-07 7.953092152164347e-07 6.73483831669972e-07 6.354776659056991e-07 5.565231335352706e-07 
5.363039435388016e-07 8.07164636021825e-07 6.880512368209812e-07 6.499456921194825e-07 5.702183247045452e-07 
5.329724194073417e-07 8.03857347707369e-07 6.850643614158705e-07 6.466940175923788e-07 5.671954288370028e-07 
5.244495604527773e-07 7.947570025178987e-07 6.754961114090408e-07 6.368302021103927e-07 5.578446881166106e-07 
5.301979551287263e-07 8.005793901852186e-07 6.818672319863708e-07 6.422817067333196e-07 5.642675530426103e-07 
5.199981077540931e-07 7.910979269715183e-07 6.765690637560658e-07 6.331120108849776e-07 5.586452057451208e-07 
4.964228570934419e-07 7.685772963167983e-07 6.548175883693739e-07 6.140974621900625e-07 5.36064506618036e-07 
4.85390951699664e-07 7.574900166134176e-07 6.449648857180334e-07 6.028257809696834e-07 5.262035392989527e-07 
4.861828355912845e-07 7.581319047564269e-07 6.468669239246862e-07 6.024592276558173e-07 5.282816412956929e-07 
4.875005872782603e-07 7.585470426638284e-07 6.462396058121782e-07 6.010467527868536e-07 5.281302225805837e-07 
4.818470637060867e-07 7.549048544632463e-07 6.47555573149969e-07 6.008814839784814e-07 5.285060513325073e-07 
4.899127055836003e-07 7.636034605119274e-07 6.550964699311154e-07 6.116139508520461e-07 5.356619260684354e-07 
4.914432977025947e-07 7.650543262373306e-07 6.554732424635617e-07 6.132512432275963e-07 5.360350691619526e-07 
4.969533755521164e-07 7.708396342026885e-07 6.613876346214896e-07 6.19651567737981e-07 5.418341009476947e-07 
4.942844872803877e-07 7.680303243608297e-07 6.588823574025809e-07 6.163186021637723e-07 5.39413000696347e-07 
