2.2379530849109086e-06 2.2525727227438836e-06 2.3398787775873024e-06 2.1443189730628927e-06 2.3241270701727804e-06 
2.240844653467967e-06 2.2566659859300245e-06 2.3429066626133656e-06 2.1475479420674253e-06 2.326756460621596e-06 
2.2359101049335056e-06 2.2516606368016476e-06 2.337948409570162e-06 2.1425767127368977e-06 2.3218249474270705e-06 
2.2308160376231252e-06 2.24551284144908e-06 2.3312122721923966e-06 2.1364483796937922e-06 2.3156893462351836e-06 
2.2282934898472395e-06 2.243193650537003e-06 2.328486344314808e-06 2.1338691588887008e-06 2.3129336285945823e-06 
2.228384907597836e-06 2.243234787883644e-06 2.328785573442684e-06 2.1340488240477522e-06 2.3132143693743704e-06 
2.2255429056548943e-06 2.2388871332557083e-06 2.3243505137898185e-06 2.1301059254558045e-06 2.3095127649773488e-06 
2.2268917874930826e-06 2.239237532263005e-06 2.324741553450651e-06 2.1307814796822853e-06 2.3103735465031074e-06 
2.221630018689568e-06 2.234225644651679e-06 2.3200528279460546e-06 2.1258365643567636e-06 2.3055128997270754e-06 
2.2246014004724384e-06 2.2363447998766982e-06 2.322389121892281e-06 2.128324428856734e-06 2.308219773212285e-06 
2.2259579779340472e-06 2.2372673930254435e-06 2.3234488976730887e-06 2.1294476834112597e-06 2.3094638835285334e-06 
2.2209235444564856e-06 2.2330100604152093e-06 2.318863191697078e-06 2.1247868837301106e-06 2.3045620399288813e-06 
2.2202046282014166e-06 2.2323344605811843e-06 2.318224137513381e-06 2.124114007559663e-06 2.303896370181342e-06 
2.2145723756430575e-06 2.2255550755343072e-06 2.312413373939796e-06 2.1181349575119007e-06 2.2984738022131234e-06 
2.216812546682885e-06 2.227870145691773e-06 2.314965889881053e-06 2.1205448833765156e-06 2.300951138155188e-06 
2.2163135729145063e-06 2.227369121806562e-06 2.3146318090351014e-06 2.120123331489335e-06 2.3005905268244364e-06 
2.230530566935582e-06 2.2427347725254955e-06 2.33001621724669e-06 2.1351768413512947e-06 2.3154221671085307e-06 
2.23136601406781e-06 2.2436272116752023e-06 2.3309573604646383e-06 2.1360770909172637e-06 2.316327978370941e-06 
2.2470106129021098e-06 2.259517270553989e-06 2.34816525375343e-06 2.1525605783117287e-06 2.333199271425422e-06 
2.2496850536764245e-06 2.2623554877910565e-06 2.3513067944160763e-06 2.155502687517963e-06 2.3362122278243856e-06 
2.2457133142067635e-06 2.2578813745878214e-06 2.347040183668582e-06 2.1512722648477413e-06 2.3321515109528587e-06 
2.2456992672860442e-06 2.25784889570966e-06 2.3470317028204464e-06 2.1512569771246093e-06 2.332147859461927e-06 
2.2465710598446006e-06 2.258819315921537e-06 2.3478521012343048e-06 2.1521264021611446e-06 2.332945889235113e-06 
2.2482568745390083e-06 2.2605741174505335e-06 2.3503015731620923e-06 2.154203384446981e-06 2.335247423859471e-06 
2.241444656157052e-06 2.252978777228054e-06 2.3439456706434943e-06 2.1474381932663422e-06 2.3290608672028427e-06 
2.260831241196791e-06 2.27357245650272e-06 2.364078871321017e-06 2.1674829167502673e-06 2.3486920765437716e-06 
2.2594202627957285e-06 2.272041314673602e-06 2.3626587448132784e-06 2.1660394947514665e-06 2.347311094092173e-06 
2.2549268091633774e-06 2.269426827419629e-06 2.358805561860626e-06 2.1622534491735728e-06 2.3427667178023093e-06 
2.2550087223194806e-06 2.2688957618535235e-06 2.359391879843302e-06 2.1624541223943e-06 2.3434609151848894e-06 
2.2541759655617306e-06 2.2679863547938753e-06 2.3584566249038017e-06 2.161552730252672e-06 2.3425666115200964e-06 
2.2600868207447836e-06 2.2734788462443894e-06 2.364763669560677e-06 2.167583286035957e-06 2.3489377548539935e-06 
2.254741293726409e-06 2.2684714261834206e-06 2.3596642364122407e-06 2.162421642879047e-06 2.343692986168071e-06 
2.2583376011970867e-06 2.2724099839856265e-06 2.363844398061979e-06 2.166388163371716e-06 2.3476694500318183e-06 
2.2572036118136148e-06 2.2714180169691074e-06 2.36270576077186e-06 2.165279630347368e-06 2.3464874778766034e-06 
2.2536236914760016e-06 2.2671749283225296e-06 2.35860359278087e-06 2.1612928702273578e-06 2.342678819165044e-06 
2.250833754189134e-06 2.2636368220714233e-06 2.3553214643962887e-06 2.158095764097943e-06 2.3397115385120127e-06 
2.2535226547826588e-06 2.2658458035330952e-06 2.359387430655891e-06 2.1613827896214125e-06 2.343698456173983e-06 
2.260464416500976e-06 2.271948969386683e-06 2.3661367315796526e-06 2.1680698790742367e-06 2.350739504282682e-06 
2.2592935788265406e-06 2.270604446262801e-06 2.364821024195504e-06 2.166788539060539e-06 2.3495019635292433e-06 
2.2623195803735278e-06 2.2738729953637095e-06 2.3678547219261566e-06 2.1698728000609247e-06 2.3524586076217487e-06 
2.261738278254153e-06 2.273310482931764e-06 2.3672574583792944e-06 2.1692861632016227e-06 2.3518582238982137e-06 
2.2628433534313018e-06 2.2741704527464174e-06 2.3682207344591673e-06 2.17027201753963e-06 2.3529210791589494e-06 
2.2621673814415645e-06 2.27446359650139e-06 2.3690037359983852e-06 2.1705311817594533e-06 2.3531608979843833e-06 
2.2784981655033763e-06 2.2905529329100358e-06 2.384578058414813e-06 2.1864577518149646e-06 2.3689336184278165e-06 
2.277518360664534e-06 2.289195895163415e-06 2.3843714507287316e-06 2.1857940909130577e-06 2.3687160962960874e-06 
2.2755135931000673e-06 2.2861619157307737e-06 2.3805935465939304e-06 2.1826781723485904e-06 2.3655526720891863e-06 
2.2745955369240068e-06 2.285386155886993e-06 2.3798600724736903e-06 2.181880429036666e-06 2.3647444407494796e-06 
2.2742786463891225e-06 2.2850842136701997e-06 2.3795800416724696e-06 2.181584640171641e-06 2.364453683224236e-06 
2.2720263607016418e-06 2.282896943928933e-06 2.3771952498180796e-06 2.1792742469415707e-06 2.3620709566143033e-06 
2.271410765813604e-06 2.28258538282375e-06 2.3771862350223032e-06 2.1790260231233537e-06 2.3618668388251837e-06 
2.2707741713608e-06 2.2820695369783923e-06 2.376854487401781e-06 2.178567440972063e-06 2.361447042924985e-06 
2.2594314249792086e-06 2.271446613681172e-06 2.3655362517427208e-06 2.167361456196408e-06 2.349902463683759e-06 
2.2576731482648346e-06 2.269614601560661e-06 2.3637029227230376e-06 2.1655470112600635e-06 2.3481047346518503e-06 
2.2588801136726977e-06 2.2709555605574964e-06 2.3644875963140767e-06 2.1665694922051078e-06 2.348917602666694e-06 
2.2602631141769316e-06 2.272406246125981e-06 2.365672867136308e-06 2.1678689754157808e-06 2.3501144145816213e-06 
2.278996498466164e-06 2.2920473386034735e-06 2.385083672172863e-06 2.187163841216886e-06 2.369128020254421e-06 
2.2794145506187844e-06 2.292583601423804e-06 2.385606074433211e-06 2.1876596378273393e-06 2.3695962771361814e-06 
2.261227699619766e-06 2.2747213104073144e-06 2.3670609790431692e-06 2.169326527777352e-06 2.351011920252214e-06 
2.2611185378656097e-06 2.2747092782132604e-06 2.3669894945696663e-06 2.169256279432844e-06 2.350903966743313e-06 
2.260857858986304e-06 2.2742826944548682e-06 2.3661845325631165e-06 2.1686873695828183e-06 2.3502407844056645e-06 
2.2598012631098042e-06 2.273252757315857e-06 2.3650098617076332e-06 2.167575269035637e-06 2.3490774897627426e-06 
2.272715020616199e-06 2.287067228737543e-06 2.377244683955438e-06 2.1803644351968028e-06 2.361142011201826e-06 
2.284163697905415e-06 2.2971517467579398e-06 2.389063141487153e-06 2.1917305459344326e-06 2.373323080598313e-06 
2.2729112861102514e-06 2.2838567740263817e-06 2.3766746290835583e-06 2.17946884500827e-06 2.3617601353619845e-06 
2.268726687362769e-06 2.280170706720157e-06 2.3727542137401922e-06 2.1755107450689744e-06 2.3576413074165866e-06 
2.2666919247045745e-06 2.2791791510996848e-06 2.3716526998327335e-06 2.1741542332052617e-06 2.356060722739613e-06 
2.268614184730091e-06 2.2811234799984954e-06 2.373654598980332e-06 2.176124486505099e-06 2.3580423108993526e-06 
2.268486140364948e-06 2.2809950452423353e-06 2.3735122951181323e-06 2.175988973785991e-06 2.357902507185227e-06 
2.2611654463233877e-06 2.2723847741115865e-06 2.366007997206108e-06 2.1682991862049996e-06 2.3508307742429117e-06 
2.2601614321154013e-06 2.271341156694431e-06 2.3647059067566618e-06 2.1671352364678158e-06 2.3495905574083333e-06 
2.259570859990072e-06 2.270757073574257e-06 2.3642506554218603e-06 2.166612999000451e-06 2.349110919141995e-06 
2.259202374689681e-06 2.270422607860534e-06 2.363854331778588e-06 2.1662367270040993e-06 2.348708679688669e-06 
2.259039147964648e-06 2.270002734788316e-06 2.3635206417013506e-06 2.1659354121279016e-06 2.3484830789928203e-06 
2.26242814778813e-06 2.2732656566654996e-06 2.3673606898998446e-06 2.16953257203463e-06 2.3522870716485745e-06 
2.2494569298499317e-06 2.2621931243545614e-06 2.3553118005371084e-06 2.15738899671356e-06 2.339496527493646e-06 
2.2448637309384683e-06 2.2574280845033802e-06 2.3502833926651797e-06 2.152532631891598e-06 2.3345942819206168e-06 
2.2412728914136562e-06 2.2538080980253007e-06 2.346470574220634e-06 2.1488174624915037e-06 2.33082777085317e-06 
2.2382822360616993e-06 2.2507002787672656e-06 2.341668804305805e-06 2.1448927430739486e-06 2.3263626020069642e-06 
2.2347227465456655e-06 2.2469573263520953e-06 2.337778394476119e-06 2.1411242427640154e-06 2.3225845237272035e-06 
2.23171012390558e-06 2.244358472418425e-06 2.334953262815811e-06 2.1382855513022897e-06 2.3195998891126928e-06 
2.2288720410552063e-06 2.2418730929508164e-06 2.3321793473284315e-06 2.135548187398594e-06 2.316705847869002e-06 
2.2318029742260138e-06 2.241796687377617e-06 2.332628715987026e-06 2.13663305135723e-06 2.318501902515004e-06 
2.2513109051989422e-06 2.2609173029642006e-06 2.351756223318012e-06 2.1559111562082297e-06 2.3378108644059853e-06 
2.2611564216722734e-06 2.270996823019913e-06 2.362327349294394e-06 2.166179659816703e-06 2.348187853898152e-06 
2.2566773828551817e-06 2.265462447619029e-06 2.3582789708525777e-06 2.1616897028479593e-06 2.344396741713464e-06 
2.2503177893424155e-06 2.258772284611103e-06 2.3517303408693495e-06 2.1551578324141517e-06 2.3379828762292766e-06 
2.2532186091176964e-06 2.262156867803402e-06 2.35482266102535e-06 2.158256712979652e-06 2.3408927691955624e-06 
2.2531309531364397e-06 2.2622856440923346e-06 2.3545039684128787e-06 2.1580984145492353e-06 2.340545134409509e-06 
2.253109531614606e-06 2.2621612466389974e-06 2.3543965324296977e-06 2.158013458182581e-06 2.3404839889635354e-06 
2.2539823650954282e-06 2.2632421524314034e-06 2.355592829679876e-06 2.159090315523619e-06 2.3415618358301447e-06 
2.2537941698231854e-06 2.262941305231849e-06 2.355181090924464e-06 2.1587682048287356e-06 2.3412222293635387e-06 
2.254347707156679e-06 2.2632104885288824e-06 2.3583368332849974e-06 2.1605676395155057e-06 2.3440341220301347e-06 
2.2520229693882723e-06 2.2608987140479633e-06 2.356525378943365e-06 2.1585014661006082e-06 2.3421335701319334e-06 
2.2611281188671567e-06 2.2685700325656447e-06 2.3640551671345885e-06 2.166545562497823e-06 2.350369205428015e-06 
2.258789637638514e-06 2.2669872755217034e-06 2.3619527442509235e-06 2.164469725145619e-06 2.3479932994428434e-06 
2.256959402303849e-06 2.26673452074214e-06 2.361399898775637e-06 2.163592831804882e-06 2.3467386682981315e-06 
2.2638428914085724e-06 2.2740099342772275e-06 2.3699692600960815e-06 2.1714238330329238e-06 2.35490542143227e-06 
2.2631881643096545e-06 2.2734612584841253e-06 2.3692545983653242e-06 2.1707580989036667e-06 2.3541678849857518e-06 
2.26292734395205e-06 2.2723834088346654e-06 2.367812171146054e-06 2.1697337770875453e-06 2.353175476001316e-06 
2.268865295869527e-06 2.2789277655674995e-06 2.3743678602879687e-06 2.1761161502547042e-06 2.3594395571553654e-06 
2.277163493297122e-06 2.2854118937280405e-06 2.3809844377068667e-06 2.183219035678732e-06 2.3668978990143867e-06 
2.287258627430529e-06 2.2952189654907744e-06 2.391467460361223e-06 2.1934729171887915e-06 2.3774046792219197e-06 
2.2870454317838676e-06 2.2950403850654756e-06 2.391259807070033e-06 2.1932688663750435e-06 2.3771853877726612e-06 
2.274594708554105e-06 2.2814060485204605e-06 2.3792191573317167e-06 2.1807791952359003e-06 2.36544452480099e-06 
2.279216603817414e-06 2.2870520164101203e-06 2.384343261716471e-06 2.185861364780967e-06 2.3701671800107566e-06 
2.282686715108112e-06 2.2911286649984445e-06 2.3877920310767495e-06 2.1894431455508605e-06 2.373431089647908e-06 
2.2830743584625297e-06 2.291399938572266e-06 2.3881265150552475e-06 2.1897818435160964e-06 2.3738104718686073e-06 
2.282853046831811e-06 2.29111179532072e-06 2.387783991718934e-06 2.1894853026857712e-06 2.3735088811576025e-06 
2.286123391407999e-06 2.2946248851417132e-06 2.391089708473301e-06 2.1928263793134637e-06 2.376733069225528e-06 
2.2934725842284658e-06 2.300837206687603e-06 2.397967304445144e-06 2.1997289588236558e-06 2.3840409873879357e-06 
2.3024103009564872e-06 2.309544629528412e-06 2.405194132501345e-06 2.2077694367307607e-06 2.3916234216316768e-06 
2.29173587450217e-06 2.2998676983885795e-06 2.3954661834867217e-06 2.1977486548298e-06 2.38142939362282e-06 
2.2886514991030773e-06 2.2966667344621643e-06 2.3920956170588896e-06 2.1944913313402306e-06 2.378142956128713e-06 
2.289002965711467e-06 2.297017189327324e-06 2.3925416717117843e-06 2.1948910270430565e-06 2.3785735473953537e-06 
2.280452048646821e-06 2.2868929094766497e-06 2.3835439853464067e-06 2.185794545398432e-06 2.370139055855408e-06 
2.268632195679118e-06 2.275734639576253e-06 2.3723936298522206e-06 2.1744204606418587e-06 2.3586732432351588e-06 
2.2924426555796904e-06 2.3011808906782227e-06 2.3977909987795853e-06 2.1993977478664262e-06 2.38329663255424e-06 
2.2992765727204603e-06 2.3082643449042846e-06 2.404221655671488e-06 2.2060863333965654e-06 2.3897162293508873e-06 
2.3071269081437924e-06 2.3174787045342064e-06 2.4146268283686013e-06 2.2155258364871828e-06 2.3992719394712413e-06 
2.2824011822707335e-06 2.292430127776011e-06 2.389438993063212e-06 2.1904563000367645e-06 2.374264179208284e-06 
2.2911142573106785e-06 2.3010900341630927e-06 2.3993869572639197e-06 2.1998143832725484e-06 2.384021988336644e-06 
2.2899250685514826e-06 2.2996058559999047e-06 2.398188615953538e-06 2.1985622647725753e-06 2.382916751195846e-06 
2.3188224807303783e-06 2.3292326750655156e-06 2.427581208621994e-06 2.227905947882174e-06 2.4119971537656616e-06 
2.303193923187627e-06 2.3121080754002316e-06 2.4116548460735725e-06 2.2118125808150956e-06 2.3965860045502454e-06 
2.3015448944513473e-06 2.3102975365186875e-06 2.4097391518982427e-06 2.209990895053134e-06 2.3947650089448822e-06 
2.2989196737104974e-06 2.3073551012784254e-06 2.407061537395817e-06 2.207274619135029e-06 2.3921946638428706e-06 
2.296801841798729e-06 2.305002724350808e-06 2.4050339187897518e-06 2.2051569851801218e-06 2.390224832890287e-06 
2.2898057482150788e-06 2.2986355837788687e-06 2.3979657258809806e-06 2.1982282346237022e-06 2.3829747578344745e-06 
2.2969822761709938e-06 2.3062540765809923e-06 2.4054203133322438e-06 2.2056454528003884e-06 2.3902452405396995e-06 
2.2965043676180243e-06 2.305748905866476e-06 2.4048492940935032e-06 2.2051128924236436e-06 2.3896982484735327e-06 
2.296004893199999e-06 2.3052554129332637e-06 2.4042810934173187e-06 2.204577761243382e-06 2.3891397124766726e-06 
2.2804825964263667e-06 2.289066598788615e-06 2.388561531880332e-06 2.188800679625236e-06 2.3736612812802848e-06 
2.273330088491506e-06 2.2822984696720076e-06 2.3810412178291445e-06 2.181515712638884e-06 2.3660841081938355e-06 
2.2743884591604915e-06 2.2837351319481516e-06 2.3823174012396396e-06 2.1827609507809e-06 2.3672066917509525e-06 
2.274365870336437e-06 2.2837140185966602e-06 2.3822682473332644e-06 2.1827247567148995e-06 2.3671615094209504e-06 
2.271953697107814e-06 2.2813631389285584e-06 2.380904788857582e-06 2.180868749661106e-06 2.3656045874286593e-06 
2.2691827107402873e-06 2.2787085831122795e-06 2.3782276182014803e-06 2.1781640624181993e-06 2.3628760752875075e-06 
2.267859451754571e-06 2.277386143900919e-06 2.3769376176540556e-06 2.176856144668034e-06 2.3615804422486295e-06 
2.2708608227838347e-06 2.2809737036000024e-06 2.380211808200533e-06 2.1801162581866225e-06 2.3646272728655487e-06 
2.277273570882466e-06 2.2872072702156192e-06 2.3869126410222054e-06 2.1866580660936813e-06 2.37133476596728e-06 
2.2782970839099908e-06 2.2879092986029924e-06 2.3876702450713418e-06 2.1874830767223605e-06 2.3722361103532333e-06 
2.2756605898212786e-06 2.2863648280838547e-06 2.3861709121127774e-06 2.1856469488534246e-06 2.3702094307873572e-06 
2.282067909148504e-06 2.291311138098443e-06 2.390671384256525e-06 2.19078683612996e-06 2.375479365724768e-06 
2.2958772536843076e-06 2.3067354742844e-06 2.405054285618542e-06 2.205226111350513e-06 2.389264507052972e-06 
2.300935216989624e-06 2.3116435697558435e-06 2.409979130830294e-06 2.2101944262495274e-06 2.3942573458584004e-06 
2.296456706890364e-06 2.307108055620649e-06 2.4057174802847543e-06 2.2058108409663965e-06 2.3899778280614828e-06 
2.2997655025277875e-06 2.310258811473013e-06 2.408862086518569e-06 2.2090092071474553e-06 2.3931983589158234e-06 
2.307675197639591e-06 2.318640371620766e-06 2.417307998963821e-06 2.2173030899763355e-06 2.4014076271911015e-06 
2.3076756694798925e-06 2.3186409134502994e-06 2.4173084213760992e-06 2.2173035500512073e-06 2.4014080360702355e-06 
2.3008115381430005e-06 2.313929192789877e-06 2.4108724908613694e-06 2.21106880455476e-06 2.39423373676958e-06 
2.2891474839576963e-06 2.3038371759427775e-06 2.4003552494973503e-06 2.200294565909033e-06 2.383039299670321e-06 
2.2892367508659046e-06 2.3039275212499517e-06 2.4004401894195713e-06 2.200381939031234e-06 2.3831246086391834e-06 
2.2889294599597155e-06 2.3036346824264808e-06 2.4000921735196323e-06 2.200055722868909e-06 2.3827789057199423e-06 
2.290922734029538e-06 2.305702814734026e-06 2.4022409602663135e-06 2.202148592636171e-06 2.384878309129213e-06 
2.29105960067969e-06 2.3059480805457054e-06 2.402421946490781e-06 2.2023303629940155e-06 2.385018256094306e-06 
2.2984207371258323e-06 2.3149457049512034e-06 2.4093108460858893e-06 2.2097902267214077e-06 2.391475008115161e-06 
2.3007962226835235e-06 2.3169195321030406e-06 2.4114872607977306e-06 2.2119843658744947e-06 2.3938091106709586e-06 
2.2985370293898787e-06 2.315002270192067e-06 2.4101368227782958e-06 2.2102624142765466e-06 2.392202034235054e-06 
2.306496583960535e-06 2.321292014354582e-06 2.4158826882046367e-06 2.216750181063061e-06 2.398833351632123e-06 
2.31754544756527e-06 2.331803044769284e-06 2.426314346789986e-06 2.2273913581696974e-06 2.409533176186206e-06 
2.3175233672598523e-06 2.330865149775197e-06 2.4254015986824347e-06 2.226727208411684e-06 2.4090532413496307e-06 
2.3284114431598005e-06 2.343817885984972e-06 2.4372645077241133e-06 2.2385547268395748e-06 2.4201099305832086e-06 
2.322355332559241e-06 2.3371212043924273e-06 2.4316300341234415e-06 2.232572606484736e-06 2.41460604226287e-06 
2.32535948985845e-06 2.3405470673890266e-06 2.435580666899698e-06 2.2361553666320386e-06 2.4182679822375685e-06 
2.341264807017356e-06 2.35506414430222e-06 2.450735525276982e-06 2.2514191345755452e-06 2.4339771803601225e-06 
2.330968768780826e-06 2.3454767025565335e-06 2.441051864762092e-06 2.2415650928633534e-06 2.423972819664219e-06 
2.3316173793233975e-06 2.3457158915209862e-06 2.441960936780128e-06 2.2422678107403496e-06 2.4249659354995583e-06 
2.3258118799253147e-06 2.3401968232397472e-06 2.436318017246671e-06 2.236594372085563e-06 2.419207769982733e-06 
2.337668632666186e-06 2.3530435212822487e-06 2.4487743438452313e-06 2.2489814004559386e-06 2.4312547668149096e-06 
2.340345859129493e-06 2.3549172906372347e-06 2.451012119869887e-06 2.2512729922218377e-06 2.4338151411548106e-06 
2.3455665950583636e-06 2.3591123163836146e-06 2.455595106450239e-06 2.255966343602848e-06 2.4388223951438074e-06 
2.3454125911174395e-06 2.3590484604516594e-06 2.455442417393908e-06 2.2558306786863705e-06 2.438641472049379e-06 
2.3449182538755464e-06 2.3585471873995007e-06 2.454950762940768e-06 2.2553355440928187e-06 2.438151598003838e-06 
2.3462140472763753e-06 2.3603829374233514e-06 2.4565261036947496e-06 2.256886248277637e-06 2.4395123471179897e-06 
2.3462123175908057e-06 2.360381203651783e-06 2.456524564835881e-06 2.256884614019712e-06 2.439510778081751e-06 
2.3430959746806122e-06 2.3571584865883686e-06 2.452672773617839e-06 2.2533609928514247e-06 2.4358146591046263e-06 
2.3454194726787118e-06 2.359740493749749e-06 2.455057110939822e-06 2.2557718413253825e-06 2.438108102797128e-06 
2.3576962213546557e-06 2.3715851811954937e-06 2.4657779093794402e-06 2.267182710755509e-06 2.4492199809914472e-06 
2.3525602972881445e-06 2.366556194273826e-06 2.460408328110455e-06 2.2619410629483944e-06 2.4438565370879654e-06 
2.3636525029253714e-06 2.377996651531301e-06 2.471172863918082e-06 2.272956933638245e-06 2.454565363715254e-06 
2.364116393520794e-06 2.3784953870793302e-06 2.4716637577325845e-06 2.2734424885490244e-06 2.455040852946617e-06 
2.35721314855568e-06 2.3704515516808757e-06 2.4637897400568775e-06 2.265801169582747e-06 2.4476842900102197e-06 
2.355976528971895e-06 2.369194277482474e-06 2.4626473272279723e-06 2.264605888119479e-06 2.4465328437168245e-06 
2.3488419040411944e-06 2.3620202405348214e-06 2.455919546681559e-06 2.257657503613246e-06 2.4397507594996064e-06 
2.3442744082616557e-06 2.357992231031971e-06 2.451378057715972e-06 2.2532061152320575e-06 2.4350374773883937e-06 
2.347768489229922e-06 2.360736255689418e-06 2.4537643542343873e-06 2.255991952102738e-06 2.437840770102262e-06 
2.3484495205627576e-06 2.3615160312992516e-06 2.4545521579501386e-06 2.2567482697336872e-06 2.4385800069929534e-06 
2.3428518409561603e-06 2.3558965752667007e-06 2.4480905163867898e-06 2.250702658158687e-06 2.4322691010369226e-06 
2.34301262586605e-06 2.356318642540681e-06 2.4482548501984414e-06 2.2509199021907907e-06 2.4323513539554687e-06 
2.34372959072126e-06 2.3584022134485387e-06 2.4504956986561244e-06 2.2526882189172616e-06 2.4339134232728617e-06 
2.347763790818725e-06 2.361828659380615e-06 2.454309330626628e-06 2.2564912551006725e-06 2.4379526132748518e-06 
2.349352734404345e-06 2.36353668211861e-06 2.4559743788545587e-06 2.2581460012649497e-06 2.4395677039329786e-06 
2.34823118530203e-06 2.3616669682035414e-06 2.4544329088364176e-06 2.256655727009721e-06 2.4383292583523344e-06 
2.348229138873834e-06 2.3616670715383316e-06 2.4544321599825434e-06 2.256654775448828e-06 2.438327624492928e-06 
2.354552722489889e-06 2.368038333891797e-06 2.460743149626009e-06 2.2629925166046114e-06 2.4446250248053454e-06 
2.3581064949778635e-06 2.3719969228656604e-06 2.464887133871845e-06 2.2669336091560244e-06 2.4485444808687923e-06 
2.3590997386230157e-06 2.373025663913355e-06 2.4660455462455735e-06 2.268019288106618e-06 2.449664311257128e-06 
2.346427327399376e-06 2.3589558533245623e-06 2.452754823437895e-06 2.254726033717897e-06 2.436913221917816e-06 
2.3454091633251945e-06 2.3578650328618002e-06 2.4514346104823085e-06 2.253538606247599e-06 2.4356658932857822e-06 
2.3459635927096604e-06 2.358495785759451e-06 2.4518328703469138e-06 2.2540307607597823e-06 2.4360662246985304e-06 
2.3518325971445755e-06 2.3649747341310833e-06 2.458019446122359e-06 2.2601950624906977e-06 2.442009330027152e-06 
2.3495779190083903e-06 2.362938842685208e-06 2.4561483169858786e-06 2.258175243927094e-06 2.4400066934509442e-06 
2.349867005884218e-06 2.363332334337101e-06 2.4569326962352936e-06 2.2587369758759545e-06 2.4406763512477034e-06 
2.359480135261982e-06 2.372089762767443e-06 2.466596698054841e-06 2.268217640631602e-06 2.450597197489708e-06 
2.3700911393806305e-06 2.3822565262161976e-06 2.4763181947271423e-06 2.2783045239926975e-06 2.460603454089527e-06 
2.3637066640613937e-06 2.375589231257894e-06 2.468821406551041e-06 2.2712908428602685e-06 2.4533802249666297e-06 
2.3614566950951666e-06 2.3732607019160423e-06 2.466615499629344e-06 2.2690432110489068e-06 2.451191741714954e-06 
2.3587384554868896e-06 2.370532225929872e-06 2.4632983526073096e-06 2.2660179160498748e-06 2.44797751392183e-06 
2.358865146242464e-06 2.370821393324459e-06 2.4636289918010495e-06 2.266280309370786e-06 2.448223662647056e-06 
2.3589093726644797e-06 2.3708565055453775e-06 2.4636739528911847e-06 2.2663231048967e-06 2.4482713367914444e-06 
2.350825295989785e-06 2.362720642022227e-06 2.4555335357463633e-06 2.2581865507606804e-06 2.4401573571880394e-06 
2.3475291137067956e-06 2.3572427150926943e-06 2.449878306840722e-06 2.253262441378062e-06 2.4355736893735832e-06 
2.3475641209283566e-06 2.357279978098884e-06 2.449914502803904e-06 2.253298557912214e-06 2.435608981898394e-06 
2.3507738567297863e-06 2.3603467078962843e-06 2.453000999375011e-06 2.2564235212616313e-06 2.4387601500092233e-06 
2.3491306582243944e-06 2.358900750943068e-06 2.451393600822691e-06 2.254835477730363e-06 2.4370855530731302e-06 
2.3321272881982184e-06 2.3435994257946484e-06 2.4350987990956543e-06 2.2385043800073925e-06 2.4201447250892606e-06 
2.3283858675204802e-06 2.338834357862717e-06 2.431429566873633e-06 2.2345812666117863e-06 2.4167828385132775e-06 
2.3418192325508277e-06 2.352064858035914e-06 2.444240432584638e-06 2.2476872636555575e-06 2.429758764165885e-06 
2.339926222154041e-06 2.3491971709886945e-06 2.4431902407685366e-06 2.246013201458735e-06 2.4288721335692987e-06 
2.3397876868079966e-06 2.3489560871139085e-06 2.4429755763817244e-06 2.245815766494723e-06 2.4287020361468233e-06 
2.3342854340261163e-06 2.3418858974131098e-06 2.4369735906228215e-06 2.2397427111614444e-06 2.42327108356279e-06 
2.3049744230379247e-06 2.3122598624326417e-06 2.4078598534064642e-06 2.2104186737536775e-06 2.394225085457999e-06 
2.3157326154627933e-06 2.3229001651713203e-06 2.4178936969319774e-06 2.2208083790891464e-06 2.4044151338369104e-06 
2.320859843826186e-06 2.327212446576381e-06 2.422357474319818e-06 2.22545293731558e-06 2.4092419592464667e-06 
2.3238220159795055e-06 2.3307767879902962e-06 2.4254303457500303e-06 2.2285934479899996e-06 2.4121091595425077e-06 
2.341518622650301e-06 2.349811326551755e-06 2.4428452857074466e-06 2.246446865529827e-06 2.429153433267455e-06 
2.339772682634192e-06 2.3477685287901885e-06 2.4407640953044536e-06 2.244472217085302e-06 2.4272205004432143e-06 
2.3385103641431846e-06 2.3463371156915706e-06 2.4394011401406128e-06 2.2431239347377576e-06 2.4259269962952855e-06 
2.3422565844393277e-06 2.3525010022358012e-06 2.4431753146830357e-06 2.247385543671424e-06 2.4289432525524136e-06 
2.350819683235261e-06 2.3615182530050354e-06 2.451090175915542e-06 2.2557429862178875e-06 2.4368230251564073e-06 
2.343355912412922e-06 2.355205124018153e-06 2.4444997077331095e-06 2.2489349956524027e-06 2.4297295336385884e-06 
2.322808528736957e-06 2.33386538262378e-06 2.423021843977394e-06 2.2277308503923005e-06 2.4086552693536186e-06 
2.315826313528331e-06 2.3269862592210364e-06 2.4162956499345224e-06 2.2208823227181415e-06 2.4018552671846196e-06 
2.316073532635157e-06 2.3272259645512487e-06 2.416517981625676e-06 2.2211163017261393e-06 2.402084036801148e-06 
2.320811543876698e-06 2.331911387121816e-06 2.421479990035045e-06 2.225960484908859e-06 2.407024856448755e-06 
2.320252279684497e-06 2.330545906482488e-06 2.4202607352564006e-06 2.224909133821009e-06 2.4061664650086623e-06 
2.3206893030160554e-06 2.3309680446182704e-06 2.4205777397970826e-06 2.2252855338887777e-06 2.4065079515780804e-06 
2.320847097725673e-06 2.330786565245104e-06 2.4205490681993137e-06 2.2252817033020565e-06 2.406615968712538e-06 
2.3211647836450776e-06 2.3305778685262916e-06 2.4205984256089848e-06 2.2253593764676316e-06 2.4068738890398663e-06 
2.325095732527864e-06 2.3331779130718205e-06 2.4237267101803213e-06 2.2286311609655215e-06 2.4105496972563094e-06 
2.316498283801579e-06 2.324141356224349e-06 2.4155112697947288e-06 2.2201138829329376e-06 2.4024083228572282e-06 
2.324875291986325e-06 2.3317802791230836e-06 2.4234246473067904e-06 2.2281293485472198e-06 2.4106277190464573e-06 
2.3133045207588494e-06 2.3205406025755523e-06 2.4119399042650993e-06 2.2166472876490854e-06 2.3990266241200727e-06 
2.3124846526567645e-06 2.3195798072356042e-06 2.4107467272838817e-06 2.215615591307209e-06 2.397939387330192e-06 
2.3108897715582536e-06 2.3178594503090365e-06 2.4105251324916625e-06 2.21466359984724e-06 2.3975287342607377e-06 
2.30995391092403e-06 2.3171043322509304e-06 2.409155610755605e-06 2.2135497788970316e-06 2.3961751736025603e-06 
2.3105881348956864e-06 2.315880775083058e-06 2.40909987825418e-06 2.213474835374924e-06 2.396811624303261e-06 
2.310055739665042e-06 2.315608362983404e-06 2.408896042135836e-06 2.213154407705428e-06 2.396472372597873e-06 
2.3113296291481054e-06 2.3162397554396718e-06 2.4113497169290842e-06 2.214888374648041e-06 2.398928858015193e-06 
2.299368675802079e-06 2.304623554571498e-06 2.4001097528265618e-06 2.2033326513344684e-06 2.387462711227185e-06 
2.30273070171158e-06 2.3084501434306727e-06 2.4035481885823197e-06 2.2068287539417492e-06 2.3907440316989754e-06 
2.3035970148427146e-06 2.3096877583321855e-06 2.4045388345316738e-06 2.2078309619458493e-06 2.3915986727511183e-06 
2.3046334033245734e-06 2.310752014109216e-06 2.405625027247698e-06 2.208899480361531e-06 2.392667832334177e-06 
2.3063422946496147e-06 2.312152536546581e-06 2.4068272418746496e-06 2.2102986313640307e-06 2.3940500092789672e-06 
2.3045385501591147e-06 2.310599421447385e-06 2.4057664506890096e-06 2.208911286506801e-06 2.3927878218011004e-06 
2.3190861940491144e-06 2.325620662377614e-06 2.4198441928532717e-06 2.223342892901716e-06 2.406795546301275e-06 
2.312099444618188e-06 2.3180950157764824e-06 2.4125578121085e-06 2.216088990967766e-06 2.399726998371856e-06 
2.3217262571286707e-06 2.327268613517886e-06 2.4208862687154893e-06 2.2250009406132128e-06 2.4084116494051578e-06 
2.324076939563239e-06 2.3298346712422254e-06 2.423159214293874e-06 2.2273601241609983e-06 2.4106304421178874e-06 
2.32717851620336e-06 2.3317928141724244e-06 2.4253643585146862e-06 2.229800707609428e-06 2.413339857636746e-06 
2.3226948034975752e-06 2.326979014146733e-06 2.4202964419080854e-06 2.2249577789424858e-06 2.408472105212908e-06 
2.327488908188329e-06 2.331723772829604e-06 2.4251263534221456e-06 2.229768163877344e-06 2.413311048190257e-06 
2.3274160912308914e-06 2.331943546315327e-06 2.425352351917022e-06 2.229899191923505e-06 2.413396389499378e-06 
2.3326770733272066e-06 2.3382451498645247e-06 2.4304072011063876e-06 2.235275813617087e-06 2.418161770442695e-06 
2.329457626589813e-06 2.3352663541884356e-06 2.427446083329907e-06 2.2322248775934185e-06 2.415083078135957e-06 
2.3300654378334137e-06 2.335828518438743e-06 2.428049954148895e-06 2.2328226678952323e-06 2.4157017532039337e-06 
2.3326060355389826e-06 2.3386225602048435e-06 2.430962467892123e-06 2.2356001145967635e-06 2.4184733795573294e-06 
2.3374417801632514e-06 2.343475870342075e-06 2.4350588043458286e-06 2.240087944101814e-06 2.4226868690936008e-06 
2.341027461320533e-06 2.346577930335162e-06 2.438627047479079e-06 2.243573820795644e-06 2.4264081959915384e-06 
2.3455528843256014e-06 2.3495578666796285e-06 2.4419861414650665e-06 2.247231688379816e-06 2.4304417001554934e-06 
2.3475349220788522e-06 2.352306409809614e-06 2.4452987384080077e-06 2.250017081376248e-06 2.4332942750163195e-06 
2.3313057531293356e-06 2.3366345100744917e-06 2.429191745812019e-06 2.233930112852989e-06 2.4169948860021343e-06 
2.332071130968637e-06 2.3377105479157285e-06 2.4305797055020665e-06 2.235063215401303e-06 2.41818258677014e-06 
2.3423806534051505e-06 2.3469918029767224e-06 2.4402138081225374e-06 2.2448560030417753e-06 2.4282479788929295e-06 
2.344456263364874e-06 2.3488899826187313e-06 2.4420674487897184e-06 2.2467916175207883e-06 2.4301935907362392e-06 
2.342854900915348e-06 2.3472272870098977e-06 2.4403755913248274e-06 2.245131126977059e-06 2.4285359776571308e-06 
2.3430824821075133e-06 2.347449350035004e-06 2.440594692074997e-06 2.2453538716173763e-06 2.4287581905776025e-06 
2.3374734798035858e-06 2.342193315065487e-06 2.436132699250722e-06 2.2403671500329227e-06 2.4239958024613143e-06 
2.3395817423052267e-06 2.344489429784277e-06 2.4381399811179825e-06 2.2424663205084992e-06 2.4259614119791756e-06 
2.3417733795414233e-06 2.3469551022810435e-06 2.440426498468799e-06 2.244762460552346e-06 2.428146823218231e-06 
2.335608370369048e-06 2.342104899371934e-06 2.434764708859465e-06 2.2390955664409083e-06 2.4219930289471675e-06 
2.335361695909078e-06 2.3419268888478365e-06 2.434683024141884e-06 2.2389431994064225e-06 2.4218625626355517e-06 
2.3296559205325153e-06 2.3383919308979363e-06 2.4310660575145373e-06 2.2346945133949468e-06 2.417223532509746e-06 
2.341897084941676e-06 2.350650156586492e-06 2.4440863062270977e-06 2.247346854674844e-06 2.4301077882974404e-06 
2.333518865146888e-06 2.341178080001444e-06 2.4357282452730768e-06 2.2387463387256637e-06 2.422087268058604e-06 
2.347157724126436e-06 2.355656298307787e-06 2.4497520878503764e-06 2.252767604570725e-06 2.4357848320752407e-06 
2.3475536768772062e-06 2.356273630133265e-06 2.450287234442112e-06 2.253277989521916e-06 2.4362279399752325e-06 
2.3424038892475096e-06 2.3502804422451785e-06 2.4452613731384095e-06 2.2480143465846595e-06 2.43144413037105e-06 
2.3316659996984008e-06 2.338518146616334e-06 2.433837839242964e-06 2.236713110279246e-06 2.4204539607439615e-06 
2.3288534399118827e-06 2.3354712441944714e-06 2.4310308209797623e-06 2.2338528982350804e-06 2.417719019413573e-06 
2.335300972660742e-06 2.342288963089192e-06 2.4379420939991123e-06 2.2406167251474343e-06 2.424437519590312e-06 
2.3274724084802745e-06 2.3330824588385764e-06 2.430816771582393e-06 2.2328675291081658e-06 2.4176229607299626e-06 
2.3259026928661154e-06 2.3311956848259882e-06 2.4292428763316537e-06 2.2312334811447144e-06 2.416148124195397e-06 
2.3345694993639646e-06 2.340841236008315e-06 2.438296173735972e-06 2.240296568395183e-06 2.424832836659156e-06 
2.3309903939550275e-06 2.33663044090805e-06 2.433774563913575e-06 2.236112273032537e-06 2.420664672668489e-06 
2.332710942224933e-06 2.338705061374929e-06 2.435442336743116e-06 2.2378763892101442e-06 2.4222313221317253e-06 
2.3267221087447264e-06 2.3322721167554434e-06 2.4291580444231648e-06 2.2316431178609374e-06 2.416134545734508e-06 
2.3297823342937927e-06 2.335763856394609e-06 2.4331512330866814e-06 2.235264033808806e-06 2.4198379999285925e-06 
2.3288865225087024e-06 2.334842304881673e-06 2.4320537256995367e-06 2.2342592251695236e-06 2.418782212027757e-06 
2.332651571740663e-06 2.3381570248416745e-06 2.4353581944028855e-06 2.237711426776768e-06 2.422302828777941e-06 
2.340047618600274e-06 2.3461874515160082e-06 2.44286977826514e-06 2.2452993366515395e-06 2.429597789938951e-06 
2.3491444814136807e-06 2.355306317217957e-06 2.4513520313982225e-06 2.2541055043608346e-06 2.4381749532266744e-06 
2.345846029179762e-06 2.3521609993598228e-06 2.448260470158336e-06 2.250935229482712e-06 2.435001646891071e-06 
2.3432140524602824e-06 2.3487583014275214e-06 2.4445162508901723e-06 2.247591076251387e-06 2.4316823258730154e-06 
2.34271565364821e-06 2.347924566346263e-06 2.4438141962157592e-06 2.246925186276614e-06 2.43111833412368e-06 
2.3410842530924785e-06 2.3464043100296337e-06 2.441964942271026e-06 2.245203339237484e-06 2.4292710626919357e-06 
2.333676018864476e-06 2.339810562648e-06 2.435581969227058e-06 2.238453722072947e-06 2.4224649757178102e-06 
2.345724831854656e-06 2.3527753165483657e-06 2.4485612919654257e-06 2.251168880486698e-06 2.435003810570713e-06 
2.3490041511483885e-06 2.3566105805523776e-06 2.452125501163071e-06 2.2547056218143237e-06 2.4383476002827984e-06 
2.359982032209244e-06 2.367549361593005e-06 2.4640212810132155e-06 2.266158667572358e-06 2.4501015025505064e-06 
2.360327995778325e-06 2.367234485234928e-06 2.464017175143303e-06 2.266200215411955e-06 2.450360872464156e-06 
2.361545450375024e-06 2.3689616965445304e-06 2.4653149567212998e-06 2.2675586190359252e-06 2.4514869115857697e-06 
2.3662456134599635e-06 2.3732381516995416e-06 2.4702002118709783e-06 2.2722790301850494e-06 2.456472382413141e-06 
2.3757279568612815e-06 2.381320874022452e-06 2.4775424210562523e-06 2.280426163900417e-06 2.464605303468038e-06 
2.3700757519333378e-06 2.3752527331086996e-06 2.47163740153482e-06 2.2745577492469844e-06 2.458872013182122e-06 
2.367933606199017e-06 2.373432505090311e-06 2.469908686489471e-06 2.272681718630215e-06 2.4569745634241595e-06 
2.3620440538153794e-06 2.3667549848130493e-06 2.4635272877264233e-06 2.266384394811197e-06 2.450920183920136e-06 
2.3742249203796654e-06 2.3779823895668517e-06 2.4749104866268234e-06 2.2780037992632497e-06 2.4627314314933454e-06 
2.3686465470692784e-06 2.3728466784906422e-06 2.469084140707837e-06 2.2723757429355004e-06 2.4568096218079402e-06 
2.3893183972323673e-06 2.3934950400334983e-06 2.488429406173624e-06 2.2924173081964006e-06 2.4763822389431376e-06 
2.3902387424189507e-06 2.394873186946346e-06 2.491698128720853e-06 2.2945991498048048e-06 2.4791166191754484e-06 
2.3925718277494316e-06 2.3973490709197925e-06 2.493780752576109e-06 2.2968373081505673e-06 2.481196601438657e-06 
2.379096974497367e-06 2.385362075875571e-06 2.4805325319387765e-06 2.2837408861998063e-06 2.4674496141573546e-06 
2.3755150151821967e-06 2.3812499121423998e-06 2.4768591511896038e-06 2.2800042425678624e-06 2.4639564532745335e-06 
2.3846571136589526e-06 2.3913589431876906e-06 2.4847470163313313e-06 2.2887283078266793e-06 2.471752096833266e-06 
2.3695407176838475e-06 2.3756482422159867e-06 2.469293475397009e-06 2.273302022337831e-06 2.456540748953319e-06 
2.3687362934045892e-06 2.3724369833709483e-06 2.46721637256062e-06 2.2713967542524665e-06 2.455423661913533e-06 
2.3748710878320106e-06 2.377821326194537e-06 2.473529903649237e-06 2.277486162593852e-06 2.461939846660166e-06 
2.369767494894493e-06 2.3713114647483707e-06 2.466407057864255e-06 2.2711092819290285e-06 2.455590932550144e-06 
2.3707061142007544e-06 2.372543679969604e-06 2.46822724940528e-06 2.272539467900795e-06 2.457172666831317e-06 
2.3712092578071617e-06 2.3734479053792057e-06 2.469198117688364e-06 2.2733508321783488e-06 2.4579409473374996e-06 
2.369833421414138e-06 2.3706382136327576e-06 2.4682517712191696e-06 2.2719179650766557e-06 2.4573671185374673e-06 
2.369972174551224e-06 2.370765372331358e-06 2.4684288536429373e-06 2.2720739783744585e-06 2.4575413646887008e-06 
2.384496243559759e-06 2.386075663333388e-06 2.483723002255459e-06 2.287152933335665e-06 2.472462325193686e-06 
2.382143437012012e-06 2.3822121428901275e-06 2.4808865238276657e-06 2.2842766546682884e-06 2.4701746703575062e-06 
2.385161096453951e-06 2.3853567881096417e-06 2.484089513827828e-06 2.2874155300912014e-06 2.4733071554187103e-06 
2.379104131534008e-06 2.3794847423179243e-06 2.4776896768361374e-06 2.281209984275018e-06 2.466907860546028e-06 
2.385822048304609e-06 2.3852943627721907e-06 2.4843224660302895e-06 2.2877315337165353e-06 2.473835625418117e-06 
2.3959732149709027e-06 2.394853907697046e-06 2.49368956203437e-06 2.2973991754718337e-06 2.483516837944508e-06 
2.387287814916382e-06 2.3874679599927158e-06 2.485280998963347e-06 2.2890740766492124e-06 2.474660112424994e-06 
2.389564627808589e-06 2.388916618836237e-06 2.487453577735835e-06 2.2911516061439932e-06 2.4771063648765103e-06 
2.3900269019950287e-06 2.389267033474097e-06 2.4878427466476676e-06 2.291557791182629e-06 2.4775423823654276e-06 
2.3899807630864496e-06 2.3892194225980047e-06 2.4877983488466718e-06 2.2915121821836125e-06 2.4774981497790187e-06 
2.389600738112558e-06 2.3888689027063537e-06 2.4874068958961916e-06 2.291131146499447e-06 2.477099501573532e-06 
2.3761104130179562e-06 2.374892217181662e-06 2.473164434472383e-06 2.277154551206605e-06 2.463134177177409e-06 
2.3796337298950135e-06 2.377378970739633e-06 2.4750551767125405e-06 2.279685024705145e-06 2.4656192761915936e-06 
2.379380046556352e-06 2.377123924838219e-06 2.4748220625822147e-06 2.279440841938516e-06 2.465383140501426e-06 
2.376827825378002e-06 2.3734827636231173e-06 2.4712174710256402e-06 2.2761678449655474e-06 2.4622919812760084e-06 
2.377439443350736e-06 2.374308519880342e-06 2.4721489840445283e-06 2.2769768777117866e-06 2.4631035726247406e-06 
2.377794573302765e-06 2.3750118070888265e-06 2.4704075725321404e-06 2.276371086132388e-06 2.461606023175188e-06 
2.376450372126338e-06 2.3737777554452568e-06 2.4690810895045743e-06 2.275053680618196e-06 2.460242487378044e-06 
2.3994811491167383e-06 2.398194227341673e-06 2.4919867157829026e-06 2.2983247442061835e-06 2.482738870688158e-06 
2.3977087168598246e-06 2.3970754797695692e-06 2.4907937591692082e-06 2.29695319335878e-06 2.4812461970183864e-06 
2.4003276025263167e-06 2.400351491573198e-06 2.4940707173465372e-06 2.3000199326495594e-06 2.4842090633271464e-06 
2.395678168665751e-06 2.3958475439006092e-06 2.489974245831197e-06 2.2956579578028082e-06 2.4799751680214237e-06 
2.4046835157204854e-06 2.403469788133236e-06 2.498154924031947e-06 2.3040155580947366e-06 2.488722581622499e-06 
2.40419990201976e-06 2.4033994892669842e-06 2.4976376027294545e-06 2.303593348641856e-06 2.488082706593665e-06 
2.4082596304596905e-06 2.4089193251209834e-06 2.5036575393994557e-06 2.308889683959845e-06 2.493321525562315e-06 
2.410867680089738e-06 2.4115725968669823e-06 2.506243277688572e-06 2.31149980858336e-06 2.4958968466127016e-06 
2.403294383248747e-06 2.406019918064632e-06 2.500809331566555e-06 2.3053488903552734e-06 2.489478432686521e-06 
2.403218695007486e-06 2.406000208313229e-06 2.500703110000816e-06 2.305268869180258e-06 2.4893599334563857e-06 
2.402551204284253e-06 2.4053079688574046e-06 2.4999961341374882e-06 2.304576104558714e-06 2.4886672765371763e-06 
2.399414734895813e-06 2.403378278600242e-06 2.497315363727698e-06 2.3018926538832214e-06 2.485535728652309e-06 
2.3995122961367105e-06 2.402825609387819e-06 2.4969094535987554e-06 2.3016166551047984e-06 2.4854158823768985e-06 
2.401010170161297e-06 2.4042489286949654e-06 2.4983732457854235e-06 2.303085800583573e-06 2.4869084374180365e-06 
2.399464696091744e-06 2.4029483192362798e-06 2.4972617443545887e-06 2.30179822732729e-06 2.485648513475509e-06 
2.40289218800435e-06 2.40605616679878e-06 2.501139361532032e-06 2.305391101857828e-06 2.489550031138169e-06 
2.417145455978815e-06 2.419286345786819e-06 2.5155926392778893e-06 2.3195715541796046e-06 2.5042865736192397e-06 
2.4232207968542454e-06 2.425994795139115e-06 2.5219452489838145e-06 2.325914316774756e-06 2.5103960089128216e-06 
2.425969649675268e-06 2.4293578655546002e-06 2.5249207974968e-06 2.328897318154204e-06 2.513142808273663e-06 
2.4380849864271523e-06 2.4419541287608348e-06 2.538182409576412e-06 2.3416940212416227e-06 2.5260627205261368e-06 
2.4477438968744826e-06 2.4521838161949486e-06 2.5474623989424422e-06 2.351289305796495e-06 2.5352280779623306e-06 
2.4464519405438828e-06 2.448990558323425e-06 2.545592312339307e-06 2.3493446021215678e-06 2.5340452097615087e-06 
2.4480972324944665e-06 2.45036670973979e-06 2.5470262459917012e-06 2.3508365036865706e-06 2.535597943836419e-06 
2.4613585614307774e-06 2.463176060777261e-06 2.5577447357255268e-06 2.362778842344869e-06 2.5468814730625485e-06 
2.461702625033575e-06 2.4632496512504047e-06 2.5578674196460055e-06 2.3629632960658525e-06 2.547125198340324e-06 
2.4540531388167854e-06 2.455760222428757e-06 2.5503541567442475e-06 2.355398977599634e-06 2.5395397941451414e-06 
2.467952201885482e-06 2.4701539677204795e-06 2.564342569941209e-06 2.3694592185922243e-06 2.5533588504234585e-06 
2.4669839877808482e-06 2.4691262479858102e-06 2.5631798485737056e-06 2.3683831745275226e-06 2.552247185845338e-06 
2.4521707567137432e-06 2.4539284792928553e-06 2.547911068630952e-06 2.353250201512601e-06 2.5371747942995666e-06 
2.4432343218686654e-06 2.445079918876887e-06 2.539042645200467e-06 2.344349524338712e-06 2.5282681258597184e-06 
2.4483603695506212e-06 2.450082960028941e-06 2.543845395704518e-06 2.3493029249117396e-06 2.533162885374281e-06 
2.4542756333702465e-06 2.4561179014244458e-06 2.5495143655827386e-06 2.3551316700591903e-06 2.538835524436313e-06 
2.4606224970540364e-06 2.4622717496131824e-06 2.55568739408033e-06 2.361366931917429e-06 2.5450973152382167e-06 
2.4600266043268972e-06 2.462313609243998e-06 2.5549337385955587e-06 2.3608191323740708e-06 2.544171677036155e-06 
2.4641140980959772e-06 2.4650148422976376e-06 2.5580780935060494e-06 2.3641872869010952e-06 2.54790457391957e-06 
2.4661956191616707e-06 2.4672452531023673e-06 2.5601790661263427e-06 2.3663105713746495e-06 2.5499559117018426e-06 
2.451459318973691e-06 2.453610018151303e-06 2.5464914550574616e-06 2.3522714742889496e-06 2.5357513401410115e-06 
2.449054461495318e-06 2.451191554047814e-06 2.543991157447285e-06 2.349814043285029e-06 2.5332713275509033e-06 
2.458406162878149e-06 2.460512024827422e-06 2.554264423456651e-06 2.359620514250909e-06 2.543399918245518e-06 
2.463622435638477e-06 2.4665219714358677e-06 2.5596405215229843e-06 2.365078045364906e-06 2.5485022140330707e-06 
2.463910579932437e-06 2.4667670450840426e-06 2.5598903411889704e-06 2.365339599524522e-06 2.548771817545854e-06 
2.463880243000776e-06 2.466829133701373e-06 2.559988636851588e-06 2.3653897452644964e-06 2.5488198820834353e-06 
2.46563121362379e-06 2.4686946404881106e-06 2.561900540444122e-06 2.3672440843408077e-06 2.5506691866959373e-06 
2.4656835165361307e-06 2.4687345996794695e-06 2.561972555514967e-06 2.367303603713605e-06 2.5507417481457937e-06 
2.469619150378981e-06 2.4726867111941537e-06 2.566503322469879e-06 2.371538133420783e-06 2.5551677874710226e-06 
2.4849254780554066e-06 2.4872275353196945e-06 2.5807388202629994e-06 2.386198132705131e-06 2.5698194995512152e-06 
2.484751646693418e-06 2.486648911084003e-06 2.5803706968807265e-06 2.3858508185548235e-06 2.5696097614187698e-06 
2.485236065137593e-06 2.4871049459281778e-06 2.5809025340573126e-06 2.3863534670531933e-06 2.570142476742553e-06 
2.4847987264093254e-06 2.4866252497006043e-06 2.5801437579448567e-06 2.3857514345241384e-06 2.5694506211072132e-06 
2.4846843978480783e-06 2.486472600589692e-06 2.579892932364244e-06 2.385563415653844e-06 2.569234532434951e-06 
2.4851443947519218e-06 2.4869199141865593e-06 2.5803156608908933e-06 2.38600363679948e-06 2.569667413394145e-06 
2.482734022845797e-06 2.485047707842e-06 2.578278771765211e-06 2.3838754633670336e-06 2.5674008160274318e-06 
2.4542898186388044e-06 2.457997785857487e-06 2.549601835991848e-06 2.3555508380242905e-06 2.5383301865170475e-06 
2.4564489732408635e-06 2.458947691416856e-06 2.553228323149332e-06 2.3581852063717014e-06 2.542087879402177e-06 
2.450727016111864e-06 2.4531649703453805e-06 2.54721552073513e-06 2.3523004054588716e-06 2.536142863011858e-06 
2.4581363460852705e-06 2.4611896236396996e-06 2.5557608226895087e-06 2.3603965135486714e-06 2.544306689357524e-06 
2.452728444330316e-06 2.4569804956370366e-06 2.5511010913069116e-06 2.355580889556697e-06 2.539149594818567e-06 
2.4527167654613335e-06 2.4576676113372565e-06 2.5510770932462425e-06 2.355700843466626e-06 2.5389102445564793e-06 
2.4530198008043517e-06 2.4578536552227827e-06 2.5511081570412233e-06 2.3558481676761037e-06 2.539023064613478e-06 
2.4514317348720404e-06 2.4561588107340593e-06 2.5493702486967115e-06 2.3541632048013103e-06 2.537343486423827e-06 
2.4510123348145136e-06 2.4556822185995406e-06 2.548928683795885e-06 2.353720972120642e-06 2.536923445371237e-06 
2.452384099436776e-06 2.457441876544165e-06 2.54933431474087e-06 2.3547030180235037e-06 2.537369283821684e-06 
2.457463589397814e-06 2.462296266836044e-06 2.5544641363400356e-06 2.3597696966809353e-06 2.5425605095864033e-06 
2.444911045794133e-06 2.4495747584399726e-06 2.5411731867158257e-06 2.346806321169882e-06 2.5294460364783072e-06 
2.4469141043308876e-06 2.4513037747384904e-06 2.5432980251509394e-06 2.3488161911339683e-06 2.5316358086502692e-06 
2.4477012015913754e-06 2.4524448020066726e-06 2.5446727326203607e-06 2.349959741485628e-06 2.5328023024317816e-06 
2.4585544841740904e-06 2.4647501294673995e-06 2.5569046109570753e-06 2.3617919967897318e-06 2.544351408914932e-06 
2.46097316502177e-06 2.4672530570288164e-06 2.5591540884358936e-06 2.364149318235529e-06 2.546602641081529e-06 
2.4616048811858573e-06 2.46778005212613e-06 2.560247833776395e-06 2.364985748329454e-06 2.5476520089457235e-06 
2.4706057994184856e-06 2.4754739840298375e-06 2.5677529781775954e-06 2.373010916651884e-06 2.5558130161448222e-06 
2.4662421240435584e-06 2.4715116849661533e-06 2.5633349447484694e-06 2.36869484257613e-06 2.5512792695743067e-06 
2.468546254742076e-06 2.4736089982269893e-06 2.5656947663676967e-06 2.3709878642211665e-06 2.553694102185409e-06 
2.4696443398844896e-06 2.4746469999679206e-06 2.566494956888587e-06 2.3719315049518664e-06 2.5545625943005626e-06 
2.4600578040221853e-06 2.4675804591635395e-06 2.558202803419245e-06 2.3634695823359327e-06 2.5452698368832727e-06 
2.4598758195935473e-06 2.4674242875715795e-06 2.558019425151519e-06 2.3632919726813736e-06 2.5450786496951044e-06 
2.4643070484643363e-06 2.4709360694145e-06 2.562395999685013e-06 2.367514899411943e-06 2.5497507878154276e-06 
2.4646270044238568e-06 2.4709576223709017e-06 2.56245411151246e-06 2.367647696463939e-06 2.5499455111308937e-06 
2.464200365507638e-06 2.470940843129046e-06 2.562250066225922e-06 2.3674118096165595e-06 2.5495766404760305e-06 
2.4499289435787354e-06 2.45575970639687e-06 2.5475123933983428e-06 2.3527066324487206e-06 2.5352011988113354e-06 
2.456807088698985e-06 2.46329170499971e-06 2.554600930219004e-06 2.3598306528112853e-06 2.5420504121926092e-06 
2.4564566738779034e-06 2.463860053258113e-06 2.55600434070478e-06 2.3605196474342428e-06 2.542875469016589e-06 
2.4597903621855075e-06 2.4675083439757e-06 2.5601163482558944e-06 2.364303751034699e-06 2.546759568766995e-06 
2.4750546964599984e-06 2.482253380111643e-06 2.574353454455045e-06 2.3789837614148834e-06 2.5613283907002394e-06 
2.4730966357598917e-06 2.480687625815147e-06 2.572855888832734e-06 2.3773273736289188e-06 2.5596319836174643e-06 
2.4887098914750965e-06 2.4960469675679357e-06 2.587965439849218e-06 2.392667284501591e-06 2.5749033686447005e-06 
2.484306155111464e-06 2.4914256545148343e-06 2.583651103778267e-06 2.3882560796183333e-06 2.570642330807939e-06 
2.48771691054455e-06 2.4949653184850873e-06 2.5865404939982342e-06 2.3914444606639553e-06 2.5735780758018365e-06 
2.488713087436305e-06 2.4962510058536667e-06 2.5878340118781024e-06 2.392645979264874e-06 2.574731702910722e-06 
2.4876821631880914e-06 2.494919500797385e-06 2.5869878810009368e-06 2.391642115654967e-06 2.57394863986203e-06 
2.492110248507509e-06 2.5012783176886095e-06 2.593234279410331e-06 2.3973615095704057e-06 2.5792896856632676e-06 
2.4962702845421963e-06 2.5062619637632722e-06 2.5981715652313976e-06 2.4020795007630433e-06 2.5838402309676434e-06 
2.495458798586984e-06 2.505764881352205e-06 2.597619901911599e-06 2.401459635554438e-06 2.58314727668306e-06 
2.4934107271064053e-06 2.504141806942958e-06 2.594596560623899e-06 2.3990191849044134e-06 2.580153438550499e-06 
2.4920356364982863e-06 2.502921023433623e-06 2.592938574148499e-06 2.3975367798482383e-06 2.5784943252143557e-06 
2.4906923140976896e-06 2.501509543796323e-06 2.591634759552894e-06 2.3961961988185625e-06 2.5772053833526785e-06 
2.4909612895347747e-06 2.5017272407785904e-06 2.5918540464649487e-06 2.39643059783211e-06 2.577448924238187e-06 
2.4968898946268477e-06 2.5075626618039155e-06 2.59816509809676e-06 2.4025350374707142e-06 2.583725029608182e-06 
2.496993619998616e-06 2.507656398251771e-06 2.59826262122662e-06 2.402633797970294e-06 2.583826694930854e-06 
2.4819377809943317e-06 2.4927031030712103e-06 2.5815798368349853e-06 2.3867876771324025e-06 2.567383323253132e-06 
2.475388252621065e-06 2.4872147404735573e-06 2.574936197635677e-06 2.3804112738728245e-06 2.5604238312848985e-06 
2.47006406338919e-06 2.4818380404407545e-06 2.5699827446885095e-06 2.375245121029148e-06 2.555425902578811e-06 
2.4707861385739318e-06 2.482383905091212e-06 2.5705983728947578e-06 2.3758791248472964e-06 2.556114247888619e-06 
2.472703791761668e-06 2.484314513490881e-06 2.572538987916455e-06 2.3778136417057328e-06 2.558046818813958e-06 
2.4733356929116463e-06 2.484873687927061e-06 2.572980190713423e-06 2.378339259869647e-06 2.5585423267710094e-06 
2.468339628679936e-06 2.479427642634941e-06 2.5671475855547635e-06 2.372837438816116e-06 2.5529896571441583e-06 
2.4736638212374793e-06 2.4858295023724786e-06 2.5726817054077087e-06 2.3785050485136423e-06 2.558151062584915e-06 
2.4653931585905223e-06 2.4777225952648176e-06 2.564019696485014e-06 2.3700712385491997e-06 2.5495033170153935e-06 
2.4616242998869426e-06 2.473815704728096e-06 2.5605005228926455e-06 2.3663845209810497e-06 2.545986436670124e-06 
2.473070821563434e-06 2.484098515842801e-06 2.571740248648293e-06 2.3774969669743796e-06 2.557623722888072e-06 
2.470722796322183e-06 2.4836757050510586e-06 2.569374433522854e-06 2.3755594802556093e-06 2.554657950953023e-06 
2.4763705369381144e-06 2.489446932091018e-06 2.5751441752475733e-06 2.3813014493691544e-06 2.560368237182544e-06 
2.475586586804891e-06 2.489148373741706e-06 2.57461779998173e-06 2.380746453286377e-06 2.559647124048794e-06 
2.4609868727445666e-06 2.4754364610969443e-06 2.559236578134228e-06 2.3659558395292095e-06 2.544117846873535e-06 
2.4674219818287615e-06 2.480935260748185e-06 2.5653768707173664e-06 2.3720507537947178e-06 2.550600083477727e-06 
2.4636961305527584e-06 2.4785047615042483e-06 2.5633908505680113e-06 2.369431258754656e-06 2.5479205989282797e-06 
2.4616376098129105e-06 2.476730835355715e-06 2.5619436955561874e-06 2.3677235421872043e-06 2.546283413803128e-06 
2.459487752742738e-06 2.4744000045878146e-06 2.5596213979307893e-06 2.365447534138587e-06 2.5440466179916894e-06 
2.456996641144223e-06 2.471458892029159e-06 2.55683612925145e-06 2.362711531881412e-06 2.541451388476459e-06 
2.4571395539457144e-06 2.4717168236821132e-06 2.556808027826398e-06 2.3627994747541995e-06 2.5414154280515627e-06 
2.4576498451141985e-06 2.4722698523502324e-06 2.5574882948048733e-06 2.363400772334658e-06 2.5420541611409766e-06 
2.4716317578732034e-06 2.485928700283639e-06 2.571590466810016e-06 2.377389653411948e-06 2.5562363117429553e-06 
2.464243217680169e-06 2.4781421130381468e-06 2.5646264125258428e-06 2.3701029098863148e-06 2.5493277034400397e-06 
2.462625580474847e-06 2.4765104302944946e-06 2.563323591367025e-06 2.368630211572156e-06 2.5479773997768345e-06 
2.4639728508826172e-06 2.4770700393554373e-06 2.564084432614169e-06 2.3695252154105726e-06 2.549081919144812e-06 
2.4642809240279103e-06 2.4771723400332573e-06 2.5640361857949004e-06 2.369618205467072e-06 2.549157068246075e-06 
2.4623434825556245e-06 2.475580116766774e-06 2.561373445884288e-06 2.367409000687969e-06 2.5465062913948077e-06 
2.462255300505277e-06 2.4755154397091856e-06 2.561290731437516e-06 2.3673285009261046e-06 2.5464153124311096e-06 
2.4715078518580852e-06 2.4843804819238687e-06 2.570091571973134e-06 2.376295807304138e-06 2.555411413923778e-06 
2.471052295176009e-06 2.4838664181701062e-06 2.569477370789872e-06 2.3757515160322653e-06 2.554841836486242e-06 
2.462702408227423e-06 2.4751550530747824e-06 2.5605781873899556e-06 2.367048575711858e-06 2.5461476312573207e-06 
2.4589245795820474e-06 2.4711772590910026e-06 2.5570163698444726e-06 2.3633221359357607e-06 2.542613134348751e-06 
2.4474184551991986e-06 2.45871023454017e-06 2.545507120634102e-06 2.351584414223548e-06 2.5314064891608835e-06 
2.4382505128673283e-06 2.4492257679841762e-06 2.5359648648610352e-06 2.342154825895201e-06 2.522026143238967e-06 
2.4390003692233505e-06 2.450151845944173e-06 2.537010343908717e-06 2.3430845824601454e-06 2.5229674458597645e-06 
2.4413815139079048e-06 2.4526835502360262e-06 2.5393909974991447e-06 2.3455022888606e-06 2.525300825955989e-06 
2.4380789471132576e-06 2.4496017792753992e-06 2.5364073428501582e-06 2.342393989856979e-06 2.522195566075364e-06 
2.4349904115667815e-06 2.4463037894016468e-06 2.533468073945175e-06 2.339325682410835e-06 2.5192974425110057e-06 
2.432425862363304e-06 2.444798927913029e-06 2.5310631538818353e-06 2.337065053915113e-06 2.5165345662605535e-06 
2.426855098473615e-06 2.439073298526343e-06 2.525481460768084e-06 2.331445770632713e-06 2.5110037391622215e-06 
2.42711627225913e-06 2.43931004958561e-06 2.525747439828853e-06 2.3317042829787865e-06 2.511276545843157e-06 
2.429780373043101e-06 2.4420916759799107e-06 2.528278972084014e-06 2.334335777751277e-06 2.5137929307341107e-06 
2.4288042361366942e-06 2.4415766212848155e-06 2.5273934262661257e-06 2.3335030116835016e-06 2.512748052848794e-06 
2.4224419963855336e-06 2.4344639394791444e-06 2.5197923494846927e-06 2.32637881647492e-06 2.505587526478749e-06 
2.4259879330113544e-06 2.437974032577366e-06 2.5234773830389308e-06 2.3299881831423534e-06 2.509260455017981e-06 
2.423016896825604e-06 2.434165953493112e-06 2.5199511453787564e-06 2.326565685182416e-06 2.5060885077590927e-06 
2.423013838905106e-06 2.4342060935819577e-06 2.5199340896109146e-06 2.3265655618765713e-06 2.5060602394156305e-06 
2.4243398280722336e-06 2.435500474661732e-06 2.5211797117560255e-06 2.3278489925970467e-06 2.5073289329913763e-06 
2.4238929678461577e-06 2.435155242779788e-06 2.5212700855780163e-06 2.3276768948977567e-06 2.5072986469644407e-06 
