3.0041719400666067e-06 3.025524858843881e-06 3.111213341786184e-06 2.91562841686914e-06 3.0924085259514684e-06 
2.9932686890468177e-06 3.0146953468202705e-06 3.1000400727006284e-06 2.904600239289308e-06 3.081257846739473e-06 
2.9985142419935994e-06 3.0195032263984605e-06 3.1051951347539854e-06 2.909705887665783e-06 3.0865656742263823e-06 
3.0112764794844124e-06 3.0337767825160492e-06 3.1193110651586642e-06 2.9234891484549038e-06 3.0999781950903705e-06 
3.0044560915914334e-06 3.0269130562032707e-06 3.1121767673160912e-06 2.916499272866818e-06 3.0929103524327596e-06 
3.003029622635973e-06 3.0248113865754677e-06 3.110878068242538e-06 2.914975817501735e-06 3.091804047004249e-06 
3.005471468426436e-06 3.0271838090290173e-06 3.1131609293147123e-06 2.9173268981894977e-06 3.0941349478422044e-06 
3.014371113787259e-06 3.0363785867869227e-06 3.1231772596918567e-06 2.9268484886193024e-06 3.103871866502794e-06 
2.998068126427343e-06 3.0185335877450514e-06 3.105515672647371e-06 2.9095106521576395e-06 3.086924417364605e-06 
2.9937295966820166e-06 3.014051028969386e-06 3.1011198163946396e-06 2.90510664527946e-06 3.0825839880746387e-06 
2.991091451848322e-06 3.0118335064259592e-06 3.099034729339954e-06 2.9028317538798604e-06 3.08027459957506e-06 
2.990446720380433e-06 3.0112577772955454e-06 3.0980637544893365e-06 2.9020429344764688e-06 3.079336050472458e-06 
2.987508782542278e-06 3.008217010688656e-06 3.0950052725006114e-06 2.899019542646345e-06 3.0763303426463694e-06 
2.9778302066340408e-06 2.9975873862483904e-06 3.085036441982237e-06 2.8889720047488897e-06 3.0667108468778823e-06 
2.9757354113969433e-06 2.994773911395056e-06 3.082948898653839e-06 2.886716095141176e-06 3.0648489821920654e-06 
2.9768645217553355e-06 2.9959366913920663e-06 3.084249727400194e-06 2.8879381032491308e-06 3.0661105473275116e-06 
2.9863475097880616e-06 3.00506090686395e-06 3.0942835956656947e-06 2.8976218459487455e-06 3.076164969311702e-06 
2.977484438339882e-06 2.996793873730235e-06 3.0862262883977153e-06 2.8892800370628963e-06 3.067786730996416e-06 
2.98392896706293e-06 3.0033033021891725e-06 3.0923559868390937e-06 2.895590223898431e-06 3.073947663310466e-06 
2.974553018261286e-06 2.994088388582416e-06 3.0827582470783656e-06 2.8861309815309874e-06 3.064336991503079e-06 
2.9888788747415288e-06 3.0084696970381793e-06 3.0981593972379653e-06 2.9010161471607313e-06 3.079540396672072e-06 
2.994893629853798e-06 3.01508697806042e-06 3.1043286901128576e-06 2.907248215748318e-06 3.085493443347551e-06 
2.9819824370930077e-06 3.0003109596279537e-06 3.090010121132418e-06 2.8932120655743313e-06 3.0719979479457096e-06 
2.98246081386638e-06 3.001042463566346e-06 3.0911978968905833e-06 2.8940982609989873e-06 3.0729878960878693e-06 
2.9829239754140976e-06 3.001316756019378e-06 3.0911418226394983e-06 2.894262851150941e-06 3.0730776725493853e-06 
2.98209570345483e-06 3.001018864727137e-06 3.0911448167310605e-06 2.89396306538012e-06 3.0727753633082964e-06 
2.9787609540223127e-06 2.998106017734902e-06 3.0883596212041344e-06 2.8909914434358246e-06 3.069766175851765e-06 
2.9902011864609533e-06 3.008829893870186e-06 3.0990909724834775e-06 2.901933010338479e-06 3.0808399535794817e-06 
2.9888873527773257e-06 3.0066412155815904e-06 3.0974476413057612e-06 2.9002623091749805e-06 3.0795270691186246e-06 
2.9989841982473506e-06 3.0162426749240054e-06 3.107247021340883e-06 2.910113928412292e-06 3.0895309499328304e-06 
2.991966925912893e-06 3.0090315686995417e-06 3.0997610027697193e-06 2.902814320283368e-06 3.0821847039267387e-06 
2.99047548310102e-06 3.0077556351231822e-06 3.0984296476346245e-06 2.9014476544025958e-06 3.080758991869876e-06 
2.985035673825998e-06 3.00247832299247e-06 3.093342792994621e-06 2.896212843403208e-06 3.0755627209157516e-06 
2.984673961414829e-06 3.0022814356436783e-06 3.0930731488133283e-06 2.8959324296783433e-06 3.075225899625663e-06 
2.982703841208785e-06 3.0001578299455085e-06 3.0908103234224077e-06 2.8937813163526966e-06 3.0730603282642056e-06 
2.9822625811794133e-06 2.9996721231853516e-06 3.0903086102057527e-06 2.893299885989982e-06 3.072582716099897e-06 
2.9823314936640662e-06 2.9996240247344677e-06 3.0903353104881873e-06 2.89332241836457e-06 3.0726532684547395e-06 
2.982739180304176e-06 2.999743184930738e-06 3.0902698809258963e-06 2.893433098951749e-06 3.0727574135418224e-06 
2.9843524305426015e-06 3.0013275226945078e-06 3.091636764859054e-06 2.8949198695424556e-06 3.0741742789298594e-06 
2.983182650996891e-06 3.000121317709514e-06 3.0904799081172644e-06 2.8937472865817923e-06 3.0730268453417104e-06 
2.972820072287336e-06 2.9880608867383963e-06 3.0797614974777013e-06 2.882830713489692e-06 3.062902751319286e-06 
2.971712412286305e-06 2.9868092674344044e-06 3.078470974398304e-06 2.8816003194254474e-06 3.061688077757193e-06 
2.975782296158917e-06 2.990008916709929e-06 3.0818169058436665e-06 2.8851301864988606e-06 3.0654279332796156e-06 
2.9747583045374384e-06 2.989858408978807e-06 3.0802242997947663e-06 2.884012013869206e-06 3.0636556010806843e-06 
2.97489032845647e-06 2.9899411595918883e-06 3.080013085620908e-06 2.883965148172041e-06 3.0635170677053423e-06 
2.97576688021971e-06 2.990996307975122e-06 3.0814799971963272e-06 2.8851711063913677e-06 3.0648293494036183e-06 
2.978354931189367e-06 2.9932736099469677e-06 3.084272311919309e-06 2.8877955279366097e-06 3.067685124635523e-06 
2.980225970648901e-06 2.994931558196857e-06 3.0858242503942865e-06 2.8894654858332196e-06 3.0693571138446955e-06 
2.9811463622128034e-06 2.9959716371719165e-06 3.0872235563533794e-06 2.8906487865304273e-06 3.070638848663945e-06 
2.969318016578307e-06 2.986294707661512e-06 3.0770852540783855e-06 2.8801089851252343e-06 3.0595432588569243e-06 
2.977063961871038e-06 2.993670946397974e-06 3.0844695485234638e-06 2.8876035584995683e-06 3.067103393404173e-06 
2.9759307994249757e-06 2.9927199365746984e-06 3.083101908688213e-06 2.8863927527609443e-06 3.0657175991993222e-06 
2.979752368055562e-06 2.996074499072481e-06 3.086257417520411e-06 2.889787939910212e-06 3.0691306655826877e-06 
2.9782671629797203e-06 2.9947116281439902e-06 3.084675716554131e-06 2.888280354188557e-06 3.067526666324198e-06 
2.978453421362222e-06 2.9949053416674113e-06 3.0848038842149293e-06 2.888439872113761e-06 3.067662143404702e-06 
2.9638283976707627e-06 2.9802700482334358e-06 3.071365874958077e-06 2.8743835076780757e-06 3.054030997960172e-06 
2.9640984189772136e-06 2.9799438852293497e-06 3.0708159571768097e-06 2.8741186687472416e-06 3.053805200466321e-06 
2.9466703236454286e-06 2.9625868878533067e-06 3.052374871888403e-06 2.856188182638165e-06 3.0355120538584327e-06 
2.950011272187914e-06 2.965414270054245e-06 3.0555053450950286e-06 2.8593176565472235e-06 3.0388388524414333e-06 
2.9424388697593246e-06 2.9580680422624223e-06 3.047639269109154e-06 2.851642356715701e-06 3.0309511893997506e-06 
2.9414196823000965e-06 2.958517197661246e-06 3.046922096347527e-06 2.8510932582187907e-06 3.0297215912393406e-06 
2.945430257979577e-06 2.9618818501288705e-06 3.0507060036832987e-06 2.854854570247027e-06 3.0337462432869205e-06 
2.9554480469378435e-06 2.972051586649191e-06 3.0602061572938316e-06 2.864665272011904e-06 3.043283711399545e-06 
2.957396738962086e-06 2.9739407944559896e-06 3.0620335132516353e-06 2.866544009437699e-06 3.0451498052188636e-06 
2.956440606624704e-06 2.9729273007540455e-06 3.061097707011904e-06 2.8655839206942077e-06 3.0442287760947256e-06 
2.953279113328136e-06 2.9685189603411465e-06 3.058855942421155e-06 2.8625943093061367e-06 3.0422266953704924e-06 
2.9402499315991295e-06 2.9547936430681315e-06 3.044711684574193e-06 2.8488536343147554e-06 3.028488255677454e-06 
2.940572368966859e-06 2.9550889207183398e-06 3.045032207442517e-06 2.8491696050727313e-06 3.0288176116569877e-06 
2.9405825512548004e-06 2.955115179217884e-06 3.044990344431933e-06 2.849157860187622e-06 3.028779360629742e-06 
2.938708232485607e-06 2.9533389979783706e-06 3.043078375754501e-06 2.847284392648042e-06 3.0268429556460507e-06 
2.9398143477937413e-06 2.954345343972e-06 3.0440413067346458e-06 2.8483002037431866e-06 3.0278610188378936e-06 
2.9473826765602363e-06 2.961126097131385e-06 3.0510543143890143e-06 2.855435597628597e-06 3.035213589168385e-06 
2.9463125840779325e-06 2.959728739740798e-06 3.049770755256298e-06 2.8541897445349214e-06 3.0340685861955084e-06 
2.941683920635083e-06 2.955517590476103e-06 3.0452513614963612e-06 2.849699344417682e-06 3.0294000797478057e-06 
2.931529577165082e-06 2.9468911070736916e-06 3.035946128969903e-06 2.840279934305373e-06 3.0194736941955424e-06 
2.9382701730567296e-06 2.954102770329945e-06 3.043046390563756e-06 2.8473066359204926e-06 3.0263652520888407e-06 
2.94473974098053e-06 2.961312240601089e-06 3.0501364785750784e-06 2.85424902999309e-06 3.033118585601803e-06 
2.939323762864178e-06 2.9560271534398357e-06 3.045466466989469e-06 2.849220901449995e-06 3.0282837756169856e-06 
2.945383833452361e-06 2.9640012093981973e-06 3.054360445128839e-06 2.8571086275497453e-06 3.0361031313313822e-06 
2.945494667831572e-06 2.9641069067058368e-06 3.054464536295967e-06 2.8572150967445878e-06 3.036209950168534e-06 
2.9440314577872745e-06 2.96178241269459e-06 3.0527125672342757e-06 2.8554181728429965e-06 3.034777251750047e-06 
2.9442446531344222e-06 2.961756409079237e-06 3.051272927963007e-06 2.8547603750175557e-06 3.0336879539605143e-06 
2.951870472949915e-06 2.969425149758342e-06 3.0588267454932927e-06 2.8623685373299926e-06 3.041239493130609e-06 
2.955961491884588e-06 2.97331792832451e-06 3.062955757993402e-06 2.8664389996907083e-06 3.04542420903466e-06 
2.9448534468909947e-06 2.963565982743196e-06 3.0528375478551117e-06 2.8561067207589266e-06 3.0347154008377023e-06 
2.9476419563919604e-06 2.9658272740589472e-06 3.055292566730942e-06 2.8586168389542698e-06 3.037391646151206e-06 
2.953861605771105e-06 2.971872073387562e-06 3.06118285807395e-06 2.86464221884612e-06 3.0433911633782305e-06 
2.958980331992595e-06 2.976620597122729e-06 3.066624997536059e-06 2.8698444314758233e-06 3.0488955638390258e-06 
2.9641549189765744e-06 2.9825059257730624e-06 3.072314343361902e-06 2.875435662320991e-06 3.0542749478095424e-06 
2.9590821795061132e-06 2.9779927350169823e-06 3.0675353190126845e-06 2.87062661668705e-06 3.0492713428947804e-06 
2.9590629032194315e-06 2.9779066057796956e-06 3.0674658382004667e-06 2.870567652505185e-06 3.049231272379783e-06 
2.9557957944400217e-06 2.973636169986759e-06 3.064101717973008e-06 2.8670280128567723e-06 3.046199544565783e-06 
2.9549491819183708e-06 2.9729764658062308e-06 3.063448326829345e-06 2.8663173943278926e-06 3.0454552451717445e-06 
2.954361817730861e-06 2.972571577868247e-06 3.063035729386056e-06 2.8658562551451147e-06 3.0449561802871145e-06 
2.9676234756293716e-06 2.9865409137733074e-06 3.0760534832052306e-06 2.879167153581016e-06 3.0577903098479436e-06 
2.961168750901444e-06 2.9801149183441073e-06 3.070448762998654e-06 2.8731338744614626e-06 3.052035804482513e-06 
2.9441580407437017e-06 2.9642299323312882e-06 3.054447796726294e-06 2.8568572713992886e-06 3.0355141864565474e-06 
2.943653235319889e-06 2.964009165994219e-06 3.05444992444713e-06 2.8566685517170338e-06 3.0353426112082414e-06 
2.9291668525618135e-06 2.948799450300003e-06 3.040732995978475e-06 2.842395790192221e-06 3.021726948240252e-06 
2.91562370201935e-06 2.934772492285105e-06 3.0265157769309563e-06 2.828392273478049e-06 3.0077756458932757e-06 
2.9176484061779013e-06 2.9367528739305847e-06 3.0285056300531282e-06 2.8303919781770968e-06 3.009785017197286e-06 
2.919421464146987e-06 2.938405895688702e-06 3.03025952388729e-06 2.8321312700404654e-06 3.011579659008155e-06 
2.913649361581692e-06 2.9331132151920115e-06 3.025088857807247e-06 2.8267608002412645e-06 3.0061587222446118e-06 
2.9190638280891208e-06 2.937883785433443e-06 3.0304142636856613e-06 2.8319970129717775e-06 3.0117008189408098e-06 
2.9175978313387747e-06 2.935882503480132e-06 3.028714056423489e-06 2.8302958464723575e-06 3.010208045047266e-06 
2.9059581318435564e-06 2.924999999970734e-06 3.0176636890226342e-06 2.819105097969828e-06 2.998822794137823e-06 
2.9039971677419336e-06 2.9219710841127476e-06 3.015184373405611e-06 2.8166502031490274e-06 2.996765647989288e-06 
2.907115777716748e-06 2.9242329258594773e-06 3.0179143861821276e-06 2.8193931492093117e-06 2.99982919330114e-06 
2.9071348201981754e-06 2.9242531586217127e-06 3.01793330532524e-06 2.8194124005731264e-06 2.999847757293036e-06 
2.907121829847778e-06 2.924178231329649e-06 3.0178567679999558e-06 2.8193540102005553e-06 2.9998012679157478e-06 
2.909890381732707e-06 2.9271043710696907e-06 3.0206651137907346e-06 2.822179058399524e-06 3.002553203440051e-06 
2.90988674161544e-06 2.927101015665242e-06 3.0206601192777662e-06 2.8221747857337607e-06 3.0025483458087365e-06 
2.9171917812517678e-06 2.935539281451459e-06 3.028811619663321e-06 2.8301588179919595e-06 3.0102019672542247e-06 
2.91646851695887e-06 2.9350932309491253e-06 3.0281505692881346e-06 2.8295255672738727e-06 3.009443521151636e-06 
2.9079789294884513e-06 2.926219945300155e-06 3.019654964959675e-06 2.8209419966988135e-06 3.00107041030023e-06 
2.8933926290269487e-06 2.9117831352420936e-06 3.0050893500139828e-06 2.8063821107075923e-06 2.9864560094344344e-06 
2.889231644383058e-06 2.9076181599204227e-06 3.0004728592293026e-06 2.8019838900821383e-06 2.981917138957203e-06 
2.888709449305532e-06 2.90717700478064e-06 2.99985415568934e-06 2.8014294620337533e-06 2.981289107955433e-06 
2.880290297888218e-06 2.8994400229973646e-06 2.9915781454877064e-06 2.79322028788589e-06 2.972775816364848e-06 
2.8757361779402685e-06 2.8950669389668425e-06 2.9867974529923482e-06 2.788585665513372e-06 2.9679764360312134e-06 
2.8736845942884697e-06 2.8930714906223105e-06 2.984587671651067e-06 2.7864641137799273e-06 2.9657755580388425e-06 
2.8951343531520225e-06 2.9150184800739826e-06 3.005738619765009e-06 2.8078961667515724e-06 2.9868173260590372e-06 
2.8976210890110755e-06 2.917402119728553e-06 3.0081590523279313e-06 2.8103297172570048e-06 2.9892809459138077e-06 
2.8927621694342217e-06 2.9120382758512667e-06 3.0030049349876864e-06 2.8052065518043683e-06 2.9843353465657452e-06 
2.892551295223653e-06 2.9123671545630846e-06 3.002760472997969e-06 2.805097153533737e-06 2.9839266429680623e-06 
2.8918183584913595e-06 2.911657676053471e-06 3.0020522821504736e-06 2.80438096084638e-06 2.983207038058098e-06 
2.8817471789055635e-06 2.902498232035893e-06 2.9932001818144613e-06 2.7951118352747593e-06 2.973866509608229e-06 
2.900954820314281e-06 2.921203951033712e-06 3.012403351136054e-06 2.8142281119342825e-06 2.9932261253808347e-06 
2.9110477452004385e-06 2.93197355419604e-06 3.0232755100096738e-06 2.824874376007765e-06 3.00375453861712e-06 
2.9151898009629586e-06 2.936867743892266e-06 3.0279874368888825e-06 2.8294751962941034e-06 3.008134429874363e-06 
2.9131674709016592e-06 2.9347213137616636e-06 3.025274773193014e-06 2.8270741589334837e-06 3.0055758414306036e-06 
2.9032603208842637e-06 2.926027108925575e-06 3.0157746270069393e-06 2.817632068575226e-06 2.9956271624141485e-06 
2.9026675457609995e-06 2.9257864978486034e-06 3.0161547634866017e-06 2.8176089591421265e-06 2.99573485877109e-06 
2.905493251106398e-06 2.9286298807778284e-06 3.019068607500915e-06 2.8204863685164064e-06 2.998628133347724e-06 
2.907191244303377e-06 2.930027600097408e-06 3.020833192353243e-06 2.822153042534094e-06 3.0004760385357335e-06 
2.909515320765561e-06 2.93244734658989e-06 3.0231319706318193e-06 2.824488096407341e-06 3.002748586088474e-06 
2.9150497168062267e-06 2.938144942625386e-06 3.029015415339566e-06 2.8302421674044495e-06 3.008521920033788e-06 
2.915357750796677e-06 2.9384263524725978e-06 3.0292789327762047e-06 2.830521969680084e-06 3.008801182006916e-06 
2.916279751702622e-06 2.93957095748808e-06 3.030471310172445e-06 2.831632086042003e-06 3.0098783888805786e-06 
2.90671602700526e-06 2.9306446921827976e-06 3.021719358699922e-06 2.8226141487647652e-06 3.0007920002582725e-06 
2.9107490338308112e-06 2.9341422613131725e-06 3.02571280342188e-06 2.826512357624383e-06 3.004960140449068e-06 
2.9084128264922686e-06 2.9321740994776857e-06 3.0230815952809246e-06 2.824104626853538e-06 3.0022623245436822e-06 
2.903406493376026e-06 2.9272209126248094e-06 3.018106488471824e-06 2.819120663127292e-06 2.997265948566032e-06 
2.8757861047536773e-06 2.900600992796095e-06 2.990677707566422e-06 2.7917922335128376e-06 2.9694938149390067e-06 
2.868374242977211e-06 2.893161701426078e-06 2.9827470883117157e-06 2.7841024325742173e-06 2.961658897344026e-06 
2.868956933982751e-06 2.8937247689708954e-06 2.9832561251282385e-06 2.7846439946983347e-06 2.9621862531115743e-06 
2.8939169517366266e-06 2.9182120146449796e-06 3.0083320718823348e-06 2.809583529517318e-06 2.9873886235983537e-06 
2.9057300057633773e-06 2.9287771366264125e-06 3.0213096063791727e-06 2.8217282090794565e-06 3.0005641620384052e-06 
2.9075211204776e-06 2.930732648960945e-06 3.0228367950883378e-06 2.823421446596596e-06 3.0020832635380383e-06 
2.911358703501665e-06 2.9342148512637546e-06 3.0266301535245814e-06 2.8271624267722316e-06 3.0059953356335716e-06 
2.913687045662134e-06 2.9360056210103663e-06 3.028621314954018e-06 2.8292023619830405e-06 3.008211463039484e-06 
2.9130302317596513e-06 2.935554399474229e-06 3.0280702782126906e-06 2.8286441079889223e-06 3.0075782169284544e-06 
2.9042331704282886e-06 2.9253264704220137e-06 3.018904820360238e-06 2.8193380056437242e-06 2.998925229045105e-06 
2.8918106209464115e-06 2.9127706297270587e-06 3.0060712829818964e-06 2.8066615632504056e-06 2.9862035863767492e-06 
2.8964104740262707e-06 2.9170999154766595e-06 3.0100621086246732e-06 2.8108952311601106e-06 2.9903803121389498e-06 
2.901225694320762e-06 2.920718276028524e-06 3.0135622589432287e-06 2.814785596686346e-06 2.994475130252306e-06 
2.8993942239041916e-06 2.9188517018861694e-06 3.012053632352239e-06 2.8131094740816947e-06 2.9929239682914715e-06 
2.8991202479060633e-06 2.9185853095801674e-06 3.011801006955693e-06 2.8128477420225897e-06 2.992665434527981e-06 
2.9013479608650836e-06 2.920770891197903e-06 3.0140690605322366e-06 2.815089504210202e-06 2.9949397469726343e-06 
2.902440916669658e-06 2.921656949364434e-06 3.0152308141252445e-06 2.816174735443382e-06 2.996154916295058e-06 
2.9037243344144954e-06 2.9232084701208664e-06 3.0169187472802046e-06 2.8177241366893197e-06 2.997691049026399e-06 
2.896087255308829e-06 2.9159477451757616e-06 3.0092020862699037e-06 2.8101183259538017e-06 2.989870291688726e-06 
2.8935394549250477e-06 2.9128581913536982e-06 3.006011890078069e-06 2.8071230569914084e-06 2.986957653550239e-06 
2.8919468035615103e-06 2.910430169285861e-06 3.0040364274422842e-06 2.8051550245803664e-06 2.9853085944055137e-06 
2.8901935254351115e-06 2.9090766038969835e-06 3.0019138140257476e-06 2.803296659480274e-06 2.983122153945782e-06 
2.8888747497974775e-06 2.908538579235787e-06 3.0013003584843523e-06 2.8025033683975954e-06 2.982146013345002e-06 
2.887619808991286e-06 2.9071724719269455e-06 3.000059806526006e-06 2.8012304977838214e-06 2.9809381513561275e-06 
2.885635513339836e-06 2.904586847091803e-06 2.9975041114533704e-06 2.798823749910922e-06 2.9786668192251007e-06 
2.884966455457797e-06 2.9037340681706625e-06 2.9966511383411053e-06 2.798020988254425e-06 2.9779022836918847e-06 
2.8859450891953264e-06 2.904850317585891e-06 2.9973962063112244e-06 2.798911473616784e-06 2.97864289869086e-06 
2.881910592470043e-06 2.9006758917786405e-06 2.9933493311168504e-06 2.7948361844400487e-06 2.9746425150897237e-06 
2.877491097372683e-06 2.8966236560389853e-06 2.9898200989990965e-06 2.790943967327654e-06 2.9708501169471816e-06 
2.8761490771985605e-06 2.8952510009731796e-06 2.9883654051148753e-06 2.789536369884196e-06 2.9694239718958277e-06 
2.8674277702567395e-06 2.8866164081425707e-06 2.979218980356778e-06 2.7806073109214826e-06 2.9603221093301255e-06 
2.86650853803082e-06 2.884971449591773e-06 2.977953554519703e-06 2.779355474860798e-06 2.959342438690213e-06 
2.8658855705521443e-06 2.8842437741815886e-06 2.9771576208647233e-06 2.7786214867476533e-06 2.958608274957915e-06 
2.8685581096171867e-06 2.8868806802369414e-06 2.9794734687223166e-06 2.7811083240715727e-06 2.960994422974143e-06 
2.869655607347051e-06 2.887589297127298e-06 2.9792283674507773e-06 2.7814459244122428e-06 2.9610949282212553e-06 
2.860912853351561e-06 2.8790015460789864e-06 2.970202299593158e-06 2.7725847055165218e-06 2.9520682319353502e-06 
2.8683709897174204e-06 2.8875494485383683e-06 2.9773834301353795e-06 2.7801517969016985e-06 2.9589518172232177e-06 
2.872190368555683e-06 2.891702830546667e-06 2.9815321604792812e-06 2.7842132860721122e-06 2.9629402727505944e-06 
2.8685653232918635e-06 2.888505943450702e-06 2.9781810779518202e-06 2.7808154910668517e-06 2.9594093074852406e-06 
2.877783711192183e-06 2.8990735212237597e-06 2.987390554804833e-06 2.79034245850744e-06 2.96819417409834e-06 
2.876673398180686e-06 2.896923616227882e-06 2.9878854798046205e-06 2.7898007690896717e-06 2.9687500680880973e-06 
2.8727868359978764e-06 2.8936805280391024e-06 2.9835317117809464e-06 2.785817496550411e-06 2.964271841340331e-06 
2.8759709625460178e-06 2.89541750995299e-06 2.985702376193572e-06 2.788177910407139e-06 2.9670660633729814e-06 
2.882911997258488e-06 2.9026658427091454e-06 2.9925517607573668e-06 2.795148927201985e-06 2.9738331738504594e-06 
2.8905671731691933e-06 2.911606153468752e-06 3.0018009536886613e-06 2.8038951440413286e-06 2.982412011827162e-06 
2.8871853522768157e-06 2.9079821136929472e-06 2.9980002514752614e-06 2.800245676992966e-06 2.978757570933212e-06 
2.8886365065680405e-06 2.9090376070081952e-06 2.9995997852601323e-06 2.801685268132127e-06 2.9804568459927338e-06 
2.8883494251679793e-06 2.9088240115965966e-06 2.999343972463469e-06 2.80142979754065e-06 2.9801727381535674e-06 
2.8815222178821457e-06 2.90170057178845e-06 2.9912178066138264e-06 2.7938796835646035e-06 2.9723564419132993e-06 
2.8934157959601147e-06 2.9144604590324037e-06 3.003992277025349e-06 2.8064190782790367e-06 2.984710384481092e-06 
2.8796312868839417e-06 2.8998249672246943e-06 2.988418950802149e-06 2.7915397750715424e-06 2.9697037144010776e-06 
2.887876459850646e-06 2.9085776365553455e-06 2.996651059680736e-06 2.799902313028957e-06 2.97777712152826e-06 
2.8875493256860204e-06 2.9072766903695296e-06 2.9967258447641954e-06 2.7995551151878395e-06 2.978092037196607e-06 
2.8829233704266016e-06 2.902532471776725e-06 2.9915772528685886e-06 2.7946385123568154e-06 2.973068007205866e-06 
2.8862329607362683e-06 2.9049432912898965e-06 2.9934416463545312e-06 2.797038810155627e-06 2.9754551141963487e-06 
2.8878393868523655e-06 2.9066722403221094e-06 2.9949549309662345e-06 2.7986287991187156e-06 2.9769451014935405e-06 
2.870432854302321e-06 2.8890859478405794e-06 2.976525462605522e-06 2.780662156234133e-06 2.9587438663016892e-06 
2.8706995035750154e-06 2.8890356350639967e-06 2.976547275268634e-06 2.780738504664631e-06 2.9589061467690744e-06 
2.8703301245939843e-06 2.8886607682356378e-06 2.976224078488137e-06 2.780389929846943e-06 2.958577053195591e-06 
2.880422407633996e-06 2.8977473546252796e-06 2.9864073792765432e-06 2.7903134314692303e-06 2.969060943559527e-06 
2.8701331638403668e-06 2.8872253376717793e-06 2.9755606732736817e-06 2.7796884443558147e-06 2.9583811423171574e-06 
2.867396893606301e-06 2.8847671772164154e-06 2.9721992205226378e-06 2.776707364892882e-06 2.955036193267115e-06 
2.8674264559401953e-06 2.8848739697977666e-06 2.972159370682435e-06 2.7767207123385944e-06 2.9549835338402698e-06 
2.874694028658597e-06 2.891747286901956e-06 2.9792052705652124e-06 2.7838009415144517e-06 2.962189710713883e-06 
2.8793962880333773e-06 2.8959645161328363e-06 2.983478931468132e-06 2.78819281375314e-06 2.966686850233487e-06 
2.881151268740756e-06 2.8976101775183155e-06 2.985127833184621e-06 2.789874141648072e-06 2.9683876319061744e-06 
2.878659026859898e-06 2.894887195540761e-06 2.9824477413799276e-06 2.7872367610770686e-06 2.965811630874266e-06 
2.8776218787306105e-06 2.8956264453631747e-06 2.9826908017354667e-06 2.787216189401861e-06 2.965282685388764e-06 
2.880548156738204e-06 2.898039896280894e-06 2.9852143336539073e-06 2.7898353349394858e-06 2.968034357588402e-06 
2.879358438864347e-06 2.8964808848262686e-06 2.9839350576372033e-06 2.788517911320051e-06 2.9668864024580635e-06 
2.895309526965956e-06 2.912588356614915e-06 3.0002007993796293e-06 2.804674809633126e-06 2.9830491024257544e-06 
2.8876956596748755e-06 2.9047068640506744e-06 2.993158950212262e-06 2.7972706103406027e-06 2.975997252204271e-06 
2.8869271184037266e-06 2.904059814783927e-06 2.992550846482667e-06 2.796606434662755e-06 2.975324316076858e-06 
2.900572216581055e-06 2.9189193517235806e-06 3.0062315363626577e-06 2.810556421912284e-06 2.988615188076542e-06 
2.8999991882270122e-06 2.9182578335407144e-06 3.005592344773919e-06 2.8099306489701727e-06 2.9880149253423693e-06 
2.895806175447093e-06 2.91384275460107e-06 3.001097567935973e-06 2.8055363820023125e-06 2.983640638189114e-06 
2.896339255217166e-06 2.914542235530378e-06 3.0016634804494756e-06 2.80612356436197e-06 2.984148603529302e-06 
2.8929017309764155e-06 2.9110154588486962e-06 2.9982045018043447e-06 2.8026515457908587e-06 2.9807216576411482e-06 
2.884221944845731e-06 2.901407713023249e-06 2.9897827111237886e-06 2.793879244738162e-06 2.972550196663635e-06 
2.8999176148988253e-06 2.915565371113044e-06 3.0056159455094312e-06 2.8093218894889786e-06 2.988843002489832e-06 
2.9083208613167458e-06 2.9237015345364818e-06 3.014003982702206e-06 2.8176691488765474e-06 2.9973167799764647e-06 
2.9061456453005445e-06 2.921913546104615e-06 3.0115416710513602e-06 2.815434801821535e-06 2.9947806767119777e-06 
2.90362029432053e-06 2.9189845523534527e-06 3.0088858330285483e-06 2.812754677117679e-06 2.9922737386532686e-06 
2.904318599720545e-06 2.9206723790718743e-06 3.0107296199449426e-06 2.814232223247163e-06 2.9936156073843755e-06 
2.9023266776556313e-06 2.9183545836963847e-06 3.0077690528522894e-06 2.811691112349927e-06 2.9909189061714325e-06 
2.901704106147616e-06 2.9177115559956607e-06 3.0070970577387544e-06 2.811039163030591e-06 2.990261626545329e-06 
2.899735050497414e-06 2.915967174964903e-06 3.005104615780261e-06 2.8091057688492137e-06 2.988202565935723e-06 
2.899944845037398e-06 2.9161803306592027e-06 3.0053234356984395e-06 2.8093209521894602e-06 2.988418807546658e-06 
2.900220310913991e-06 2.9165578791916594e-06 3.005626208164444e-06 2.8096325401448617e-06 2.988684889317927e-06 
2.885020704058638e-06 2.901724727164319e-06 2.9903641575455147e-06 2.794466031517077e-06 2.9733193305386376e-06 
2.8934802985540817e-06 2.909216865909665e-06 2.9983411315942783e-06 2.802486587399825e-06 2.981680194644849e-06 
2.8959879028587748e-06 2.912106633497316e-06 3.0014623937032354e-06 2.8053807939853902e-06 2.984578922789858e-06 
2.889471976617859e-06 2.903515300911797e-06 2.9934956703058847e-06 2.797696389866992e-06 2.977506852335124e-06 
2.8901346353515174e-06 2.904219825049753e-06 2.9941806953461235e-06 2.798379772614237e-06 2.97817493790278e-06 
2.9066950869466227e-06 2.920002419025537e-06 3.0097402740696756e-06 2.8143035710606347e-06 2.994144308994361e-06 
2.9263653223687416e-06 2.9390822883242413e-06 3.0290032716478475e-06 2.83367102103462e-06 3.0136591506942734e-06 
2.922200343784401e-06 2.9349778547473204e-06 3.0246639748635835e-06 2.829429857485353e-06 3.0093301942614746e-06 
2.9206631396779864e-06 2.933068350192243e-06 3.022513125321304e-06 2.8275137511301077e-06 3.007398726172105e-06 
2.929857111923357e-06 2.942646638867717e-06 3.0319574555377756e-06 2.8369220545434674e-06 3.0166798275736544e-06 
2.9454765509612713e-06 2.957694840590691e-06 3.047707274141733e-06 2.8524989419558628e-06 3.0325863051119356e-06 
2.9644619343864926e-06 2.9761603328012306e-06 3.0660612217792042e-06 2.871088228395443e-06 3.051207555720074e-06 
2.979843370514483e-06 2.9922831696690298e-06 3.0821052552661473e-06 2.8869660940470295e-06 3.0669069063922547e-06 
2.97965695580639e-06 2.992080849666677e-06 3.0818345813961267e-06 2.886735274673108e-06 3.0666552961668323e-06 
2.979821003714684e-06 2.9924675159859685e-06 3.082027671440569e-06 2.8869615442714833e-06 3.0667735243933893e-06 
2.974001097326454e-06 2.986605757066796e-06 3.076292922455252e-06 2.8811674755091264e-06 3.061038174611103e-06 
2.9708304259970697e-06 2.9835947674362972e-06 3.0734114315828147e-06 2.878167827373225e-06 3.0580585026511604e-06 
2.963942991027297e-06 2.9756330441171785e-06 3.0658805566871224e-06 2.870730621913574e-06 3.0509731313943063e-06 
2.9647037801335406e-06 2.9763968207167753e-06 3.0666843325238015e-06 2.871513714750395e-06 3.0517687432929052e-06 
2.962347645493986e-06 2.974311053588259e-06 3.0640970424762456e-06 2.8691009995255616e-06 3.049135196346767e-06 
2.9479081224427185e-06 2.9595745457854747e-06 3.0491680385293827e-06 2.8543454863683394e-06 3.034382190367869e-06 
2.9407367048480018e-06 2.951244842414653e-06 3.0415085886717706e-06 2.8466833160139826e-06 3.027168561514189e-06 
2.9365275324506466e-06 2.9470521956743213e-06 3.037277498486083e-06 2.8424623689570466e-06 3.022936223323751e-06 
2.9366982157632853e-06 2.947260671114308e-06 3.037485296691522e-06 2.8426591822297237e-06 3.023125948540731e-06 
2.9413553690782456e-06 2.9506976942668106e-06 3.041738869590385e-06 2.8468691526177802e-06 3.0278296468401358e-06 
2.9404580654458852e-06 2.9499075276254527e-06 3.0412062199250277e-06 2.846169865036513e-06 3.0272025319222867e-06 
2.936520289524317e-06 2.9461368142442847e-06 3.0371697745460755e-06 2.842214874844669e-06 3.0231303911254644e-06 
2.936096175523201e-06 2.9456880522975405e-06 3.0367445940690534e-06 2.8417846013257557e-06 3.0227131520175058e-06 
2.951454683642273e-06 2.9606327988583114e-06 3.051551647606316e-06 2.856806807162123e-06 3.037741179049718e-06 
2.9477722022493336e-06 2.9569300676521056e-06 3.0477556003757347e-06 2.853061178849109e-06 3.0339706834369785e-06 
2.9486516695278533e-06 2.957356030896696e-06 3.0480525880290173e-06 2.8535658649606602e-06 3.0345072342439863e-06 
2.9486326419723885e-06 2.957102128103325e-06 3.047851157446596e-06 2.8534098647949386e-06 3.034409984619497e-06 
2.948874298356336e-06 2.95678999307468e-06 3.0480067467192237e-06 2.8534948521571566e-06 3.034753700790419e-06 
2.95266018211641e-06 2.9608664676163947e-06 3.0523166222062855e-06 2.8575981167755814e-06 3.0388846263710667e-06 
2.9556416911814453e-06 2.96351345304577e-06 3.055043517450566e-06 2.860390569286822e-06 3.041758839768003e-06 
2.955137555909022e-06 2.9639741987499957e-06 3.0554802431134794e-06 2.860541279590023e-06 3.041735655364957e-06 
2.959288016288069e-06 2.967732832879989e-06 3.0594857418524065e-06 2.8645447017864202e-06 3.045888052906618e-06 
2.955995108656118e-06 2.963352906398813e-06 3.0552743097355305e-06 2.860579012606966e-06 3.0421712980808003e-06 
2.951603195564327e-06 2.9574166641057298e-06 3.0514449467914743e-06 2.856142696223447e-06 3.0387318259267154e-06 
2.949587313974148e-06 2.9562213257836765e-06 3.050058345332207e-06 2.8545970119413645e-06 3.0369830118059504e-06 
2.9469275932690432e-06 2.9535796280619704e-06 3.0472999833736653e-06 2.8518896904535716e-06 3.034235674207482e-06 
2.9558241991219896e-06 2.961842608283801e-06 3.053896257127298e-06 2.8595507385373746e-06 3.041415063117231e-06 
2.9442694445734778e-06 2.9505355192500083e-06 3.042226641009518e-06 2.8479785485771134e-06 3.0296876223277947e-06 
2.9330234122869285e-06 2.9389464883478773e-06 3.030676981032018e-06 2.8365036448319794e-06 3.0182968220833757e-06 
2.9318386821595856e-06 2.937695980507266e-06 3.02910933229926e-06 2.835120383701282e-06 3.0168138936344755e-06 
2.9430328407874685e-06 2.9489279611536458e-06 3.039733911136858e-06 2.8460627829321894e-06 3.027521308566053e-06 
2.9408397779484834e-06 2.946559194720352e-06 3.036709713855549e-06 2.8434357756457305e-06 3.024691246616613e-06 
2.9410159562923604e-06 2.9467868069228925e-06 3.0369214780385517e-06 2.8436397179643277e-06 3.0248809223033814e-06 
2.937857372766669e-06 2.9440035787164156e-06 3.034103319036365e-06 2.8407171563421417e-06 3.0218882855935558e-06 
2.9379505893742622e-06 2.9441580536441155e-06 3.034174418738121e-06 2.8408127680155186e-06 3.0219438585055384e-06 
2.931643228719506e-06 2.9381051260121753e-06 3.0277096085707566e-06 2.8344768994686886e-06 3.015425828617454e-06 
2.9319265589010976e-06 2.938553742527539e-06 3.0278873127775966e-06 2.8347453645484453e-06 3.015569284778841e-06 
2.9334950766917234e-06 2.940170862609919e-06 3.0293996064173177e-06 2.8362993667960037e-06 3.0170756318799564e-06 
2.908920127836756e-06 2.9150097549445794e-06 3.003722536279837e-06 2.8110536593391285e-06 2.9917677123195674e-06 
2.9112326511086986e-06 2.9174711375629705e-06 3.0063777957965394e-06 2.813561291316952e-06 2.9943189368469626e-06 
2.9077158750576074e-06 2.9155891297724012e-06 3.0036176419433303e-06 2.8107437484938206e-06 2.9909194626254954e-06 
2.911804335633951e-06 2.9196125136371267e-06 3.0073794035798217e-06 2.814669754561303e-06 2.9947559079788532e-06 
2.911604933681641e-06 2.9194232816908096e-06 3.0071869324600556e-06 2.8144755535526865e-06 2.9945590970736095e-06 
2.9256784124292825e-06 2.933012128749802e-06 3.0208015301570427e-06 2.8282464947616154e-06 3.008401717867915e-06 
2.9224870799889535e-06 2.928946435308387e-06 3.0171944055562415e-06 2.824670203019984e-06 3.00513872962579e-06 
2.9234299329200307e-06 2.9298886369401405e-06 3.0182057614783087e-06 2.8256460744486824e-06 3.0061388149403792e-06 
2.9198525817382142e-06 2.9269149687588703e-06 3.0152731999670063e-06 2.8224953297130073e-06 3.0029092943911464e-06 
2.915132141366699e-06 2.9221894623239014e-06 3.010496793503561e-06 2.8177420707758086e-06 2.998144055575753e-06 
2.9131202485333215e-06 2.9198305368693423e-06 3.008125225644224e-06 2.8154852706749583e-06 2.9959415583067883e-06 
2.903123627185625e-06 2.908273469532482e-06 2.9979293165305287e-06 2.805054724573632e-06 2.986269039306841e-06 
2.90073007270999e-06 2.905782456845655e-06 2.9952846766067566e-06 2.802519820501218e-06 2.9836970118416363e-06 
2.9074793258488744e-06 2.9105645292301216e-06 3.0009612211905976e-06 2.8083655347443444e-06 2.990169180781829e-06 
2.900894511671454e-06 2.9022695531181566e-06 2.9928925802622684e-06 2.8007277711628008e-06 2.9828846365065973e-06 
2.905670594163041e-06 2.9063359630206648e-06 2.9977593835033125e-06 2.8054090007869236e-06 2.9879582144165956e-06 
2.9053733791310405e-06 2.906045988057537e-06 2.997491513823684e-06 2.8051266933214653e-06 2.9876831711868727e-06 
2.9005596907375907e-06 2.9020519863045874e-06 2.994040016851441e-06 2.8011146796641333e-06 2.9837471504516164e-06 
2.8994509464696295e-06 2.901244394149575e-06 2.9928178811292635e-06 2.8000113427415017e-06 2.9824498191933717e-06 
2.8975094725287407e-06 2.8989234376199202e-06 2.9911191751415763e-06 2.7981066284877972e-06 2.980829231112699e-06 
2.9045811814092147e-06 2.906180488516511e-06 2.9982352114483183e-06 2.8052446133218045e-06 2.987879634332379e-06 
2.9034186580655016e-06 2.9046367123885635e-06 2.9968351500123807e-06 2.8038919781402063e-06 2.986638675311383e-06 
2.903121531090925e-06 2.9043754524488737e-06 2.9966680606944978e-06 2.8036633529555844e-06 2.9864385837176218e-06 
2.9051737677732957e-06 2.905812417676835e-06 2.998251053583299e-06 2.8053731290243917e-06 2.98829258673291e-06 
2.897218065446972e-06 2.8980463959497656e-06 2.9895251972769994e-06 2.797081982065082e-06 2.9796367017637136e-06 
2.899847061769239e-06 2.9010847046813203e-06 2.9925226775001934e-06 2.799969797600387e-06 2.98244431289653e-06 
2.9180681437088753e-06 2.9191382601080937e-06 3.0109251754751052e-06 2.8182641059031954e-06 3.0008682898638546e-06 
2.91898409121962e-06 2.919984989339583e-06 3.0117531866825585e-06 2.8191257377258457e-06 3.0017326671244635e-06 
2.9229358355884406e-06 2.9236352888183536e-06 3.0153878713958775e-06 2.822872178807023e-06 3.0055146890450563e-06 
2.922799057949427e-06 2.9235822832274072e-06 3.0153041535118335e-06 2.8227770059735994e-06 3.0053958719818306e-06 
2.9227732235033465e-06 2.9235533717695343e-06 3.0152797787537686e-06 2.8227512150288348e-06 3.0053722160928556e-06 
2.923088394112988e-06 2.9236874511341657e-06 3.015444113988658e-06 2.8229594511105152e-06 3.005618480763791e-06 
2.9279300958147715e-06 2.9285718939717363e-06 3.0207222539705162e-06 2.8280213175293706e-06 3.010809957817726e-06 
2.924197011468603e-06 2.9246814052150684e-06 3.0167831660157033e-06 2.8241552589161742e-06 3.006954746582915e-06 
2.938040499956688e-06 2.937351619284255e-06 3.0303632181146442e-06 2.837658418815917e-06 3.0209455089810667e-06 
2.9449302322616975e-06 2.9433375387076667e-06 3.0367943359842203e-06 2.8441624248980505e-06 3.027735928670991e-06 
2.947247868367069e-06 2.9455120378792367e-06 3.039282313794247e-06 2.8465358067874936e-06 3.030239966441403e-06 
2.9532204570227203e-06 2.950976086729649e-06 3.0450054330046407e-06 2.852298613441635e-06 3.0361637342789917e-06 
2.972929184157056e-06 2.970642003631276e-06 3.0649391713227814e-06 2.872128118979466e-06 3.056072678307912e-06 
2.9718596792813693e-06 2.969498969817764e-06 3.0638958597181475e-06 2.8710558205777025e-06 3.055047945472953e-06 
2.972058470251921e-06 2.969458741892678e-06 3.0641226928159847e-06 2.87122255850512e-06 3.0553446969160675e-06 
2.9742542703476714e-06 2.972166603731974e-06 3.066565675170942e-06 2.873636474840305e-06 3.0575861731595106e-06 
2.9747411516166916e-06 2.9726707174472473e-06 3.0673430322978342e-06 2.874265815921715e-06 3.05830930274521e-06 
2.9738314326151267e-06 2.9717852670389645e-06 3.066630146269662e-06 2.873453838353431e-06 3.0575557579564167e-06 
2.9743443544720275e-06 2.9738662747810638e-06 3.0674988582183957e-06 2.874439418897216e-06 3.0578747530075244e-06 
2.974671856670839e-06 2.9742406178405117e-06 3.06785715039766e-06 2.874791079407867e-06 3.0582132238735773e-06 
2.9686559604734677e-06 2.9675771594293424e-06 3.0620107324255303e-06 2.868724057191313e-06 3.0525408438359534e-06 
2.9757284579850264e-06 2.9740611665898818e-06 3.0692665756942316e-06 2.87577966576311e-06 3.0599495048712807e-06 
2.9727623964136563e-06 2.9709646438847985e-06 3.0662278717066825e-06 2.872750634536634e-06 3.0569638112135677e-06 
2.9757482769573234e-06 2.974245495045876e-06 3.0692350996061107e-06 2.8758062200900516e-06 3.059875284724127e-06 
2.970645871876792e-06 2.969595390244559e-06 3.0646227648484134e-06 2.8710200665898228e-06 3.0550394182625637e-06 
2.957394757276939e-06 2.9569159879462617e-06 3.051671867127081e-06 2.858008309196815e-06 3.0418598220340437e-06 
2.9589288952587195e-06 2.9581046199579663e-06 3.0528967296544146e-06 2.8593291111034936e-06 3.0432445359236147e-06 
2.961302925984787e-06 2.9606104777992292e-06 3.0554201909268588e-06 2.8618028960837197e-06 3.0457016517773845e-06 
2.9643463751524544e-06 2.964317825442645e-06 3.058911476542417e-06 2.8651928991032553e-06 3.048910210404438e-06 
2.9634630027070475e-06 2.963696555428589e-06 3.058368609106973e-06 2.864523096831984e-06 3.0482282704923317e-06 
2.9572237234650156e-06 2.9576991608595606e-06 3.052291651388054e-06 2.858401902175624e-06 3.0420486472510705e-06 
2.957234991710857e-06 2.9577370333117908e-06 3.0523211716167334e-06 2.8584271291579908e-06 3.0420667884720814e-06 
2.9582027868060468e-06 2.9578735438630494e-06 3.0526384933468464e-06 2.8589222956547577e-06 3.0427530711350387e-06 
2.953918473087467e-06 2.9539549175815917e-06 3.0483074806039854e-06 2.854681351992962e-06 3.038315770808613e-06 
2.9540722813506263e-06 2.954144812274196e-06 3.048474887751704e-06 2.854848851756759e-06 3.038469613925084e-06 
2.943882465313904e-06 2.9445210567326827e-06 3.0397574915463597e-06 2.8454674534426998e-06 3.0293283433630836e-06 
2.937585307262775e-06 2.938033109625322e-06 3.0332455264461727e-06 2.8390224947255493e-06 3.022912247368076e-06 
2.9308292423657653e-06 2.9305394693873364e-06 3.026102210538301e-06 2.8319300852194194e-06 3.0160644926925364e-06 
2.932100933536694e-06 2.931102976622176e-06 3.0270696944086622e-06 2.832921298702325e-06 3.017304102676417e-06 
2.940219314212494e-06 2.938259114895274e-06 3.0357851888092246e-06 2.8411598166742297e-06 3.0262189880846586e-06 
2.9418131647091244e-06 2.941211378837109e-06 3.0375905971543997e-06 2.8431122669635586e-06 3.0275651277923246e-06 
2.938442418779521e-06 2.938319269519253e-06 3.03438755309343e-06 2.8399099598425457e-06 3.0241846124232605e-06 
2.9352391264468367e-06 2.9352102010475744e-06 3.0311829558813738e-06 2.8367203433992618e-06 3.0209509194557096e-06 
2.9324125948547628e-06 2.9328367647671735e-06 3.0284152658533547e-06 2.834005620332951e-06 3.018031983098287e-06 
2.9282897881542098e-06 2.9292187988993496e-06 3.0235001853496222e-06 2.8295922286426347e-06 3.013092412533369e-06 
2.9162286966466563e-06 2.917890497871983e-06 3.0118454562703715e-06 2.817856266080771e-06 3.0011408795683906e-06 
2.925283072728413e-06 2.925475967629632e-06 3.0200621517088765e-06 2.8262316483626006e-06 3.0099568588607472e-06 
2.9302326212825964e-06 2.9309016257344056e-06 3.0252851692395786e-06 2.8314107017799758e-06 3.0149850763955144e-06 
2.9332353482123186e-06 2.934141248905069e-06 3.0290819221746703e-06 2.8348461459209738e-06 3.0185743951291477e-06 
2.933660069158852e-06 2.9345751854756144e-06 3.0295431838174715e-06 2.8352908194734055e-06 3.019026627531056e-06 
2.9323997046875534e-06 2.9336086849596874e-06 3.028374745898379e-06 2.8341303850174935e-06 3.0177509909181757e-06 
2.9297283976575276e-06 2.9306504581407686e-06 3.0250303040633984e-06 2.831075211750588e-06 3.0146092958087736e-06 
2.920427873440558e-06 2.920997793120284e-06 3.016063888771392e-06 2.8218575031804656e-06 3.005697066642183e-06 
2.91689831506759e-06 2.9175381493904553e-06 3.01318583865835e-06 2.8186536450839495e-06 3.0026878492074997e-06 
2.9131714713652587e-06 2.9159296756382504e-06 3.0112687013546948e-06 2.816213512110938e-06 2.999805386679759e-06 
2.914373881121965e-06 2.917859211776148e-06 3.0120438858150003e-06 2.8173511243034937e-06 3.000424936162131e-06 
2.9140908175204694e-06 2.9176172556742194e-06 3.0117735120585327e-06 2.8170820097347477e-06 3.0001395932547717e-06 
2.9011586870954407e-06 2.904658716757431e-06 2.9994141210311775e-06 2.804408964669515e-06 2.9876929749538297e-06 
2.897808701662185e-06 2.9012246022737995e-06 2.9960259476013197e-06 2.8010200460173735e-06 2.9843376465431268e-06 
2.8980975783595593e-06 2.9015559230399005e-06 2.9963350419881367e-06 2.8013274300747434e-06 2.9846300727384425e-06 
2.903372618867049e-06 2.906692923701212e-06 3.001494474268782e-06 2.8065250346531697e-06 2.9898518061906555e-06 
2.903472323514389e-06 2.9067474159583778e-06 3.0015971035937065e-06 2.8066174429743745e-06 2.989968070074333e-06 
2.9079987250412898e-06 2.9113435090901312e-06 3.0060151796870706e-06 2.811109765205204e-06 2.9943823406375545e-06 
2.9082517600354997e-06 2.9116154451115155e-06 3.006515742213231e-06 2.811487603959289e-06 2.994835463029977e-06 
2.9176314793515858e-06 2.920536055668401e-06 3.0154464323868923e-06 2.820569124094857e-06 3.0039845722035085e-06 
2.936570404581704e-06 2.9384783751103768e-06 3.033804785980762e-06 2.839052759731415e-06 3.0227510417655465e-06 
2.936450222095584e-06 2.940249647220429e-06 3.035738479983909e-06 2.840304524702807e-06 3.023748892631608e-06 
2.935764679405676e-06 2.9398420115145855e-06 3.0353027905334124e-06 2.8397951941186295e-06 3.0231844399243985e-06 
2.9383004445473453e-06 2.942198007522981e-06 3.037883932229389e-06 2.8423211114288836e-06 3.0258140357484185e-06 
2.941767845235717e-06 2.9454283948817084e-06 3.0418086717239777e-06 2.8459722304719674e-06 3.029735885263195e-06 
2.9414421519508123e-06 2.94532675486291e-06 3.041650587530924e-06 2.8457722910519137e-06 3.0294796706008535e-06 
2.9432479485754156e-06 2.947555742060308e-06 3.044022872731704e-06 2.8479424401351438e-06 3.031624519858655e-06 
2.9444556428134245e-06 2.94888743749437e-06 3.0455540665048394e-06 2.8493360584387145e-06 3.033062585069305e-06 
2.945393656236755e-06 2.9499985979671316e-06 3.046819015822597e-06 2.8504711535967795e-06 3.0342184844223885e-06 
2.9431851984366352e-06 2.9472777027766076e-06 3.0443611412757744e-06 2.848037687446242e-06 3.031962684820587e-06 
2.940630023057235e-06 2.9447023032821237e-06 3.0417663147287823e-06 2.845456099650752e-06 3.029380960215599e-06 
2.94020556409877e-06 2.9443307549723615e-06 3.0410495732434702e-06 2.8448958795990167e-06 3.0286968121688016e-06 
2.942689586452817e-06 2.947205261707668e-06 3.043884221791033e-06 2.8476320883710796e-06 3.031350463869371e-06 
2.946784220676145e-06 2.950890247342117e-06 3.0471704896185537e-06 2.851250971736322e-06 3.0349002747988434e-06 
2.94478498158584e-06 2.9493716073217206e-06 3.0453543647457233e-06 2.84943328101462e-06 3.0329033094949297e-06 
2.9486449745002275e-06 2.951615432576345e-06 3.0482662813798097e-06 2.852516933458074e-06 3.036479219166386e-06 
2.9487940362227637e-06 2.9499216964689626e-06 3.0475717507841603e-06 2.8518997570489526e-06 3.0365017396422086e-06 
2.9474698614977614e-06 2.9486824778529496e-06 3.0465238168990674e-06 2.8507269879886495e-06 3.035380868940951e-06 
2.9410828800725524e-06 2.942822279725216e-06 3.0405542148774138e-06 2.8446389533288576e-06 3.0291769474106327e-06 
2.952985193915958e-06 2.955791598158159e-06 3.0533976601952147e-06 2.857223344188636e-06 3.041528641671479e-06 
2.936203202602622e-06 2.9382922003117174e-06 3.0372675680658392e-06 2.8406150430130117e-06 3.025513383666795e-06 
2.936472704509477e-06 2.938544996241505e-06 3.0374567069087846e-06 2.840841374211171e-06 3.025721248244936e-06 
2.934765322513463e-06 2.9368418928031244e-06 3.0357913106164645e-06 2.839154016400906e-06 3.0240475217336128e-06 
2.9310806729634974e-06 2.932725732463512e-06 3.0326554524002235e-06 2.835662575019255e-06 3.0209538832834097e-06 
2.930260589322302e-06 2.9323038829568035e-06 3.0322894158786912e-06 2.8351441579768994e-06 3.0203873130026414e-06 
2.9280725255429097e-06 2.929825130767427e-06 3.030176893506091e-06 2.8329390392431377e-06 3.0183527137793813e-06 
2.9281631161022888e-06 2.929936667360635e-06 3.030319509216056e-06 2.8330599441125457e-06 3.0184800342215993e-06 
2.931116169166764e-06 2.9323290648973406e-06 3.032953977918782e-06 2.8357528823038256e-06 3.021342685788682e-06 
2.9327899468721922e-06 2.9340103072096203e-06 3.0348088504706897e-06 2.8375218159013383e-06 3.0231646346058182e-06 
2.931962090547703e-06 2.932531084121952e-06 3.033475255976196e-06 2.8363190029334553e-06 3.0221191432119547e-06 
2.9323373253895026e-06 2.932884615547393e-06 3.033820778521345e-06 2.836675664445533e-06 3.0224764188840865e-06 
2.930581422177372e-06 2.931172791026254e-06 3.0321872575945547e-06 2.8349879279199882e-06 3.0208086018425997e-06 
2.929883050001447e-06 2.9301195352393808e-06 3.0308827601702225e-06 2.8339176801939175e-06 3.0197168254539347e-06 
2.9439906141410794e-06 2.94155918266555e-06 3.0436915940351264e-06 2.8469109857219306e-06 3.033574365803356e-06 
2.9411877414142256e-06 2.9389814942729836e-06 3.0409193069959955e-06 2.8441598323697013e-06 3.03072698024474e-06 
2.9390278399339174e-06 2.9370190060105584e-06 3.038512755659643e-06 2.841907350495176e-06 3.0283007676033973e-06 
2.9396420549620076e-06 2.937570838788237e-06 3.039031383047433e-06 2.84246297516274e-06 3.028854921890104e-06 
2.9395280308273325e-06 2.9374207030547398e-06 3.0388879167466575e-06 2.842327612626808e-06 3.028727660813413e-06 
2.93131904571241e-06 2.9292094104498875e-06 3.03067505779062e-06 2.834107372828084e-06 3.0205163860076136e-06 
2.929433913892181e-06 2.9272496858381936e-06 3.029414751300663e-06 2.8325236182652716e-06 3.0191737697736704e-06 
2.9228733362158852e-06 2.92022439059639e-06 3.0227631543708345e-06 2.825829132644571e-06 3.0126821295430064e-06 
2.9264176054284084e-06 2.92343816444764e-06 3.0259359782461935e-06 2.829131451924122e-06 3.016020333345362e-06 
2.9352758446287302e-06 2.932151473946907e-06 3.0347554154028077e-06 2.837954597703951e-06 3.0248911532107207e-06 
2.9372150308174653e-06 2.9345260593205336e-06 3.0371425668126177e-06 2.8401986035861634e-06 3.0270672489363246e-06 
2.9350020067095846e-06 2.932200553866001e-06 3.035144981615531e-06 2.8380735769264027e-06 3.0250682355219766e-06 
2.932598043972944e-06 2.9293595485774974e-06 3.0316276591159304e-06 2.8350260359309943e-06 3.021874983738811e-06 
2.931541732067878e-06 2.928490334066519e-06 3.030892824992438e-06 2.8341638161711916e-06 3.0210276970573026e-06 
2.9317686795450047e-06 2.92962037240611e-06 3.0316765502927752e-06 2.8348301222752643e-06 3.0214366706760697e-06 
2.9319284379278174e-06 2.9297000500655757e-06 3.0317592580998285e-06 2.8349370077906212e-06 3.021557284349646e-06 
2.929989183223698e-06 2.928134958872694e-06 3.0299889569639395e-06 2.8331466753372238e-06 3.019642179679177e-06 
2.947167172296772e-06 2.945156994874848e-06 3.046863428006116e-06 2.8501620922793514e-06 3.0366159471120025e-06 
2.946818509457285e-06 2.944846822679023e-06 3.0470543797967563e-06 2.850093479981664e-06 3.0367037727342465e-06 
2.94778318685599e-06 2.945849019528561e-06 3.0479604458895623e-06 2.851035945432211e-06 3.0376080519143916e-06 
2.945564891710162e-06 2.9436325389904426e-06 3.046183366735689e-06 2.849040114736993e-06 3.035755907815974e-06 
2.9454974620377484e-06 2.9436124783529356e-06 3.045932900818822e-06 2.848887610028401e-06 3.0355216529949035e-06 
2.9514749788401e-06 2.9501997212170987e-06 3.0513968610044512e-06 2.854718105216969e-06 3.0408825612393827e-06 
2.953060466474285e-06 2.952280020960735e-06 3.0542319622717252e-06 2.857026591352079e-06 3.043352678540638e-06 
2.9538198627572973e-06 2.953080324264893e-06 3.0547896728568096e-06 2.8576913668112073e-06 3.043931698406354e-06 
2.955550961128482e-06 2.954747583409809e-06 3.056462049968865e-06 2.859383192294594e-06 3.0456337963689657e-06 
2.956218817107481e-06 2.9559115584141425e-06 3.0573105201283915e-06 2.8602313234326153e-06 3.046297383690862e-06 
2.94913659104705e-06 2.949122061899057e-06 3.050605184654957e-06 2.8533851417928773e-06 3.039437580369278e-06 
2.9378537349826196e-06 2.9392761149926167e-06 3.0395457772395394e-06 2.842461746918557e-06 3.0278935414916057e-06 
2.9295696389775176e-06 2.9310697639838257e-06 3.0317510765642246e-06 2.834431163754115e-06 3.019992476599812e-06 
2.929714277769221e-06 2.931249710885118e-06 3.031915032849314e-06 2.8345921638695416e-06 3.0201421753530076e-06 
2.9322452552190563e-06 2.9350785008852985e-06 3.0353556092353595e-06 2.8378247194395006e-06 3.023025086899435e-06 
2.929851144007212e-06 2.9328912456629056e-06 3.032601788056929e-06 2.835283197472102e-06 3.020267489469667e-06 
2.9186180655365544e-06 2.9206737234594573e-06 3.020850654914001e-06 2.823594551009217e-06 3.0089108801523624e-06 
2.910864710130983e-06 2.913983898016287e-06 3.0136949901438722e-06 2.8163310831255106e-06 3.0013235446806937e-06 
2.9134415774803916e-06 2.9167020694837394e-06 3.0166417532932515e-06 2.8191247564807978e-06 3.0041638727719856e-06 
2.914355320219248e-06 2.916655038581355e-06 3.016977428439942e-06 2.8195695290362174e-06 3.004896199145814e-06 
2.9103764981342198e-06 2.9130607466996825e-06 3.0133551231872834e-06 2.815837933767277e-06 3.001094241874454e-06 
2.910567403107235e-06 2.913253945541704e-06 3.013559483952919e-06 2.816036317901848e-06 3.0012956126459513e-06 
2.9061303010856402e-06 2.9091505652405114e-06 3.0092861121180355e-06 2.8117387878654274e-06 2.9968909136799e-06 
2.9047504397610244e-06 2.90810842350455e-06 3.0080656149770606e-06 2.8105005711895313e-06 2.995538424495748e-06 
2.9035667880149144e-06 2.9065245444376985e-06 3.006276134297735e-06 2.808934026144723e-06 2.9939757059916773e-06 
2.9022962000890023e-06 2.9054231039648567e-06 3.005174333772218e-06 2.807778877494375e-06 2.992792844487757e-06 
2.9110487206581813e-06 2.9156097213412557e-06 3.0148312861838063e-06 2.81726653266191e-06 3.001850084930554e-06 
2.89951458531512e-06 2.90412382228027e-06 3.0039929314606722e-06 2.806083322829315e-06 2.99088027868717e-06 
2.8946690287381417e-06 2.898703124308555e-06 2.9992761793591876e-06 2.8011924288392072e-06 2.9863213439354858e-06 
2.8940491852124064e-06 2.8979805928194963e-06 2.9985944955470105e-06 2.8005213855218e-06 2.985682095330361e-06 
2.884541575735596e-06 2.887756797903212e-06 2.989135092840732e-06 2.7908979320526032e-06 2.9764380912296177e-06 
2.886543194082664e-06 2.8902140067357198e-06 2.991796681955032e-06 2.7933243345185404e-06 2.9788465512840027e-06 
2.8868921137134854e-06 2.890468732277895e-06 2.991910030181014e-06 2.7935350313389353e-06 2.9790288958450116e-06 
2.8899744040597135e-06 2.893480682538734e-06 2.9949815598365673e-06 2.7966024447255697e-06 2.98212397086528e-06 
2.890318203462888e-06 2.8943321071922054e-06 2.995611176388129e-06 2.797185954964239e-06 2.982547369775257e-06 
2.882366343641222e-06 2.886371154583144e-06 2.987012875417022e-06 2.7888910423018385e-06 2.974061203297946e-06 
2.887511751490081e-06 2.8915123444329394e-06 2.9918919152180725e-06 2.793904792322864e-06 2.978986119612543e-06 
2.887847037917667e-06 2.891710628875782e-06 2.9920090530470866e-06 2.7941036399685036e-06 2.9791826431744397e-06 
2.8889358085390156e-06 2.8926122787504038e-06 2.992979182246261e-06 2.7950985987250737e-06 2.9802309807014703e-06 
2.8897006412278634e-06 2.8932321073860346e-06 2.9940536047890155e-06 2.7959963784052733e-06 2.981298395627725e-06 
2.8898857755397267e-06 2.8936533775888557e-06 2.9949005153291292e-06 2.796564911969732e-06 2.9819602947136513e-06 
2.8840898594053123e-06 2.8882659750447626e-06 2.9888884328060224e-06 2.790725873763557e-06 2.97585770964177e-06 
2.8710988710535784e-06 2.87411785585631e-06 2.975265098348198e-06 2.7771851493064786e-06 2.9627018618159772e-06 
2.8740445144393706e-06 2.876519867245874e-06 2.9782631636400437e-06 2.7800632385623385e-06 2.9658601124295473e-06 
2.8693811334343878e-06 2.8722453190993243e-06 2.973446822715404e-06 2.775385888798579e-06 2.9609487906595473e-06 
2.8712158752273955e-06 2.8738748280648703e-06 2.9757063780729187e-06 2.7774044462904647e-06 2.963200521954247e-06 
2.8942925886482464e-06 2.897137071921082e-06 2.9994633200606994e-06 2.800891263930344e-06 2.986783882236225e-06 
2.8956892514357397e-06 2.898535367795365e-06 3.000688114155996e-06 2.8022007604417762e-06 2.988037081404762e-06 
2.8910894244033765e-06 2.8936293497512024e-06 2.9955979331256787e-06 2.7972879060094904e-06 2.9831250842613412e-06 
2.895786737107315e-06 2.8981408153392504e-06 3.0003870728315464e-06 2.8020046549689834e-06 2.9879563262208937e-06 
2.8934899217872084e-06 2.8955356605685173e-06 2.997569138938052e-06 2.7993815492814548e-06 2.9853223160684285e-06 
2.891487260636405e-06 2.8922779764953847e-06 2.995223092256975e-06 2.796978166611057e-06 2.983424544023422e-06 
2.8908629177356627e-06 2.8912944477839773e-06 2.994182985897354e-06 2.7960757208537336e-06 2.9825662952639866e-06 
2.872364151597204e-06 2.8727632948690167e-06 2.976617911072203e-06 2.778034723368797e-06 2.964854335090519e-06 
2.8725418234624993e-06 2.8744911175348564e-06 2.9768056217232467e-06 2.778488507262632e-06 2.9645586488874172e-06 
2.864542092365213e-06 2.8664179637386087e-06 2.9687272647640786e-06 2.7704262805347626e-06 2.9565167618143007e-06 
2.851607747780535e-06 2.8553447054529795e-06 2.955339616446083e-06 2.7575806970467272e-06 2.942626985723936e-06 
2.8527766579843297e-06 2.8570097667341484e-06 2.958124932450224e-06 2.759671152785781e-06 2.944985685681861e-06 
2.8618605194396043e-06 2.866263282812029e-06 2.9677574673449247e-06 2.7690795527519914e-06 2.954472489258262e-06 
2.8557046296325945e-06 2.8601229529750702e-06 2.9632182828915935e-06 2.763762247687447e-06 2.9496564040962896e-06 
2.848479232193808e-06 2.852986245424804e-06 2.9557180342049234e-06 2.7564006164768026e-06 2.9421753490971384e-06 
2.8520259368068993e-06 2.856417755882448e-06 2.9592603515122775e-06 2.7599284330568467e-06 2.9457540154018955e-06 
2.8520205679086285e-06 2.856662722695472e-06 2.959233498178574e-06 2.75995649032398e-06 2.945652919886007e-06 
2.857089699853218e-06 2.8619537052813504e-06 2.964976202369646e-06 2.7654237717154262e-06 2.9512127731174473e-06 
2.853621019511912e-06 2.8584699283284802e-06 2.961555222826232e-06 2.761973640919169e-06 2.9477886677686727e-06 
2.843856311302066e-06 2.849566841213227e-06 2.9526189650039726e-06 2.752787699187536e-06 2.9384454382397514e-06 
2.844168123084624e-06 2.8496748831153503e-06 2.9527899475893625e-06 2.752989270020049e-06 2.938703511674415e-06 
2.8398943269773224e-06 2.845482049555085e-06 2.9481913825599556e-06 2.7485543399381994e-06 2.9341347721431167e-06 
2.846087839820566e-06 2.8514546417045737e-06 2.95428498061127e-06 2.7546626665205525e-06 2.9403135151222807e-06 
2.850064118149505e-06 2.854963282571749e-06 2.957381867093757e-06 2.758098715731572e-06 2.94370379436926e-06 
2.8502453642496973e-06 2.855375219091674e-06 2.958114163621105e-06 2.7586100392071646e-06 2.9442714621362774e-06 
2.8420565748039106e-06 2.8469368679894296e-06 2.9499199988173316e-06 2.750364795904465e-06 2.9361563508914024e-06 
2.8426439257002363e-06 2.8475439773053363e-06 2.950489735321242e-06 2.7509470704461908e-06 2.9367228739047824e-06 
