-38.65102281971068 106.22766626826183 628.8129499916192 
-40.7044002304575 106.06869046532849 627.8534868177745 
-43.76322713031796 106.86982175414886 627.1566663009211 
-47.49484312361109 100.46891226774386 633.5521989708217 
-44.40721458739623 94.56231704879792 634.1253055251168 
-44.28077443384402 94.52073351123704 634.6581928440017 
-43.9598141074412 95.67484424136227 634.6140523825707 
-41.027861644039994 95.25160163139213 635.4235822574958 
-40.5765339480497 95.62062164568728 635.4547864018921 
-40.58823501301453 95.6077766625432 635.4580692900228 
-40.26304622743753 94.45862081682702 634.1740627694955 
-41.0885004606575 101.5785279029168 635.1335578030107 
-39.29503557687242 101.05040299676014 634.0764581376243 
-45.2269679779635 102.74692364067499 637.9921735652193 
-44.773282335912455 104.24636628054527 637.0944206780734 
-45.64129010278294 104.054117393558 636.4958584859601 
-45.44020087863667 102.56293091661642 636.5005927129905 
-44.73603127891557 103.0617142821698 634.1592467074792 
-44.00308561651188 101.1353112330125 634.0493372870831 
-43.56687052340078 100.95935711362581 633.4034865189698 
-35.97436852348576 103.3192640438831 631.2079563375968 
-32.64680391126416 102.68777040510334 629.5128711667155 
-33.38479511493854 98.61766170273363 630.8581164692202 
-33.43995169487758 98.68344565003177 630.8421179059883 
-31.666807268264623 99.98619871174652 632.9598419253138 
-31.505674974298973 99.22463324161907 632.0988996934657 
-28.375571370255802 96.4583693734093 630.3182114767048 
-26.451780574963706 89.67013327127034 631.7371578825042 
-26.346550791104896 89.86804495220535 631.4536670905209 
-27.045807145660703 91.79704165566189 630.3802919056211 
-27.85387292512524 96.40225650803019 630.0267439463657 
-28.483188461986472 96.61738521334661 628.919245294055 
-28.60253753262812 96.74282201504548 628.7817798319477 
-29.031535503890055 96.1325018459653 630.1517990112991 
-32.643916435656784 90.07119363411287 633.909247638671 
-32.92806932484726 90.04911387646636 633.5975464392736 
-33.13792245368909 87.78389701996515 633.5214090513944 
-33.15804731743772 87.83860876196303 633.5217631109786 
-33.58251736906138 88.14182081161105 633.3768200774053 
-34.003842352795026 89.97922452947458 632.2513641563373 
-27.436337690994876 91.60238440356964 634.6474209113029 
-28.69639559330814 91.52367988385193 635.9587125925326 
-29.73153882063818 90.33224426021394 634.1131873576938 
-29.82834213552172 91.07760642623697 634.2582871713139 
-30.924203791655216 87.00612104843823 636.1018229618957 
-32.64384492677547 85.16101377830218 634.4803085887155 
-38.113375398348865 86.46366039089011 639.9737070319593 
-38.08247697470241 86.48797176383555 639.9655962666935 
-33.76371984396607 84.96125586088158 635.8875168066991 
-30.304945325050667 88.39001811515908 639.4571432265014 
-30.20089699766391 88.20711877647302 639.4276338326233 
-30.086091474208985 87.32712603763868 638.4651193481245 
-29.173024280522004 88.25794074512982 638.910538979573 
-30.030774645921433 88.51311302045548 640.1851774849249 
-29.639786812595567 88.47928609405488 640.1131806580873 
-32.73076846285779 87.0502890062927 640.1004374861727 
-31.97895105259639 87.64377129199987 639.9878717820137 
-29.887978975895578 86.69307379591854 639.6822540221816 
-30.576635852082074 87.62934797069971 639.2244993415718 
-32.832237769718475 86.72733168866611 640.2164717787085 
-37.3204024589904 89.08287470023913 636.7944527359788 
-36.000213513442645 90.68742071861857 635.3917824748006 
-35.49490306210422 91.05292767427679 635.2831790038475 
-34.47623170287841 88.34055496969782 632.4726440739101 
-32.98677646606105 87.50617975769858 631.9212554996471 
-33.41963086620551 88.50807668748375 635.4632561658441 
-34.732041782925926 88.6189119266902 635.4870033096929 
-36.67354730404438 90.98139390941088 635.3787068003686 
-35.73342530369178 91.37052225459146 631.4524963821526 
-35.72124878352678 91.26894920417885 631.6888959391671 
-40.404402727608414 85.00982454609456 627.7147914163177 
-40.36063699706847 85.03649403136606 627.7207422664255 
-39.1546352591896 81.40924586708901 625.9646843414612 
-39.36340101248831 82.03811728752615 625.9022373776625 
-41.19874649044721 86.45286364826973 623.5106424008109 
-46.942490153863176 92.53733196111224 626.0430069763853 
-48.333203002736006 89.77634834580687 626.1504167005562 
-48.52441126218734 89.53976048367119 626.4831750544416 
-49.08595106676872 91.27036746690274 626.055105598744 
-49.11796592875164 91.30837453564216 626.003121591463 
-49.064903670574395 91.47073532991334 625.8393474109336 
-49.08238012015704 92.64210756870513 627.4140247759182 
-48.932436314786955 93.402319231073 627.8125188598212 
-48.83127716933952 93.16299609159793 628.5177993287813 
-46.06548285935354 90.17048930166162 630.1192474801843 
-45.98080410624746 90.26783503503668 630.1358491311377 
-46.42211438735641 90.18107704473863 629.9779242277829 
-46.23601694405787 90.1083477286164 630.6461048673095 
-49.37005920654887 91.51837270400503 627.4483985563945 
-46.98801056028742 92.95399520504965 632.9415464804316 
-51.42967808809019 88.84060528878616 632.5308882554099 
-49.561992709758776 88.6279689019238 631.1096041297029 
-47.34994331239686 91.80894124765129 629.1018254563936 
-46.622856910142886 91.62982605206362 630.0814410734155 
-49.71876436772935 89.79607089593124 627.6476285726022 
-54.15178417011716 92.44183706154148 622.1063225996905 
-53.36030696046392 94.4719255613976 619.0194647785609 
-51.35797845215807 92.53626427893413 618.768636359331 
-52.483906059404895 91.56376343179953 616.8558983320861 
-48.99938265383711 89.36024490014816 617.0085664035802 
-49.09376027487265 88.93672622681042 616.844206664126 
-49.07267409948042 89.82234589810037 619.6891129274874 
-49.286139784667824 89.3205014491602 621.0144015442071 
-48.50538765165411 91.11271656188615 621.5924593109562 
-52.06741560481713 90.03447448089355 619.5092505277339 
-52.0760797755527 90.03372700428697 619.5134748007645 
-51.21670799315462 89.58742847051907 617.2649896685958 
-50.090719308754224 89.22996145751902 617.6225080020082 
-51.552686111403176 88.66384977721985 616.0656033641911 
-51.327108396200735 88.96421347444782 615.5834532133931 
-45.27566013054653 98.98211301730217 612.3105374485004 
-44.67003028574173 99.19403916115398 613.0539298054163 
-43.2269933290801 102.39649585877102 609.4754367000879 
-39.24674330306226 100.71094326550485 609.3709002119723 
-39.35313851783951 100.93704165127373 609.1033112664683 
-39.00368580350721 101.18906007991784 609.0210045609812 
-37.1851979338103 100.05908622334506 610.1101925332794 
-37.29430807550126 100.01062198981349 609.9224893080514 
-35.8365517792569 100.30403816316782 612.7529831198823 
-39.20615822660179 105.70969704115177 609.4597628325264 
-38.852540726286364 105.40478640263385 609.4137440704912 
-37.11762481460937 106.73142958597549 607.4057887558407 
-37.46512224225718 109.54337273767439 608.9437346685407 
-38.295010889753385 111.57691814732408 609.0773697054395 
-39.462026790821376 113.34649693360062 610.2060116862333 
-39.09850966380022 113.80169901601079 610.4160127781423 
-39.180575550030426 114.04275023476819 610.2171526665729 
-39.76221520530099 115.46992857633346 609.9741151033747 
-39.71627674990843 114.80431723454384 610.2627630549258 
-40.044610269660716 115.49272569537466 610.687017847691 
-39.52308096028637 115.8196045552921 610.2003213090136 
-36.405916740639476 114.08517581398789 610.052681509989 
-39.418588526770804 115.76147851498436 605.9436171004066 
-37.43435444031373 116.98073740384031 606.0272354545807 
-36.6431403274376 117.27590195783708 605.705510667516 
-37.56849586808792 116.36136890361665 608.3123383020366 
-40.3019308407655 115.01116509124634 609.0389973140832 
-40.51077582772194 114.92424548295128 609.4411420485308 
-42.04594641602896 113.7602526422952 609.3081684615444 
-40.516231596471556 113.57271650034563 608.5458739544355 
-40.24553782850847 113.12548292585689 608.2707859201562 
-40.166844916313245 125.60201576599222 602.5754981658538 
-43.691025859736364 124.66247985618551 594.9933314926507 
-44.31299437954775 124.46676526239473 595.2263865187263 
-40.71165195453553 123.92961639876718 594.9612093418428 
-41.330239517011115 124.30243637306336 595.3825757438241 
-39.870667773522975 124.83677477513999 595.3001269641095 
-41.760511334506575 123.59797897293937 597.3530147131264 
-42.500364626002664 124.64300830272678 593.3688202694439 
-38.622800112954025 122.0871812590759 591.2588037378433 
-39.62056484124531 123.49597772676758 591.2123373495598 
-42.09590543692775 121.45756982305389 593.4018131046278 
-42.91370135466262 121.11841766977594 594.105293348549 
-47.12042680953837 117.64349212163415 595.8413741191824 
-50.33818422698606 118.76252741561413 593.9424254629911 
-50.432110157868465 118.80746908419628 593.8623697464773 
-48.46980371096507 121.74450613747499 592.2457593965034 
-47.33038392460016 124.62757542784563 594.3211218080266 
-46.74685118131712 124.95959865568251 593.991882382278 
-45.499448945892944 125.29486102557124 595.0069742775427 
-44.70734010668867 123.44441816028134 601.2725442081634 
-43.97040482474738 124.03305591223261 603.1445802460746 
-43.75974143775779 123.72022322420653 604.0326041388937 
-45.6102705569487 122.90525895279059 600.3634169573028 
-38.90380874194184 117.63012946202755 597.3789450122484 
-38.86643793539053 117.60457162031757 597.3523512414858 
-40.682976972061404 116.6797568945041 597.5540203491771 
-44.03320007908309 114.37693669612828 599.1632729435647 
-43.92865306575466 114.61887242955214 598.9473293948032 
-43.36363895193333 114.62298464720764 598.8854482059737 
-42.32322116188341 115.5167955167245 597.0464438567524 
-40.27014499561778 115.41898427554605 592.3320427133557 
-42.66547153114665 108.27165933793162 595.4166984922932 
-45.58844911264696 110.67960862095713 592.8186254372894 
-45.408690505632485 110.11561574351033 592.3424736744379 
-45.643011586334204 110.13737206927706 591.2775709111231 
-45.949075772132105 111.48451187838192 591.7524418484782 
-46.66751555932113 110.68997706988858 591.451754794533 
-43.93104994622995 112.08190175633817 596.434096792097 
-42.4299533449113 111.37491127723874 594.8174908420593 
-42.20165683861864 111.20226138390477 595.0803863182865 
-40.67174007919391 111.87391907916091 596.7276783934523 
-40.66031789454999 110.47751816213483 595.6331231366695 
-48.18228238849076 110.95252516559553 596.1778436188869 
-48.678549627631554 110.51494838025332 597.9881771425366 
-49.97821406220901 109.4722050658333 602.7061428970871 
-51.51791450026367 108.59462007525286 604.5706309642957 
-51.04130611885786 108.45916940636694 603.7718587384215 
-52.14145964747256 108.3792939804881 604.4011143123239 
-52.389848645718644 107.9828876678407 605.2888516169199 
-56.48646294860414 105.90445520931112 605.1846778953685 
-54.58602603182617 110.28093903893125 600.4814956368162 
-54.60631213650806 111.34972006402812 600.2006502765978 
-51.64248953364634 112.55653515672424 605.4711239372101 
-55.6181370591507 115.80508795799118 607.5700395503518 
-59.12533590553871 118.58985286054663 607.2871646311518 
-59.27731347466346 117.31068736956047 601.4164502899968 
-57.94669111644513 117.93975620298067 600.3606510959761 
-58.10313265966179 117.17690117672082 600.2192964871646 
-63.25769373781543 117.98978243299727 596.8914967505149 
-63.10449952584119 118.05044526754295 598.7357475977628 
-63.330204641166524 116.7576284672295 597.6776438297821 
-61.85267935485709 115.84292088077498 600.0399380920155 
-62.20406803270552 115.33466822476193 601.010314591719 
-63.796635713368865 113.55004730255483 597.9729923833039 
-62.60477315879993 111.33968574981223 595.0032787042007 
-65.57716664606653 106.79809968272566 588.7117097150239 
-66.96242672115564 109.57011014080638 585.2153937968585 
-66.00972314748073 110.06677630909732 583.6747434979251 
-67.82411722437786 107.22343287345969 590.720697576448 
-65.98074391053736 108.27563469127918 592.9229838106829 
-58.39971097880355 111.87544985113102 595.462574086462 
-58.72180278326788 113.05050764583511 594.672824009367 
-57.85365019723652 112.28452454381633 596.2191169872993 
-60.11675003324715 115.80265840380315 597.3442866162559 
-53.84476116041425 116.83575316865272 595.6142668868864 
-48.226771735383494 114.22975580067279 595.4304979446972 
-48.48746955359544 114.67303100207623 596.1518776080252 
-49.40734031768205 112.01479588466435 593.1807237781647 
-47.63155226640919 108.97916457015586 589.4409067454336 
-43.60330174323553 109.52559340097231 589.3431275956891 
-49.83339264945814 110.14580766136721 591.8267395321088 
-49.15282803655272 110.57710063632216 592.8108060234493 
-47.94320867005004 111.41379146741299 592.0423418047145 
-46.36588653387648 111.99461246774258 592.5405123694808 
-46.829473859855035 111.08715319838754 592.5652659963285 
-46.65115114926529 111.77058162641944 592.0138071393094 
-47.18772167754846 112.11570010336038 591.7294858708901 
-54.00383357705168 110.84038146789591 595.4886570625246 
-54.36697108037193 111.25834986559633 597.340741202147 
-55.2799330102726 114.88409575930535 595.8495986535546 
-54.79456280457041 114.81137358816524 596.5552681661158 
-55.11093241626542 114.89208401463915 597.0083915084037 
-55.63080224075131 115.994658943682 598.5031035888815 
-55.70548002418621 115.99247476287655 598.2810319662777 
-56.355168080696515 114.43475691428735 597.0336314719657 
-57.22342657812603 112.66961753255175 598.6336471493588 
-57.227696258546516 113.18005399587577 598.0642541633873 
-57.234888124505865 113.18538775099198 598.0597895215958 
-58.265222842495795 110.43519592526658 598.9142808881544 
-57.67884609777671 110.3096913977744 598.475564103851 
-58.962640254540105 108.91255569363366 598.0136773393369 
-58.69861611209327 108.0541353682996 596.2095257898417 
-57.411982575609905 107.54173552575358 595.0217678502855 
-58.10231291511063 104.70750879079216 597.7307342845265 
-58.25459151208417 106.3005251611544 597.9423045784465 
-58.630331696430126 105.22301019321425 597.7687024702293 
-62.21917732693574 105.80892324920988 598.5927741820839 
-64.42179566761925 100.44241846101126 596.1232694164546 
-64.59677429807101 100.26916665582301 596.8512172383455 
-62.36071497046226 94.52728964036388 595.5864079967096 
-62.67125171858086 93.96093947972261 596.6689278151177 
-64.68340009244477 94.53841680285882 598.4038270512905 
-64.73303464815949 92.62038243843566 595.4664833974786 
-66.72536507621732 99.43555244321608 592.9783713776402 
-64.55072657025318 95.34627424293639 593.9113232597592 
-64.52172051457401 95.03466803555882 592.5363031474658 
-64.06985846300964 94.74079590337332 591.8559753941719 
-61.31423262357718 98.33164939685247 589.5124876806613 
-61.276841212034284 100.01538319294583 589.9160346492091 
-59.55999464743366 101.32669440169077 587.354817195815 
-59.436966752709054 101.18581506522504 587.3217382326404 
-60.25831319875148 99.46550479396468 590.6562911835276 
-55.88279154195628 98.61034624725538 588.6328965076889 
-54.33373860945637 98.88698922805152 585.0146852019677 
-54.49575661939407 97.78677673650573 585.7470715281173 
-51.41820186201743 96.45766469906076 585.9015684492662 
-51.74464537399547 96.2345960833822 585.2963415450533 
-53.97603000490168 96.52094168169653 584.2021267435689 
-51.7697165327119 97.14968006057072 583.4216843855781 
-52.017098148486596 97.49353980480487 583.1928291520668 
-52.019540137100776 98.40764700493986 583.6028632874048 
-51.647890774440874 98.95527181430205 583.7410389019617 
-51.64249945692129 98.96375073909383 583.7471066623037 
-53.48163816869306 99.53754953526786 584.6020403904548 
-55.2334393329981 96.852112395453 588.2391668209639 
-48.817571059257304 101.43898989081863 590.5213924578944 
-48.257692862579184 102.55343063316732 589.4258388253908 
-47.7943388243543 102.69566921464121 589.73432990663 
-47.70527025101475 102.63975100980811 589.6986268676412 
-47.99343957902206 103.75695255046189 590.5338993256306 
-44.95519865441169 104.54165976355205 586.0488240566664 
-44.56600051068959 101.28481017897916 582.0067111985024 
-44.469877389417775 101.94709029922332 581.1846676715177 
-44.46069457406134 101.50673437888295 581.4400401200983 
-45.91718020174973 102.44589184184066 582.0582672872487 
-45.18796903853555 100.94119709656432 584.9039387068128 
-46.08143732484303 101.74209396048708 587.6037463467723 
-48.701837565175374 101.25419373957868 587.3295465829431 
-48.88551310084077 105.06435778483618 587.6917202124946 
-48.501553813126854 105.49672771000338 587.4762012403571 
-47.29420254805932 108.51123072488701 588.200409459697 
-47.299797522634954 113.32154160297226 586.7024659758351 
-46.14722199322752 112.62663965752404 585.4265765134905 
-45.77691031036693 113.11066579570735 584.4222435498342 
-44.30663189959696 114.89117891684971 584.3007532457708 
-45.80410040383762 113.63034566589499 585.1572246704598 
-50.321738817760384 117.04614596054822 585.8429598384427 
-49.836907015491924 116.98316267266405 586.3239404245735 
-49.66852133529468 116.3530538539801 586.8689570010024 
-49.41964360366049 116.3567327078575 586.4448721982063 
-50.5106774818125 115.63318196924271 585.8482338611944 
-51.57963205062367 113.1969333799416 584.5715262459184 
-48.801646044623176 111.45327351352636 588.5973823281349 
-50.621242693778136 110.50288040209122 580.9663459289425 
-45.42926470704306 112.6071123808764 579.8046959652698 
-48.21395519720943 109.54447945563979 578.081107471436 
-46.383407544892435 111.34049005804648 576.7463236227201 
-46.73674459439356 111.30075411985564 575.9250889964941 
-44.01623923980731 110.83499508267863 575.8851023876914 
-44.549575353598016 110.63054879865045 576.061976941158 
-44.54907878356006 110.63181462966571 576.0735655025267 
-42.79353324557344 110.97100689266797 574.0601512727769 
-46.61143037903694 110.59673679891418 572.6690138396903 
-47.52333682175129 112.31100237585704 570.8599748158325 
-47.21890695182733 109.17552774127154 570.9781154893668 
-47.66741092446372 109.52288014940349 571.0246295225508 
-48.1878003432882 108.00078960354594 572.4025574415062 
-49.0452280805945 104.93970533414716 572.90359672769 
-48.96860912792651 104.95575631072187 572.9940933907106 
-52.29329812915276 103.36825798558608 570.3208515667701 
-52.92784275947087 103.81262592747069 574.4855246378067 
-52.87038927391043 103.78416413183598 574.7159420680181 
-52.46090643405795 104.86772184907345 573.819277421232 
-50.34023137071795 105.48549676215835 573.7635992816292 
-50.40634772394929 105.47525727691405 573.7322181465753 
-48.06149078163632 103.73413687619951 570.8631838290623 
-52.092159967899 104.80775490142473 574.8934949141142 
-52.168093255723846 104.73757856632886 574.9134790876731 
-52.011000696944464 103.78213237284612 574.5691628070098 
-52.37465351547109 103.85326760888135 575.323782680754 
-54.20095249379384 104.75208694461433 575.190670157599 
-56.88582087752089 107.32571642060105 575.5528215176912 
-59.53784220100142 107.73135308044851 580.3660324355548 
-59.1846955015116 110.29388943496512 579.9042750199357 
-59.20822762512983 110.18688058674056 580.0429604427552 
-58.184093171238196 108.00722405892552 583.8092639067604 
-54.391012232541605 107.10555275621286 583.777836207224 
-57.00447419276278 107.78872599508969 582.0268504989381 
-57.15459637475814 107.72612089301711 582.2356586310598 
-58.92480580343666 106.59778827441747 581.9057016666143 
-58.15821333182686 105.76296917381275 582.8861378851441 
-59.76020029933106 108.303144106282 585.4176318851702 
-60.11311634881361 109.38766940162078 586.7456434707642 
-59.466910251996794 111.56587235415562 585.9206545446186 
-59.39894030266811 110.57402771287906 585.6135890235115 
-60.47447367321381 111.16949305569597 584.642939768204 
-60.25390908723053 111.00173187894491 584.9458831547637 
-62.04749617717352 114.62025295363101 583.2926481863772 
-64.74215905129267 118.24872225785847 582.055137057584 
-65.44804186520946 118.02988707196639 582.6548578322836 
-64.24904442904084 121.3559294084949 581.9311937861669 
-66.50168709375642 119.79637240636603 579.4224993382218 
-65.24755357094955 120.28598445886391 577.3067242428468 
-63.60088045611998 122.4513770053409 577.3128499831372 
-65.58182540925031 124.58242791509545 573.4609225556021 
-65.40785016621659 124.56071844392194 573.8509855822994 
-64.86267827981179 126.04805486559935 573.135022115727 
-65.7983384601464 129.92221243847916 573.0615499060546 
-64.5327192499378 130.8867537390305 577.4093346880004 
-57.51116832244764 130.493798039365 580.2207217872532 
-57.06824924327405 129.99307463806383 580.503591661218 
-58.999266360708575 126.7143004712543 583.6305151205996 
-57.84145097882488 128.33955149471046 582.7923719036467 
-56.77535592949413 122.68417381250578 582.8044928399125 
-56.88913645862354 124.63455266230037 583.5164735522042 
-57.606052008387245 126.15012564977472 582.2136458464146 
-53.42871129241495 127.00219959190593 582.3664180705792 
-54.55886781105514 127.11228269954549 582.9585452587646 
-53.060171172504454 126.79616356027596 582.5151925799504 
-52.82847920852188 126.13891381501745 583.2130490091208 
-52.56948336481957 125.50685581472013 584.3345611804752 
-52.072171388048226 125.17529880271697 584.2280740069288 
-56.219232539171884 122.2224552352803 584.7818477379329 
-55.43967895358731 123.10344633171161 583.3118923778499 
-54.844863006352895 125.51439908259914 582.8819758084402 
-57.46721407526367 125.45077805072638 581.5117159626658 
-55.79901549638671 123.4944304192735 581.5225899063928 
-55.30728794340663 119.18216917290289 579.9254805375735 
-56.96420252337443 118.98176736337827 582.856822882528 
-60.704468435090796 125.81483296955604 579.066307221454 
-57.641185564346145 125.99352088047368 577.9838924726115 
-57.11895296308047 126.39428442038694 576.4937490955219 
-52.36805894225109 124.97344934953135 577.5714433754266 
-52.260068529477785 125.14503972980881 577.4551988653806 
-51.96333997774519 124.8229848922314 578.6559902481889 
-51.9486324953572 124.05884502736257 578.5839347723916 
-51.424841836093336 123.67260880544242 578.5353058586605 
-50.57776213347666 123.76739423784635 578.5058210508715 
-50.25499745886869 123.99885808120153 577.532100836884 
-51.54879891907153 121.59414316701063 576.6454785237264 
-54.75201683159229 123.88316146768747 575.5929054646948 
-55.167198024889544 121.67804355075616 575.7514535067456 
-54.74083072507551 122.19666357440067 576.3372322462155 
-54.39376558005997 121.62813347860342 575.606679006315 
-57.42535509847729 122.46788406114963 577.0156449962116 
-58.15013835311006 124.02259996074889 577.6565006830186 
-52.526178588594924 124.34675903526215 581.1769355711857 
-50.58263605710888 122.91446504865505 582.2102094378718 
-49.5093337687837 124.03651223528249 581.9681557534358 
-49.79283905662579 124.23600129996248 580.9242616893379 
-53.61576153913026 125.98030466510653 580.4581705207621 
-53.58818306121536 125.98374614740702 580.3145402637327 
-52.22130335041567 125.32590684040284 580.2306729649473 
-52.49706704945594 122.00024495168618 580.2383219376778 
-54.3032289556233 121.55246485175854 582.889238860586 
-52.25689540779679 121.21582437141099 583.1118764993342 
-53.35600269517545 120.4477819330865 581.4350759552746 
-54.49664316885922 119.28762479936329 580.6552785161349 
-53.867811550414075 119.02508045849036 582.0716395862098 
-53.415007692959776 118.92446458883279 581.5950206033306 
-54.22253366744805 118.09060839059515 578.7987133574093 
-53.68732492796314 117.90257364449141 578.6409888832951 
-53.343646183186706 120.43231969571399 582.1297118745796 
-53.322095424868095 120.48470009510899 582.0211355114116 
-51.786204878282774 117.15258104645334 582.0839265296725 
-52.4439053902429 117.25185872046546 581.1888374794643 
-50.94163946987238 119.70885731815507 580.8066446137234 
-44.50225904958743 118.68632542800123 575.4525122698783 
-45.08629203649293 119.84238141463672 576.3965421716498 
-45.20346698882495 120.44089365090743 575.5732831595577 
-51.417772221893365 115.17845385318562 579.8255242091908 
-52.07131327885524 113.75065042389916 580.3781661044301 
-51.86799385716634 112.7801865871576 581.0036202174348 
-51.29963183814989 112.53108658802174 581.5856820677326 
-50.490743159287916 111.88219004905265 583.1012603785033 
-48.665660225654946 110.96176292842189 581.9429366218227 
-49.26224989154654 108.530883688473 583.4032350100356 
-49.284521596318726 108.86945159367043 583.7403045094883 
-49.35893131092127 111.29377256732592 584.1181017421318 
-48.55964510766528 110.97034428793752 584.2771454831371 
-48.68404547583915 110.95019426136662 584.280464062497 
-46.413235270368475 110.51872589189806 583.2827236446383 
-46.82971499839291 110.16260271411132 585.2028900981412 
-43.21014518109517 111.16492701997134 579.7053738751417 
-48.48988748675996 115.0447740265467 585.1586414532882 
-48.74083289668536 114.61909673023236 586.7607961540028 
-49.06973694765555 114.88616056241506 586.6982598369408 
-46.95136520635464 115.15385733966362 587.1290688508295 
-46.93438761604565 113.64644238272909 584.168480691311 
-47.32535993326126 112.99967860959867 584.7985563077737 
-47.98371881611041 111.74692132131845 585.1289727409843 
-47.977056270258274 111.74196685345254 585.1301726642192 
-46.70244599358089 107.91112968637091 587.3611753519895 
-46.86772812967905 107.55016207875778 585.3254233917612 
-49.59547651671541 107.89559342977294 588.4211303389861 
-50.082464009044216 108.7159612664965 588.5870787560078 
-49.959884344277995 108.78358610670286 588.0735492893876 
-49.63943263553601 108.97961418889125 588.0496804478116 
-44.008474080570885 107.0685382234339 589.3440330959237 
-48.086336733623156 109.79180630544444 589.8259990852175 
-48.948472757535704 108.92480586674992 590.6636606608297 
-49.03478487513838 108.92025915961325 590.437259414929 
-50.12273503210521 110.72322655663315 588.0361395785477 
-51.002478958372926 111.56796843716265 588.7847373403092 
-54.22364200933624 106.53134283214236 592.0771409450412 
-51.97393167939836 106.40512209737533 591.152421921372 
-54.78212707887574 105.29069375102587 592.9431224542312 
-52.14534750314652 106.110168936609 594.0488613449329 
-52.77335902991545 105.64106301335985 594.5708938889173 
-52.97500663190388 102.42454057357413 595.1758825967167 
-54.388196377434134 98.92506023334938 590.7643335471214 
-55.82202018753317 93.48745413358706 593.4044782124129 
-56.937702596836736 93.38644282575464 594.0611218689951 
-59.06827363249629 90.39847768786235 593.4751022333304 
-62.943395724908015 88.55760321017141 594.36849675887 
-62.801455671457845 90.58786394975458 593.557777967922 
-66.17264930225241 88.15724491998999 594.1949567202638 
-67.45232664229917 89.634491420201 594.9025778570284 
-65.75526822179015 88.04697222587527 594.7838495106585 
-65.64970396298001 86.36246697430929 595.8680654020411 
-67.03867522238214 87.96474931519853 596.1160533658326 
-67.213623498737 88.13903847653125 597.3537294738638 
-70.13678206471495 88.62663592890505 594.1352659366497 
-72.70973805194359 91.7858302332692 593.3154923247035 
-70.86382499688578 89.6868959250475 595.3402154545955 
-69.43196371877146 89.67346913873143 594.0353566359096 
-70.28252125933658 89.03776365146531 594.4573199749228 
-68.31551261572069 92.95063668749567 594.8045297757126 
-66.39871968080976 91.9016297184296 597.4187076326753 
-68.96526012756577 92.39839277568201 603.6470060557638 
-70.16923949032423 94.852092246053 605.135833000517 
-67.73255098108594 92.73115355839649 607.5730109756178 
-67.62058833145856 92.11748561654055 604.8053163590838 
-60.95031568698997 91.36378451410438 604.6309045674891 
-61.09464452369423 88.01328252489088 607.3128448693939 
-60.54160121324992 89.16581834691152 607.570714682155 
-57.95065293342355 87.53321999395553 610.4526419957953 
-59.75894279526847 87.88429000446574 612.609682116508 
-59.769948891803836 87.96939693164596 612.6261667320965 
-59.761486550197894 88.07202175828739 612.6950972555372 
-60.505642991062565 87.95076942783194 613.0649228574961 
-57.99751210887755 87.6893530908638 613.2594450640768 
-58.57531900206838 87.26315405742494 613.3426192772806 
-59.58396295232394 87.6883730856764 613.6402558255319 
-60.29162413179033 87.8053968202029 613.5718688677281 
-60.59927185431199 87.51742067161396 613.6166624951181 
-60.20903420095216 87.5125111915076 613.352230148555 
-60.596572959066144 89.48585938921406 616.3133194063785 
