8.225440979003906e-05
4.7206878662109375e-05
4.553794860839844e-05
4.649162292480469e-05
4.553794860839844e-05
4.5299530029296875e-05
4.601478576660156e-05
9.632110595703125e-05
4.696846008300781e-05
4.601478576660156e-05
4.57763671875e-05
4.57763671875e-05
4.673004150390625e-05
4.649162292480469e-05
4.57763671875e-05
4.553794860839844e-05
4.57763671875e-05
4.649162292480469e-05
4.6253204345703125e-05
4.553794860839844e-05
4.553794860839844e-05
4.5299530029296875e-05
4.553794860839844e-05
4.5299530029296875e-05
9.489059448242188e-05
4.887580871582031e-05
4.6253204345703125e-05
4.553794860839844e-05
4.553794860839844e-05
4.57763671875e-05
4.601478576660156e-05
4.6253204345703125e-05
4.601478576660156e-05
7.367134094238281e-05
4.76837158203125e-05
4.744529724121094e-05
4.6253204345703125e-05
4.553794860839844e-05
4.601478576660156e-05
4.57763671875e-05
4.553794860839844e-05
9.441375732421875e-05
4.696846008300781e-05
4.6253204345703125e-05
4.57763671875e-05
4.57763671875e-05
4.649162292480469e-05
4.5299530029296875e-05
4.553794860839844e-05
4.601478576660156e-05
4.649162292480469e-05
4.5299530029296875e-05
4.6253204345703125e-05
4.57763671875e-05
4.601478576660156e-05
4.5299530029296875e-05
4.57763671875e-05
4.553794860839844e-05
4.696846008300781e-05
9.417533874511719e-05
4.696846008300781e-05
4.57763671875e-05
4.57763671875e-05
4.553794860839844e-05
4.553794860839844e-05
4.6253204345703125e-05
4.601478576660156e-05
4.601478576660156e-05
4.553794860839844e-05
4.601478576660156e-05
4.553794860839844e-05
4.6253204345703125e-05
4.744529724121094e-05
4.57763671875e-05
4.553794860839844e-05
4.649162292480469e-05
9.393692016601562e-05
4.744529724121094e-05
4.601478576660156e-05
4.5299530029296875e-05
4.553794860839844e-05
4.601478576660156e-05
4.601478576660156e-05
4.57763671875e-05
4.696846008300781e-05
4.649162292480469e-05
4.5299530029296875e-05
6.723403930664062e-05
0.00011587142944335938
4.863739013671875e-05
4.839897155761719e-05
0.0001125335693359375
4.792213439941406e-05
4.6253204345703125e-05
4.649162292480469e-05
4.57763671875e-05
4.553794860839844e-05
4.553794860839844e-05
4.5299530029296875e-05
4.553794860839844e-05
4.57763671875e-05
6.389617919921875e-05
4.7206878662109375e-05
4.553794860839844e-05
4.553794860839844e-05
4.506111145019531e-05
4.601478576660156e-05
4.553794860839844e-05
4.5299530029296875e-05
0.00016736984252929688
4.744529724121094e-05
4.57763671875e-05
4.649162292480469e-05
4.601478576660156e-05
4.6253204345703125e-05
4.57763671875e-05
4.553794860839844e-05
4.673004150390625e-05
4.601478576660156e-05
4.57763671875e-05
4.553794860839844e-05
4.5299530029296875e-05
4.601478576660156e-05
4.553794860839844e-05
4.5299530029296875e-05
0.0019037723541259766
5.078315734863281e-05
0.00010991096496582031
4.744529724121094e-05
4.6253204345703125e-05
4.601478576660156e-05
4.57763671875e-05
4.649162292480469e-05
4.6253204345703125e-05
4.744529724121094e-05
4.6253204345703125e-05
6.866455078125e-05
4.76837158203125e-05
4.696846008300781e-05
4.6253204345703125e-05
4.696846008300781e-05
4.649162292480469e-05
4.6253204345703125e-05
4.601478576660156e-05
6.556510925292969e-05
4.601478576660156e-05
4.696846008300781e-05
4.601478576660156e-05
4.601478576660156e-05
4.601478576660156e-05
4.601478576660156e-05
4.553794860839844e-05
4.601478576660156e-05
4.696846008300781e-05
4.792213439941406e-05
4.57763671875e-05
4.649162292480469e-05
4.6253204345703125e-05
4.744529724121094e-05
4.553794860839844e-05
9.512901306152344e-05
4.76837158203125e-05
4.649162292480469e-05
4.57763671875e-05
4.696846008300781e-05
8.511543273925781e-05
4.7206878662109375e-05
4.673004150390625e-05
4.673004150390625e-05
4.696846008300781e-05
4.6253204345703125e-05
4.601478576660156e-05
4.553794860839844e-05
4.839897155761719e-05
4.601478576660156e-05
4.6253204345703125e-05
4.601478576660156e-05
9.632110595703125e-05
4.696846008300781e-05
4.601478576660156e-05
4.649162292480469e-05
4.696846008300781e-05
4.649162292480469e-05
4.792213439941406e-05
4.553794860839844e-05
4.6253204345703125e-05
4.601478576660156e-05
4.57763671875e-05
4.57763671875e-05
4.6253204345703125e-05
4.6253204345703125e-05
4.57763671875e-05
4.57763671875e-05
4.57763671875e-05
4.57763671875e-05
9.5367431640625e-05
4.696846008300781e-05
4.553794860839844e-05
4.553794860839844e-05
4.57763671875e-05
4.601478576660156e-05
4.601478576660156e-05
4.601478576660156e-05
4.553794860839844e-05
6.771087646484375e-05
4.7206878662109375e-05
4.6253204345703125e-05
4.649162292480469e-05
4.601478576660156e-05
4.6253204345703125e-05
4.649162292480469e-05
4.601478576660156e-05
0.00017189979553222656
5.078315734863281e-05
4.9114227294921875e-05
4.887580871582031e-05
4.935264587402344e-05
5.984306335449219e-05
4.649162292480469e-05
4.601478576660156e-05
4.6253204345703125e-05
4.601478576660156e-05
4.6253204345703125e-05
4.744529724121094e-05
4.6253204345703125e-05
4.57763671875e-05
4.673004150390625e-05
4.649162292480469e-05
0.00014209747314453125
6.29425048828125e-05
6.008148193359375e-05
4.649162292480469e-05
4.601478576660156e-05
4.649162292480469e-05
4.6253204345703125e-05
4.601478576660156e-05
4.696846008300781e-05
4.673004150390625e-05
4.57763671875e-05
4.673004150390625e-05
4.673004150390625e-05
4.673004150390625e-05
4.601478576660156e-05
9.34600830078125e-05
4.673004150390625e-05
4.601478576660156e-05
4.6253204345703125e-05
4.601478576660156e-05
4.601478576660156e-05
4.57763671875e-05
4.553794860839844e-05
4.6253204345703125e-05
4.57763671875e-05
4.744529724121094e-05
4.649162292480469e-05
4.649162292480469e-05
4.696846008300781e-05
4.553794860839844e-05
4.57763671875e-05
4.57763671875e-05
4.696846008300781e-05
9.560585021972656e-05
4.673004150390625e-05
4.57763671875e-05
4.57763671875e-05
4.553794860839844e-05
4.6253204345703125e-05
4.553794860839844e-05
4.601478576660156e-05
4.57763671875e-05
4.57763671875e-05
6.508827209472656e-05
4.7206878662109375e-05
4.553794860839844e-05
4.601478576660156e-05
4.57763671875e-05
4.57763671875e-05
4.553794860839844e-05
4.6253204345703125e-05
9.775161743164062e-05
4.6253204345703125e-05
4.6253204345703125e-05
4.553794860839844e-05
4.601478576660156e-05
4.601478576660156e-05
4.57763671875e-05
4.5299530029296875e-05
4.553794860839844e-05
4.57763671875e-05
4.601478576660156e-05
4.553794860839844e-05
4.601478576660156e-05
4.553794860839844e-05
4.57763671875e-05
4.553794860839844e-05
4.5299530029296875e-05
9.417533874511719e-05
4.744529724121094e-05
4.553794860839844e-05
4.5299530029296875e-05
4.57763671875e-05
4.553794860839844e-05
4.601478576660156e-05
4.553794860839844e-05
4.6253204345703125e-05
4.6253204345703125e-05
4.6253204345703125e-05
4.57763671875e-05
4.601478576660156e-05
4.6253204345703125e-05
4.57763671875e-05
4.553794860839844e-05
4.5299530029296875e-05
4.57763671875e-05
9.441375732421875e-05
4.673004150390625e-05
4.649162292480469e-05
4.673004150390625e-05
4.601478576660156e-05
4.6253204345703125e-05
4.6253204345703125e-05
4.601478576660156e-05
4.673004150390625e-05
4.601478576660156e-05
4.649162292480469e-05
4.601478576660156e-05
4.57763671875e-05
4.57763671875e-05
4.57763671875e-05
4.6253204345703125e-05
4.673004150390625e-05
4.649162292480469e-05
0.000110626220703125
6.0558319091796875e-05
4.57763671875e-05
4.57763671875e-05
4.57763671875e-05
4.553794860839844e-05
4.57763671875e-05
4.649162292480469e-05
4.6253204345703125e-05
6.461143493652344e-05
4.935264587402344e-05
9.584426879882812e-05
8.463859558105469e-05
4.887580871582031e-05
6.556510925292969e-05
0.00012111663818359375
9.5367431640625e-05
4.887580871582031e-05
6.437301635742188e-05
8.749961853027344e-05
0.0001010894775390625
4.601478576660156e-05
4.649162292480469e-05
4.57763671875e-05
4.6253204345703125e-05
4.57763671875e-05
9.441375732421875e-05
4.76837158203125e-05
4.601478576660156e-05
4.6253204345703125e-05
4.601478576660156e-05
4.6253204345703125e-05
4.553794860839844e-05
4.57763671875e-05
4.6253204345703125e-05
0.005594491958618164
5.412101745605469e-05
4.673004150390625e-05
4.649162292480469e-05
4.649162292480469e-05
4.649162292480469e-05
4.6253204345703125e-05
4.601478576660156e-05
4.6253204345703125e-05
4.744529724121094e-05
4.649162292480469e-05
4.601478576660156e-05
6.651878356933594e-05
6.723403930664062e-05
4.744529724121094e-05
4.673004150390625e-05
4.6253204345703125e-05
4.57763671875e-05
4.553794860839844e-05
4.553794860839844e-05
4.57763671875e-05
4.57763671875e-05
4.553794860839844e-05
0.00018453598022460938
4.863739013671875e-05
4.649162292480469e-05
4.649162292480469e-05
4.6253204345703125e-05
9.870529174804688e-05
0.00010085105895996094
7.677078247070312e-05
0.00013899803161621094
0.00012111663818359375
0.0001404285430908203
6.413459777832031e-05
5.054473876953125e-05
9.322166442871094e-05
0.00013113021850585938
6.151199340820312e-05
4.6253204345703125e-05
4.601478576660156e-05
4.553794860839844e-05
4.5299530029296875e-05
4.6253204345703125e-05
4.601478576660156e-05
4.649162292480469e-05
4.57763671875e-05
4.553794860839844e-05
4.5299530029296875e-05
4.601478576660156e-05
4.57763671875e-05
4.57763671875e-05
4.57763671875e-05
4.553794860839844e-05
0.00013327598571777344
6.127357482910156e-05
4.601478576660156e-05
4.5299530029296875e-05
4.553794860839844e-05
4.553794860839844e-05
4.673004150390625e-05
4.553794860839844e-05
4.6253204345703125e-05
4.5299530029296875e-05
4.601478576660156e-05
4.601478576660156e-05
4.57763671875e-05
4.553794860839844e-05
4.696846008300781e-05
4.649162292480469e-05
6.4849853515625e-05
4.76837158203125e-05
4.57763671875e-05
4.553794860839844e-05
4.673004150390625e-05
4.553794860839844e-05
4.601478576660156e-05
4.553794860839844e-05
4.57763671875e-05
4.57763671875e-05
0.00010943412780761719
5.0067901611328125e-05
4.9114227294921875e-05
4.839897155761719e-05
4.8160552978515625e-05
4.839897155761719e-05
6.771087646484375e-05
5.173683166503906e-05
4.839897155761719e-05
4.839897155761719e-05
5.8650970458984375e-05
4.601478576660156e-05
4.5299530029296875e-05
4.6253204345703125e-05
4.57763671875e-05
4.76837158203125e-05
4.649162292480469e-05
4.6253204345703125e-05
4.553794860839844e-05
4.649162292480469e-05
4.673004150390625e-05
4.6253204345703125e-05
4.6253204345703125e-05
4.6253204345703125e-05
7.510185241699219e-05
4.696846008300781e-05
4.57763671875e-05
4.6253204345703125e-05
4.57763671875e-05
4.57763671875e-05
4.6253204345703125e-05
4.57763671875e-05
4.57763671875e-05
4.649162292480469e-05
4.673004150390625e-05
4.6253204345703125e-05
4.6253204345703125e-05
4.57763671875e-05
4.601478576660156e-05
4.57763671875e-05
4.57763671875e-05
6.4849853515625e-05
7.772445678710938e-05
6.079673767089844e-05
4.7206878662109375e-05
4.696846008300781e-05
4.649162292480469e-05
4.601478576660156e-05
4.6253204345703125e-05
4.601478576660156e-05
4.57763671875e-05
4.57763671875e-05
