-34.27935395590001 -34.34310822769763 -34.811169403583236 -33.85818668622093 -34.73090710086484 
-34.271462430713456 -34.33310120758027 -34.802593923860485 -33.84910166725625 -34.723104551998475 
-34.26872349309616 -34.33036513269258 -34.799979438360324 -33.84629843375164 -34.72047394302564 
-34.277003458479115 -34.34017881124042 -34.80917906812128 -33.855806534148 -34.729038983560145 
-34.239143024089074 -34.30094181057878 -34.772576960772284 -33.816514863173836 -34.69272218707859 
-34.20881975613217 -34.26939732297883 -34.74363897686945 -33.78523164852105 -34.663986964245865 
-34.218696232652945 -34.27775084927913 -34.746664215348375 -33.791459040250345 -34.668581620740426 
-34.25625926910533 -34.31212621166905 -34.78108347553196 -33.82848248513608 -34.70441891053625 
-34.223355296081564 -34.28213825379291 -34.75059924794256 -33.795890069376924 -34.672709519253445 
-34.21255345632747 -34.268228844972384 -34.736107826343726 -33.78188736292435 -34.65979214665995 
-34.221867312685745 -34.276931224586264 -34.74493119227252 -33.791264891085476 -34.668865127605415 
-34.21643908755364 -34.27124698946366 -34.739324852659635 -33.78542019263182 -34.663376353141786 
-34.168483611495304 -34.21860932864445 -34.69045930360335 -33.73366971144249 -34.61617891879162 
-34.19818618535811 -34.2429613240397 -34.72035311095419 -33.76389669893457 -34.64761572930233 
-34.21038421676583 -34.26299533034947 -34.73724387702235 -33.78084246976451 -34.661324582133815 
-34.19843995324172 -34.25071156237851 -34.72551376485188 -33.76836222077438 -34.64968530981726 
-34.20100152246279 -34.251331605981775 -34.72333620760389 -33.76802901310133 -34.64887330242509 
-34.24677531740694 -34.29893828077218 -34.769112137393805 -33.816415824209614 -34.69400384784801 
-34.26195020875733 -34.31389772599897 -34.78187184601384 -33.830952794902814 -34.70719742315279 
-34.28139004628072 -34.33089451820685 -34.800061204741596 -33.850167917959666 -34.72630111532162 
-34.303533857057445 -34.35445899226835 -34.82271131445276 -33.87395568941959 -34.74839323433869 
-34.30328677831646 -34.350546299717024 -34.82449491254995 -33.8741084185133 -34.750961071481385 
-34.29460661053429 -34.34121562161732 -34.81469877033149 -33.86425417701315 -34.74156299885932 
-34.304994904266536 -34.352172399386816 -34.82558429083609 -33.875538881052194 -34.75217403575357 
-34.312169434530574 -34.3556618092357 -34.831882838001576 -33.88186347804695 -34.75972580287504 
-34.332854385079784 -34.3775385693407 -34.85317376123403 -33.90412876662002 -34.780515304618476 
-34.362422481148414 -34.405689601365566 -34.88165175152187 -33.93425956117838 -34.80954903443677 
-34.39483221628598 -34.43781548884684 -34.91341180793239 -33.96783180316183 -34.84144205159957 
-34.360383179284895 -34.40880575629848 -34.87911315037768 -33.93283873066717 -34.80552570224373 
-34.343971132780894 -34.38701045928701 -34.85815885225361 -33.9120534529024 -34.78699029857695 
-34.34113323357073 -34.383915259475245 -34.85541373812896 -33.90907877524262 -34.784313600670444 
-34.39460461501456 -34.432146338919026 -34.90389964097959 -33.96137520590948 -34.83511766295713 
-34.39642260749946 -34.43446118942093 -34.905650773487935 -33.963339928085375 -34.836725128996406 
-34.3964509942564 -34.434514362216476 -34.905619078389705 -33.963341181367525 -34.83669573795535 
-34.393581348476246 -34.439911416564286 -34.90582962864802 -33.96364518100371 -34.83388460705871 
-34.4529726558345 -34.50418783313589 -34.96701125720476 -34.02786723776893 -34.893170880042646 
-34.46479332440104 -34.51369458176451 -34.977661560171185 -34.03915343299113 -34.90469801633624 
-34.44905177336456 -34.49861450148386 -34.96271351284909 -34.02322108957719 -34.88944677399053 
-34.41089317993304 -34.46499496281993 -34.92736797663967 -33.98567388188448 -34.85232399066811 
-34.399049809847185 -34.452759678772495 -34.91651546597383 -33.97372649152685 -34.84145049077263 
-34.3959410159093 -34.44918784187861 -34.912846196797645 -33.97006422959966 -34.83802042373476 
-34.421857012285045 -34.47405798979763 -34.93732665689896 -33.99623390940472 -34.863007862896254 
-34.43393583121666 -34.485757661152064 -34.94889878265023 -34.0085417430347 -34.87475658547834 
-34.43973906330669 -34.49219407423412 -34.95492995067141 -34.01487777558913 -34.88054621257595 
-34.374311038341915 -34.42458597586581 -34.89083398083554 -33.94658236050502 -34.817018405001406 
-34.34937946289132 -34.400519244937584 -34.8684176271816 -33.922003559968104 -34.7939713179139 
-34.34118603849488 -34.3943798620669 -34.8614749759183 -33.91451166620551 -34.78621171874153 
-34.34920448627203 -34.40269996571726 -34.86911729313579 -33.92277191792952 -34.793808767991436 
-34.358593903357786 -34.41130574690382 -34.87876606109732 -33.93260769256946 -34.80363658802868 
-34.347693495124986 -34.39867184921677 -34.86736418372192 -33.92055518602801 -34.79286632970846 
-34.34541463792671 -34.396588365454335 -34.86503942174086 -33.91817816251083 -34.790493764448996 
-34.354664646099025 -34.40445694831614 -34.873113701042826 -33.92695361753732 -34.79916540645711 
-34.27733045707238 -34.326752845003014 -34.79673897707252 -33.846302302554975 -34.72289035181332 
-34.26084941339886 -34.30928851197804 -34.77878517207837 -33.82800437756505 -34.705509334754026 
-34.20878770460179 -34.26018312296243 -34.72693606820445 -33.77409495328561 -34.65282094197501 
-34.25370975375411 -34.303836716470656 -34.768523345017556 -33.81912944629491 -34.69525872501306 
-34.25471664372162 -34.30474709958432 -34.76932253258316 -33.82005216329439 -34.69611959492077 
-34.25875854443137 -34.30866086705784 -34.772957690961846 -33.824042610966345 -34.69985310011013 
-34.24763628129101 -34.28940464679846 -34.756044733356205 -33.80758484571271 -34.68639456494006 
-34.24910794705991 -34.29087625211751 -34.757599590912946 -33.809173915814085 -34.68793300586411 
-34.25146600455854 -34.29398200044268 -34.76041345365958 -33.81204452295549 -34.69043945529144 
-34.20290057094904 -34.24759877650668 -34.71743559364302 -33.76459931009056 -34.64596816925554 
-34.14229881590123 -34.18361509351247 -34.661593989977916 -33.70298320629445 -34.59048774767014 
-34.11004372346662 -34.15261880021478 -34.632336284381324 -33.67104073933618 -34.560414469705634 
-34.12878724028832 -34.17141700033736 -34.65137802782107 -33.6908898190931 -34.57935500999817 
-34.08197100239565 -34.126645908185694 -34.605447044129505 -33.642640330305795 -34.53274447728788 
-34.089620746683025 -34.13544016780749 -34.613839597627404 -33.65130559042126 -34.54065187466482 
-34.1087581297557 -34.15285372900516 -34.63187249630009 -33.67044298460459 -34.559355044200416 
-34.10477785619001 -34.15156858920945 -34.63156402614686 -33.66883500377469 -34.5576296532866 
-34.093762526991185 -34.13962638008127 -34.61858037153857 -33.65599498391718 -34.54527277050953 
-34.06915397035948 -34.11543011199808 -34.594180284273534 -33.63036027104772 -34.520759535793104 
-33.97815739431074 -34.03223481451761 -34.51117368936116 -33.540804987052155 -34.43423748232489 
-33.96277518381079 -34.00948893174852 -34.49094543221274 -33.52050819943551 -34.41707720181981 
-33.934894315206236 -33.98115436902924 -34.463183430111044 -33.49120761833893 -34.389487066103186 
-33.877347047645316 -33.91955574857489 -34.40604967158977 -33.43021063582984 -34.33362822653574 
-33.860710067097116 -33.89829563042878 -34.38900432995847 -33.411620349321396 -34.318087182456665 
-33.84994268947979 -33.88550520667022 -34.37701063173965 -33.39924048702849 -34.30693066976943 
-33.916440519971815 -33.94902487105105 -34.44152604602115 -33.467422029752896 -34.372549399837 
-33.972586209359136 -34.00129733322271 -34.49288302615342 -33.52298732814489 -34.425764820510366 
-33.97004350962625 -33.99946407852511 -34.490821218349396 -33.52071807906657 -34.423413172502165 
-33.98181941263077 -34.00798130158168 -34.49768351115041 -33.5297389767117 -34.43205346556006 
-34.00866520416585 -34.03709077637659 -34.521897326105375 -33.556893261012675 -34.455963547255124 
-34.01820787800075 -34.04791494490017 -34.53298071023099 -33.56800591867395 -34.46638520888598 
-34.029304065084716 -34.05626466535995 -34.54384149249081 -33.57900672180395 -34.478097840527425 
-34.049370796087416 -34.079857682961574 -34.565842762468094 -33.60180992730079 -34.498670759993516 
-34.04514751678077 -34.081697927829296 -34.569340990728975 -33.602826701442396 -34.49906123242393 
-34.04748759865154 -34.08376037472922 -34.57121817562094 -33.60497201210683 -34.50109463667502 
-34.04217456976916 -34.0788817902569 -34.566614641768254 -33.5998730715569 -34.4962522444106 
-33.987340894891474 -34.01926602618394 -34.510911055323206 -33.54091137310962 -34.442248867535284 
-33.987026836372195 -34.018578228485694 -34.5078520373782 -33.53897791320999 -34.43975692607678 
-33.991019845942645 -34.02431956523681 -34.51293384346042 -33.54410720655768 -34.44412056992729 
-33.989715791979634 -34.02435396593968 -34.512364903281906 -33.543400854514914 -34.44302633937822 
-33.99281481053781 -34.02855598269876 -34.52053811985769 -33.549704058248494 -34.4500218717003 
-33.94352185669183 -33.978812592476174 -34.46941926371487 -33.49682851122476 -34.39943518870891 
-33.95349079028921 -33.98881122243584 -34.481563465070266 -33.50852308726091 -34.41119258436963 
-33.87068525746099 -33.90857843728881 -34.40117785758217 -33.42338703899016 -34.329785963625056 
-33.88800245504997 -33.92562589287657 -34.41778786376119 -33.44113122161673 -34.34656109292344 
-33.841712909416316 -33.88321376701889 -34.36666947326299 -33.39056668262542 -34.29514781582432 
-33.83388355284785 -33.87516318887697 -34.359011007235964 -33.38239395587749 -34.287543587548754 
-33.844792777631795 -33.88433416351489 -34.36837528971965 -33.392661306359386 -34.29766980805749 
-33.81177591284499 -33.85365753175638 -34.33978204630836 -33.360880297477394 -34.26770066927588 
-33.792256293473415 -33.82928155687699 -34.31399639191835 -33.3359704331928 -34.2444601980952 
-33.77469290628588 -33.80882476907033 -34.29581350447627 -33.316617909641536 -34.22729269164985 
-33.81152670789618 -33.840156306824156 -34.32916915519736 -33.352341751758004 -34.26282224541484 
-33.848123108070595 -33.875819575095676 -34.362028273472916 -33.388548047646765 -34.29651105795514 
-33.873879977993155 -33.899223246602816 -34.38566240248673 -33.41398492605036 -34.32116091225025 
-33.92746022521506 -33.94958277934168 -34.43503247643258 -33.46732886140785 -34.37210203409752 
-33.935661731156145 -33.956915648491915 -34.441894096069475 -33.47504197117959 -34.379433176781404 
-33.91797790598602 -33.93987169802318 -34.42783870384743 -33.458585205052174 -34.364617604497255 
-33.90810901775447 -33.93059125834472 -34.419708161939695 -33.449289397921135 -34.3560400430335 
-33.897838130823956 -33.91991936251756 -34.40936616380026 -33.43838892082525 -34.34585109283121 
-33.87781949549894 -33.89867273006679 -34.391463258285114 -33.41830289491379 -34.32800921207962 
-33.870230617298276 -33.89296502801142 -34.38531997759141 -33.411482536064526 -34.32107101317982 
-33.87455284021958 -33.8973380761463 -34.3890528118032 -33.415705810750964 -34.32487755555094 
-33.87631708007022 -33.8991086636202 -34.39066288413392 -33.417474765451345 -34.326507801321725 
-33.89511631271786 -33.91318497864188 -34.40614209999539 -33.43450504269599 -34.34393221020922 
-33.85655837928037 -33.87521617435361 -34.366794031498245 -33.393683051317 -34.30461000384916 
-33.88100872697774 -33.899876210948634 -34.39238736942528 -33.42003172665176 -34.32990391683025 
-33.87526579127163 -33.89690260325398 -34.38969295160163 -33.41619996751756 -34.32587666759974 
-33.87688723023638 -33.899149639995926 -34.39310386807617 -33.41901079385647 -34.32879894959079 
-33.864732679497976 -33.88591309432185 -34.38060887575219 -33.405854361531 -34.316711577392056 
-33.842480556384444 -33.86181060579203 -34.358285917316636 -33.382098417723896 -34.29500384295035 
-33.82001177993429 -33.84182913798854 -34.3334781210347 -33.35766586992929 -34.26987182460516 
-33.82002499752927 -33.84195503393693 -34.33331287202002 -33.35760264762331 -34.26970185829751 
-33.83725281416331 -33.86023869664885 -34.35039999397134 -33.37581996115681 -34.286458843073476 
-33.84139909893155 -33.86441206046359 -34.35424935842266 -33.380016747841864 -34.29034109080354 
-33.83444255440081 -33.85793123226499 -34.345072984695264 -33.37158180380125 -34.281400250313595 
-33.85949495500515 -33.88074707111532 -34.368698683165235 -33.39668777418386 -34.30589258294957 
-33.85505413251262 -33.876078530977594 -34.3646921675292 -33.39221898617036 -34.30189190316888 
-33.857391013525685 -33.87853997929081 -34.367409801729636 -33.39490569088986 -34.30450434844927 
-33.88296361785204 -33.9070240159743 -34.39347158813615 -33.42258124628184 -34.329552707261854 
-33.886068446891215 -33.91084559288609 -34.39674480136689 -33.426070317292556 -34.332574542275225 
-33.84766714044015 -33.87128657126976 -34.36002628059313 -33.38644471577091 -34.29600306769345 
-33.832601305440434 -33.86331201515139 -34.348382039202065 -33.37385312975583 -34.281669471217725 
-33.831805375556925 -33.86199943405427 -34.34690261220099 -33.37254271890248 -34.28046123987514 
-33.75718087473801 -33.787803933320646 -34.274074789553836 -33.29522151478841 -34.207350225807374 
-33.76613704022344 -33.79649118051374 -34.28335651674821 -33.30475713999883 -34.21664278436488 
-33.76562463389402 -33.79624128243863 -34.283181036435266 -33.30445423206359 -34.216333007218694 
-33.75956499858518 -33.79000624596452 -34.277450452900794 -33.298234981961855 -34.210613147503196 
-33.76274085440318 -33.79270127644058 -34.28021787285641 -33.301254812439154 -34.21358784288847 
-33.74121562364833 -33.769154159394404 -34.259690782281325 -33.278801232261344 -34.19355166653986 
-33.758830341082486 -33.783421330722604 -34.275748154716 -33.295815747947 -34.21084801993469 
-33.751698582513995 -33.775861740889525 -34.26822744666822 -33.28802762721379 -34.20353507041753 
-33.78191973642018 -33.80088724264857 -34.29811243275107 -33.31862286193787 -34.23499264268045 
-33.752290295731214 -33.771391278953786 -34.26814056249788 -33.28732671167171 -34.20509407633675 
-33.70903552494991 -33.72509063564897 -34.22635989848679 -33.24212657072124 -34.1640756870984 
-33.721969776853356 -33.74180412918754 -34.23927268693514 -33.256405578325996 -34.17582233913137 
-33.71384021263404 -33.73233641173252 -34.231257851506854 -33.24767763435355 -34.16820967791308 
-33.722449250838935 -33.73982408547565 -34.23867546418879 -33.25585804178144 -34.176147376222545 
-33.72508534364508 -33.738627418421146 -34.23762344976069 -33.25588422212262 -34.17686133665944 
-33.70795292398823 -33.725763849666876 -34.22772090247811 -33.242667558802964 -34.16450287624836 
-33.70894129179413 -33.724910606796215 -34.22779438578296 -33.242860442479056 -34.165283303570135 
-33.70102350725875 -33.711212169918554 -34.216427223554604 -33.231571899673156 -34.15625162473397 
-33.70479064106692 -33.71552158815322 -34.21784079098734 -33.234325275781714 -34.15788393308624 
-33.72826235695082 -33.74343419130662 -34.242714301200564 -33.26057931239579 -34.18113575003781 
-33.67046188169569 -33.688769451354176 -34.18411527282271 -33.1999821439492 -34.1218304950135 
-33.668146342833595 -33.68276383702816 -34.18027079260199 -33.19602030126788 -34.11936149759143 
-33.67222092966806 -33.68614278205135 -34.18398436124939 -33.199974934713865 -34.123337628460476 
-33.68940049011839 -33.70730926886672 -34.20110450917457 -33.21874048019754 -34.13922622100429 
-33.68849053815356 -33.70650759157162 -34.20172816074701 -33.2186454252691 -34.13956531008944 
-33.71306742111037 -33.721176206590314 -34.22129968675503 -33.23988796659826 -34.16291870137992 
-33.72471812694506 -33.731398639488134 -34.232255568137546 -33.25148778080086 -34.17439943442618 
-33.740758768615194 -33.74722071369834 -34.2475940741479 -33.26791634928614 -34.189889575215915 
-33.75107930738922 -33.75772047923259 -34.256615099835074 -33.278078377210306 -34.199052003792204 
-33.74633257811901 -33.75075117725433 -34.25175156403374 -33.272622842962875 -34.19488936685387 
-33.74367854312415 -33.74809936766742 -34.24904747163558 -33.26980712555124 -34.19219802078477 
-33.72002099355488 -33.72384347088706 -34.22552647902724 -33.24491585698554 -34.16888093207649 
-33.663575768700184 -33.65875180485254 -34.16743837125698 -33.18314535017123 -34.11378718573593 
-33.625460554866194 -33.62185819070035 -34.12930991378063 -33.14329315024099 -34.075365998423706 
-33.65959178662885 -33.658672179605674 -34.1635821411483 -33.179724403646674 -34.10873832747568 
-33.65112905516848 -33.65270105998289 -34.158351451980465 -33.173054631313406 -34.102234425316084 
-33.651313471638716 -33.65290374324677 -34.15856473533999 -33.17326764089785 -34.10243703888193 
-33.63511297454059 -33.63426630396572 -34.14203490485286 -33.15562141650163 -34.086729502581775 
-33.60104172112011 -33.60363237549909 -34.110670544048915 -33.12191420039569 -34.0539434920329 
-33.632176777042005 -33.63244565539959 -34.13876717471702 -33.152552300854126 -34.083185568425975 
-33.57742334850761 -33.57274253298313 -34.083834405984234 -33.094012781345285 -34.029883533424155 
-33.5782097857134 -33.57087033628943 -34.081908204003625 -33.09287615874577 -34.02920916238784 
-33.551128223510304 -33.54329232951902 -34.05559869075043 -33.06474067197445 -34.00297370679179 
-33.56788713100583 -33.55896495209406 -34.07167687003118 -33.081794929428156 -34.019460150291536 
-33.59556737319916 -33.583834129443446 -34.09488736024463 -33.10794520439953 -34.04420872881511 
-33.583670469690546 -33.5759176213664 -34.08768926470408 -33.0987203293041 -34.0350510103232 
-33.65636137634907 -33.64709518376901 -34.15772593251427 -33.173404362298044 -34.1058448303441 
-33.65697565187527 -33.647796741441965 -34.15837076500438 -33.17408212875017 -34.10645705718339 
-33.631203260999996 -33.62571397222203 -34.13548505944762 -33.14923227421821 -34.0820277226821 
-33.653879853942655 -33.65046891296117 -34.15585136089882 -33.17216695317887 -34.10210668433869 
-33.712124332844226 -33.70595968700245 -34.212237863830964 -33.23186612448485 -34.159521175855204 
-33.781798922228546 -33.77034182107219 -34.2708887233524 -33.29810318284373 -34.22147116952809 
-33.78011549419547 -33.77029280291897 -34.26945914716809 -33.296764499349536 -34.21950879258924 
-33.75906507380388 -33.74951046421272 -34.24817468351135 -33.27457361155885 -34.19822260077356 
-33.75482938806492 -33.745371395592414 -34.24492727396678 -33.270677581324065 -34.19478965826076 
-33.771153379859854 -33.757276349843906 -34.25756663524318 -33.28503748125961 -34.20934616348194 
-33.80362612817997 -33.7892362145038 -34.28931362014572 -33.318661202789215 -34.24130682421223 
-33.80572242165515 -33.791324482406125 -34.29145855863325 -33.32088794236974 -34.24344207208095 
-33.79283461681712 -33.77825123233562 -34.28099683617566 -33.30863709397744 -34.23265665813912 
-33.80804726162175 -33.792363635518896 -34.295450821358685 -33.32400966675476 -34.2475400730026 
-33.79911556882789 -33.786787281568635 -34.28709569796888 -33.315534343772995 -34.23809293532972 
-33.79453272554983 -33.779038359387016 -34.283613669273024 -33.31076189720888 -34.235391995800725 
-33.74887676838162 -33.7361517998266 -34.24130380883226 -33.26511246465854 -34.191776338664 
-33.76082967827955 -33.74702761877835 -34.25209975095268 -33.276848662312446 -34.203067152216846 
-33.82656720377079 -33.81505268539932 -34.31821595339767 -33.34651299403836 -34.26830377057905 
-33.90305876898593 -33.89294451181857 -34.3920132385457 -33.425619811639095 -34.3419810028587 
-33.909495170342026 -33.898092866012846 -34.39518264674028 -33.430369693656345 -34.346071530539206 
-33.906257223836946 -33.89512185894898 -34.392110768227184 -33.42710764150462 -34.342897482873184 
-33.90201684146123 -33.89025369410463 -34.38705453821976 -33.42210032081148 -34.33817491983933 
-33.984152296053864 -33.96864961758121 -34.47142743107176 -33.50890373676464 -34.423147858110454 
-34.05427385150533 -34.040284159819535 -34.53530889238702 -33.5793611192876 -34.48748095152153 
-34.054643845065755 -34.04068365779135 -34.53567376207111 -33.57975182999468 -34.487837063899505 
-33.96438089375755 -33.95498612265612 -34.45116632634374 -33.488948751924696 -34.401161438767076 
-33.96836400797356 -33.96031734374269 -34.4562864390557 -33.4939901116003 -34.40567718054186 
-33.90168556302724 -33.894444269465936 -34.393252987793616 -33.426115224765155 -34.34192023229457 
-33.89161319773673 -33.88454542452503 -34.38614038413705 -33.41719107107039 -34.33428168170751 
-33.90480647698992 -33.88923269530332 -34.39140241990275 -33.425207351679106 -34.343408489609246 
-33.85499102458273 -33.84386549160169 -34.34400265599747 -33.37499429058897 -34.29435801318493 
-33.847395665906106 -33.83605172258595 -34.335629483527526 -33.366555018366626 -34.286194872832 
-33.84690543257119 -33.83590765630544 -34.334858231484276 -33.365948710648496 -34.28536678842721 
-33.831163991794156 -33.82412198506647 -34.323201847612125 -33.35234667997993 -34.271865166967046 
-33.824499255703515 -33.81687510155905 -34.31645608433654 -33.34519853207823 -34.26532155154749 
-33.8186435027055 -33.80992861146716 -34.31056818910669 -33.338836213583676 -34.259779756995044 
-33.79136330165983 -33.78313809029555 -34.284157934823895 -33.3107432017127 -34.23312901789549 
-33.830481079612866 -33.82505877452688 -34.32146527420646 -33.351346476845336 -34.269815525560915 
-33.84553528761043 -33.83959988377191 -34.3351587101332 -33.36632460396102 -34.283861680399326 
-33.84186296179776 -33.83193176052856 -34.32941971738562 -33.360628059313655 -34.27968156263459 
-33.82862073098353 -33.81434005837214 -34.315322188312166 -33.3454831058568 -34.26706564760583 
-33.848739403778836 -33.836127182234634 -34.33566682294345 -33.36703041573581 -34.286830367308 
-33.817818220466705 -33.80302499236855 -34.302489867916805 -33.33294459446806 -34.25474704214756 
-33.820432351407035 -33.80581467126757 -34.30677052044483 -33.336625926932896 -34.25869193146299 
-33.81423693306397 -33.798974684687735 -34.29692251703672 -33.32802507688798 -34.24965917504285 
-33.8517881264664 -33.846124416574725 -34.3392118315476 -33.37174791889281 -34.288186475727926 
-33.83508915728565 -33.825885779472344 -34.322091585861074 -33.3533440851279 -34.27223863043922 
-33.86258116177952 -33.848463038148026 -34.34725707165251 -33.38007622438042 -34.2992242458464 
-33.871636085945866 -33.854149388648494 -34.35242472816718 -33.38688182795764 -34.30604007794949 
-33.83777293577637 -33.816455816974255 -34.316194751101364 -33.34936778044192 -34.27142585767403 
-33.8371133435371 -33.81555605806493 -34.31551763540435 -33.34862346398339 -34.27082540715551 
-33.82981120720024 -33.809427113867514 -34.30880999652045 -33.341482434445325 -34.26367836579922 
-33.788495107573894 -33.76983198144492 -34.27109284268296 -33.30033882202366 -34.22492021672669 
-33.80285211272705 -33.78576316098267 -34.286366705818864 -33.3161926218138 -34.239538545280055 
-33.760784740236545 -33.74416045546019 -34.24756632706533 -33.27385961312194 -34.20013371285762 
-33.80965687070099 -33.79404836030626 -34.297011709858054 -33.32568698918175 -34.24908333509367 
-33.79386492486138 -33.774790668922066 -34.27958963041448 -33.30760508675726 -34.23300907545945 
-33.82546385827405 -33.80719561984971 -34.31145563988946 -33.34108180470875 -34.264526915034835 
-33.85325841400734 -33.83389036924356 -34.33688429602789 -33.368792994394454 -34.29062910992258 
-33.84794847807396 -33.82901275353696 -34.33199414717717 -33.3635202568571 -34.2855486034334 
-33.83412363550886 -33.81559039650827 -34.319390155072796 -33.34973572337168 -34.27264584638101 
-33.814256995722516 -33.80216628913445 -34.301278678395065 -33.3309593882326 -34.252334838122025 
-33.804175657281036 -33.7936075698444 -34.29214420549492 -33.32115653962998 -34.24260194221587 
-33.79504226761634 -33.78367660204391 -34.28313143714669 -33.31148648820695 -34.233827534531656 
-33.84018528349175 -33.828891472766585 -34.32756856709513 -33.358528826409525 -34.27827423577472 
-33.87293510318358 -33.86156937996705 -34.36032591460271 -33.392912940156506 -34.31098959145261 
-33.884398739769395 -33.879328633594554 -34.37428496157949 -33.40743450596469 -34.3226084638067 
-33.89425774933267 -33.88951973922373 -34.38343928338173 -33.41746370283461 -34.331760753491864 
-33.886655847908855 -33.880801965189534 -34.375088592314185 -33.40887343300933 -34.32388658649133 
-33.88924999788735 -33.88295173926018 -34.37607421816814 -33.410644719880764 -34.325269225603165 
-33.88874068452904 -33.88264848468492 -34.37538144784777 -33.410047909510965 -34.32454559659756 
-33.937906359807926 -33.923973907902734 -34.41806626099866 -33.45675123382223 -34.370586844666974 
-33.91222423810066 -33.90122923422598 -34.39708375431586 -33.43285779961984 -34.3479822773306 
-33.89366725268039 -33.88590136429711 -34.38183144492075 -33.41574587544483 -34.33123895796662 
-33.890757571436296 -33.884186803984434 -34.380125181269534 -33.413559566777806 -34.32897664851774 
-33.89079886910697 -33.884229455834614 -34.38017010300335 -33.413605146746335 -34.3290204792216 
-33.89496899325093 -33.898573657555104 -34.38902841334914 -33.42238253908688 -34.334012923956905 
-33.90855858955017 -33.91563497634161 -34.40128693416136 -33.43657254490283 -34.345414184728014 
-33.914215882328946 -33.92075180483347 -34.40594444130733 -33.441870326904294 -34.35039055268763 
-33.90756133799013 -33.91281503271067 -34.390264584907584 -33.42980095753171 -34.33660793754066 
-33.87906882976924 -33.87745441220319 -34.360837787345716 -33.39809707381376 -34.30947365022827 
-33.92875574331592 -33.9265834306171 -34.408872631159284 -33.449267644744594 -34.35785783990306 
-33.91548832293414 -33.9178583140619 -34.39710105662043 -33.436993012528106 -34.3444854524175 
-33.9222440077434 -33.921832147467214 -34.40298275684117 -33.44309402181733 -34.35134325179065 
-33.93379460438035 -33.93256401620444 -34.41479909142713 -33.45520681138122 -34.36334191674291 
-33.92971073097843 -33.92762875745292 -34.411406801555046 -33.45113184930342 -34.360100614716075 
-33.93657694969178 -33.943392414388555 -34.43669926053377 -33.46997072317018 -34.379626241814094 
-33.931826922665635 -33.94066642782212 -34.43146857870012 -33.465090867302195 -34.3738712211851 
-33.89711359132795 -33.90432125809366 -34.397927778140826 -33.42898316547074 -34.34069641566944 
-33.876449911721664 -33.87656501076218 -34.37661475420512 -33.40564277710985 -34.32167667488696 
-33.8245865326483 -33.828295490278364 -34.32720039909472 -33.35316211432355 -34.270868024895066 
-33.85571507068181 -33.85868554488658 -34.35696247089608 -33.384973737830165 -34.30102073087059 
-33.81149704592181 -33.814988128965865 -34.31615330548864 -33.34049742958571 -34.25957286279869 
-33.882417753401526 -33.88563682728457 -34.38381158662395 -33.41314417966598 -34.327719267001086 
-33.88493328329807 -33.88864193835363 -34.38483294827542 -33.41505321771896 -34.328835790665366 
-33.909413202837115 -33.91435204061111 -34.40743537594524 -33.43995490325685 -34.351330782799295 
-33.8987883558421 -33.90363991251016 -34.39766451194599 -33.42924957702266 -34.341464876637815 
-33.931561837977995 -33.93812956114647 -34.43115618320452 -33.46437001298423 -34.37425532261331 
-33.93475493930336 -33.94144871020494 -34.434207741423606 -33.46766816596701 -34.37728611464934 
-33.911972275036234 -33.91771111234178 -34.412057461184446 -33.44391827968607 -34.355363445569836 
-33.851729281630966 -33.84919364898538 -34.35059957729774 -33.37849320505508 -34.296725203230366 
-33.86775671683883 -33.86459710145324 -34.366038684718816 -33.39489245638744 -34.31242004324031 
-33.83824956675193 -33.8399257124609 -34.33810295543908 -33.3656301114477 -34.28281764831773 
-33.823026453123774 -33.82541513128146 -34.32515829943979 -33.351020022572655 -34.269308275007404 
-33.81950630617462 -33.82036130883415 -34.32064971636437 -33.34650291206914 -34.265434375174934 
-33.796441501307626 -33.79796096564981 -34.299351162638985 -33.323364562014376 -34.243685808195394 
-33.808751847375916 -33.811370599004405 -34.31126941147244 -33.336278803244326 -34.25531314085825 
-33.78205831404142 -33.783795408853365 -34.28350955918758 -33.30749231195945 -34.228048226840784 
-33.76170913511103 -33.76454487850357 -34.265599804556715 -33.28765185127669 -34.209440344101054 
-33.751430989416775 -33.75728676536019 -34.25801748482343 -33.27888265082272 -34.20051706401621 
-33.810586886861415 -33.82113588744431 -34.316829006458306 -33.34169772261794 -34.25785147267514 
-33.80090000641364 -33.81323770894011 -34.30850720134782 -33.33260157147781 -34.24878036825295 
-33.80205622535682 -33.81445420142471 -34.309669175295724 -33.33383044044872 -34.24992091150641 
-33.80467903109938 -33.81853334221604 -34.31028610859687 -33.33575608856084 -34.2504235912301 
-33.90807169498241 -33.916117582240204 -34.40711462312018 -33.43967440093968 -34.34990219869967 
-33.922395099551636 -33.93102738446382 -34.422250312024275 -33.45526634500881 -34.36469828225219 
-33.9514753510488 -33.96181167647116 -34.44908254652361 -33.484885610361815 -34.391331348156484 
-33.85998925066603 -33.866003911534776 -34.36360942429586 -33.39131896358991 -34.306344630794186 
-33.86649460006524 -33.872672521805 -34.368884020917974 -33.39750418097489 -34.311761582164124 
-33.92073370607538 -33.922740375554625 -34.41386619806114 -33.44863724503155 -34.359439523689204 
-33.93675466915036 -33.93948500464009 -34.42926136887155 -33.465249742166705 -34.374688986001644 
-33.90797287151484 -33.90799906075466 -34.39838959589467 -33.43340133970939 -34.345037814188544 
-33.90858537606027 -33.91225955020684 -34.40242012388656 -33.43657007249925 -34.347394960041086 
-33.91886799933668 -33.92199982907914 -34.41279816752936 -33.447318606054154 -34.35790188817755 
-33.904403481199594 -33.908454502105016 -34.39996582391343 -33.43318886242773 -34.3445478033272 
-33.89659490628728 -33.89997434063669 -34.39195629379974 -33.42475711241552 -34.336789865327106 
-33.84894755066635 -33.85399562627191 -34.35007776330757 -33.37817813525551 -34.29353978328585 
-33.834379713020084 -33.836918762309125 -34.334802401987545 -33.3620337310205 -34.27916894474647 
-33.83262348934245 -33.836522600538146 -34.33441625951585 -33.36118733957308 -34.27814725540834 
-33.867040374761686 -33.8703155805849 -34.36566796014313 -33.395486325603784 -34.31004731610396 
-33.91340834228616 -33.91616638559161 -34.41050533700911 -33.44324656088057 -34.35520689468291 
-33.91415053365344 -33.92009792745078 -34.412597916389856 -33.445346300341626 -34.356108342953775 
-33.94927429901601 -33.95204507506509 -34.44373503428454 -33.479465589728505 -34.38880224871551 
-33.96808466671537 -33.97509668244271 -34.46729783380583 -33.50258888266636 -34.410256212744144 
-33.95591166894218 -33.96254347824362 -34.454121514482125 -33.48918910136058 -34.397384629934535 
-33.93789143676433 -33.9429575547056 -34.43634669987475 -33.470117711898155 -34.3800774848132 
-33.93803249158768 -33.943112379268 -34.4365638292559 -33.470310028144084 -34.38027755084735 
-33.93741199654356 -33.942387720731176 -34.43604872480198 -33.46969735381879 -34.37977767084759 
-33.93561328340695 -33.9383179538585 -34.43065224945178 -33.46542650754989 -34.37566942670642 
-33.98973375668136 -33.9838294985871 -34.48426623091238 -33.520430250849515 -34.43186833645895 
-34.02966054944615 -34.025751220621316 -34.52183043502254 -33.561397669572855 -34.46914723191536 
-34.02763411415722 -34.02362132557785 -34.52015405899711 -33.55944446128112 -34.467447713424434 
-34.037757061294215 -34.03218686508839 -34.52948047073258 -33.56935714193297 -34.477358332465386 
-33.98396689544241 -33.9784266843221 -34.477243532911274 -33.51374817968855 -34.424955701516325 
-33.99395617188458 -33.99315647803647 -34.48836150629393 -33.52569880061472 -34.43443369698112 
-33.97920054768103 -33.979787652217524 -34.474839782652 -33.51113394112022 -34.4203153352135 
-33.99179695992339 -33.9918800372956 -34.48560994524291 -33.52326588003709 -34.43151762244993 
-33.95158404560911 -33.94787195222982 -34.44634938158143 -33.480890594072164 -34.39332282497867 
-33.95393748095168 -33.9568664763209 -34.45227856947882 -33.48651561609728 -34.39664464799138 
-33.942285647899595 -33.943355655284876 -34.44075592042195 -33.474018047763806 -34.385685094953175 
-33.94620886162899 -33.947063435925116 -34.444504975657196 -33.47800306045538 -34.389520780297076 
-33.95004600727401 -33.95032824403346 -34.44833685858923 -33.48192685853925 -34.39351931699582 
-33.96376250282523 -33.963902266680165 -34.461820602288654 -33.49617544572402 -34.40705873234876 
-33.95378338719638 -33.95273920223998 -34.45144197502157 -33.485266332958176 -34.39712349204352 
-33.95345647650517 -33.95549300767135 -34.453639781147615 -33.48686479765574 -34.397970700212014 
-33.95568226044156 -33.957849115042876 -34.45584272034989 -33.48921262859089 -34.40013378301988 
-33.93867677525182 -33.93875384651123 -34.439087414665565 -33.47112147357046 -34.38400115216078 
-34.016714336599236 -34.01681236903151 -34.51308243404104 -33.550830003787624 -34.458513593142754 
-33.96967101075424 -33.970368630691766 -34.46996071141015 -33.50371056716038 -34.414647917162625 
-33.987986926582224 -33.98430873199791 -34.48282964830874 -33.519159747053365 -34.42971078152419 
-33.96129770351344 -33.96635665421515 -34.46141093708863 -33.49560291491201 -34.40482415087045 
-33.89271453230808 -33.90022257241441 -34.396099316054105 -33.42583039682573 -34.33835901942901 
-33.87771024209664 -33.88446839541342 -34.38218746942397 -33.41053814303645 -34.324521573070896 
-33.86628795982607 -33.87170191339399 -34.36980491887907 -33.39776891820377 -34.312726963138076 
-33.83538805182947 -33.840999523941136 -34.340136557657104 -33.36602729456803 -34.28285364363178 
-33.80672332922697 -33.816120134946374 -34.31518413834213 -33.338650100016864 -34.25619511230066 
-33.741218262574634 -33.751696034188114 -34.251777989926936 -33.27118304945762 -34.19224004334545 
-33.68910188243632 -33.70429477534333 -34.20373023933668 -33.21952786193094 -34.14219182665994 
-33.65602243320416 -33.674313079525206 -34.17432181429908 -33.18736189343953 -34.11130209892717 
-33.71605697647759 -33.73350392057941 -34.23153228838555 -33.24873918061179 -34.16911891841821 
-33.71531980996677 -33.73210676885253 -34.22960049853225 -33.24718306878911 -34.16758609127457 
-33.673561973141034 -33.693517084592244 -34.190600213373656 -33.20541017237677 -34.127250664702075 
-33.67879976721056 -33.69913998175261 -34.19616671993229 -33.211168098710075 -34.13263599254499 
-33.68864894579424 -33.710457764017576 -34.20677273789789 -33.22221135537123 -34.14265273947947 
-33.667269613613385 -33.69251151662792 -34.18323110708809 -33.19920574173756 -34.11846798046875 
-33.74003287090332 -33.76899030621907 -34.251034653994424 -33.27367085367 -34.1858201269615 
-33.755330839183955 -33.79417011629981 -34.26917700316622 -33.293234216568976 -34.200457504215024 
-33.711734315859985 -33.75368988635486 -34.22901156244281 -33.249920206592606 -34.15886278151606 
-33.78873527630638 -33.83284374829793 -34.30504747309752 -33.330713466231 -34.23425300768746 
-33.76606367314456 -33.81001671337104 -34.28422024584442 -33.307869393795386 -34.213213963192516 
-33.747442934036584 -33.78927630730534 -34.26658110623369 -33.28841802651348 -34.19609536953246 
-33.75032737811571 -33.79257426146992 -34.26757686656498 -33.29050489240616 -34.197269701906635 
-33.72209124965248 -33.76432238873507 -34.24060946624873 -33.261528547588085 -34.170153080548445 
-33.69095398650204 -33.735872879266125 -34.212449187597784 -33.23097261944103 -34.140745179552184 
-33.76325713623365 -33.80020275880298 -34.27820540655348 -33.30178003441344 -34.209866307142676 
-33.761126781616895 -33.800820910623514 -34.277270311893034 -33.30073775848359 -34.20790183502527 
-33.77551007254749 -33.81376626307768 -34.28824337160805 -33.31371062724932 -34.21984570203806 
-33.80973724272792 -33.846184865495374 -34.32445050672064 -33.35037369580226 -34.25621257280132 
-33.82566466546045 -33.863166074605076 -34.34238194467183 -33.36840205076889 -34.27346312468359 
-33.861545270205 -33.89580247775605 -34.36937371808982 -33.40061186830239 -34.30283641201676 
-33.82507829148672 -33.85778406833512 -34.33333276820446 -33.36224243985575 -34.26726732617301 
-33.74001711491805 -33.76977724030466 -34.244937946602306 -33.27053038544466 -34.1804806042293 
-33.68354930675876 -33.712222056037845 -34.189338580818756 -33.21146611621512 -34.12517756377531 
-33.6825927632768 -33.711383571903326 -34.188977687280925 -33.21080441216657 -34.124684522896615 
-33.68583585949756 -33.71477359589099 -34.192379007349444 -33.21432545423467 -34.12800885213565 
-33.67234101642616 -33.70322911338555 -34.18029519714324 -33.20129371815476 -34.11512516319935 
-33.62291046567502 -33.65403528063585 -34.13289963917673 -33.15049989156627 -34.06741797955108 
-33.669279306269516 -33.70599634470682 -34.17767832992138 -33.19948594758479 -34.110665509086374 
-33.74195939398349 -33.782163508769614 -34.25093772155178 -33.27684608631726 -34.182627110790705 
-33.75198536488048 -33.7964249600754 -34.26441774159443 -33.290092191316546 -34.19422903354257 
-33.7899022657942 -33.82949187124963 -34.301316626979386 -33.328381478893064 -34.23270173085403 
-33.78846087440884 -33.82806877117888 -34.30032102881506 -33.327111826432926 -34.23163009343435 
-33.81852953074578 -33.85525091608898 -34.32234304286574 -33.35378370857336 -34.25579668334316 
-33.793135230703726 -33.825060859649085 -34.29114256507876 -33.32305695159451 -34.22706139294982 
-33.75347291583648 -33.78567193172333 -34.252984502117584 -33.282263969303884 -34.18864821732818 
-33.7145588929023 -33.74643295322157 -34.219355493968564 -33.24414609870158 -34.15432360663786 
-33.69070227890714 -33.7241678387186 -34.19998314305482 -33.22180960974278 -34.133774870727734 
-33.69252972544437 -33.72583054741355 -34.201632173396916 -33.22360053727978 -34.13549989349242 
-33.70566868418253 -33.73855781898125 -34.21284084725954 -33.23628369640711 -34.14712614202547 
-33.70510959452152 -33.73800416928218 -34.2120962938115 -33.23559804789275 -34.14641150253486 
-33.71584093498477 -33.75201821911345 -34.22098096856061 -33.24654465845201 -34.154578669306645 
-33.7125819523832 -33.74804779497677 -34.21786525740288 -33.243053752394246 -34.151662582479275 
-33.77386758133467 -33.80573735852751 -34.27805327964478 -33.30610781527294 -34.21300972128192 
-33.77774124785073 -33.810017741053244 -34.28187766410842 -33.31023075979223 -34.216710913195186 
-33.756945261307806 -33.7906261122652 -34.26130966722296 -33.28879528545016 -34.1957172313715 
-33.740264230003845 -33.77711118498894 -34.24405176138815 -33.27161088542901 -34.17762063545237 
-33.73897338429076 -33.7761027831408 -34.243747390389245 -33.270838162699135 -34.17707058316256 
-33.773575240745046 -33.81037744262939 -34.27558603604325 -33.30563730102304 -34.20939676307606 
-33.768725770841954 -33.80567830012981 -34.27056990291237 -33.30048730862936 -34.20437137290547 
-33.79045632973089 -33.82835721201556 -34.294530458235585 -33.32468566998713 -34.227634967869676 
-33.802461335476195 -33.8401412466514 -34.30537067830815 -33.33662527040791 -34.23871101111246 
-33.77996839144693 -33.82225861880289 -34.28615401529406 -33.31569735444273 -34.21759234607988 
-33.75827755410626 -33.79731850503724 -34.26207426528431 -33.290981166890276 -34.19493779532719 
-33.628936153857765 -33.66754905242209 -34.13586171146875 -33.156705524208135 -34.06859018219838 
-33.62376535544091 -33.66266738279322 -34.1320839860373 -33.152073483906534 -34.06450563734154 
-33.629173933674124 -33.66818591931816 -34.13776883048618 -33.15792533791648 -34.070101205203 
-33.57728332892877 -33.61806804227031 -34.08559284527114 -33.103619590770535 -34.017531125691846 
-33.586575211608775 -33.62766050656916 -34.096811458753564 -33.114468279313826 -34.028324211289785 
-33.58003669504626 -33.614497762509245 -34.08545806626165 -33.103682229109396 -34.01979370728401 
-33.56631252899288 -33.59998389849933 -34.071892900993845 -33.0891853346436 -34.00646960457266 
-33.5834416077453 -33.618773041815686 -34.088127096208666 -33.10704725363021 -34.022311636577456 
-33.635983868018556 -33.67863475596913 -34.14733951761664 -33.16729825308681 -34.0780958489741 
-33.632941660280025 -33.680969019002546 -34.15026281555592 -33.16840138280523 -34.07840666824467 
-33.57423748237147 -33.625487046580474 -34.097696079472385 -33.11067972615315 -34.02396520073572 
-33.55685224633416 -33.6076163992347 -34.080833028600395 -33.092589636107206 -34.00719853948479 
-33.5989980600215 -33.65150760932791 -34.122525646832614 -33.1369981596264 -34.048350927052056 
-33.585855155778106 -33.63872976563033 -34.10951860457462 -33.12333532705762 -34.03523564498356 
-33.56965822923671 -33.62831117107734 -34.09625040086618 -33.109095252715065 -34.019755068463866 
-33.64866055929703 -33.70460286915764 -34.16992913859808 -33.18867987569777 -34.094979283524154 
-33.68677650327855 -33.741969964201616 -34.21049445392478 -33.22988723849406 -34.13529954655266 
-33.6806439593141 -33.73661650941507 -34.20423044098841 -33.223535236321126 -34.12883084153863 
-33.65380277000024 -33.706717454899476 -34.17394324912725 -33.19284478206748 -34.10009306183363 
-33.625524483237754 -33.6808177585942 -34.14609624464006 -33.16386243333612 -34.07150325022545 
-33.63104766021766 -33.684028846872295 -34.15122789028091 -33.16897237277419 -34.07739475322526 
-33.631168226923776 -33.682385925790584 -34.150550968242484 -33.16830445155486 -34.07738669576791 
-33.6598986095685 -33.709975557098005 -34.17810217835347 -33.197620216891664 -34.10542387260915 
-33.704387823489554 -33.756656141421715 -34.22112367379523 -33.24402374090512 -34.14793062916338 
-33.57323854768035 -33.628080964405584 -34.09633316871137 -33.11018002572497 -34.02156665438986 
-33.54903747823384 -33.604862954375335 -34.07277148110231 -33.08529531407105 -33.99764701113838 
-33.53186447134341 -33.58834091510262 -34.05691668624567 -33.06809035808975 -33.98141126816711 
-33.574060012017895 -33.630518232365446 -34.09785859630533 -33.11175934601374 -34.022481752632075 
-33.571576374976786 -33.61844980105944 -34.091839193100625 -33.10526185327252 -34.01997194566644 
-33.53421387343748 -33.577833842983935 -34.04811113134758 -33.06191804635954 -33.97835164587167 
-33.53183202882609 -33.57671688553917 -34.046229449012344 -33.059942951199176 -33.976006642610855 
-33.5039421031516 -33.54810300643729 -34.018891776296044 -33.03077571422803 -33.94885347987295 
-33.44367525639889 -33.49492918990573 -33.96214877422058 -32.9707831569561 -33.88948529009687 
-33.369431553959345 -33.415737767088416 -33.88684233849136 -32.89112752554118 -33.81600823100166 
-33.32044898932212 -33.36528198809158 -33.83866364066901 -32.83974000909657 -33.76824336049036 
-33.29764070414923 -33.333386397908995 -33.812506488823175 -32.81210031187524 -33.74544971311094 
-33.295504399947475 -33.33068733084636 -33.80964896874477 -32.809355261913495 -33.74288610698365 
-33.26154299943781 -33.293041021717755 -33.77666957275626 -32.77340864988135 -33.71093392822303 
-33.30836605464546 -33.339453446200764 -33.825605105857264 -32.82370778615582 -33.759555241477244 
-33.26769969790574 -33.30443258452027 -33.7892143827529 -32.784358190534604 -33.72082507029016 
-33.29625713424407 -33.33174311184209 -33.81503025846443 -32.812677012067056 -33.74741411866211 
-33.29051463529581 -33.32712194250624 -33.809289674787834 -32.80686488528566 -33.74134318261959 
-33.26766573978044 -33.303266291473804 -33.78499202092529 -32.78185278233666 -33.717634648243674 
-33.2894649721693 -33.33441850071051 -33.81645823342893 -32.81186847866874 -33.744624932567476 
-33.27277874418313 -33.31860172910531 -33.79553137624153 -32.79222345559026 -33.72416008750824 
-33.32254489763237 -33.36806894731613 -33.84466605337744 -32.844168116941574 -33.77339150202404 
-33.32553093367332 -33.37397875727724 -33.848953067824894 -32.8486095890982 -33.7765679963931 
-33.37110636261755 -33.41852195373302 -33.89021315863498 -32.8940211742609 -33.81875971056816 
-33.34764842342835 -33.394253774128615 -33.86724659173291 -32.869447210992334 -33.796005896088175 
-33.34925136808536 -33.395257547233214 -33.8683431924335 -32.870738704514935 -33.797365035208884 
-33.34345609843193 -33.388892944418444 -33.863101462163996 -32.86482085771975 -33.79221775341746 
-33.29816090182916 -33.34576957005457 -33.81988490322222 -32.81874382639559 -33.74808731304728 
-33.26445500828683 -33.31657985339986 -33.78670886053756 -32.78452339379433 -33.71351212244015 
-33.26672550442217 -33.31658120412233 -33.786564661513864 -32.785153465251156 -33.71445094815665 
-33.24713999911812 -33.295480916519395 -33.7668064046494 -32.764142460059645 -33.69522195035461 
-33.24190370896825 -33.28997021064605 -33.761333697085846 -32.75845189261071 -33.68988195790922 
-33.303063140966515 -33.348358626108464 -33.81724587215018 -32.81942143239138 -33.74737813608162 
-33.308562375145826 -33.355751438902004 -33.818415437989174 -32.82333483064647 -33.74866625424961 
-33.292593710662416 -33.337065961293334 -33.8026138217658 -32.80605298554711 -33.73369876335657 
-33.29018913385397 -33.334890414779565 -33.80048085558188 -32.80371522514743 -33.73145611606182 
-33.287707911938654 -33.333095893406835 -33.79848591891847 -32.80150640391868 -33.72917672872482 
-33.27054843712047 -33.31431196897812 -33.78126809434126 -32.78308694798014 -33.71249823021107 
-33.27412202857464 -33.31865641763943 -33.78628900587209 -32.787766656207566 -33.717040015312605 
-33.275654917902656 -33.320447468547414 -33.788473450500774 -32.78977523629361 -33.71903606270355 
-33.269797449585624 -33.31649282908049 -33.78372162325438 -32.784598574982994 -33.713533774849125 
-33.22522933080755 -33.27326560433521 -33.74185582513178 -32.739428798187134 -33.67090423068757 
-33.308085172667205 -33.35512106878616 -33.8172208441014 -32.8224259158399 -33.74763663979539 
-33.29492777034355 -33.341991408756 -33.80439903724195 -32.808772651692806 -33.73477720408701 
-33.325755665162234 -33.37222727455497 -33.833597769828884 -32.84020913229864 -33.76436300818608 
-33.3930314721234 -33.43355425281045 -33.89652266731787 -32.90739799822242 -33.82968675968533 
-33.41838134337405 -33.46061114822945 -33.922752832332776 -32.93486333543612 -33.85520211676429 
-33.43765938347828 -33.48035179361072 -33.94173976674311 -32.95507068669936 -33.87405797503294 
-33.3983003544478 -33.44148293649232 -33.89888627173491 -32.9119914582073 -33.8317025661581 
-33.417225106376705 -33.461693518374545 -33.9196579150896 -32.93311466708029 -33.85174227571933 
-33.405746787627095 -33.448484545231025 -33.90738218300895 -32.920266965180616 -33.84014840853412 
-33.398636254556365 -33.44585402129802 -33.90182238911011 -32.91455958068279 -33.83297855180288 
-33.31420519001962 -33.36445477895798 -33.82179857152556 -32.82874992628274 -33.75147128417062 
-33.35423124495054 -33.40580687070191 -33.862477676748995 -32.87145438328166 -33.79156002742795 
-33.38088246775948 -33.43446701064774 -33.88929065062945 -32.89998923023441 -33.81767975664026 
-33.36200806350274 -33.416502816529245 -33.872242047560874 -32.881296997505245 -33.80009131277582 
-33.35863845722271 -33.41286455297565 -33.86838524653588 -32.877442989359835 -33.79640278587972 
-33.381869696190066 -33.43299145747923 -33.88655831050346 -32.89856178868986 -33.81630654810971 
-33.42930473640567 -33.477097193173606 -33.93008219950387 -32.94566758523683 -33.861396582287824 
-33.4138654441484 -33.46184173875716 -33.91534316725388 -32.929844443161 -33.84651674754291 
-33.41852298214293 -33.46834603996338 -33.919123100788966 -32.9346877066628 -33.84986541321604 
-33.444104771765694 -33.49148140840593 -33.94078724040712 -32.95901880311921 -33.872869218727345 
-33.46605727888729 -33.51400968725417 -33.96299552633174 -32.98234122676334 -33.89481704067002 
-33.53044864625407 -33.57754053532169 -34.020049148038964 -33.04603817435509 -33.95320902244363 
-33.517721876365414 -33.55868873555171 -34.00226665739362 -33.02875447581167 -33.93815461989344 
-33.511816275050776 -33.548472626335524 -33.993881180625664 -33.02035308444985 -33.93150665179276 
-33.39360130955822 -33.437274074798765 -33.881666267204764 -32.90074354970476 -33.816388027723406 
-33.347285457364976 -33.394247359633965 -33.83854979386591 -32.854423482598804 -33.771830311442784 
-33.402204591623246 -33.449871712745335 -33.88733535616808 -32.909189440406976 -33.8212942710218 
-33.40218581827352 -33.450049980489155 -33.88741235839322 -32.90926205602801 -33.821295203588036 
