-338.19193876890523 -797.6570383950456 847.9545040416273 
-339.4025498355517 -796.4648528791074 847.3930197625318 
-339.51905383369535 -801.0777251066602 846.2994086956676 
-339.94460181000665 -801.1539189588921 845.3067595824722 
-339.65550023597257 -800.7764851194707 846.6268113222008 
-337.74525576745356 -801.3051574300911 846.3266128952944 
-338.59306707048256 -801.7069232298062 850.5769341312118 
-337.52632626952754 -801.1870519066827 849.4897348299412 
-338.7972550902808 -799.7761923463141 850.9540902124714 
-338.895413860915 -799.3261807469319 850.649605640454 
-337.0827088535178 -795.6750701890411 850.9368765643617 
-336.022480740795 -798.4793773294357 851.2657323963006 
-336.93988737558794 -799.5295913474807 852.5333726252572 
-337.9067859149609 -799.2840400987905 853.1973359374501 
-336.17731479680543 -799.7333288460618 852.6970704922811 
-335.8481744550839 -796.7743650769668 853.8669841906492 
-336.4096377916856 -797.4624895877298 854.4324787879884 
-335.8997757193455 -797.62239695805 853.8249234958819 
-337.65487308791586 -799.3875285135889 854.1243036602087 
-338.96213285052414 -801.6386510809838 854.3326130735078 
-338.0526685088054 -803.5617747522871 852.8614921078163 
-338.7263287330776 -804.3836185390218 854.1514100827974 
-338.69022321930566 -804.5106460541391 854.1815287119423 
-339.9940402146108 -803.8335481255128 855.8568011364426 
-341.20711922066005 -804.2505389049783 854.5375034389334 
-341.3840944368842 -803.9380042083569 853.9861266365286 
-341.53976165004883 -803.6312015494192 853.8498958213814 
-341.8410458512603 -803.6479596941847 853.5387362316274 
-341.61873823451384 -804.9302989876307 852.6324128787734 
-340.93918030662763 -802.6186792264449 853.7853432295813 
-339.8239146154359 -801.4157772889953 852.1337122607639 
-338.6683540740218 -801.2050547451827 853.694412348925 
-338.9219754010199 -801.381849602126 854.8311111922156 
-337.35438334805576 -799.3119177330492 858.4435227431529 
-333.54038676402746 -798.2842837995428 853.7448756436477 
-333.4620375394775 -798.3439210498997 853.9074405912093 
-332.4569091323682 -798.3310857751783 852.9465723096043 
-332.09075532700035 -799.1685000110213 854.5602041298218 
-332.35385812281453 -798.8752783324996 854.139065752215 
-333.0597515764813 -796.4123438106765 854.168797365886 
-336.0661503928666 -797.3266772965803 856.7109142179941 
-336.2248498386154 -797.2140288078033 856.689930954215 
-336.23110797397106 -797.2723112090465 856.8363682365763 
-338.4538929260438 -792.977676325306 857.8971950195427 
-338.93983850905846 -792.2713924264823 858.6239805785593 
-338.30812056115184 -792.6531283522579 858.4698169835849 
-338.6908093633199 -793.0729580738684 858.2740515707994 
-338.36254715143946 -793.8178018666437 854.7670254253636 
-338.42796741038484 -793.7915450736516 854.8249886229767 
-339.52405510378964 -793.9749177838164 854.4562179973741 
-338.6184317885424 -793.1783519300952 856.8199632519877 
-338.8943265799147 -792.7405303821197 855.8088973465368 
-337.5950361294834 -792.5902864468281 857.9691985270148 
-335.9210114574216 -794.6098402793107 853.9667688261897 
-335.9156012384587 -794.3550645050351 853.9607997015103 
-338.36871109105635 -792.9902561288736 853.4710207696037 
-339.2152849528209 -792.7000970218785 852.1307251426653 
-338.8391225855034 -799.2015118911778 849.5990481265658 
-341.3229402059979 -802.3042451689815 847.7157355416304 
-341.39204787038796 -802.7233000134141 847.9141190623162 
-343.479091318369 -802.5616596274662 846.7541472472421 
-343.9067018325909 -802.4083148976434 846.7300434154317 
-344.01932550115583 -799.9588355553697 843.4372750021043 
-343.1382240504202 -800.8491902705782 843.205234991021 
-342.98954557743707 -801.1885737416366 842.9957723184835 
-343.4573527554053 -802.0578392936022 842.5711347436657 
-341.86440024708384 -803.2330866969725 841.7364446805797 
-344.0639423301067 -807.9426362119746 838.5368317320862 
-345.6530914414205 -807.0773936241864 839.0359705380631 
-347.44469293657113 -804.8895954207916 838.9020505742616 
-348.94115560499733 -803.3963559724524 838.5033459465374 
-350.4045130344591 -804.2725347671097 835.2553944067206 
-351.3022152102219 -804.8958530401844 835.257560219104 
-351.5630188593574 -805.0298460818267 835.4063360882694 
-350.60607134410975 -803.291834291382 836.7831667139934 
-350.24881908400465 -803.2446128566777 837.796966545271 
-349.73414004666233 -804.0365882540198 840.2879291048729 
-349.47039272345717 -801.0899450293452 844.5810901746818 
-350.9840129789377 -801.1155577041536 845.6170113371614 
-350.7059340841189 -801.6712867399054 845.2740187346593 
-350.7680652642964 -800.607633546851 845.2018506465544 
-350.3573889473972 -805.1229244803883 847.7367136786336 
-352.13365590707303 -802.3450964283436 847.1481427855949 
-353.9131981583154 -809.8364440340612 844.2088210506554 
-354.0262917762148 -810.4430628578417 844.4649660186512 
-353.3982741545105 -807.4926780829181 848.0555193829582 
-355.422398530451 -804.8876067145279 850.5958333322732 
-356.90316216268695 -805.3395070239914 850.1051337890746 
-360.13966684914334 -802.5563445987597 851.150959989668 
-359.5163791396049 -802.9736527483233 851.0464760641248 
-360.4057651756221 -802.6458182884663 850.9232513164982 
-361.31247107414794 -801.3983458463639 851.6086419476819 
-360.50417462615957 -803.4543420098951 853.0659017937521 
-359.90853798978117 -803.5477372927115 851.4436585613988 
-353.03705009484804 -807.4939416094312 846.1423133554543 
-354.11003912250504 -809.2632459258581 843.7942654882089 
-354.1522678117167 -808.4754958171598 844.5877311046657 
-353.6910755019272 -810.8384200038169 846.6769959496677 
-352.6456215319687 -814.571651839718 842.4512600300418 
-351.8895076277619 -811.9692485765419 840.2764715093648 
-352.80064262930637 -811.6333266491554 841.2221594895476 
-352.00793026919087 -813.2192870137626 843.0157201239882 
-353.48289935585325 -813.0111102969272 843.5968135792929 
-354.78820756965195 -812.2315413894364 842.6547592788512 
-355.5136045250253 -815.6055553092809 844.1712245575441 
-360.1028305794367 -813.893035779021 840.9613667905197 
-360.1955783147048 -813.7581505183949 842.6384390285385 
-360.70150490401875 -812.9657759484724 842.190321371243 
-365.15952609981014 -813.9721883527166 842.2675651331048 
-369.2605214229806 -811.8393097221136 841.538726092 
-369.0111549519394 -812.0431664965726 841.147503273185 
-367.8527842753608 -811.9943278221099 840.3210257584941 
-364.96987205435295 -812.7538987531019 846.9526596745089 
-366.4932710392667 -809.8452591056615 852.7909057707747 
-367.1740976982343 -806.888953428855 850.5336878979292 
-366.9204575895621 -806.8040753624467 846.55552474687 
-364.79552384073855 -806.1562634518524 848.6981463189732 
-363.47138905793554 -806.3594774666485 849.3465655616081 
-365.6427463734381 -808.9775731968597 849.232608650347 
-365.3621447080529 -808.6299969037885 847.2484141107722 
-364.23430510630703 -806.3260071283231 845.410167506152 
-363.937098341607 -807.3434531325681 844.6294478173797 
-363.80627821187045 -806.9342033239752 844.8958253172032 
-369.09907902795925 -804.2674051139812 846.141628344841 
-367.98113501570356 -805.6825809571466 846.0502626957837 
-370.7869083606706 -803.6981835925128 846.3537344260768 
-370.9686229926191 -803.0659895886474 846.76506630648 
-370.36196911403476 -806.1760654726427 847.8477531542682 
-370.3070988128438 -805.9989860214325 847.9907368798079 
-370.3048850787097 -805.9987141497132 847.9914368688139 
-370.4766545973898 -806.047906753433 846.3378941436899 
-364.14301932006947 -808.9674725836342 847.02016487329 
-366.2608982425563 -811.7852746354897 847.1521924013438 
-365.96251192340685 -810.8970228186492 845.8664483324956 
-366.3454788282367 -811.1453414044983 843.3906084343811 
-365.69619786755703 -808.05974418026 841.1599644599108 
-369.1480767000082 -809.8457428869258 842.5133810222566 
-369.3284387790196 -809.9701845063645 842.403826220724 
-369.32906149404454 -810.0072757757275 841.9177579404575 
-371.7448404683937 -808.7128096341851 840.0203184640015 
-372.25850856606985 -809.0329836469093 840.6045569553238 
-372.3039690355517 -809.071784644343 840.5137064144443 
-372.5542291306717 -809.3591151077053 841.276639589018 
-372.4985337133117 -808.8189430680974 841.6063395512988 
-371.7646775133205 -809.0120064631054 840.7261498265932 
-368.8794682690706 -809.0966380717161 838.8829264544374 
-369.0109309151622 -809.1247778289074 839.1366815193124 
-371.42403466983654 -808.897508914232 839.3526428505781 
-371.9232514996058 -810.1333643834306 842.2203728120431 
-370.7827237204592 -810.1055042450452 840.6877004831335 
-371.2177073961829 -811.9993893092466 838.3556723346612 
-373.84084903688824 -810.5023748282142 837.68969190094 
-372.7571327681293 -809.3066579776289 838.2779666635637 
-372.8341904223053 -808.2441063492502 835.6138743203593 
-373.2249300299072 -808.1801152718085 835.7848624107955 
-374.04959352654424 -808.6028543024906 835.7991933911436 
-374.26838712861684 -808.2310466879694 836.0641948376677 
-376.8572855219519 -803.4381734061986 831.5265996848142 
-378.34099759850415 -802.5501900329165 830.0483751625654 
-377.5415234157989 -802.5413444361835 826.7201441345593 
-377.1507654717548 -800.7778031349901 821.7593567218496 
-378.22861581005407 -800.236298400473 823.3196937492532 
-376.6441179123242 -802.3038663550733 829.0058223584122 
-374.50988015544795 -801.358106774306 825.846437842244 
-372.2329933073824 -803.3454220968569 826.2103693585013 
-370.83848141288576 -804.5824864708958 827.1212242247292 
-370.44668256090773 -804.5687937118264 828.6471208535312 
-370.73867824359263 -806.2995880329115 826.4098175700225 
-374.5093109783854 -805.9428772744634 828.1934981592971 
-376.77820700080855 -810.0713429806202 827.5238312816394 
-375.3908250265303 -810.3413934401733 829.6823483375057 
-374.5077567784632 -808.9963556852202 833.1686172329006 
-374.60368658999187 -808.0344171996638 829.8164099898105 
-374.91890974908364 -808.4290828582349 828.6568187130819 
-374.3763923581395 -808.8484959519889 828.8403432772569 
-372.75159613875957 -810.1162682528845 825.5587167193777 
-373.3649636858469 -810.0490227656719 824.7231792638242 
-373.387697720887 -810.1594076028473 824.7342183215839 
-373.8813621094373 -810.849794173479 824.2934897608756 
-374.03889689402183 -811.2058683392764 820.3014006868627 
-376.6391553277121 -813.6130764746237 812.6692855661348 
-384.2372999602975 -817.1138675759852 813.2164546667291 
-383.98299841484743 -816.7987969312319 813.5251015834091 
-383.99403937690215 -813.010957160688 814.0622187153168 
-379.70017403686836 -812.1113847802209 812.2483651883982 
-379.02670478575936 -812.7888785823594 811.9414677464551 
-377.93689552075307 -813.5781501356379 811.5704659229644 
-381.15470729946503 -813.9359933077294 810.7488458668623 
-378.66710423948007 -815.6028332914176 813.3877724257434 
-376.7675468287724 -815.6432937739887 817.3300068046543 
-376.17911342817087 -813.7577922632215 820.0310131686681 
-376.76147955453786 -813.2937595490386 820.0997070069959 
-376.5180909470744 -812.7811826948669 818.4455493482454 
-379.3498497047753 -810.5265651516536 819.3349081069207 
-379.46656512061566 -810.5291583084042 819.4862032778576 
-381.29193157728156 -811.3637080646031 819.6806972124708 
-382.19710109196717 -811.7113311951468 819.9653087856276 
-382.1985425601468 -811.6973023323764 819.9631394691363 
-381.7315812164849 -811.1718193980508 820.3404706113181 
-377.7657628833054 -811.6574569120158 817.2338292185556 
-378.15069366709196 -809.1379934662313 817.1986799195471 
-377.3598144475806 -809.6662747075404 816.3049887274035 
-375.2718720545448 -807.547217633409 821.4599004247784 
-375.54029987079707 -808.3578458561699 821.8219228888786 
-376.67921002717515 -807.6168953363099 821.7352654186564 
-375.26847250510326 -808.5320655797282 822.2410559055838 
-376.63607002029596 -810.9500013495906 822.8708969563722 
-374.9127755663672 -811.6940048586564 819.9974088826493 
-375.1472952040498 -809.77460905291 819.3705676387218 
-376.9894357099599 -808.490958853112 819.0384687679311 
-377.8295384157859 -808.1959139826319 819.6235856752758 
-377.2446033880098 -809.3078781591371 819.0375623825297 
-374.61768459250317 -807.4235353657267 820.5483808129746 
-370.7903721453832 -808.24914802607 815.3254649871639 
-372.789681409632 -805.083331300227 818.6842620615541 
-372.4633198253349 -804.6786741041519 817.4780421385736 
-372.22973764965764 -805.2261634675675 817.4244027915951 
-369.33316312282005 -804.8325346713768 818.586956908881 
-368.9288699729488 -805.4967130922166 818.2597672911057 
-371.93452538021666 -803.1236554296819 817.1497540208323 
-371.98684244742975 -803.2287598991634 816.9780895725851 
-376.9445781956862 -806.1019308834832 816.411933058946 
-378.2981581468964 -807.981674251447 815.6286332795153 
-377.704250806612 -813.0108864534956 814.1634700978035 
-380.7113304163009 -812.477691234357 811.5677929562562 
-380.4947492488527 -813.6165478426884 811.2519378685844 
-383.3109693313139 -815.1490701171723 810.7252705697867 
-385.0696500155795 -814.7597770360608 813.0707959438556 
-386.22156732478624 -813.4862475650147 814.3972854244299 
-385.68801568380457 -814.9344741815664 812.309333855398 
-380.8188862581865 -812.0404616362185 810.0984970511478 
-380.48606926005755 -811.9992663141128 809.655174190775 
-385.6533462947005 -810.0088853825014 809.355227243057 
-388.4401401152908 -811.6223948619157 808.017038419778 
-386.4987222597269 -813.5745103249807 809.6314928526588 
-381.3311215444934 -817.205823449591 811.2794294954994 
-382.4094637740351 -817.4675231204815 811.2141853034809 
-386.0226561792572 -817.3770315719127 814.7331455829705 
-381.93923645584863 -819.0483621753231 813.191712576663 
-381.92198967445887 -819.7317340905457 812.0800500042936 
-378.4398471192698 -821.8587948542121 811.0509034535378 
-380.21548813565323 -821.9184930703078 809.2311579103416 
-381.9729648722341 -823.3556519590051 812.3345675703844 
-378.9539285348081 -821.1394824800371 813.8001328027941 
-377.9688547484661 -820.7963585463125 814.5968979558958 
-378.90664591228176 -821.8225060222425 810.6434734814776 
-377.5738266799122 -824.9278139275183 808.1349880657783 
-378.68904077153354 -822.7783279588454 805.7082474773941 
-375.5932199051682 -822.1203176223175 800.5907222175309 
-373.56455302607935 -823.9659300426254 801.380047617076 
-373.7562234125544 -824.2923769107433 801.4753311856703 
-373.735572572905 -824.3255501691536 801.3578907056163 
-372.6857161239097 -824.6770339653834 800.53643023655 
-370.0111837142572 -827.8042758416717 797.7514128800989 
-372.5086193472177 -827.2764116025955 797.5581015162547 
-372.3624691965134 -827.3017985535478 797.7166538428662 
-372.2851350939215 -827.8093645322273 800.390765674361 
-370.58991795922213 -828.8616075620381 795.9110937674991 
-370.79854704522745 -829.2762697689028 795.8815343581194 
-369.5209282596267 -828.8368174162104 794.8482322793811 
-369.60135686868546 -828.9248882803196 794.9829148497506 
-369.5540968515098 -825.1678312318221 796.8083333325112 
-370.5250017912172 -829.1782564710755 795.5437512396198 
-372.6499828123845 -825.7803308350443 792.5099992140761 
-372.795726533919 -826.1875866445228 792.0846786427398 
-375.4476305242831 -829.2681835517764 793.2464477041316 
-375.07443035771354 -829.5930228676012 793.114433953651 
-375.1867049989004 -829.5781523220272 792.9638196086819 
-373.4151639774562 -831.2680644866259 794.6737157435398 
-373.75980303716426 -834.7976140834255 797.6795932510751 
-375.7618423480304 -835.9759695621489 798.3768596430002 
-375.3300701023652 -835.3715256281737 797.9893334306315 
-375.75958731798164 -833.3098425809496 798.9632381484115 
-375.035542085893 -837.262433026096 798.1165873035285 
-371.2900107825028 -828.3218549505955 799.9675556431504 
-369.375063266452 -830.2215540537969 800.0967450368446 
-368.23699352798724 -831.0906125959486 798.8197626262462 
-372.9294872080215 -827.277078203566 802.2533425024989 
-368.87083744577785 -824.7333984578977 798.8077457268719 
-369.56196489077774 -823.1676408314676 797.4982157485148 
-369.78436741029844 -823.302897453878 797.0322057272192 
-370.42756300614127 -822.1091680050574 795.0589695068512 
-374.464575061282 -820.9641901399656 795.0334488365287 
-374.2895378617422 -821.1210517483071 796.0839485754781 
-374.1498165554216 -822.642371600198 793.0162922468496 
-374.7404832806335 -822.1442993838712 791.6869910236127 
-374.57008102275273 -822.3331840523988 793.4218600288048 
-375.4847587331608 -822.9182608610148 792.6433302268384 
-375.9193711836185 -820.5268083528275 789.7776963051249 
-375.88661186047966 -820.5097490452529 789.7687785104613 
-379.14802662418526 -819.6742731444764 791.642400629393 
-379.19884596824335 -819.1932281141065 791.626832440447 
-374.1421811003923 -819.9908912287109 789.9615922675426 
-376.34850462107664 -824.3320659507581 787.2729512288812 
-378.3036227832963 -825.5490171465111 790.127970478174 
-375.0735178192083 -823.6123784727406 793.7678072586951 
-377.47694522104547 -819.245133745469 788.5825485503478 
-380.1080899106496 -821.3900142307559 785.3522188612479 
-380.1265412737792 -821.2123942387666 785.3532949411035 
-378.58141253233333 -819.593564179035 786.1944810639498 
-382.28138853729115 -818.7982376727853 789.7760124935322 
-382.3723045965766 -818.6017632097551 789.6266794832176 
-382.50181559042153 -820.1924318142543 785.407960791455 
-378.0558763456943 -822.6402746034067 784.7979109555434 
-377.96650877342734 -822.8514522717463 784.6054651283049 
-378.37064289128824 -822.7961864878686 786.056124073873 
-378.26339844591286 -823.2966611364405 785.7632167423859 
-377.3709662138578 -821.9395243864438 787.6752957378741 
-378.0183524803541 -820.9062264650889 788.7474954871932 
-375.54523166450826 -823.686005307442 788.4355405433676 
-374.3178867259255 -823.642485172103 787.9422104527064 
-372.4716452503134 -823.3308878688003 785.3021516880699 
-372.46585713505317 -825.116029710454 785.3490737949463 
-372.66958464908305 -825.390613590545 785.4180383493346 
-376.82642450591123 -824.7513482642938 785.3351123397779 
-376.60458553890544 -825.190753425047 786.3089597001018 
-379.8531885633987 -822.6615139628623 787.4749425266593 
-381.54517235070506 -822.0252940914212 786.3859321983282 
-381.2033257501924 -823.000218986472 784.2622587340744 
-383.5671381389286 -821.3349525818452 786.2921769483116 
-381.1479052161823 -820.1812678354432 786.1677977483449 
-379.05602475793313 -819.5034001905492 786.8415750826524 
-378.6057365983758 -818.6776699962137 786.1370702647158 
-378.1088535082462 -819.0674589212399 786.8614964844511 
-378.19281051239915 -815.9690649774735 785.184542643881 
-376.16078790185486 -815.5191935059628 784.8863839723587 
-378.5385398300698 -814.4247481082081 784.6140719190157 
-378.4387504437959 -814.4368882266482 784.5950975559997 
-376.9227615452596 -815.4740877452313 787.5692253576344 
-378.59686218748556 -808.805031112709 785.9904008887055 
-376.9609894361275 -813.1200688779975 790.9783224708835 
-376.3797871965962 -812.7222411178924 790.9377379407447 
-380.1565330809637 -813.9735623804307 789.964310300094 
-381.79198311445623 -814.5886344329668 792.0931546772977 
-381.92137562003586 -813.9555128366434 792.6261789371415 
-383.62979340388443 -814.1630048315009 793.2923895814191 
-384.6406904893225 -813.4350728093532 794.6870533002805 
-385.00331592563833 -813.3165368442595 793.3561515648344 
-385.1502880974537 -812.512832092537 793.7998765325482 
-385.022765325964 -810.6237999938973 792.193247616983 
-384.3736355362399 -813.5689938566337 790.8146697574091 
-384.1920071493243 -807.1785036416079 790.317563798195 
-384.4413583163224 -807.3709427665294 790.384715856378 
-384.51745744782505 -807.4329913130186 790.4397413807852 
-384.21127148623054 -806.8018938723895 789.8743151295797 
-383.1413212206951 -805.5515059672944 791.3984432371119 
-387.79423477575807 -806.4070254623379 790.1854558294174 
-386.43164078107696 -805.0022929282679 791.2923572516643 
-384.3102884426376 -803.5584862465097 792.4615149019 
-383.81532013977505 -804.1383680734475 791.6988258023406 
-383.22078991446824 -803.9871710285267 790.9386831094797 
-380.3970609014005 -800.9986098691214 788.5427876975463 
-380.5160737829744 -800.5960039227091 788.617458658266 
-380.0539232593266 -802.0553459120772 788.3481864291679 
-380.1798117339156 -801.9315390295992 788.395058216156 
-378.446103079084 -803.8542246910587 788.8819211204258 
-378.37909068666886 -801.3183368921943 790.3136152538447 
-381.525564068941 -798.5729504965411 787.996137982025 
-381.86423413402457 -796.7732402716495 784.8274963787754 
-382.04252156697936 -797.1964906810027 782.766806481856 
-384.67494549140605 -800.6835059538091 786.1579238052944 
-387.44844635380457 -802.6358208667463 783.036226731273 
-387.43389994786133 -802.5750634028021 783.0873632396009 
-387.7069985788448 -802.7704915599752 783.6439847236916 
-383.34804441105337 -801.9994987585407 779.0565325191939 
-387.3475016340897 -803.6856354864835 779.7418938177963 
-385.1427158114487 -803.5089406193107 778.7106076576079 
-385.1814622035704 -803.5053169617828 778.8698556514073 
-385.32539649956357 -799.3098935996658 780.6521953453788 
-385.1765954307 -798.4897126843795 781.4740521497772 
-385.58298962668624 -800.816182623734 780.4852511085699 
-383.4844481432966 -800.1828188558529 781.6272019118211 
-379.2883831003066 -799.2322672144883 784.4327578617574 
-381.53898769516496 -797.7212763343186 787.1094328304672 
-379.6354394875082 -797.5690334548754 789.3737726231061 
-384.24781423259435 -795.1502486812809 788.2773666886899 
-383.806345813564 -795.6462101417582 788.5694068509101 
-389.2122517138586 -797.0111917806414 792.2995596539029 
-387.953800948458 -796.752373351394 792.3806272641738 
-387.3353288381222 -797.0546319884784 793.1555216072888 
-385.56514433220883 -799.0362070920468 796.3756189747365 
-386.20519157418244 -797.7780636582484 797.3813195867908 
-384.0553380043778 -800.5563942567603 797.638808611516 
-384.294758388623 -801.2984612200158 797.8352291266161 
-384.1906385250313 -800.8837566068815 798.4546235458246 
-380.55048277767133 -799.7897632315404 798.3930026222716 
-381.66454837897453 -799.3293313329597 798.24017083041 
-381.3859122485821 -799.3848346077754 798.2769916391906 
-381.7753470741311 -799.3086939883848 797.9923496351823 
-379.7830156768176 -797.735467759025 799.9497551335124 
-378.0794537503357 -796.4043559371821 804.4655975015157 
-370.2312213678918 -796.5052490804287 804.7281526017285 
-372.23991513298864 -796.0479727046522 804.3491991979488 
-373.70456541266867 -801.0405433707053 808.121313381379 
-375.23124086461786 -798.9167034755819 805.8325465756018 
-377.09226971250405 -798.099913666219 805.144801810584 
-380.28462402768724 -800.3182417065111 803.2483666046999 
-379.2815279322647 -802.4516617178793 802.0424720708031 
-379.0093560361965 -802.155899851512 802.1389065262372 
-379.1474783745969 -803.4930111185857 801.8178639369046 
-380.503276362183 -802.7827197715146 802.9298016166173 
-379.9648064872991 -801.3955644463153 801.4078339457468 
-376.561433665774 -799.2369700137145 798.0916892342282 
-375.1780711568586 -802.0282320604028 798.6809721966097 
-375.25887876372127 -802.0192710347499 793.8380520908585 
-375.294537033349 -802.0692478620075 793.9423196861733 
-373.4320888663874 -802.7844799044002 793.9707559287161 
-371.30814659643323 -802.6809411726805 793.235444498496 
-369.40602231561945 -805.6741048760431 791.0834167564674 
-369.7375317874359 -805.6298378527086 790.4812721761543 
-369.6581610897582 -806.281410434433 790.2280959369823 
-369.9910746883695 -807.2646655166687 791.2643736897376 
-369.9181569574483 -801.8825732697175 790.9571979798201 
-368.66325173437235 -799.2671462865878 792.4519976170922 
-366.6578429001903 -798.7267470477174 792.3512562927356 
-365.42546220752325 -798.4353690978919 793.0721124939877 
-364.41139673766844 -797.4832201750002 792.560946351096 
-363.91458311674364 -808.3862675867899 791.7155815344228 
-366.28280460005544 -810.0677782101046 791.3762287592212 
-365.16276063320095 -809.3900152272909 788.6737675588664 
-366.31507606624086 -809.4697118730737 788.8384703419432 
-366.2415950933813 -809.4446259490167 787.5137898523122 
-363.85313166058114 -808.6919494671769 786.5903629662365 
-364.0949177004563 -808.8250054886864 786.4448501747572 
-364.49255121700213 -812.7356875377618 792.6178929418346 
-366.6491971294037 -812.7365852720715 792.5973861758822 
-367.59274806586257 -811.7134186551347 787.2440966895664 
-367.5021084036873 -811.7111121633507 786.7932911080861 
-368.1719148247161 -811.1964276327341 786.9825558150153 
-367.7387418942143 -811.4793439213646 787.305435274012 
-364.8805818711325 -810.664352381471 787.3667910230888 
-365.31738485954736 -809.688223173211 786.0733044275572 
-365.50375361792305 -809.9687231535182 784.1003732813779 
-368.2320239867528 -804.281288254023 779.7079970287466 
-368.22799964282643 -804.2723183463307 779.6984484727599 
-366.2330459385915 -801.978703358534 779.7085451113901 
-366.63709527892615 -801.9040016160385 779.9875051552222 
-367.0389810792558 -804.872877540599 780.5783507829624 
-367.26467224813325 -804.4040494348745 780.6054110170688 
-367.7208219808906 -808.5391419445151 778.3771158152283 
-366.74235330044957 -809.0687947833678 778.6195955142467 
-368.1567453374215 -809.6257840292024 779.8554286633027 
-368.03030292019827 -809.4016436848268 773.3159678249698 
-365.34639980993444 -810.6581711417929 771.6317939857327 
-364.2809413501301 -810.5261489423818 772.4299646141889 
-366.0534602377089 -814.1433204685858 768.1915336475633 
-367.03243408488896 -813.0832285228616 767.0770457220682 
-368.2457334311211 -810.4158340368903 767.1780286863773 
-364.39839335906345 -809.6827454912931 769.5876800587586 
-364.5306826976046 -810.0967353956466 769.9299309228792 
-365.53716328953635 -806.2033894481493 764.9689288452803 
-367.32929030472206 -806.9599728521774 768.200565764583 
-367.00756611839165 -808.1565160831589 767.6354945811622 
-368.3919914741453 -810.3906487793553 767.4496018578135 
-368.4282477035559 -810.3241220289958 767.4202662517289 
-367.58996959690245 -809.478824738692 767.8720444360091 
-368.53650039913225 -810.9003581370514 770.7206893154464 
-373.09334221564 -812.7428606042387 772.0310517320505 
-372.0095622716009 -813.0386184518043 772.6247938934879 
-372.90821223749936 -813.9340243188603 772.5230244071397 
-373.56549790278706 -811.4945572429717 770.2765147912258 
-373.57386874038167 -811.4755343232124 770.2585420763743 
-373.55330338642443 -811.4713677292821 769.3798777262497 
-373.90833692217467 -814.594038698776 768.6541224860658 
-369.92308560761035 -815.8018672610322 766.2559142334212 
-370.9862025274067 -815.7581679231209 770.9035101908942 
-371.6649211487116 -814.6859309002533 771.63575833491 
-372.6660201844256 -817.1434036697457 771.4671853195331 
-369.7970313001526 -817.6779661814024 771.6168495973175 
-372.75825482787724 -815.7167957118025 771.605124435968 
-375.42718442643 -817.1988802908669 768.7778048797404 
-375.829951182968 -818.1024946048584 770.0090812566714 
-375.8520719575188 -817.5032347539691 771.5226707903124 
-376.04790050525327 -818.9735063857715 771.9696676947248 
-375.5477782694981 -818.9120466776773 771.7327985854195 
-375.70861909624256 -818.9440331235706 772.516889441815 
-373.10675559449305 -817.3135498635145 780.004029257342 
-373.0576303240838 -817.3905379837082 779.9597249933863 
-374.03954512144156 -817.4798184467186 777.3924986372216 
-378.54566473830346 -816.0441318349541 777.7032435847233 
-378.68199285555283 -816.1424089117136 775.9359645104382 
-380.02035549866304 -815.0442587652683 776.3994851176634 
-379.3339380423052 -815.0442623225209 776.4080015279194 
-380.2020438121023 -813.509273022233 773.8520392429422 
-380.85194050681554 -814.605575894372 774.6692199148233 
-377.459788623419 -818.1407781360084 775.5276768384156 
-376.90622555594655 -828.8474020375284 775.9594313782956 
-376.9933572757675 -828.8616854309714 775.8592367512299 
-377.00509776040343 -828.8516223946809 775.8910924295343 
-377.3315707198361 -828.4466371936118 775.5267666147085 
-378.44783511744305 -827.6711371915131 776.2205710125099 
-378.6387567175989 -827.5735944554431 775.8941693469039 
-377.2272581098983 -828.1606537403787 776.9332160876467 
-375.96267004534064 -825.6066240126303 782.0665928840456 
-375.48066859859773 -827.1996546526871 782.4749541184998 
-376.3026679359583 -827.1500379553652 780.9650820014962 
-376.3874795087429 -826.0934766664096 779.50959199149 
-376.6082942844286 -826.306730873261 779.0229565149983 
-374.1470797512441 -826.6671967676774 775.1863684194542 
