-383.5799286455756 -761.9519918577324 823.8085721840187 
-386.1313325213608 -763.5494358513021 824.0262471835096 
-390.8301717059727 -759.5008197036976 826.0227465343972 
-389.403177180556 -758.3408081493116 826.5572332971043 
-390.1315119136294 -758.9365707965502 826.8949719680586 
-390.1868714036558 -757.2936708071986 826.2519503854636 
-388.0442213252976 -756.0289725089514 826.568771969096 
-385.6753214998021 -753.9393901047206 825.793496114896 
-385.17678085128614 -753.8838956673442 825.958840332462 
-384.4092614469422 -751.0394904157611 828.9289105458798 
-383.1331318339847 -751.8756524645261 829.8758358548887 
-383.41464906602016 -750.9268478680922 830.2421900380656 
-383.44818689095666 -750.8421375044937 830.2477776993071 
-382.5531063680719 -753.0128422799401 829.7702143995523 
-383.146451158297 -753.8218486904728 830.1116123689972 
-381.44100693965305 -755.9384170703722 829.1860435310062 
-380.161548623751 -755.0450237973201 829.6775111534648 
-380.1990069066732 -755.0981203136055 829.6231670477564 
-381.037669267369 -755.9213017749237 828.7957466480493 
-381.495049427426 -757.0546030931687 828.3634823362365 
-380.5275802194761 -760.2804075138426 832.9625982461936 
-379.3388227160807 -760.587059083571 832.5423980358155 
-379.2376741520505 -758.8533657976182 828.055491858188 
-378.39863196738503 -755.125421665113 827.6789883066527 
-378.301926086606 -755.5618755368655 828.101038453344 
-374.5885458398675 -754.8595831453721 825.0564938440208 
-374.04660022339607 -755.2383043426764 824.3177175748193 
-374.15442864607735 -756.4481225875478 824.3532027600295 
-376.1142641775037 -756.4967504211764 824.8625831043801 
-376.27102074876484 -756.4902017661495 824.9980025704499 
-375.9606577938042 -755.4251342117971 824.7090046704678 
-375.6006215834756 -755.4695760233657 824.7755281915751 
-376.2286317874382 -754.2131447283928 824.2476423152145 
-374.1881556521251 -752.817377381475 823.5949448447388 
-371.30099120947455 -746.1725721130094 824.3689059151892 
-371.8140500084066 -746.448547234035 825.3676607351136 
-372.18071803487004 -747.475685758904 826.6996836537751 
-373.6133864178732 -749.59540401103 827.1742749774235 
-372.29138187882927 -749.1285203538597 825.6766183179951 
-372.7080001656556 -748.4586848900508 826.0280107773496 
-375.25452194082305 -749.6913269419065 827.4961992350551 
-375.9207298379431 -750.537848742962 827.7205167542159 
-377.87203793297334 -748.6222096464189 825.2099980460179 
-381.12992834817777 -747.8243504827273 825.8618802309268 
-382.0667676645806 -749.6565806234776 826.6137143274103 
-379.24000687718416 -749.4721354305417 825.3695075895876 
-379.2308098946783 -749.5613520932105 825.0244873979209 
-375.0539878020706 -752.4498551263925 828.5042182985843 
-374.66785689238327 -753.8496242235454 830.3976956076283 
-374.93939313844106 -752.1265761217929 830.3133144536008 
-374.04904637879383 -752.5474297402676 832.067314538065 
-373.6712330286329 -750.1622227269933 833.923047400506 
-373.67507400093706 -750.1677886391465 833.8672770664 
-372.45334538938187 -750.3402628151747 835.2354665512194 
-369.950310460284 -751.5241816705455 835.6925455311766 
-372.2854441149026 -750.5125277798013 837.3528075098493 
-374.180628303414 -750.7645839485741 837.6727860988989 
-373.69701041833173 -750.9792495099598 836.9837808712299 
-373.6531144687773 -750.92694921645 837.6300966303066 
-373.7033157443524 -751.0430302235432 837.5024967278938 
-375.06195653617453 -750.9665607325069 836.9345920259386 
-377.3558849353661 -754.1057064916056 834.4236835525362 
-377.1604383830514 -755.1552767996578 833.6454574128577 
-378.2850341470002 -756.3588441719754 834.3329638258732 
-381.0901224771592 -753.8451944987767 832.0483379359747 
-383.16729961141766 -755.6010818537367 833.6225633785215 
-388.6004394179022 -754.3478683454582 834.0217039037994 
-389.186027438293 -753.2397089425002 831.2566304660852 
-391.28208824126585 -749.94857433763 825.9371504979134 
-391.3959915657729 -751.9462167907759 825.5978402402094 
-395.25976399063563 -753.3477492502186 824.7971640517585 
-395.36651893696904 -751.6935957340595 829.0861282065126 
-395.15729918670934 -755.7751707489723 834.4500793494061 
-392.51370601191576 -759.4762527411862 833.6453544256511 
-391.5220357099097 -756.6936007422756 831.4095312062296 
-391.4988084102023 -756.6078279120038 831.4629729376101 
-391.2554169919407 -757.0333789107449 831.1815656606275 
-391.4287651976846 -756.9591047737456 830.6856694757425 
-390.98822480086477 -758.096426297311 829.0629141971361 
-391.1228523363819 -758.0739812119488 829.160571319732 
-388.78460042422444 -756.0294507252329 830.0712821317899 
-389.01575934137685 -757.9074296604207 829.8806350761179 
-389.87395296918027 -755.2871282425001 833.1423532656466 
-389.5651969033795 -758.131690995989 832.4104265410957 
-385.6011197501343 -752.1991535006065 831.8073941786595 
-385.4091243381185 -752.0970112644209 832.5849075047099 
-388.8588403988455 -754.1433994585605 828.5048457353633 
-388.8481350753463 -754.4362076515489 828.7052510038536 
-389.34975262320415 -754.3706378614371 828.4532561881111 
-390.51326696552405 -751.3410238254321 827.9104767122218 
-389.66074767811295 -753.3258124078218 830.4374450086381 
-386.97568870911175 -755.1399139268551 835.0308478167558 
-387.4568190082159 -754.6375261996966 836.5507783821182 
-387.76176532038863 -755.1187665593751 837.1441550234113 
-388.24066220239155 -753.4925596505041 840.7191374115312 
-385.3086909949484 -752.1890119208524 843.7272806285679 
-383.76264189257114 -753.8371154615376 844.5939745024208 
-388.24242267378514 -750.4537696756335 846.4756710218558 
-386.5981523601601 -750.6554414193002 845.1224795903811 
-386.3964755968704 -750.0972849731095 842.3940923727529 
-385.8443790977893 -751.6966029749744 844.8845673440408 
-386.0584623986724 -753.4626676834108 846.9888373762151 
-385.6292759082501 -752.9257930398954 847.6900498893465 
-389.7579501676946 -756.0123203500805 845.3863936972139 
-389.8068046037874 -755.905024890864 845.3332595576977 
-388.88962582410323 -755.3716012366499 845.2605484147324 
-388.7731767919858 -755.7994612406329 844.9351317690985 
-389.26677313173326 -756.3481156900189 845.4256551272956 
-389.95250020331304 -761.6175097141295 848.9427670360337 
-390.10211459663003 -761.4599080214035 848.9858151084374 
-391.2965160073106 -763.5619243287138 849.963172554181 
-391.7824538573109 -767.1436737636277 848.8733190390071 
-391.1924513599468 -767.2665503135044 848.5667183019783 
-391.6161501391748 -769.7357151937647 847.7694636618652 
-389.9054777390843 -769.3279475228121 849.274227506308 
-386.8784935006033 -767.3472390404067 858.1555019762413 
-383.3432243616604 -770.1613271659733 855.2616850347466 
-386.3632302346108 -769.1614407048829 854.3919749246018 
-384.67746512347605 -768.2929455850431 857.0238405685162 
-385.5410485352363 -766.7504556340134 856.9728548047635 
-384.23991476729105 -768.0408165509231 858.2807361178247 
-384.0882956240096 -767.0033105647186 859.704690945673 
-385.5901352288241 -765.2791523633913 859.9851186756922 
-384.4641696090335 -765.6432001448235 864.396664164364 
-382.42675724230776 -767.0739932074038 870.2645788212096 
-380.01045535532194 -766.3249905199178 870.7282298401606 
-380.83789799724605 -764.5862647539768 872.4480234866908 
-381.1820399856919 -768.9733573200303 874.3426340750095 
-375.4628793676847 -772.0918424328731 876.51373732587 
-374.7534341125716 -773.6912705838121 873.4084017682849 
-372.5396197297385 -772.8765606603769 872.8242082331603 
-374.1604350167891 -769.9647076921544 874.3060933761707 
-373.9445631538168 -769.0589622279548 878.456895246397 
-375.1919448318287 -769.3904807770265 879.1984530249605 
-374.3391391365224 -771.4808979377536 878.9058474411694 
-377.08652066409934 -772.299869395556 875.574308209419 
-377.16623448492794 -770.2695912785985 872.568710229212 
-373.72158731730764 -770.420357015096 872.5013579405344 
-379.97415712631897 -768.9751650700442 871.134079042723 
-382.43856218422974 -767.5478422132501 873.1155665767933 
-381.99143481127874 -769.1628240386787 872.9021944747252 
-381.50200729139425 -768.4733375052434 873.5606605069938 
-381.47022170781554 -768.4424462469478 873.5713849505503 
-383.01765802253584 -767.5185578789963 879.0023137639283 
-384.221094582705 -769.9583791713495 882.2726720080658 
-384.5418487329728 -769.8930006030488 882.9857018104587 
-383.11714955153434 -769.3455862385175 884.2244701897507 
-383.56283298135764 -768.6518330262459 882.6181681111588 
-383.55827992395206 -768.9947331382178 882.7346819464572 
-381.7807213322375 -767.5696130598524 882.7317605454588 
-384.3947574212398 -769.6250456283789 885.0701902856431 
-382.9211099240479 -766.9436791368726 882.5733733174905 
-385.27017339621625 -764.447599975949 881.2735845806292 
-382.3288580009111 -763.3510908340021 880.048484732188 
-382.2600138324483 -763.4078304027155 880.1152061283935 
-386.1315974898539 -763.870610754474 880.3144925641096 
-380.1743428789416 -761.4223298565664 879.9253348949561 
-380.6788896830601 -759.1247438348495 878.1770721127554 
-380.5218939327978 -759.254657388152 878.8001508703517 
-380.6298594638312 -758.8332305189085 877.1266729805318 
-380.1568521098538 -758.1321244224465 877.3560687618559 
-380.98096655817255 -757.9245005827718 879.7284032865001 
-377.7882529922731 -763.8407196887267 880.6684002559235 
-377.7550095826212 -763.8607730872618 880.625321422029 
-378.1792924869646 -764.7734677082343 877.9214615531205 
-374.4878490207105 -766.8005083425594 876.1914714384743 
-375.10513140845285 -765.838088882604 875.1559164583276 
-375.37090666255847 -767.6355232287843 876.5713257789605 
-374.2466195554233 -766.6679352342276 874.4906203805008 
-374.4059465844405 -765.7679686539966 873.8843337690704 
-371.04332869900935 -767.4622370311415 873.480532121607 
-372.18836520048455 -765.3440449561431 873.4864643521374 
-372.32946559570195 -764.7582834195082 874.1094135670586 
-370.9009495074655 -763.3409592737097 873.9630354399454 
-378.17375871903397 -764.8257331665733 876.9733502295387 
-376.9651901876131 -760.8725900790569 879.2479348309761 
-378.46356230628743 -756.0819034361579 877.4517741163985 
-379.7616695421642 -755.276612675824 870.3557932253065 
-378.1151692266538 -757.5740509633937 870.8193667504466 
-378.70280115491215 -753.5179920141394 868.6615270114501 
-380.25872255650677 -753.0187381522329 869.9028757287183 
-381.5598296867571 -754.1594505870796 865.0702323258556 
-382.1126106683872 -756.6806778972683 860.4730640495792 
-381.054311754737 -757.4451958328052 862.7086449282738 
-381.16023636726504 -757.0675290136393 862.8122258217882 
-380.39999962680736 -758.0255035741575 866.1197351045819 
-383.63881677338316 -758.5686202389825 871.8130201042504 
-382.3805750009901 -756.2152314339479 875.1824336376211 
-381.49010241834003 -755.4404573290193 875.0012444292712 
-381.3747363819143 -755.4339679192052 875.099891960184 
-379.24386053277874 -751.4690768125063 876.8072018171891 
-379.33051887759785 -752.53801264089 879.3009720117334 
-380.62734369250535 -753.8346218834797 877.5115745524814 
-380.2148112993187 -751.3293539651227 877.206193150157 
-383.4864948183386 -751.4077136265254 876.3129515138894 
-383.2644352547069 -751.6051917936134 876.3447877324286 
-379.26553076999124 -749.8024422546705 877.2321760524866 
-379.4896772261549 -750.0593024425747 877.7211239868067 
-379.1609063758269 -747.3766166108344 879.6038105686893 
-377.6816521420881 -750.1165687829466 877.9077327015436 
-377.1560255418438 -750.7735307343958 879.0339706290449 
-380.8606556930998 -751.6860777587536 879.2634678507468 
-380.9076344282375 -751.7957292242306 879.1052135490571 
-381.9991851988511 -753.4308163304756 878.6221122827062 
-382.96636769008796 -752.3790829354259 883.2478141838656 
-385.7595612877515 -752.5319257845916 882.8613413180232 
-386.6624972941224 -753.4799146234108 887.5713615021942 
-392.4581164273115 -755.4127253849966 887.7784900049556 
-394.97819375404964 -752.8552991098046 891.3742232539889 
-396.2497259507491 -757.5572562409363 890.3864776332282 
-397.0905504650422 -756.8663410893313 892.2284721071712 
-394.6048099483374 -756.6717083486201 892.9054023401485 
-395.0391577552859 -757.5176279174069 890.4495012103371 
-393.3680437540781 -754.10558413109 890.5577085196184 
-393.1521592339337 -754.3769632034476 890.7444455807125 
-392.32134108891285 -757.4170106521397 891.3811842273908 
-391.85212393908876 -757.45674681718 890.6225711306366 
-394.4213449594699 -758.3844835311123 888.7088846544252 
-395.53055190599684 -756.6888051630583 889.0071025141651 
-395.6804034019451 -757.7714722462958 890.7784055593281 
-394.3475012802935 -756.4345225670377 891.2312565997868 
-393.488341277982 -755.5806993608096 891.3184969183669 
-393.3676035321748 -755.6663690793296 891.4067979271791 
-392.72508294630524 -754.1805712490161 893.4923379781576 
-392.51459975730813 -757.9525161317384 895.3797312517847 
-392.2267205171285 -760.2461272636148 899.8585602980276 
-390.64421291876226 -758.3722941933343 899.1820298429291 
-385.2935332307818 -755.5758689740314 896.5035024779705 
-385.5413461903678 -757.6552180368601 897.270319836901 
-385.31760365972997 -757.488434665874 897.9910730518408 
-387.47190254680476 -759.0126195552482 896.9539101615625 
-388.3804609125399 -758.7086209301137 902.1970080371457 
-389.36955103433576 -756.6629354680784 901.8730382782047 
-389.6298989871149 -756.5021676034768 902.1563944948017 
-386.9153522502322 -754.1818166865593 900.5600049747914 
-388.6345051969214 -757.1046728688267 896.507338305385 
-388.63611259480945 -757.745512682332 896.009944198025 
-388.50285497235797 -757.4132022190888 893.7573243022363 
-389.1647383405363 -755.6907836793653 895.4985643952496 
-390.1289183841271 -751.2745831558283 895.1725813037046 
-390.2603010777678 -751.1381126320374 894.4784892211339 
-388.2638253813767 -750.2902361780332 892.1491295444652 
-389.12543466030115 -749.5645517235669 891.052334703631 
-383.50253862017746 -750.638368336681 890.6511670620764 
-383.22377963756264 -750.7553449914108 888.1375406044114 
-382.2178980418862 -750.5514880329702 889.6974862857444 
-382.86843846511124 -750.8061960019984 889.721951445575 
-382.95472155945015 -749.4053421747434 891.0712067140888 
-386.9536618817367 -754.5201828308543 889.869398000813 
-387.07462210538534 -754.6080010476427 890.0735352506839 
-386.75015984916797 -753.7039204245244 893.9459615046339 
-384.25954267956195 -753.9906361602934 894.0512577716274 
-382.3529192490591 -755.2910469074255 894.0567346229464 
-381.6118834286587 -760.6403361900041 888.8845689762804 
-382.41744067943097 -759.0638682986117 887.607633193658 
-384.7203755000768 -760.7083461681137 885.8947914770575 
-384.38303727810893 -762.2900519379084 884.4480867377486 
-385.4725213235072 -762.8394035364736 883.905577029437 
-383.63532716044926 -764.3356001431682 886.5381276989264 
-383.56810559655446 -764.1904171068924 886.4521563550169 
-383.0653767497393 -765.8200362145918 887.9213331502951 
-382.2411886736236 -765.4255759745196 886.4989588191982 
-381.83470223531714 -764.4262792350398 886.6166743335052 
-379.9312475895605 -765.5175909164409 883.5199488582966 
-380.666546334129 -764.3145333191546 883.9439467662538 
-376.9077268832444 -761.6154952050896 882.8044187592074 
-375.4677728159023 -759.4695821940587 886.463570608456 
-374.3797817661269 -758.43549464027 887.087411913086 
-374.52849681757544 -757.9124234747451 886.9144621703474 
-375.4152090554827 -756.7771247979979 886.7173895597306 
-378.1490010105184 -755.4147783830988 887.1355962990974 
-377.34862944588065 -752.8227486391271 887.0509922903308 
-379.19933772151 -750.5886379171541 884.7492542707722 
-378.93537473299665 -750.5114056228228 884.4511144416686 
-375.3307899577913 -748.0806034480325 884.6944795572415 
-372.26212952372737 -749.5685185819721 884.6880636865185 
-372.25491732843244 -749.5659969134692 884.6977301861178 
-372.5202121000413 -749.7116930277526 884.9182124764019 
-372.67505502721707 -749.3792418172612 885.1056278346937 
-376.8574698792177 -749.6827252465503 887.7408213419319 
-375.55017037312706 -748.1985972386669 884.5523212841784 
-375.84452082859974 -749.194705843525 884.137580742363 
-375.10308245688356 -748.9472685493071 884.2131213522463 
-376.7929681945255 -748.3059043473771 886.3384888611321 
-375.3754849049426 -747.6133967175991 882.1839906768553 
-376.2177788496911 -750.0589786346668 880.203644711502 
-377.3214937946505 -750.1508276692674 879.4804075644845 
-375.8841879509486 -750.9769574900275 879.4030859481757 
-379.88202478691136 -748.0136099238657 879.9327682250091 
-379.98776508996224 -747.2046138976378 881.0195095373832 
-380.92612655707165 -750.9689156509513 882.407233544788 
-381.96212670516326 -751.1815180046409 882.4481830952731 
-382.29993224705106 -750.8038966900682 880.6136723790737 
-381.9755233030378 -750.6213319450359 882.8270368862759 
-380.95215984363136 -750.0305144916633 880.8502129656157 
-380.60155685555173 -749.9170254913356 880.1334002969877 
-381.94146567309963 -745.6735478001261 879.931678990532 
-381.21148658100026 -744.7216682346141 881.1229944933106 
-382.9760767887824 -744.6459856667817 880.3719377863132 
-383.14684912075046 -745.9759762337228 881.4156895219089 
-382.4416301693461 -747.7182971811403 881.9724153974157 
-379.18468065698926 -744.0778630059759 886.0948226997938 
-378.81014393095904 -745.208946985408 883.4131047345458 
-378.61652523969826 -745.2774942265702 882.839290448341 
-375.0945702994614 -750.0862209653341 882.2543134899898 
-372.4455954920179 -751.822993639875 883.7871742501591 
-375.334968379859 -752.4676297620753 886.8319029540629 
-374.33322067341527 -753.1096054185168 888.5982017842143 
-374.81533979907374 -751.7008440119058 889.5649539786875 
-374.93019501877245 -751.9596499189058 889.6611767426273 
-374.6920487669217 -749.8548290714807 888.778410638974 
-375.9977977920202 -747.4425583419222 890.6840165327874 
-375.22357478232766 -747.0887333817709 890.2813443655144 
-375.7405759642205 -745.7132739150891 889.8245340331538 
-375.8145739476993 -748.7774630573198 895.1697988754709 
-376.2590964350146 -748.6658007351176 894.6420144785324 
-376.9427155798842 -751.2573188934348 897.3965292285014 
-376.79416677708963 -751.2917436450283 897.0151168495332 
-376.2580734550581 -749.3472888301064 895.577380920395 
-374.34494847139257 -748.443399605158 892.1260695972608 
-373.0867549989716 -748.3639928982906 892.0145046048467 
-371.68775568752994 -749.6650125458151 891.9444452033682 
-367.254205735968 -751.4749503651543 892.7803738386084 
-364.7241480752904 -753.8116262583088 894.1876759595306 
-360.0164319096403 -754.3164448790933 894.5129064963443 
-355.71479266227817 -753.9980938418098 896.0079859616606 
-356.16699306456337 -753.7362538965316 888.4954140081692 
-357.79675126358103 -751.1001789143767 887.9948715275358 
-358.09905340520265 -750.3508731781361 885.5237450553639 
-354.8095683130292 -750.8332655936915 884.9184785409317 
-354.81781974996943 -750.8339665866403 884.9162755379238 
-354.7991345007726 -750.9392651586317 884.8188074044767 
-354.2577946848271 -751.2856492330185 884.7109779954344 
-353.2301063542403 -753.1776004874358 882.3908544096669 
-354.5498508280229 -753.0574597309518 880.9731686290031 
-357.1736607269757 -752.3408732157253 880.8407825330777 
-358.431044354258 -752.057495971358 881.8752854757506 
-358.5412432809279 -751.3694761689643 882.2629124007528 
-358.7489979914523 -752.1861536636061 881.8038869840643 
-360.439416597982 -751.7649718503209 878.0205851199371 
-360.79363832955084 -752.9134027048899 876.5198017947133 
-360.69163401878694 -752.6739081862398 881.5602347634764 
-359.6264232761442 -753.7824219656501 888.9963045666573 
-359.2679403343056 -752.611609563053 889.5645980047664 
-360.84342235003254 -752.2205617350592 888.507603797674 
-358.0337867518124 -754.0535783600515 885.3465766425402 
-355.9857148588776 -752.3418086058463 881.7935037107815 
-358.09944360186927 -752.3919110576215 883.0217908818355 
-357.903295907288 -752.308087206332 882.8483208219839 
-358.35529055203864 -752.9670949410606 882.9277898482769 
-359.9072896968821 -753.4929242182295 881.6546319360924 
-359.85663891635414 -753.3967100398789 880.3362934305703 
-360.990470541296 -751.2983522021544 885.7039104862502 
-359.756391560924 -749.0935992137092 880.2144268256469 
-360.1465141581886 -748.6663607342896 881.6186006544706 
-352.739535502028 -746.1800604621236 884.9635762334736 
-351.89138471876885 -746.655649584754 884.3431114196491 
-350.8017013595119 -746.8537987909497 887.4739818508262 
-351.07763786231635 -747.1304981491694 887.3159382538024 
-352.54954956098294 -751.1147972312633 886.7407151965796 
-352.65994531931517 -751.1439161090083 886.1807386969614 
-353.929974658093 -753.0511779002532 883.5469377917415 
-353.9353089209842 -752.7428098935317 883.3371586244308 
-354.0775334224319 -752.9372130266935 884.3590485399548 
-358.04121192382576 -748.3756116448602 883.905242611824 
-353.7556337719511 -748.5365192477343 884.8147218412417 
-355.43810576322267 -745.2718223445243 881.966287302148 
-355.7987483378471 -746.5664046229826 883.4905126498613 
-358.95857638985274 -747.6988340791984 881.0985698761325 
-360.45427350269375 -749.2232120285389 882.8044993538359 
-362.4133188296664 -749.6206310493144 883.4920613530106 
-362.5012119200829 -749.6521595945966 883.3831807902036 
-364.0792855007839 -754.830440352774 882.6026474857148 
-359.81959144507414 -757.5121653685412 884.1273171153616 
-354.70553244950565 -762.5774492115157 878.8076623271639 
-355.75744032722724 -762.4240849568877 879.0603837157994 
-353.0915751598879 -760.233848121406 880.8229153014221 
-352.3288183379159 -760.1791284242549 883.2826322017677 
-351.69438755730454 -760.452181039492 881.6821506799873 
-352.06097023673453 -760.5439318914562 881.2945870398132 
-355.14741733588124 -760.614743815311 881.5928324455706 
-352.6254295558632 -761.7328887271902 883.4100518355172 
-352.74998218709646 -761.1412788461594 884.3386408569128 
-354.9672685404797 -761.7946247101196 884.9304128840706 
-353.56868487165565 -759.0275463325686 885.3494690903742 
-358.029662777728 -760.0174279873725 887.2960627332408 
-357.1126802757914 -760.369006172623 887.5081980513968 
-358.1444791924711 -759.4699186982994 886.3768155937462 
-358.4082673636835 -760.5328727589606 887.1784598844613 
-358.2101696579604 -760.8049200068532 886.6817056400268 
-357.9429342653685 -761.0598847462117 887.9095849272311 
-357.5564177786905 -761.256433275499 887.9297884809339 
-354.3131787216219 -760.028414212177 886.7189543569708 
-353.91343497209334 -761.8844852277227 886.6822282684485 
-354.0910278192238 -765.4366453642676 885.7178789675773 
-354.96809840869355 -764.8872665690224 885.6930367377468 
-354.3664988855529 -764.3998045331101 885.9972938790451 
-354.3266649812352 -764.4303596443493 885.9184328825697 
-355.29434899334336 -763.6465527397702 886.363349691705 
-353.2512967378013 -765.5100961476621 887.4503587633603 
-353.31904553613424 -767.7193450059539 891.9725644743986 
-353.66210128000967 -767.6031322199219 891.8775561067997 
-355.7381197943751 -769.7806763120019 886.4203090335473 
-355.8602107044861 -769.9334222455263 886.4566908828712 
-356.52852489231907 -769.5907843050474 886.6667837454482 
-356.9396228930139 -769.6227355025258 886.90020553292 
-356.8701900769194 -770.0543981597159 890.2607498380498 
-356.83673997339184 -774.0764306822057 895.4405803120485 
-354.6003251873493 -774.4966006943113 893.0908045823944 
-354.1418430078231 -773.9449057690056 893.0132470444382 
-354.6391610604255 -775.0771811077824 894.9480204608701 
-355.4411480059584 -774.896160062733 896.5602090388517 
-352.7827089346847 -776.3071866427039 895.0051386717639 
-352.85506955975706 -776.7048237741029 894.7407726532044 
-351.971930138184 -777.6427569913028 894.7169640993613 
-351.8196641069261 -777.6677249413852 894.5887518694948 
-351.5720667398651 -777.0476984454194 898.5675860147703 
-353.27385729935327 -775.0915002883428 897.5231246524281 
-350.95364453831655 -774.5226873591602 893.3982267459439 
-351.3583692237658 -774.5975164290504 892.9505145175831 
-351.7156652493047 -774.4323719186386 892.6205019267836 
-352.7290967594393 -772.8892694950405 891.5822953410004 
-352.46620358988895 -773.3683422425553 891.2136508330127 
-353.3021803526647 -773.1990095731054 889.6678024615827 
-355.7307891831738 -776.2467977745305 884.1502410623925 
-357.51600554985174 -775.7724041654966 884.1275661289244 
-357.6044024358064 -774.9272601699538 884.1424440003689 
-356.508154540294 -772.0914447816084 881.8825008879476 
-356.5173085209846 -772.079069011503 881.850041117158 
-358.0771861477484 -772.3305210077979 880.755044936497 
-356.5293323004385 -772.0910404270799 879.7243622000856 
-356.6410537901036 -773.5065185310758 876.373273481162 
-354.44460542758 -770.2241218798495 881.5208839478236 
-354.6940169433471 -770.0961739122869 881.1348263813475 
-351.028250280024 -772.3776811077396 877.1999591406823 
-355.07065020975983 -777.0954162185511 879.7899617771046 
-355.81391211195006 -777.3686837863881 879.402415200662 
-355.77083588346426 -775.6773329797331 879.4662276914586 
-356.55784363690026 -776.1941742868888 880.2413836912347 
-359.3571253414008 -774.9005293767467 874.6040122482265 
-364.155153645067 -775.287257212302 874.6605784621697 
-364.4844071665443 -777.9524255519788 875.472915684737 
-364.2001160148943 -777.8722880861433 875.4048963376613 
-368.2552607801956 -779.5665178863507 871.7056550774987 
-365.701894416604 -783.3883593348877 873.1116476201424 
-365.34844424591273 -783.8079671457729 868.3937446035688 
-368.97948864619406 -785.9169591771754 872.7220017828706 
-368.4781764569577 -786.8261312921959 873.2147149790321 
-366.008120108228 -792.1178300367931 874.4721418035301 
-362.79282403748 -793.5022289649701 876.2415199589195 
-360.743735062105 -792.6959458027628 873.4183578969363 
-357.82606586024923 -792.5274222836546 871.0818811240443 
-357.51274993895896 -791.924653318041 871.5702287769994 
-357.5592920135589 -791.9287699361417 871.564233245596 
-361.69395832576146 -792.840604298829 872.9368581925469 
-361.70108621766695 -792.8401515700685 872.9353260027193 
-364.3703562106506 -795.4478543802846 874.884397091106 
-364.5449493690424 -795.6960236311429 875.3667922253901 
-370.2400699206332 -794.6802584602262 871.4103111393051 
-365.1794692989483 -799.7639189874134 873.5296649529408 
-365.74127229052664 -802.0548788053292 870.6155478674649 
-366.14160065508355 -801.9447868808685 871.3806061545177 
-363.29896019102137 -802.1961372080478 868.8725161613124 
-360.4655709934253 -801.2827397934116 868.1747432628288 
-360.4738802133639 -801.4912307742354 868.2718124223321 
-357.53631795024205 -801.7765921833833 866.2703807741444 
-357.4533134098971 -801.6617681129161 866.3474295550649 
-357.3794095882612 -800.3200283822168 867.6149572818492 
-357.5796040808271 -800.2748181622503 867.5225704508864 
-353.6598930719401 -802.6997349756957 865.8979844944289 
-349.8218027407888 -799.6275255885986 864.5019376321184 
-348.67531349245564 -801.5239177701452 866.4335056129372 
-349.8396161517711 -800.7532458003054 864.1956431099532 
-349.85170429082655 -800.7609961518953 864.1935230981233 
-349.32872889926915 -801.0983894411044 864.8464065517468 
-349.9596155705813 -798.3751441135355 864.0266675324118 
-349.40944303867406 -798.0185380731618 862.6785400329708 
-350.62325899463434 -798.0206512846373 860.5663937842039 
-351.3083420868832 -798.634232174844 861.4800142488056 
-350.51702520232266 -798.8808205430774 862.1770586968224 
-349.4388778027652 -799.8240482852996 861.6198886701156 
-349.60198786399394 -799.6788665733051 861.6817455450068 
-348.1839769071188 -799.2713521840652 862.1572103593962 
-347.2915617156165 -799.1599407446233 864.0466130701777 
-347.9085906924583 -798.352726793803 865.5403745248364 
-347.94050731840434 -798.8335667866124 865.7125860352187 
-353.3291700423995 -795.3628443502182 866.5019045132594 
-352.92063309893655 -795.7809419404299 866.17006437478 
-352.8745928022255 -798.3614423595258 863.1553894098099 
-352.13696467753203 -799.2698014171899 861.6636142921083 
-352.13191668723005 -799.1925108290912 861.6902755476935 
-352.19326314670377 -800.5461736163262 853.3696863143424 
-351.52681818668225 -800.4205924219265 853.3377788478226 
-347.0624062256995 -797.6693361617699 852.1724223926914 
-344.4065586806916 -795.975827608038 849.8138731546624 
-337.92714576635524 -798.8077197480528 843.4952148494051 
-338.1330742225282 -798.20531365208 844.9299434310574 
-339.74355699850474 -799.8108774260785 845.9471370037273 
-337.5707840592579 -797.6996640134596 847.5144679139461 
