-26.623595449189494 -26.702440399557588 -27.294221046512305 -25.791223221657233 -27.20488958217655 
-26.65471427576682 -26.732753683504953 -27.32445939698404 -25.82424526901876 -27.235421911393317 
-26.709109223346488 -26.77809701004469 -27.37663999700743 -25.87973252921627 -27.290532156412112 
-26.709718139764618 -26.78224246345539 -27.38453699428331 -25.88482939342134 -27.296201675116038 
-26.674822053023902 -26.745878941909893 -27.356908409529822 -25.85032276540103 -27.26796003372951 
-26.79334862343603 -26.86052193685532 -27.46163585380249 -25.970707868535555 -27.375714935965902 
-26.795163965922328 -26.86748282826028 -27.46859508417633 -25.976455266253012 -27.380298709520574 
-26.79546416304082 -26.865104333561803 -27.468466728778537 -25.975914420646617 -27.381045511264716 
-26.78490013419838 -26.858875911875316 -27.464114927957326 -25.968621665724044 -27.37442871191159 
-26.797724438306005 -26.872177093749755 -27.476872630407698 -25.98256509974034 -27.387016680104125 
-26.832487823951453 -26.90815542692492 -27.5103150288069 -26.01977436611533 -27.420203660049623 
-26.7949591162336 -26.869402949199554 -27.46822834609864 -25.976675386268127 -27.379317100365782 
-26.810996817569034 -26.885772006180332 -27.483326112586965 -25.993625201573053 -27.394418608775922 
-26.781447370267742 -26.85713852156124 -27.45453122725749 -25.962289636162524 -27.365311355203545 
-26.817451354298456 -26.896394187079096 -27.490945436109868 -26.002198985565272 -27.400576068144815 
-26.74000756893672 -26.811381218251952 -27.410674534655797 -25.915253702011128 -27.323259891026623 
-26.837432683370025 -26.90767162272887 -27.50364899073682 -26.01807567225424 -27.417007628150174 
-26.878935384769818 -26.962965088378226 -27.527448525747587 -26.057814824556246 -27.43932661650817 
-26.895365843970694 -26.980379015741633 -27.54442117063941 -26.076063537937202 -27.455868565558717 
-26.897412541527387 -26.98132227403613 -27.545960981472504 -26.07774886721333 -27.45781786855123 
-26.851623224559447 -26.940421990679297 -27.509819963367164 -26.034170909266578 -27.418794274702165 
-26.87089903557245 -26.95510749877731 -27.52856703652057 -26.053562963803685 -27.4389627792511 
-26.904416503023143 -26.98591065813541 -27.55870900864288 -26.087442677204436 -27.470368139281163 
-26.9845173939199 -27.059884234406127 -27.633728348633724 -26.169917112672678 -27.54782567882262 
-26.938667966015444 -27.00725556446099 -27.593017689846178 -26.121218327762577 -27.508477591895996 
-26.939418431807553 -27.00493699527061 -27.594215567976846 -26.121488997942137 -27.51052929665616 
-26.943992205636476 -27.008776600977313 -27.598218317934524 -26.12596896325205 -27.514831873016718 
-26.970877300718172 -27.031585184012272 -27.623196315663876 -26.15306671167116 -27.541268985977723 
-26.99779305962886 -27.059174227502254 -27.6482368110633 -26.181371962138556 -27.56632988255076 
-26.849049839902122 -26.899020082989296 -27.499662807631466 -26.018073953378618 -27.421588587056277 
-26.84787096629283 -26.898743921629432 -27.499265280040774 -26.017398947549566 -27.420797554053422 
-26.802186626613206 -26.854177615428412 -27.46069010774997 -25.971783013687286 -27.380878634794215 
-26.81981334976406 -26.876959341715903 -27.47511488544295 -25.9905118748503 -27.394212166900473 
-26.847156500464664 -26.90146244934084 -27.495824144826955 -26.01613627565787 -27.41675965800431 
-26.885413944861995 -26.941423888104737 -27.537478875753152 -26.05952081167301 -27.457249866983986 
-26.958248453829114 -27.00840279002165 -27.591453038512697 -26.12762399439366 -27.51580037825545 
-26.990420369272613 -27.036593401788224 -27.619222060068807 -26.159262594427304 -27.54538589218069 
-27.053891341614644 -27.0935925479735 -27.67725140806931 -26.22356553048759 -27.606063129163232 
-27.16942744169272 -27.21411202639932 -27.792427249585785 -26.349204992588454 -27.719471915466954 
-27.14630316475639 -27.190486850101806 -27.77021185391567 -26.32458557273945 -27.69732611504446 
-27.162306794917683 -27.207923923283715 -27.78691795450129 -26.3425264410713 -27.71344249578989 
-27.11600992967098 -27.164001565053013 -27.7428406650737 -26.294247569932963 -27.668420981662877 
-27.16359980360106 -27.208869316827517 -27.78858301132358 -26.34401396722359 -27.71514930392283 
-27.17007210863659 -27.206019706382932 -27.793137171545666 -26.347817191550092 -27.722805238145682 
-27.167416863777078 -27.20489562890532 -27.786390010253058 -26.34336131367222 -27.716261071547848 
-27.234962176004615 -27.268582524601598 -27.849208534565008 -26.412980005717372 -27.780816408346567 
-27.19414869609605 -27.220972008099977 -27.81033957412626 -26.368290920068546 -27.74379529873221 
-27.15443579571317 -27.183243692868714 -27.774694147732504 -26.32790038200362 -27.70700740349919 
-27.119427214632807 -27.14952782228457 -27.743009060081675 -26.292054570022344 -27.674495490371413 
-27.154449518209233 -27.175719324524906 -27.768052055675142 -26.322928062448185 -27.70370610684951 
-27.175333125329146 -27.18451172203595 -27.79490940359601 -26.345518491165592 -27.733171154866767 
-27.070484673212206 -27.074730487776122 -27.679650462689153 -26.226248609953657 -27.6213681293263 
-27.103653500363237 -27.110417271545515 -27.707020253022876 -26.259835515602447 -27.648829106699296 
-27.152892944638268 -27.156705616785544 -27.74782057357379 -26.308225649694634 -27.69174620976412 
-27.10859790128829 -27.131299828193747 -27.713316432107874 -26.26959316127939 -27.65009886640931 
-27.14518575511542 -27.169379217925027 -27.746158022256907 -26.30763294289872 -27.682993314223765 
-27.170154961725174 -27.19626029092298 -27.767875037649333 -26.33348329754972 -27.704588483359274 
-27.165596845069516 -27.194530149332977 -27.766057154027195 -26.330546536203357 -27.70148834405788 
-27.122703878228833 -27.14883829517585 -27.720812037145052 -26.282519772459125 -27.657585304628284 
-27.12956207671148 -27.153708903297826 -27.729181983577377 -26.290140571648124 -27.66629246193841 
-27.130810831494642 -27.154898859763605 -27.730477992111986 -26.291494886682813 -27.66759513644425 
-27.08908387803757 -27.10813925598849 -27.683674937808675 -26.24290047276341 -27.623243700231924 
-27.095496750431593 -27.114247667675485 -27.691873097924287 -26.250579489461614 -27.631227843936003 
-27.122972766538794 -27.145147259925253 -27.724113757707173 -26.283275639862325 -27.661592024405635 
-27.118925416405233 -27.1362051652537 -27.719603090973308 -26.27751656573328 -27.65864197007305 
-27.143343080658966 -27.15887701505737 -27.744544132860995 -26.303675980154395 -27.683956475982157 
-27.139452130780867 -27.15457746641718 -27.740805309992282 -26.29945559700677 -27.680326821904814 
-27.06602843805625 -27.076468719105705 -27.665276757604317 -26.21816264500815 -27.606751543006695 
-26.976920767671032 -26.994291940493255 -27.576499554767878 -26.123845364111105 -27.51608310344635 
-26.94852037600134 -26.969584179059567 -27.551517800109764 -26.095697853426657 -27.48951694368303 
-26.9533835573465 -26.958937268115378 -27.547146723606545 -26.092880370873345 -27.49129219537744 
-26.948471647442616 -26.952752237659425 -27.54208707933239 -26.087206974073496 -27.48665294785532 
-26.865581557213872 -26.86585530617147 -27.45575851944855 -25.995165807264783 -27.402317775123066 
-26.838196211626183 -26.84150311159341 -27.431392989505397 -25.96773321824044 -27.37662850151817 
-26.820188384298348 -26.829311365726056 -27.413274707120237 -25.94963237002746 -27.35682939225113 
-26.76164215666408 -26.770332470503106 -27.35628769964937 -25.887023179176083 -27.299885592777756 
-26.786139418511013 -26.79019202247389 -27.381625546236265 -25.912763213905762 -27.32641298841986 
-26.79959377721069 -26.81071929572586 -27.393676757016294 -25.928340803615626 -27.336525574031484 
-26.83975440887525 -26.848130439420885 -27.431961692574177 -25.970169701415912 -27.37582826149729 
-26.98549412847109 -26.981995142589142 -27.555855705306186 -26.11447853548684 -27.506427438684824 
-27.00549040665173 -27.000580541852415 -27.574445254424248 -26.13506159344375 -27.525614455382012 
-26.92651740638162 -26.938763759358153 -27.519065992203124 -26.064923340017472 -27.461468928900274 
-26.920963319396122 -26.933267447695727 -27.512998210702364 -26.058703420943317 -27.455482261467637 
-26.939833828668213 -26.953084786031965 -27.533554590277816 -26.08008474392078 -27.475428388101363 
-26.959145559120344 -26.971300637754595 -27.54540408347438 -26.09718396870248 -27.488759555592097 
-26.966528954426664 -26.99307541800505 -27.55311896155085 -26.10884562731748 -27.492055470353947 
-27.049267930207563 -27.07702340745476 -27.636532155515553 -26.19869532636018 -27.574764658185387 
-27.06514542363739 -27.10163675645981 -27.65779876286247 -26.22048321039962 -27.592477668220894 
-27.024135141458686 -27.04694625982414 -27.62150407130987 -26.17506591747255 -27.55967262589759 
-27.082220595000706 -27.098865385405418 -27.66957889863265 -26.231538440151823 -27.61106083763306 
-27.073322843110404 -27.085972536887112 -27.659332830677812 -26.220346547825685 -27.6022619587078 
-27.061005404461227 -27.076942996752337 -27.645466068628508 -26.207144376406433 -27.587687905738676 
-27.051602046080944 -27.073083437221683 -27.63961833542315 -26.200009538480217 -27.57961922540771 
-27.092405232305794 -27.118249952542996 -27.685308399996856 -26.247349722379894 -27.623091160517944 
-27.09625739983943 -27.127116621371016 -27.693566107336366 -26.2547902802918 -27.629114336969806 
-27.087161946141393 -27.114893100638994 -27.688439158606784 -26.24607338094218 -27.624318753952053 
-27.073038672818797 -27.102910848683962 -27.677291111463916 -26.23276375082007 -27.61208498657986 
-27.11010192679882 -27.1384879397592 -27.71277628990393 -26.271626159377888 -27.648169809721395 
-27.114996319190197 -27.143889528374544 -27.715508829758434 -26.276011218578248 -27.651083606616254 
-27.116189196186994 -27.14421190376912 -27.716267915495024 -26.27688110989679 -27.6521719923509 
-27.114451259519058 -27.143700920086857 -27.718210834441777 -26.27703712871643 -27.65315703991375 
-27.120766732602817 -27.150305501681615 -27.72435353689133 -26.283835673189202 -27.659222799699748 
-27.101170827578287 -27.131272969387382 -27.70256666974697 -26.261814503227725 -27.637672611054214 
-27.136864465442272 -27.15990632519035 -27.719559983728757 -26.289856635862392 -27.659711173377246 
-27.12407924602155 -27.147761598883363 -27.70387664896775 -26.27490035009518 -27.644336428300747 
-27.09006130506316 -27.10294134849451 -27.657484598247066 -26.229894957964802 -27.603300981718647 
-27.122886799726245 -27.14441907025528 -27.694977004055062 -26.269553269018374 -27.637332682911847 
-27.133747692637854 -27.155411514413103 -27.70568195052725 -26.28122022848136 -27.64799303393167 
-27.12408473681073 -27.148615677538714 -27.699531910346806 -26.273124930852646 -27.6404357167212 
-27.03953830028297 -27.045175873703883 -27.60587229772753 -26.17314310610452 -27.55419225213555 
-27.048458233996698 -27.053939876828238 -27.61458672248942 -26.18262921652375 -27.562962317273673 
-27.051099474572126 -27.05630806850762 -27.61707359527584 -26.18533973654496 -27.565549288662723 
-27.00182736160187 -27.006946555570963 -27.57390331207334 -26.134973189568285 -27.521554867526916 
-27.02951414512961 -27.030593232340706 -27.592879699906774 -26.159864608130164 -27.543083782862 
-27.01399307111089 -27.017299873445268 -27.57874373959443 -26.144302994610314 -27.528094280931626 
-27.015213979160237 -27.01951048393846 -27.576453908019772 -26.144268086640082 -27.526070736945712 
-27.01094672825863 -27.014993281912496 -27.571552091777704 -26.13931731218581 -27.521358966612738 
-27.00208283931856 -27.00840244821967 -27.56763188791956 -26.132562041927557 -27.515976768382117 
-26.95332906631944 -26.966105142278963 -27.528813856870045 -26.08609774329483 -27.473738505204892 
-26.936040694496867 -26.937974755977322 -27.51044960187184 -26.064299209845387 -27.458866605343076 
-26.89422536219537 -26.88314939628812 -27.469770991146575 -26.016575916143424 -27.422034251298825 
-26.939109378458113 -26.93297698595366 -27.529687349307736 -26.073214921866494 -27.477899139989688 
-26.940426940398225 -26.93372885435069 -27.53218639470856 -26.07506196741845 -27.48037238812661 
-26.942171443063273 -26.935135250902192 -27.533504123007475 -26.07666444130885 -27.481855952326967 
-27.000800067547743 -27.015878322779272 -27.598175999697816 -26.148022608424597 -27.538739075176196 
-27.118731945658013 -27.127931815261306 -27.69706176040323 -26.264905771959917 -27.642147053536377 
-27.138129475464268 -27.14280620877571 -27.711926575079048 -26.282624699944478 -27.65905569652743 
-27.14050670220368 -27.16030754362572 -27.718891512420385 -26.29099606798019 -27.660707323537068 
-27.086672712628882 -27.1033173917304 -27.66736011606615 -26.23324872741526 -27.60990653587116 
-27.142850299465366 -27.154625572642345 -27.723914499181845 -26.292796192794114 -27.667714387690253 
-27.138718377381664 -27.15844040594618 -27.725899029702276 -26.29311700466313 -27.66632480748362 
-27.132683837017225 -27.154541263239196 -27.721113533575306 -26.287714835789046 -27.660709843133233 
-27.169527363796078 -27.19290917654436 -27.751749193906818 -26.324924555413688 -27.691783955700785 
-27.0852640853615 -27.112632206242864 -27.67722469808207 -26.239586696722014 -27.614718742949165 
-27.081670633438975 -27.110334616170718 -27.674177726500645 -26.236285833010783 -27.611202153989467 
-27.148881810019844 -27.176085924566863 -27.73946843736826 -26.307490461132232 -27.677057382290286 
-27.160238676053808 -27.187633329331035 -27.74968509366731 -26.319248476266154 -27.687368689931915 
-27.075018327507735 -27.100390000410883 -27.665552368412406 -26.227384813727014 -27.60390768362784 
-27.04062448714869 -27.06144306733421 -27.63089096739398 -26.18905257759016 -27.57075967665135 
-27.02763831987714 -27.04684008979089 -27.62153627991681 -26.17634340534832 -27.56134326421129 
-26.894872582797902 -26.91250475798634 -27.4898363741259 -26.033202053463796 -27.430315210180453 
-26.86702181741323 -26.88739910026058 -27.463746206161417 -26.004628480961287 -27.40319162186765 
-26.856320160967726 -26.882532833442696 -27.45129050338211 -25.99369816025977 -27.38928738669985 
-26.87767898147925 -26.91124135567273 -27.471857347229516 -26.018219562399594 -27.407700039017 
-26.837689714061156 -26.86851847610687 -27.436987834908223 -25.976735565053758 -27.372946684164745 
-26.80919288320125 -26.845270304859355 -27.409407685027546 -25.947703295902173 -27.343712811080195 
-26.886882584349223 -26.923259804239237 -27.476253302439147 -26.026655747107654 -27.411989887405696 
-26.980586241428668 -27.030325498933095 -27.56671433408316 -26.12969045989412 -27.498654652003907 
-26.929153411897744 -26.97489418693023 -27.523701209091683 -26.077017933281482 -27.45565159888902 
-26.935477055368167 -26.972631581159845 -27.520093567614367 -26.077116300065242 -27.456221798146714 
-26.93777633963481 -26.988007828284708 -27.52958466718985 -26.086222424104093 -27.460586241172365 
-26.942876149725436 -26.992300166243652 -27.53315756996905 -26.090820595938695 -27.464634364707877 
-27.016578308642295 -27.065479071632765 -27.61045679840636 -26.17181971290701 -27.541312100672826 
-26.952532658453535 -26.997121320030075 -27.54140580988721 -26.099352460447292 -27.474549175484867 
-26.960383008231915 -27.00310060381966 -27.5477152040567 -26.10663930864888 -27.481651337001097 
-26.99747604651661 -27.030285696960334 -27.57088999644668 -26.13780158173067 -27.509962190783824 
-27.020754352723074 -27.053574775475965 -27.59717368125557 -26.164264522501654 -27.535695213839006 
-26.956762335273083 -26.991443496848433 -27.53659600618319 -26.097274062870014 -27.474182586746167 
-26.955411980165167 -26.97567173014842 -27.529408174978414 -26.089525413549254 -27.472305393460516 
-27.01355575344519 -27.030641336658036 -27.56501176186343 -26.141297163926083 -27.512343974106287 
-27.005437181654486 -27.022531421304848 -27.557139434854065 -26.132656012070143 -27.50445174627552 
-27.03719649254957 -27.051637964182234 -27.584204301826972 -26.164135493535213 -27.532991020826174 
-26.970553084450373 -26.989420746455735 -27.5165789056245 -26.092989519527208 -27.464365119858883 
-26.914320106307386 -26.935980439320616 -27.46428308663441 -26.03480240157579 -27.410742777171976 
-26.91372601637616 -26.929733074380792 -27.458119466898367 -26.03025397605242 -27.407194978292253 
-26.98453020984273 -27.018567337597915 -27.544171656112326 -26.11799915173532 -27.485119129385822 
-27.018886787271626 -27.052975488765327 -27.579030343644177 -26.155275271433467 -27.519786429633356 
-27.077514885578438 -27.095408529669854 -27.622760321199962 -26.207693059114817 -27.570672831699213 
-27.054605800535924 -27.053757255749886 -27.59347858106959 -26.17543462297371 -27.548165552791176 
-27.037554602205162 -27.01302546492846 -27.570076722838905 -26.148393501739008 -27.532994389960933 
-27.039959172636884 -27.015162470777312 -27.571756562426742 -26.150597683543836 -27.53486644862879 
-27.00003986692097 -26.97528445192438 -27.530654707156657 -26.10704014824296 -27.49405537311982 
-27.027890995253145 -27.005162839744898 -27.558962290772627 -26.137766265303554 -27.52160040937514 
-27.034388088661316 -27.01801844204968 -27.56538853799357 -26.146297265117283 -27.52610176333755 
-27.043772044459374 -27.02733156699226 -27.57360706989529 -26.15587957328941 -27.534505506656913 
-27.145076631080613 -27.130050954473504 -27.672629793840997 -26.264391161391018 -27.633193802678747 
-27.251662705734915 -27.226947239880047 -27.771061648155637 -26.37320857808605 -27.735589809461686 
-27.308747577911646 -27.288621281102195 -27.82941109712938 -26.436348323031723 -27.792192043970545 
-27.274128139332618 -27.263990742353897 -27.79325827279162 -26.400876857462748 -27.753361747563872 
-27.29449047513002 -27.285238559546485 -27.81635151746785 -26.424216418172406 -27.775687597730297 
-27.223207934794672 -27.227979519339243 -27.75397539424806 -26.354913839612394 -27.70781071742377 
-27.16022054799788 -27.163804126863624 -27.69753161534753 -26.28966128818945 -27.650839453180595 
-27.144277654353587 -27.14774542433105 -27.682471884348317 -26.27284803837796 -27.63571545065207 
-27.177662679627105 -27.184150072139744 -27.716619368004217 -26.30990995989704 -27.668733100010954 
-27.164106316005245 -27.167197567567783 -27.698467354051616 -26.292419607120536 -27.65239156702785 
-27.16051144077288 -27.16120382001158 -27.694042955917624 -26.287576854447323 -27.648838272351597 
-27.171806429766036 -27.165537524818546 -27.700538705753758 -26.295881302516264 -27.658189660353074 
-27.169888834265677 -27.16335306920284 -27.698901696454115 -26.293872824359127 -27.656593098961594 
-27.17881896531769 -27.171037135246266 -27.706977261538412 -26.30280402050103 -27.66516013671105 
-27.088340407273463 -27.09301271799103 -27.62134667365345 -26.210596586036672 -27.575218777572857 
-27.093409718424056 -27.09738337145049 -27.62545424993334 -26.215459440676796 -27.579679989304708 
-27.131634690144352 -27.13721735740711 -27.657646217138705 -26.25441536653605 -27.61225560566338 
-27.107657583430367 -27.10929185254514 -27.63584152423877 -26.22852561506285 -27.591362834753184 
-27.139096081650948 -27.14202759757177 -27.668691135028467 -26.26334237427082 -27.623504266119525 
-27.10038868021809 -27.100043355055064 -27.62892497654309 -26.220346003384222 -27.585009276428906 
-27.10341223493218 -27.105245902844985 -27.63394069955612 -26.22502899167347 -27.589033345535483 
-27.010956464222716 -27.01496909846496 -27.531328436711405 -26.121536992891464 -27.48765899332109 
-26.852672015634226 -26.861010448072108 -27.372003890784598 -25.951553727995957 -27.327626020439453 
-26.85698437933901 -26.87743660053725 -27.382713477429476 -25.962130786329055 -27.33360415797013 
-26.849281688194125 -26.871560104143143 -27.3771356713212 -25.955215820222904 -27.327149144179714 
-27.010066954663046 -27.025363250309596 -27.54556810596533 -26.130055370125234 -27.4960276652684 
-26.928965703288426 -26.93195829902129 -27.455520694534556 -26.03555676793607 -27.411386505283744 
-26.906991367498662 -26.91464629395459 -27.436660412292994 -26.014410976924538 -27.390668217499126 
-26.913142243465913 -26.92096552816129 -27.442672365917772 -26.021027505935862 -27.396634453701353 
-26.961735027543 -26.95685887608397 -27.484660114585708 -26.067303976456344 -27.443409667319628 
-26.85108974490086 -26.839141069979576 -27.373930008611808 -25.94614177491698 -27.335142160394398 
-26.790977151834014 -26.782632757725196 -27.31742614393022 -25.88375965450757 -27.277128949228313 
-26.820192796787012 -26.82138532023575 -27.348329548340075 -25.918452195107477 -27.30478764923832 
-26.825643650695852 -26.82578156633471 -27.35251876928487 -25.923515941887814 -27.30948581714854 
-26.919866031874946 -26.920040744030516 -27.43510576273995 -26.02014076182013 -27.393684820920072 
-26.99438464398345 -27.00064916973878 -27.51129530413452 -26.102771761440252 -27.46754732775682 
-26.99991384181928 -27.00589030979515 -27.517719983227764 -26.10904027127576 -27.47389946620416 
-26.98093573045155 -26.97478635129258 -27.49396028006842 -26.083400453739003 -27.45464953072755 
-26.941549459051075 -26.927067862415583 -27.453924260825502 -26.038534422328468 -27.417353718204936 
-26.8746733542187 -26.860153311613033 -27.38214965704816 -25.96430144911227 -27.346572794776776 
-26.856091235142017 -26.852417429923307 -27.372382963668528 -25.950819062975114 -27.332136784784012 
-26.826803052733624 -26.82241768516164 -27.34277314262819 -25.91890329256215 -27.302876511779985 
-26.82664156303808 -26.821228493105224 -27.337525094048047 -25.91628859871932 -27.298765863165997 
-26.778386419345708 -26.778146824342116 -27.296260070835345 -25.868551832009302 -27.254931614268997 
-26.69821026781304 -26.69011822001451 -27.212040609098935 -25.77825629459805 -27.173974885985558 
-26.726351832485136 -26.716504339342052 -27.235749821775116 -25.806290859348692 -27.198857247567574 
-26.776252373599974 -26.76545960155775 -27.27979536664465 -25.85741221714271 -27.244001123783292 
-26.765042737898156 -26.752425175167787 -27.271252204927734 -25.845976264271243 -27.235609662706594 
-26.822975958290755 -26.806158296309604 -27.33706452903067 -25.91078893449459 -27.301251692868505 
-26.792257657682768 -26.784266428519203 -27.31041767045319 -25.881644962603403 -27.27135549076418 
-26.76681625938386 -26.762166832336675 -27.287783495027213 -25.85625553256112 -27.24732389982944 
-26.667239882309573 -26.691191127805496 -27.20350918658343 -25.762815623925448 -27.152167730246518 
-26.783688203669158 -26.818153478816185 -27.31135081951095 -25.887645980471888 -27.257859805619077 
-26.784713650393783 -26.819323078072415 -27.312221032116526 -25.88872563028943 -27.258708031329405 
-26.805261079590323 -26.837867092660048 -27.33410372203393 -25.910916615581513 -27.280930947636918 
-26.778466913452718 -26.81692142767838 -27.31144075783422 -25.885348163857458 -27.255893631072553 
-26.776631042666764 -26.812830710209028 -27.310682068113024 -25.883215469165094 -27.25565603079329 
-26.768862426846084 -26.804988268332735 -27.301059672722374 -25.874024292647903 -27.246375246303344 
-26.728086868322862 -26.776549872839468 -27.261721047914634 -25.83400498875389 -27.203147931051504 
-26.688277702085955 -26.757840877054193 -27.2407622497893 -25.804886614996903 -27.172829407715724 
-26.70130669861551 -26.774293540757597 -27.246541777583985 -25.816844252491208 -27.17867282413711 
-26.68610764652368 -26.757467882339313 -27.232273058841074 -25.800373041210946 -27.164798757063693 
-26.682572447399608 -26.753395439517192 -27.22787539948895 -25.79604242393806 -27.16071306434104 
-26.75628884643224 -26.82567608214832 -27.29907163827656 -25.87412347884809 -27.23254429393917 
-26.744853365455327 -26.813656668012683 -27.28792830232129 -25.861744193359243 -27.22156584817631 
-26.62961184048659 -26.717544585604713 -27.189810742436208 -25.750021067113252 -27.11517659355478 
-26.66617881756342 -26.741877325519113 -27.2166142839841 -25.781889947040654 -27.147185270356516 
-26.725892231986975 -26.803200650970595 -27.278972285918783 -25.847911410284297 -27.208461430227814 
-26.750723951927696 -26.82661455476068 -27.299633749651164 -25.872539707041128 -27.230150645567235 
-26.675555122972185 -26.76054190892765 -27.236868382259956 -25.79925380360163 -27.162834567881347 
-26.64734058742748 -26.731974053513795 -27.21015267576861 -25.76933326455763 -27.136069694009933 
-26.680914483394062 -26.776473427994148 -27.24746491617084 -25.81028125894747 -27.16933574564004 
-26.740238381638136 -26.831081358047385 -27.31075985366418 -25.874662509991666 -27.23328781540482 
-26.714405704539544 -26.802280407796786 -27.281123870990072 -25.84431255259382 -27.20523802815194 
-26.752755510548354 -26.83865585288443 -27.311450237796592 -25.88171495155349 -27.237333234931995 
-26.814051227029026 -26.8842480568846 -27.37017226996474 -25.94233359865541 -27.301114906571954 
-26.856873885866406 -26.92436535577521 -27.40610789018683 -25.984824316017836 -27.338856095984127 
-26.807625818165434 -26.868568269227254 -27.354700610500387 -25.928969022423658 -27.289937626278046 
-26.785639147725007 -26.845375338807187 -27.33452310371902 -25.90568911466177 -27.269902693558677 
-26.754033496849104 -26.813443883268846 -27.303652827928033 -25.871811798134303 -27.239103358973964 
-26.753843319855065 -26.81408252573388 -27.304278227857253 -25.872183869275148 -27.239345503693755 
-26.7271733440177 -26.78101062461036 -27.2765458997967 -25.841188925676164 -27.213816584236028 
-26.68790807808412 -26.74498892200222 -27.225120335483155 -25.7945407644756 -27.163448116201423 
-26.682778261619163 -26.741855822638186 -27.215356922140913 -25.787619290969076 -27.153825317664868 
-26.656641564089966 -26.710675213310765 -27.18263072012951 -25.755247079203883 -27.123771486224314 
-26.624817460205406 -26.673983142866817 -27.149361717362467 -25.718930004658105 -27.092315949480366 
-26.63473308814598 -26.683347954912946 -27.160682626084494 -25.730065734610292 -27.103553251916864 
-26.634483782774154 -26.682176555191788 -27.16028897679628 -25.729479568145294 -27.103465998290247 
-26.56876189113308 -26.620984591275217 -27.089763251329742 -25.65779843940642 -27.03250337636885 
-26.552436271319976 -26.60223407930164 -27.072125137363145 -25.63894428134789 -27.015865233594326 
-26.443839552773838 -26.51077572197748 -26.985084017406365 -25.535414738558416 -26.920435353372795 
-26.439764341099064 -26.507238045692475 -26.982175568232975 -25.531650323453263 -26.917187957919964 
-26.399680755026537 -26.476117184944854 -26.94951418158678 -25.493981633572417 -26.880708972977487 
-26.359368925224615 -26.44961277983201 -26.923670387679053 -25.46043564798508 -26.848445017483442 
-26.31234352395184 -26.388774497582475 -26.85673856519317 -25.397290650843985 -26.789047118916784 
-26.321540062372833 -26.396782874668247 -26.863468965594336 -25.405871525915558 -26.796507671928282 
-26.31806542838953 -26.394591899098486 -26.863491424809666 -25.40393327261239 -26.795590767400512 
-26.324574888759656 -26.400263971047522 -26.86672783740218 -25.40937424534917 -26.799585026881303 
-26.32502810357508 -26.400460833490712 -26.865324313197902 -25.409022763892423 -26.798553498029904 
-26.282885306215974 -26.360052048633918 -26.820963148373906 -25.363039285672784 -26.754131089778298 
-26.264445614933564 -26.354069628943805 -26.811129931734982 -25.35026735675578 -26.73915030673298 
-26.246933850197664 -26.33823302523315 -26.798661795205163 -25.33389726564519 -26.72541965993588 
-26.234587588135753 -26.322681706197102 -26.791071830479538 -25.321582306429647 -26.718101550398814 
-26.215302990667496 -26.304289940667303 -26.77748461560772 -25.303355999640274 -26.70339519382334 
-26.214341523093864 -26.302915436053866 -26.776307906761772 -25.30210615820566 -26.70238234166777 
-26.103070582894915 -26.180844408364266 -26.654921801376304 -25.174336286669046 -26.58623991931509 
-26.096073871000144 -26.17826114191105 -26.651531709984198 -25.16953364268555 -26.58094224907252 
-26.110847949348454 -26.198256261675823 -26.677138492628657 -25.1915646486881 -26.603188200489413 
-26.213693204424615 -26.29533143500109 -26.770876727716683 -25.297404230619108 -26.69984226232414 
-26.34282402001037 -26.431894909847628 -26.885441512517474 -25.433184404000826 -26.814050081108164 
-26.239026347540886 -26.335291254767682 -26.79804018574812 -25.32981644238953 -26.722140576329323 
-26.251794159269537 -26.34590213258926 -26.810739837767244 -25.342970138166407 -26.735479023013667 
-26.18732600928446 -26.29753374117719 -26.76566029670944 -25.286043660417633 -26.68257118300923 
-26.196520453540927 -26.302201946074533 -26.77514920444554 -25.294794970883274 -26.693382393515122 
-26.206680283721454 -26.30957476273666 -26.79249797422561 -25.308036475670264 -26.710429088738024 
-26.141001183270305 -26.251092959489313 -26.731287527618704 -25.24093068076725 -26.646492066530058 
-26.096063410890636 -26.208635946237138 -26.69774565259314 -25.197874228572744 -26.61052932115905 
-26.09308398567117 -26.205892734595793 -26.694655654308377 -25.19466792279772 -26.607392714147323 
-26.09339188005903 -26.20616373036617 -26.694830092915353 -25.194933233488968 -26.607598537323042 
-26.070859865143504 -26.197334310439885 -26.668261550188944 -25.172809352221307 -26.577505667146085 
-26.066280902205207 -26.191926212843697 -26.663107463930714 -25.167360709782557 -26.57271075252315 
-26.146308714143274 -26.27062544443261 -26.731228492132914 -25.24858774272161 -26.64287051402424 
-26.119196670961628 -26.255158457906248 -26.714022040251038 -25.226885292334487 -26.620595304050966 
-26.06493089161266 -26.188050055611257 -26.660390445226923 -25.1645721247163 -26.570990941142455 
-26.056774521642197 -26.182384455846957 -26.65464325058231 -25.157496771221915 -26.56412235035023 
-26.029862165276768 -26.162925634920143 -26.629527766335656 -25.13132003987998 -26.536503391994913 
-26.03006520997677 -26.162624988650464 -26.630005372832798 -25.131506254716868 -26.53709321435271 
-26.04651989307915 -26.1764920570118 -26.63974503989874 -25.145719676120436 -26.54863222816482 
-26.021455468281005 -26.151843558832823 -26.61534238007725 -25.118973729356796 -26.524071043818296 
-25.976795070332344 -26.108764104251577 -26.580660550025442 -25.075282460156274 -26.48747479145105 
-25.98559356674535 -26.117338698545822 -26.592108347390564 -25.085879134558127 -26.498552566777946 
-25.951340077003394 -26.08480702401357 -26.561094258899345 -25.050651685573115 -26.466602609920585 
-25.986644585233265 -26.1264968470488 -26.58958381238375 -25.087916339285172 -26.494077205421036 
-25.989346128759124 -26.127834849512908 -26.59126213076719 -25.090001458725922 -26.496328640604915 
-25.99050759782922 -26.128894249476318 -26.59233117980969 -25.09119017995293 -26.497440239686114 
-25.927377678468375 -26.072793054323597 -26.53497460845587 -25.02733490733422 -26.437196658360747 
-25.933160612673376 -26.079451152924534 -26.54354471667584 -25.03504740040391 -26.445045831335563 
-25.931392366037713 -26.078534806340798 -26.54190257573056 -25.03344118410932 -26.44312568326349 
-25.93180898470601 -26.083417041442658 -26.548892769027447 -25.038034305425384 -26.447712212060424 
-26.030411976567265 -26.175985812799127 -26.648290605451933 -25.14341492528527 -26.548562886660946 
-26.04238003315524 -26.208413191771427 -26.6686066124892 -25.16612358050675 -26.561216692231568 
-26.197442602955448 -26.354214526328988 -26.802479240303967 -25.32217963192187 -26.70078924639536 
-26.197814534181646 -26.354241487267515 -26.802966249570716 -25.32252553538379 -26.701364401146748 
-26.1920557914017 -26.34920857358651 -26.798812801842118 -25.31719306748272 -26.69675363085871 
-26.23791757701828 -26.389351018382513 -26.84816534982926 -25.366571480934397 -26.747205050170024 
-26.250745829629196 -26.4018814406503 -26.860824337071023 -25.38028968047503 -26.759945434407726 
-26.325695936196553 -26.450999433813067 -26.92685570540533 -25.44988556365263 -26.8351344990475 
-26.3296253126786 -26.455603405888752 -26.93101744085294 -25.454432762822478 -26.83904051694317 
-26.337010485698002 -26.462337820972877 -26.9381786264278 -25.462133721971654 -26.846416183226424 
-26.366847658532876 -26.491717721344898 -26.965077948103882 -25.493003973046314 -26.873830286111485 
-26.337649078829784 -26.462279895134486 -26.934526928271794 -25.460777869340063 -26.843648573654846 
-26.325606693933423 -26.449810550503116 -26.919727430540476 -25.44644920985735 -26.82944679666079 
-26.39845658395842 -26.50808202370854 -26.99009089090842 -25.5199213116083 -26.90448403931994 
-26.263142128482116 -26.395522654094094 -26.86461565466685 -25.384431366821744 -26.770841612316403 
-26.270799443923835 -26.406368418039747 -26.87488660154834 -25.394777685369064 -26.779697712844893 
-26.270506333343462 -26.40605600892465 -26.87480700291458 -25.394546327529326 -26.779591630543308 
-26.283600366709592 -26.419927059294963 -26.886788059349 -25.408465651176186 -26.791468290844662 
-26.35062294218936 -26.472633947456075 -26.95217708442034 -25.47605615699422 -26.861337476370622 
-26.34047967492974 -26.488103495715762 -26.955127264932614 -25.478268660030906 -26.854366556351806 
-26.328889067803757 -26.480231545929158 -26.942789911230662 -25.466521191139392 -26.841027824527757 
-26.414922280150847 -26.562900965064173 -27.018140625678043 -25.553963044481094 -26.918832680520183 
-26.423728994947453 -26.56765617055069 -27.021086708862327 -25.559772273185573 -26.92392031277747 
-26.544135454399452 -26.670901472837926 -27.131063605767793 -25.680333672895785 -27.04049194397632 
-26.558356453251278 -26.68560158713069 -27.146705294395275 -25.69644071881278 -27.05572297932933 
-26.564758036732016 -26.690896713116473 -27.151979035834387 -25.702548355357806 -27.06149694319781 
-26.527358108485345 -26.64975898914203 -27.11237896983694 -25.66011369370436 -27.023502335779227 
-26.528057024775194 -26.649992982601773 -27.112267512919104 -25.660387380026194 -27.02365941417203 
-26.515050919419792 -26.62992890676408 -27.083286473212297 -25.637516410756106 -26.99940059902812 
-26.424465230936192 -26.54392417612553 -27.009010850339024 -25.54786399624959 -26.921410481663145 
-26.422585960191384 -26.54144959176253 -27.00680485715587 -25.54551923805967 -26.919444845067403 
-26.35008147283456 -26.453041051666986 -26.93979136819111 -25.464869233871752 -26.85667631605854 
-26.337401195441657 -26.44039906744183 -26.93896870570738 -25.45630953226427 -26.85401230621025 
-26.450017886306725 -26.562750205927728 -27.05093849848977 -25.580577264829614 -26.96276974932799 
-26.479267865446403 -26.586156755453217 -27.078203004557864 -25.60966354986256 -26.99205898738208 
-26.396427998898474 -26.50661769132637 -27.000964006209358 -25.523488160024428 -26.913162724926607 
-26.447224075819975 -26.56396854792358 -27.04267694628936 -25.57634189060022 -26.95413902079673 
-26.397521016839008 -26.516446312397022 -26.99774862040441 -25.525302511660612 -26.907932767861624 
-26.41709906972156 -26.53010381987805 -27.01400333649397 -25.54332446481854 -26.926475465231675 
-26.42463370239321 -26.541253134318524 -27.024775297289622 -25.553913111414076 -26.935605291429496 
-26.445519386986206 -26.56474614603769 -27.046684697951335 -25.577687372170118 -26.956491552269057 
-26.322266054975742 -26.44828699091599 -26.929801285147548 -25.449138149241108 -26.836871778599374 
-26.331279717139495 -26.456719434437858 -26.938289822111088 -25.458491535746788 -26.84559557446981 
-26.318177352083254 -26.445372504012283 -26.92630224038784 -25.44531250463649 -26.832930431220106 
-26.267601100229115 -26.383820027102175 -26.86283453839674 -25.38184612593362 -26.775009071121744 
-26.311072749456656 -26.430317025206506 -26.90451607428696 -25.42898765668251 -26.815913333672242 
-26.207166638760228 -26.33552656145247 -26.81150786691815 -25.323904547030438 -26.71868918471148 
-26.187780106290646 -26.293939387773875 -26.789160033204297 -25.29521357980188 -26.703695225873147 
-26.210056205986064 -26.315518293805837 -26.81219768898565 -25.319459623638565 -26.726762614475774 
-26.19325361814525 -26.310663673986937 -26.801099460133344 -25.307172848054662 -26.71114587040566 
-26.11368156968956 -26.225486844921292 -26.721071252073727 -25.21920413390515 -26.633143913399948 
-26.274092578607025 -26.383154860512747 -26.888929463250776 -25.395349473101504 -26.800208839738204 
-26.326641720513365 -26.440997413662217 -26.936650574430374 -25.45158903888779 -26.846910879819077 
-26.33808284300291 -26.464495470176303 -26.951762951639807 -25.46903410542879 -26.857706376204504 
-26.354329106020202 -26.47692396897476 -26.964068873637103 -25.483784948028543 -26.871757412269645 
-26.321027163913698 -26.44528694730451 -26.944192011643125 -25.4541307690845 -26.84936358046741 
-26.348644057101083 -26.47796499043133 -26.975476563669133 -25.487079990220693 -26.878438835710796 
-26.39598702193109 -26.5471286285957 -27.03268659233821 -25.54897519970457 -26.9272530108465 
-26.397936073419217 -26.548930160361394 -27.03433718665346 -25.5509078250778 -26.928989869856707 
-26.41033448425624 -26.55980837298992 -27.045491416659416 -25.56332104667439 -26.94077078397879 
-26.515241770693038 -26.67462755831872 -27.149617446629705 -25.679299936823256 -27.04165550732516 
-26.509435060250865 -26.66856186453377 -27.146761900934166 -25.67425111492099 -27.03843922478319 
-26.498364360336936 -26.659436252907327 -27.138287898359465 -25.664008415469468 -27.028993310005333 
-26.46525919720571 -26.63577785224085 -27.11568091792452 -25.635676758769392 -27.001936259073517 
-26.462903977038565 -26.633732941336845 -27.114786622023658 -25.63387354180199 -27.00072706739867 
-26.433806074697813 -26.594667961593487 -27.074896496772197 -25.594670979724114 -26.96567128216269 
-26.49862420469769 -26.653987749461237 -27.13572748126404 -25.661360928522413 -27.028633148349243 
-26.51549810770392 -26.669833609307958 -27.152147803338707 -25.679096615278 -27.04539305791741 
-26.513954343353447 -26.661885379434622 -27.146933910315823 -25.67393059656864 -27.04273055491815 
-26.411523875761816 -26.585444577570854 -27.06497584094511 -25.57993132485778 -26.94986551247065 
-26.41656500925255 -26.591609715016332 -27.06729579640347 -25.58450792542577 -26.952242966056374 
-26.433764062212006 -26.60991778778552 -27.08973181638406 -25.605767378487897 -26.973478371207108 
-26.41987671978822 -26.595562281158195 -27.078635111734968 -25.591858101118348 -26.96213604955645 
-26.420543827726533 -26.595804304030224 -27.07767731699056 -25.59172650881648 -26.96155847437271 
-26.323290436626948 -26.514676893635638 -26.998565602378704 -25.49946344569976 -26.874945551638902 
-26.402510461633256 -26.594330195306384 -27.087525974244542 -25.58972870856178 -26.962046484334195 
-26.352399275560032 -26.537983678324636 -27.03910246430854 -25.534444276452362 -26.91543533690256 
-26.36010174432066 -26.526796723849174 -27.04225301199861 -25.5352104438074 -26.925086894556287 
-26.439842220535084 -26.600700266804182 -27.114819634884697 -25.61650983427151 -27.000328603078216 
-26.43674930363919 -26.599277514883738 -27.11031787658176 -25.61299315397345 -26.9955401800091 
-26.377035458907613 -26.548243555723516 -27.066134323443364 -25.55804788163539 -26.9464568043295 
-26.387565413149247 -26.557982356773138 -27.07575326449239 -25.568793639915043 -26.9564293209516 
-26.448908260518536 -26.598995850478417 -27.12191029874971 -25.622352291841693 -27.01100874046587 
-26.48769908274791 -26.62924011104343 -27.155961824577076 -25.65972058568279 -27.048307462401056 
-26.459671839911806 -26.59647752263716 -27.12496178664051 -25.626710589950818 -27.01930278887656 
-26.448905042296815 -26.591285479759378 -27.132261735765113 -25.62504034173547 -27.02211090998145 
-26.4342351829589 -26.56132717369907 -27.107279255557415 -25.600136241500607 -27.003453690923564 
-26.42210435404502 -26.553820383449064 -27.105457397008877 -25.593125243531745 -26.998643722733078 
-26.36059994633699 -26.48270991757873 -27.035243169742586 -25.519843296997237 -26.932901126463094 
-26.257329353218267 -26.375629690455696 -26.930187316046087 -25.406151733674463 -26.829587236639796 
-26.262823244354053 -26.37948604187706 -26.935731352488546 -25.411684319417844 -26.835606453876963 
-26.27328344761608 -26.382092001184503 -26.946378356796473 -25.42100081995659 -26.848584856132575 
-26.27473252880094 -26.383536516067338 -26.947594136629107 -25.422458997378158 -26.849834455795573 
-26.299047553190803 -26.4022037895067 -26.966208759590884 -25.44460629498994 -26.870992306394413 
-26.2817851351668 -26.386766873736534 -26.942397736451056 -25.423328501965017 -26.84770646056468 
-26.291047419965096 -26.39656745685194 -26.95192172747926 -25.43362478608293 -26.856998418264297 
-26.304471420336967 -26.410711706135615 -26.968726523534627 -25.449934643488945 -26.87301319487517 
-26.273366310355883 -26.366192188074862 -26.93059461676394 -25.409399447823247 -26.84015824593567 
-26.32205413462856 -26.414527902634774 -26.979140497598877 -25.461963876259574 -26.888691834652363 
-26.378150709389416 -26.474816092423325 -27.03161877846007 -25.522106012951085 -26.940303990754046 
-26.328051122528294 -26.423445642756008 -26.98215537050639 -25.46783334636585 -26.89127204906643 
-26.333002535007267 -26.432002631887485 -26.98951652123249 -25.475276010794303 -26.897142176386524 
-26.33505360041579 -26.434269410332547 -26.99138760063613 -25.477469855987437 -26.898970028754093 
-26.307381283107745 -26.411429868754198 -26.96544971309862 -25.44960858281638 -26.871368349983797 
-26.230130321453828 -26.339954167368518 -26.87953872313831 -25.36351664889075 -26.785282649705422 
-26.138875655537632 -26.247890557289963 -26.79671128488161 -25.268315961969762 -26.701645326562385 
-26.15568550177109 -26.270110538396807 -26.817650677148904 -25.289911338271764 -26.720237397124023 
-26.229189158801688 -26.344225363439833 -26.891489320447008 -25.369863264696534 -26.793621999462005 
-26.322746037839266 -26.449093568375147 -26.997442189028504 -25.480035531976313 -26.893908857862016 
-26.367627196999507 -26.493186768321536 -27.044500297488895 -25.529432951279446 -26.940736493472087 
-26.35074816477443 -26.472457239253927 -27.05304712265915 -25.522293639350366 -26.946524301602622 
-26.474933018262462 -26.582184296815228 -27.166582128452205 -25.647815902134838 -27.065758103944333 
-26.468450135926986 -26.575241395423348 -27.158767390773207 -25.640033370379385 -27.058311193724933 
-26.513968286722815 -26.61636000991085 -27.19686244347882 -25.684561333973832 -27.09877764579177 
-26.497237687345958 -26.597307458717736 -27.182587737860075 -25.667049866922667 -27.08486818685718 
-26.520078193612733 -26.62143437670555 -27.208403388013153 -25.693542070313484 -27.10975908676471 
-26.471255387325385 -26.570047435892803 -27.160497148147144 -25.640495442596503 -27.062626244346987 
-26.477793247378585 -26.576418252664368 -27.167010587647113 -25.647517492407303 -27.06917517544899 
-26.481424727474604 -26.579054815732405 -27.169134952095604 -25.650460216754 -27.071827968299715 
-26.49175792662423 -26.574223848651897 -27.167653011405292 -25.652061156419578 -27.076771368572608 
-26.48954855410507 -26.56975654823559 -27.156294498641458 -25.644682386787494 -27.067551580977025 
-26.50046686327036 -26.580803617946614 -27.167305259160685 -25.65657397129901 -27.07847723248993 
-26.53169596810487 -26.60805800860618 -27.202427270783375 -25.691243022568486 -27.114093529282343 
-26.515927171674335 -26.577477791965848 -27.184398601036875 -25.66941528923553 -27.10093767082529 
-26.52675724563605 -26.5867535648852 -27.193131750310926 -25.67973306667409 -27.11044187264585 
-26.571845212130995 -26.62295390764507 -27.23352103879421 -25.7240670571058 -27.15412638446331 
-26.654139739792868 -26.698652246579897 -27.30915582714107 -25.80824444319603 -27.23257389879032 
-26.657098527268204 -26.698394287286078 -27.309618143052944 -25.809456607915052 -27.234394556288535 
-26.631200718825838 -26.668817053245164 -27.27337427872186 -25.77555460024776 -27.200989460097162 
-26.6138416887149 -26.64857033091633 -27.258061609242674 -25.757075292880316 -27.186266313283397 
-26.624892478525695 -26.651802622304075 -27.264670195851124 -25.76501419960256 -27.195905003107626 
-26.622834983405724 -26.65034215932009 -27.26511062734548 -25.76414014281454 -27.19577044912836 
-26.664850022036134 -26.692792221159294 -27.305270928981344 -25.808780096246778 -27.235978253826786 
-26.66775955905142 -26.69444825652465 -27.30558770291502 -25.810374047210203 -27.237080009578833 
-26.67319856627566 -26.69388747748316 -27.30789761978808 -25.813322946244398 -27.24167862070921 
-26.71209942065373 -26.731828783867073 -27.341660548365482 -25.85267206765296 -27.2764465017397 
-26.766013163816496 -26.786409919789577 -27.391714003283013 -25.909241099961378 -27.326768584610974 
-26.83371027793666 -26.854799213281765 -27.45444930248256 -25.980163572187124 -27.389904045501012 
-26.820297430914763 -26.835878125951766 -27.440290659718485 -25.964011815230464 -27.37755820893534 
-26.827225206461264 -26.8434351236359 -27.44750202744811 -25.971779870018224 -27.384515323223226 
-26.848958890651247 -26.866561911505798 -27.46956985207966 -25.995744609997388 -27.40604955519936 
-26.875842354066847 -26.895805807864477 -27.49683889025637 -26.02552222467517 -27.432471570697004 
-26.853542976600778 -26.865936927201375 -27.468386010389835 -25.996703604359524 -27.407348061503185 
-26.884041018609338 -26.893320020263033 -27.495488492446967 -26.02728264743854 -27.435848541558187 
-26.864430581744898 -26.87627272025705 -27.477812128292484 -26.007633455109243 -27.41714528517761 
-26.8596984517537 -26.87140312859576 -27.473530500495798 -26.00270572309894 -27.4128454749155 
-26.94737044153311 -26.956621741220133 -27.545471680299997 -26.0893130632235 -27.487820296990435 
-26.95776970251434 -26.967841685023075 -27.557429827427853 -26.10146690823396 -27.499250529946977 
-26.968321169392723 -26.969482152124655 -27.564180538687893 -26.10894812329788 -27.509264762089273 
-26.914386022235448 -26.91064269895236 -27.505343985424688 -26.04726853850785 -27.452846300020042 
-26.917078331579873 -26.916226837713126 -27.51073107854519 -26.052124870375607 -27.45692061802312 
-26.83262029862476 -26.819249835903477 -27.42388754060123 -25.956877027702163 -27.37445625367357 
-26.716495359423135 -26.712241274006203 -27.33237093177125 -25.845241467415846 -27.276542943917804 
-26.692492906040158 -26.687536691308893 -27.311285132149948 -25.820537632061587 -27.25526235281707 
-26.658444547243732 -26.66630180769272 -27.2776090493783 -25.786879849618174 -27.217786933833267 
-26.694557156786516 -26.701697142232277 -27.31757776670426 -25.82760434390778 -27.257244319288134 
-26.705191254619223 -26.71762663982244 -27.3400610825623 -25.8460666180803 -27.276196746916483 
-26.78559367502811 -26.792738893694406 -27.410129352161547 -25.92673147698578 -27.349290689971042 
-26.751848691669835 -26.742726167374798 -27.367447160224856 -25.88220595712906 -27.31301922517342 
-26.737960491698047 -26.716652791016813 -27.35010717037099 -25.862773185648223 -27.299917339792756 
-26.804036249045183 -26.78774603095451 -27.410798581190065 -25.932713592969307 -27.359800744604925 
-26.78519176296885 -26.772676786373523 -27.39525312346686 -25.914797053924673 -27.34264410260913 
-26.798611822221375 -26.78488416868076 -27.41447174675956 -25.93182756279201 -27.36124402024231 
-26.822346462719437 -26.807468616027677 -27.43241059230388 -25.954407896924494 -27.380401878295856 
-26.766340455637675 -26.74432216784571 -27.37597009121066 -25.892071071424738 -27.32632171609451 
-26.726018296664506 -26.70631218129546 -27.343098722699068 -25.85261653233485 -27.29166172651756 
-26.75566855126688 -26.713347832210374 -27.362747149093053 -25.874829224855148 -27.31958819391494 
-26.75498746806491 -26.71271699131563 -27.36261047273871 -25.874369682014773 -27.31934933794392 
-26.75490559154761 -26.716308155723866 -27.359817714179727 -25.873757977806704 -27.315909238822044 
-26.7401194505901 -26.689609512395847 -27.335136211214703 -25.850387146516496 -27.296431813515113 
-26.78066144263886 -26.74469114412898 -27.38409764060411 -25.90145597453767 -27.33957611076626 
-26.667330744519987 -26.63470701102088 -27.286797715255815 -25.787472760829132 -27.238983060734 
-26.878710363599936 -26.846546209127723 -27.48431663407706 -26.009288461043027 -27.438030150132022 
-26.97171351355979 -26.931066264662675 -27.5552652035381 -26.09721122420764 -27.514853784706048 
-26.970968823877982 -26.930102196610775 -27.554399690845713 -26.09630104866457 -27.514075542053774 
-26.96975004546978 -26.928616557594637 -27.552902233304152 -26.094793131759317 -27.512706699524372 
-27.080205727174757 -27.03853337274157 -27.65749974659215 -26.21107426880569 -27.618117072787598 
-27.058810046310413 -27.018772744791434 -27.637154656784503 -26.18885452431111 -27.597171570052154 
-27.073233136390826 -27.033544933087285 -27.65198092983057 -26.20468498116975 -27.611787532506114 
-27.089209120219948 -27.05097523851697 -27.66740990846057 -26.221981896571933 -27.626827803284 
-27.086275526941733 -27.040541965318425 -27.656243979327854 -26.21323961813951 -27.61925733768919 
-27.135715494682955 -27.090538325239706 -27.701424037684447 -26.264670023765248 -27.664833469804364 
-27.286700080212796 -27.25086592457606 -27.83768601226926 -26.422620160113595 -27.800299071391635 
-27.322348893082662 -27.287578652783083 -27.868401019527283 -26.45898003429022 -27.831405544091467 
-27.235704370924978 -27.196657502228092 -27.783229616160668 -26.365341955161057 -27.747511959729565 
