-161.3890193050185 -117.666583759668 547.7517370467973 
-162.05832889971938 -117.92893759394622 548.7532240612818 
-165.36888999418127 -117.33083142681213 549.9779553616452 
-166.5593285374492 -119.2339253495165 549.3468604047941 
-168.4536705891251 -119.91112743366645 547.2202150601444 
-168.10095848395105 -118.71318416175357 552.3154649730091 
-168.16161003184962 -120.4182058628982 552.1226547886721 
-168.86461563039205 -120.00992157321484 551.9659539692423 
-169.22387727118027 -121.61667174145748 551.1818590796692 
-169.3543873860128 -121.8881409177875 551.6211365912069 
-169.37216486033049 -122.38372386034598 552.9594998739856 
-167.44706027657458 -120.64057937393589 552.313041674925 
-167.41925902108082 -120.77105279111233 552.9557103035982 
-166.69105226253802 -120.51775497233554 552.0254000668934 
-166.63804264517796 -121.63195028777113 553.3429144368298 
-166.31744426192705 -118.78251766159887 550.7162753842723 
-167.51731093102313 -119.4296635602551 554.1965556263455 
-158.54857173771805 -118.21909594390243 558.8623735356002 
-158.771481415915 -118.73563963940057 559.390272647043 
-159.00303785575252 -118.53025284502873 559.4323326121602 
-159.5112117888275 -120.31607617320722 557.1596074844311 
-161.20959470564486 -119.97910150811184 557.4703882044222 
-161.74073580675375 -119.53429241067131 558.7363262347874 
-163.8592902394223 -119.11249455044056 561.416830772593 
-166.60548497478007 -118.5399445740908 558.7537417451531 
-167.73465779830667 -118.2646271232365 558.4632930513525 
-167.890167839669 -118.13414161551059 558.6194859487857 
-169.19500161150597 -117.69424276860858 559.3662349415185 
-169.00730189717237 -117.85043881877176 560.5121947300343 
-169.1844983379947 -113.95650783007349 554.8922628020006 
-169.1220809447386 -114.20693528786728 554.8308263398338 
-169.94159801392718 -115.02715604666768 552.5910829435462 
-167.74903439824143 -115.29971779452859 553.9838866351453 
-167.1775461121839 -114.05785171482411 555.4491313807238 
-168.6037951977466 -115.60499209126142 556.3419711165568 
-166.13403676669856 -112.2082573812331 560.5626756058427 
-166.72628556628626 -111.3282271258339 561.807604697468 
-168.50526261103332 -110.41808054834128 563.9690955737035 
-169.47574506637883 -112.86476848795459 568.1307301093633 
-169.39496604363282 -112.61157061262143 567.2289687979749 
-169.53414344910894 -113.20771961418757 567.7720432602689 
-168.41164028595716 -113.21110064513067 566.2080938836486 
-169.7988618403943 -113.26383795810354 567.7342608684501 
-172.3465719006394 -111.77594517818966 567.3773339736523 
-170.4481931633157 -111.05883995717994 567.9674758921462 
-171.74439482113965 -110.65808931091314 570.4158115994651 
-173.62830062868287 -109.54274373460068 568.2440025901757 
-173.367847918172 -110.01822230893013 566.616843043178 
-173.19864571192625 -110.31799419043384 565.1805358109236 
-173.63077483733375 -107.65257994406343 566.8206939698989 
-179.99974553802159 -107.71748012085791 565.5703782040574 
-175.63439636367596 -103.26833628110481 563.1914262377817 
-173.75369831531728 -102.87428180397791 565.2273815058031 
-173.1385127136158 -101.47080938977622 567.6234049368788 
-169.197832629552 -105.24056168635599 566.6313408059978 
-168.35294295074667 -105.20867113843316 568.4158392943187 
-167.25322378768098 -105.15203615546824 569.8017568446177 
-167.12649788948877 -106.02039634455441 569.5520594326917 
-166.27833286243865 -104.50307661186446 568.2181113358878 
-167.56653845982808 -104.67569711512299 568.078412680492 
-167.62968183935328 -104.6975125681175 568.1076886788444 
-166.64041029390697 -102.35882812308924 566.9593440040497 
-167.46207225736916 -102.7915948419522 566.9176603256739 
-168.54219654892003 -104.64461230203473 567.5020093426797 
-169.87098370035181 -103.86688727585188 567.0012059857095 
-171.17657693235074 -104.13186571249102 567.5643652468218 
-171.2658800986099 -104.0524106038437 567.383467770528 
-170.35769536121288 -101.90286273489609 564.8808510820409 
-166.19856235252558 -101.49234188048379 562.5891130053304 
-165.47222588037022 -102.22481771615915 561.575798890136 
-167.52789806757656 -98.48594210124656 561.5288628501228 
-167.76699001230165 -98.22697886753936 561.2791834051186 
-166.0258065793406 -95.83765325664935 558.7012373605262 
-165.40496320537446 -96.42635313097603 557.7274999215814 
-163.1662286496795 -96.85037154438558 557.6587440527321 
-162.46708125360436 -96.2705582235649 555.5738549457246 
-164.70216546055653 -96.23186743782773 555.8637164685839 
-162.39625361862963 -96.99678572331337 557.0517266049671 
-163.5641214076135 -96.86400216841929 558.3246548823626 
-163.6867776804647 -93.01635588644928 564.5889354290437 
-164.13706734040377 -92.83000324953484 565.2837274023896 
-164.43069608904852 -98.66725467153253 561.3898801365614 
-164.12456161348803 -98.4879278713726 561.278116690265 
-164.78889758264225 -99.22668653959244 561.7614846985825 
-163.2076223725317 -97.84264539792542 563.1854080641589 
-158.9466624182062 -99.79935264468037 564.5806473301329 
-160.6053873350715 -101.32255841886244 567.2949031066083 
-159.89856225323467 -103.78141019288202 567.8862374051794 
-164.85046600140734 -102.42382061980186 564.8417930885528 
-164.92286408868716 -100.44117210336165 567.4206746718434 
-165.56209378601878 -99.52656657660523 566.9535106874233 
-163.73566184752482 -99.43390070002376 567.0229371805854 
-162.89801695961597 -100.72809965599335 566.7567472632751 
-163.9970028529726 -102.91043824947407 567.8559813451351 
-163.89881350000488 -104.52364948298906 567.8627935590112 
-165.9764076289282 -104.82006873520737 566.8102262190616 
-165.92764505104128 -105.49259157550938 566.1660775671371 
-166.74469197825994 -105.55170794036015 567.4314315565138 
-165.99358241608604 -105.2377395942066 567.9043906730692 
-166.1602804722895 -105.05512123527782 567.9227218971753 
-166.91883103818222 -105.95664949499758 567.5092649264724 
-166.91521979578638 -106.05559071283841 567.7596639181082 
-165.57485043581383 -105.36095823928869 567.450248301773 
-162.5985719419406 -101.08762714622816 570.3145066807334 
-161.1679548103842 -100.36943356391107 570.2983951569183 
-159.88788983295603 -95.92486269480042 569.7420341769182 
-159.341465643176 -98.46513594564367 570.9965176148966 
-159.48804919878032 -98.60814921117903 571.3844620182806 
-159.4882631619273 -99.56505814669612 570.8876607353263 
-160.7272950932603 -94.07570739871014 567.600712000015 
-160.90934197620814 -94.13906969317455 567.9043512728442 
-161.00550113084094 -94.11011342235173 567.9860833238171 
-161.8808656773384 -94.66571056987263 565.6526858460211 
-161.00302637901416 -92.75399169525929 567.232661766107 
-160.39440603749046 -93.10120171522864 566.7505646202483 
-158.9914678099304 -92.51742551441431 567.2771219445121 
-158.77502959043514 -92.29660694821315 567.1884580890733 
-159.43280356998545 -93.47380011289887 566.5195027750487 
-159.47332604450017 -95.6256559053302 564.3139422018653 
-162.14917703606474 -93.82549068513221 562.9714778900411 
-165.61845530966363 -91.88326911093101 560.3758866640769 
-169.84951924726465 -96.18799545425604 560.438256783649 
-170.43106231820136 -96.37973374031978 560.2847901271549 
-170.44280916609492 -96.27570320266767 560.3628217142327 
-166.76912187515504 -101.11121297945826 563.4287010092941 
-165.2262810976095 -98.15448736504707 569.0695112585943 
-165.65561437155228 -96.91470891609498 569.8621437211647 
-162.32738591576364 -99.82571726556829 570.6814377186919 
-162.87557520974303 -99.11463551409574 568.3742815022082 
-165.83466360829186 -99.40769415532476 569.7456284223813 
-165.16479832302906 -101.6380567950841 569.5443087921241 
-164.7447190286466 -102.07991517304832 569.376781032928 
-163.0694515623114 -101.5213727409576 571.4719320651385 
-163.0437060174947 -102.79648581377901 567.8678031665055 
-162.7240957320776 -103.01904345196861 567.793146774262 
-164.08844850022842 -103.45768400522797 570.0947012809795 
-163.91316558641702 -103.41516099865542 570.6222827055118 
-162.99234293853647 -102.09221174591413 567.5403933951975 
-163.5830150982862 -100.94878804794502 566.072182543388 
-164.96529872968148 -101.30625056557987 565.0727125784658 
-162.7941991088895 -99.35667365954095 560.5391085946649 
-161.8678838320948 -99.63983888727877 559.6653409642903 
-159.26755822772628 -99.83813384376369 560.0072529629574 
-157.1989081942032 -100.89418803711871 561.3811130158377 
-158.77828679828514 -101.001120290754 559.2763858321819 
-156.817283247316 -101.39836137690834 558.6746137571512 
-155.01036077299878 -100.39893689019655 562.4575577940977 
-151.7740208381026 -102.79742508200917 566.9332654264492 
-154.61194026572372 -103.246361257505 563.9722722302778 
-154.31019962488244 -100.24719202027764 564.6469944749063 
-152.516352624397 -103.37292066450495 564.9180853438005 
-152.39563286656815 -103.03771460028142 565.1973860722115 
-155.27448173797785 -104.84466365666187 567.1517240480473 
-153.6789658908913 -102.29575791220577 565.299608931966 
-153.9483188385245 -101.86578718557742 565.5872772477202 
-153.45328197298696 -98.32180226235889 567.6159671918055 
-154.90353308730886 -99.28465878795564 568.0416414248957 
-154.03120928327434 -99.27630161744986 565.694929611982 
-156.69608359796752 -96.2750531054215 565.1649044015998 
-151.79814556740732 -92.07168986144805 569.3554272432654 
-151.7028930877001 -92.01154463358151 569.0585174023923 
-151.71960790838574 -91.15006917519791 570.4225110209617 
-148.62130669179038 -90.59153975179977 568.6461585081995 
-147.82669025399352 -90.97315904083494 566.5648478985647 
-147.83786201876055 -89.13981921471502 566.7006090002136 
-148.42488708488622 -95.45743946218067 568.8107558200102 
-149.27701031658125 -96.05721955399511 569.9059318735298 
-150.90277817595452 -91.77079624047175 572.2394371541764 
-154.35476856828367 -87.79535092791826 570.6665579261172 
-159.46852828433916 -83.31641497350365 568.8255031392692 
-159.37577729108907 -83.16432644447517 568.9629596303442 
-158.11204825512831 -82.42522871898652 567.7705356408761 
-158.22670942259097 -83.11957712543658 568.8172574683173 
-156.3361147378477 -83.9768130001861 569.5744642429788 
-156.1910954941845 -83.84740148856714 570.0091510655652 
-157.20561795857657 -84.8451609472451 573.7741228083112 
-160.02994582420217 -83.26046131301615 577.4515130751071 
-160.20941229520642 -84.84464347663031 579.6401847090216 
-155.68186936440287 -85.35767739249015 579.4862468505916 
-156.72723410606022 -86.31537361404922 579.9504850029348 
-153.53135844305856 -89.05824395247464 577.6988458142749 
-154.69410040892967 -89.43638178399743 574.7459005872181 
-154.67511277134005 -89.39212923532457 574.1015971425477 
-154.662601962544 -90.38541690252222 575.3880002755645 
-153.98262907782708 -88.8085611197498 575.1636090603 
-154.41126974479994 -88.2829667888033 574.9377680915343 
-155.34681109633584 -86.54508125813061 575.2755270720954 
-155.48229095606223 -86.54494931489515 575.157675652808 
-155.8002022393336 -86.32448884237999 575.4501558759099 
-151.4372132220769 -87.71947684712929 572.8832632847295 
-151.45906472650847 -87.49928920906584 573.1021353325839 
-149.80672027128864 -86.95151104440163 575.171856126646 
-151.269641023289 -86.59124576248175 573.8117375536735 
-151.96715405584376 -87.46091558073287 574.8270528506399 
-151.86306624664493 -86.320489482938 573.3692027290132 
-151.86795206957933 -87.04731886629492 573.4316870912927 
-146.03382558889192 -84.03244768643299 571.5451596218112 
-141.19831324790172 -82.35992114781186 566.6218031128076 
-139.5077299916231 -85.17580488714071 567.0263353720854 
-139.45000179174482 -85.72575369029752 566.6896395222819 
-147.2330554800085 -88.52462961162713 570.8126719092741 
-146.63416450038517 -84.1223229046675 568.0641576754817 
-145.70572616536907 -85.04447780104944 567.3642076335169 
-145.7341881218215 -85.11609941805386 567.597895911567 
-148.6313246956534 -82.83021259655216 568.9278392387446 
-148.52733924722446 -80.57471069921407 564.672809028668 
-147.29848166101456 -80.9935164437713 562.5837271813688 
-145.48010699936765 -82.84613621804061 564.1195707523268 
-145.5258557434604 -82.53442881883497 564.3484795199362 
-143.79517090134826 -81.37238268146372 568.6855674825466 
-143.89674669810879 -83.39491251550835 571.5071498026588 
-144.3807022062181 -83.61187927112036 571.5825656909683 
-146.3120624428715 -80.89661293955356 570.4901705135134 
-147.9162506812886 -79.25710405542809 568.5730445613533 
-145.0440617596652 -77.4648454231122 566.80401772644 
-144.04368879200703 -80.32963738742347 566.1366926789677 
-143.5792513848273 -79.82197986922219 565.1292098240499 
-142.3251933196242 -78.6806135781302 565.5435287058167 
-141.93044503340406 -80.11284469379643 563.6275670886878 
-141.51184495215875 -77.41152198808565 560.7475682379884 
-141.25205608410093 -76.6626120671237 561.9819571140406 
-140.73316227168047 -75.97693464547375 564.1463003092799 
-141.88546212499128 -76.1542668594632 563.378612234373 
-146.7497408978136 -77.89499301869137 564.2337863562543 
-144.67025225620984 -79.40327606363766 563.4809882620057 
-143.99779172604582 -80.05417544356189 562.6068557098904 
-138.0011467028331 -85.24855163942817 559.8859155329142 
-134.37484083857044 -86.32052479371387 565.3540215698293 
-134.3019871647045 -86.32050213885898 565.4134178642516 
-135.71673253665335 -86.61043188211542 565.8410990562714 
-134.67916160331805 -87.79152222704971 564.9454336271743 
-135.66930491691912 -87.70791111208709 564.6237984082488 
-134.976897370461 -87.22864606347893 564.5352029325862 
-130.87549824231365 -88.46648023173607 563.8601644475918 
-129.4402700026527 -94.18326688670561 562.1245851001281 
-126.42062000101106 -93.35064923730872 563.4619742211669 
-126.93170611321088 -93.126157132924 562.7601255563185 
-126.77113481105972 -92.84287298297198 562.6870754833789 
-127.7538404756681 -93.19483497625052 565.3212211523978 
-127.81893090716282 -93.02292748817399 564.869447877962 
-125.13941365569406 -97.07003849071054 560.5877923000396 
-126.55090414743937 -94.20876216710273 561.9653990684923 
-127.92513629614177 -95.76850453082656 563.8282546790334 
-127.52816827701338 -95.12281816372956 564.9706761322103 
-127.18506752554875 -97.59819691497266 561.8399636263518 
-127.24602929819072 -97.44180253471524 560.7312145595901 
-125.63954582369401 -99.9838589149021 562.1772244256476 
-129.35959913391702 -101.08020307995453 563.4872869990579 
-128.64252561503767 -99.58182334788658 562.8049891731902 
-127.47842235531665 -98.31294765299587 564.7411721130109 
-132.66049942615794 -96.76930981127441 566.0407786889633 
-132.15795344472744 -95.66724672269308 567.9835537124843 
-132.61693793734727 -93.73603274567093 566.093877910607 
-133.14072445469364 -93.64273075325623 565.0960887417266 
-132.88106220140293 -93.30866790400879 563.9401614517111 
-132.87263395781753 -93.56849535238801 563.910017873355 
-134.01715472339995 -92.2132226751709 562.68865713192 
-128.60299422689116 -89.67254002458466 562.7367897798904 
-126.49748761951118 -88.93441147340202 563.1171836782374 
-125.57824626197996 -86.69489673413561 562.505391073143 
-126.05745376352434 -85.4196392212004 561.2468866767346 
-126.8217434695484 -85.7552706246465 561.4211103297429 
-127.05277467886779 -85.61397477172801 561.3662431010835 
-123.10003615672777 -84.37895686762266 559.8552683742345 
-123.1544190343959 -83.63250569645216 559.2655780288454 
-122.56333331346697 -88.36247831043586 554.8014332127415 
-122.67749797575463 -88.59306464949402 554.5961281665459 
-121.5259186038533 -90.50731083463016 553.1521344068809 
-121.01202972842968 -94.28831249296037 551.3611255842687 
-118.47683940052448 -88.3142954316486 550.7151258236554 
-118.26211101115328 -87.83774059399923 551.1595073205376 
-118.84243350850494 -88.59403190364858 550.8236984978322 
-118.24728978070148 -87.97100493222518 551.2676101345497 
-117.79206987843617 -87.59978384592857 551.4236030081929 
-115.95673810294409 -86.83292199257205 550.3030261463166 
-114.52402269617221 -89.61493581821952 549.6822822797191 
-115.2049316226806 -90.50742390592767 548.7773725427305 
-117.2925617747316 -90.85737118251902 547.7910301271307 
-118.34818634568938 -91.75186616977606 546.7240734100636 
-118.38947092643603 -91.65196724947307 546.6872065357628 
-116.76567288915855 -87.09097943137311 543.2646891621728 
-116.41717010311146 -88.14889103417808 542.9888883930123 
-118.23444126673175 -90.90636238931097 542.8657876427977 
-119.00506633602744 -89.97108297995861 546.6738878780374 
-114.77347790958163 -89.84350957874449 552.600655547064 
-115.73215872144138 -92.31844159776728 548.184104545612 
-116.54428707400064 -92.23520490582936 548.4910202034761 
-116.40303084708931 -96.75748909215741 545.615523006101 
-117.93977771645771 -96.42979095933222 545.6393714904116 
-120.9706921781085 -97.59182164234491 545.1810610069481 
-119.07804375589379 -98.28031023356795 543.0621866232857 
-120.85011345301884 -99.99428189524055 540.7416885857436 
-120.70131009413676 -99.956508465413 540.6691507106331 
-120.67921624453152 -99.93246071952719 540.6888718836124 
-115.2765114781086 -100.3965839418909 541.0699727286471 
-115.27531877945036 -100.13100412895554 540.9271107554171 
-113.56951927698893 -98.97681953433201 544.4748171899953 
-112.62057106161102 -101.71248905280007 543.3587900456123 
-115.58405420007932 -99.57902695935704 540.8655776262716 
-115.42493205316384 -100.17651731566205 540.5283609359456 
-113.39006737268933 -100.93654410747712 539.8996775277886 
-113.61257653895055 -100.93324680090696 539.8565100972846 
-112.72001842302157 -99.66756916989068 540.8227031608006 
-112.39142778122938 -99.46555392713024 539.9769164019292 
-114.0246894141095 -100.7858917074706 537.7757247633853 
-114.9682861133893 -101.3706790336044 537.8196500490382 
-114.83602382807348 -101.63313940613553 536.5348347580942 
-111.70992552329136 -101.63978732122453 538.5790885239226 
-111.84994670337116 -101.3439090636131 538.6825942174708 
-111.87110871777223 -101.33322026223773 538.722592535166 
-110.52084559744571 -102.20408040664925 536.5638434749976 
-111.1396609127514 -102.88809517332089 536.5597166026707 
-110.90912711080631 -102.97797183047189 536.5352829633545 
-111.49271743347491 -104.65803084018282 536.2172374056631 
-114.98091921970573 -105.65398117064333 538.9955071927249 
-111.72454497089554 -109.65675226915889 539.6908778534959 
-110.77907958082672 -107.16594020032123 546.092669871992 
-110.91779849997283 -107.15367818622214 546.0774679909615 
-111.07845430066857 -107.4443189825622 545.7865676386645 
-114.4702224870555 -108.16356686387708 546.6785179664721 
-114.71461654498754 -108.30108535544097 547.0956039476706 
-120.91338696328773 -104.8127877449409 548.9432687346111 
-120.84985699107666 -104.99547047233769 549.0880348018867 
-121.1006554682889 -104.9916834926296 549.3127375864985 
-120.8807887258442 -104.84203558659046 550.5334398985692 
-120.06232303657673 -104.10911238663022 549.6896739242262 
-119.18099050411027 -103.35482819545184 549.5233317164403 
-123.98484344985167 -102.29299860267311 551.3002156191596 
-117.88936457981396 -104.72477057016542 547.2702198881359 
-117.84410555473804 -105.70018323860837 547.4572956262558 
-117.90677221866434 -105.73347043445445 547.4273282035774 
-117.57350895004372 -105.8175064151426 547.9972139935094 
-122.4205151184939 -104.89000873512565 549.531266300349 
-118.54333270589677 -110.19102872937631 549.4108168825205 
-117.037837047481 -110.29532593034025 549.3032475250842 
-116.30335286449149 -109.25204318823289 552.9240649604724 
-115.92176769733571 -107.79481339226423 553.5334842201346 
-119.95620600645958 -105.63991899429499 557.5348211467942 
-120.4774783075919 -106.19453398924892 557.9014566463818 
-120.58150472854537 -105.94271796415306 558.1569573126012 
-120.41837142571434 -104.49113491017197 556.9072174533421 
-120.32779445514072 -104.2897301878477 556.9791720179159 
-117.46508512393396 -100.1695535512774 557.6015317492607 
-119.42671408647858 -102.48360831467286 553.3775187138276 
-119.47558244170949 -102.32306233260816 553.3115476892909 
-124.54233382198882 -100.42909839647733 549.5036016611623 
-127.77424200540186 -102.48820758599278 547.9759944044789 
-126.71116031595898 -105.22128604629208 552.2875816962712 
-128.38436034190343 -104.60330588517351 553.0806160068965 
-127.58238870415235 -104.78822410674563 550.0402140281624 
-123.84652834402006 -104.59980740082256 552.9575016266557 
-123.74911406507792 -105.00231582398163 551.0069919837349 
-124.86262087781199 -103.97680434912805 551.6132278864255 
-124.87856177059444 -105.13517580616293 551.7651991579888 
-124.7712295210186 -105.96149861313646 552.50367869689 
-122.50569074107081 -106.04764244227488 548.2787444555785 
-122.67747729460781 -106.02140268931048 548.5874527090843 
-122.26355318691822 -106.23124187792655 548.1578039436081 
-120.85988089939016 -101.76669803915772 547.0786057179488 
-120.19233378262767 -102.43318669149616 548.8307213320137 
-118.95281579304041 -103.9407502385662 544.9716936594517 
-124.16880980231922 -100.57358258968458 543.3508634637247 
-124.97606305543532 -100.96736078141828 543.9571005787953 
-122.88199135883696 -103.13374202269466 543.5848295034941 
-122.98784505262118 -101.21779558027504 540.7480794421066 
-128.7375409725102 -104.72444041855776 545.0280841181368 
-126.72336077658382 -105.23415757359479 547.5034811273543 
-124.46093250398802 -107.50442591672831 548.2315598083002 
-124.71188386754719 -106.56872029555518 548.9120300779401 
-127.56870257647914 -108.78257956956989 546.6365799058162 
-127.64965100340969 -110.50908908643729 547.4629913326025 
-124.94308184860938 -115.72263896729922 549.2757229133517 
-124.93260614247558 -115.68096394120114 549.3597551120349 
-125.2328346516054 -115.47254213346811 549.7959559379037 
-123.85648753523168 -118.28003501988165 553.829812065639 
-124.72066125144111 -118.72354684032867 553.3286838801906 
-124.72067987203793 -119.26888263942233 552.8174401463559 
-124.44707902699561 -121.85059369412419 551.212362354427 
-124.75000389187753 -122.12896432156589 551.0043839854435 
-124.00899757311564 -118.35485005988079 550.6047102994211 
-125.59890750603046 -118.04579101706136 552.7866827959429 
-126.06959550515424 -118.12499105639641 553.3193623933677 
-126.87124657891444 -116.6210168249291 553.271588836436 
-123.4000439804193 -121.8888583653318 549.3689523661096 
-122.34201406348016 -121.58639890413492 549.8674137676426 
-123.86648219422442 -123.03269130879224 549.9482233031138 
-124.59689018131918 -123.2683706881962 549.191954200707 
-124.25162554563877 -122.91658683054409 549.3564053186581 
-123.1480469901135 -126.5373396782152 545.2867114264596 
-127.29471533619608 -129.92580528592464 546.7840013979826 
-128.7567963883844 -128.58317014908317 544.6796176102159 
-133.148289145092 -125.63951759667508 544.3101438505189 
-134.23454190434063 -125.01464282949831 547.2381122201953 
-133.25568112493707 -124.88262401783474 547.3960386042802 
-134.18804382791689 -127.81533560470135 544.3466209260715 
-134.3490996294436 -127.74111453509947 544.727374381069 
-137.0361204019535 -123.52334242589549 547.0748462743351 
-138.91920581347463 -122.2818485898054 548.2770131368418 
-138.90385362965506 -120.64946924462876 547.4231502476448 
-142.44539447270603 -124.62746889227579 545.4128165332265 
-143.62457228406396 -120.56663256142724 545.1214007560919 
-145.08871884899557 -122.8933086618349 543.8757532252316 
-144.10548464059258 -119.01227288524602 542.3253417321365 
-142.6393448414115 -116.463675239274 539.085263905362 
-143.23890015023386 -116.37887898049419 539.1397889003058 
-145.7868273217534 -115.69188296718004 538.9097258331814 
-145.7491278631618 -115.67149236872135 538.9799899356028 
-146.21450361195525 -114.34801667321783 539.977225677065 
-143.416376091177 -113.0265541234406 540.2928360329408 
-143.5207445066704 -113.29100534028741 540.5872953748251 
-144.57084406905554 -114.23951148697591 540.6790004977088 
-145.79003905800755 -110.85651963559526 539.572741265132 
-146.8387931585715 -111.58134663869158 541.0685461574876 
-145.6798972873502 -112.29116856839185 543.5023910221489 
-145.22959439362617 -111.4465522242068 541.786803116231 
-144.98374766348851 -112.40263510431294 541.9231537209124 
-144.90883657227252 -112.42683687009387 542.0214880120433 
-143.4522653731779 -112.85834378589313 541.301393721102 
-137.73780869190225 -110.61936131240036 540.2043860250027 
-138.64907635635254 -110.62729527032522 536.4350672791899 
-138.61236575440154 -112.28026440857549 536.870487970639 
-139.95637443283186 -113.62450446895919 539.1488314621608 
-142.12313586196382 -118.85871454099106 541.4319600324251 
-143.8899143945999 -119.96354130493759 542.5218289016258 
-152.22576785465742 -124.11238955724755 538.7756219012132 
-155.97204230251236 -122.5791306628931 542.7783205259869 
-155.56827767173786 -122.14964276048853 542.7105930765202 
-155.62234672241578 -120.98137859106323 544.6781286777276 
-156.69939139799595 -120.89559584180525 543.6951247751649 
-157.71083540889455 -122.03426418053388 544.1198644709164 
-157.6906191442332 -121.05062196243291 542.3326825363746 
-157.87566597848343 -121.1412471267213 542.521206484005 
-157.79726417057176 -120.7934264129643 542.7420747597868 
-158.98494947762248 -116.8812491813894 543.3535013516145 
-156.85314221798373 -114.79102044889048 544.2208357969143 
-157.07951433657792 -115.00730436653484 544.5544059678108 
-160.12944297222015 -115.82897007634334 544.7328265977252 
-163.52293223912696 -113.38072887297612 543.364134641621 
-163.5974201771898 -112.96619109859802 543.8282586485353 
-165.8588647308423 -111.73689825249211 545.0647487417907 
-167.70594274944645 -110.976854979356 547.8680955376614 
-167.98296480245304 -110.14410420391398 548.0046648726308 
-165.3302328632792 -107.23620614253622 548.1897852345709 
-166.42949476108433 -107.02603524670495 547.1643901997932 
-167.68416051201504 -105.39398229701446 547.3982055429346 
-168.21957470586742 -105.92752771549286 547.0761521783998 
-168.49494187788545 -106.26701394818045 548.6344011773828 
-168.14619407975974 -105.64680188091486 548.940444088529 
-169.13035482290184 -104.39369370588612 548.9867082949728 
-168.74583104132012 -103.85092685799245 550.7447995914379 
-168.60015314169547 -103.98294684332429 552.9562645525754 
-168.41184778567523 -104.10286230380932 555.7493632255628 
-169.5694357970328 -103.07765375605543 554.947232907462 
-169.6255991188985 -103.31712972725279 555.1830862956251 
-169.80724873726385 -103.88693445071172 555.9425264884005 
-169.8241941866301 -104.66725440650777 556.9417497610298 
-169.7200986569539 -102.14902631363844 556.35544307862 
-170.33512330991775 -101.53682968959842 557.4665263971034 
-169.68716381687844 -101.94867767686821 556.8318802275777 
-169.76061710992963 -101.95228518630535 556.6149334890433 
-167.60331100252913 -99.7444501040464 561.1259438271084 
-168.08064230680804 -100.32047275850745 561.3370211474135 
-169.92025188538605 -98.59425370287937 561.3629016199609 
-168.64649857240116 -96.20440701043657 559.8144675151183 
-168.65648623972476 -97.14826218607641 559.8249913687829 
-169.82130262319976 -93.93667768825395 556.3335233260318 
-171.9266371410392 -98.31611722126728 550.492224976343 
-172.46815545188556 -98.46407475836622 549.3267251008652 
-167.9081808490252 -99.55862748071125 549.3412460692856 
-170.1493275360368 -100.7765014192163 549.9269182833345 
-172.44153474447637 -103.9361782705196 549.2355852114999 
-172.76629875053578 -102.45005697938292 552.5573334793946 
-174.1658013991785 -98.19506812386057 551.1877813710286 
-176.47526399856932 -95.84686706967315 550.0876646313061 
-174.86940475417853 -96.31023310746717 553.2668816195078 
-174.28512110356453 -97.15847660104777 552.6096357777254 
-176.7852011072251 -98.3780028330993 552.1828444421467 
-175.9067358633738 -97.41217333029925 553.5489630681585 
-176.60206152457883 -95.66165759162332 551.2150587316279 
-177.22144034668938 -96.85457664919532 549.2445187383613 
-181.7338782255527 -92.57590464745154 549.3124334661144 
-181.8700554379495 -92.68174250310187 549.2267018192379 
-179.91246469109086 -92.5739916383526 549.9174383336857 
-180.10768892197618 -88.97386716986134 549.583238626106 
-179.29055360485597 -92.94830915662764 551.144344126512 
-180.41758940688004 -94.96227604847458 545.953016019917 
-181.2278711314901 -95.2240441783893 554.2548070221876 
-179.20442230307566 -90.96628133569064 559.1771418637 
-179.21635886973223 -90.90436366706238 559.1481220440173 
-179.18137931962812 -90.79769903864904 559.1196500424462 
-180.2087922273142 -91.02446245025197 563.308341419526 
-179.49905818068186 -91.15392031541207 562.651775196479 
-179.87426349631582 -91.47878303596747 563.0915661939049 
-179.63147439359642 -91.76508575444619 563.8089682918189 
-179.29171081151588 -89.07373120445577 564.0441614300502 
-178.95853468470642 -88.91443643651057 566.2193580837038 
-174.81289579135583 -89.0040111529848 573.8642928784599 
-173.69262041011623 -88.56202181561068 575.7530349237927 
-173.49889277598072 -87.18113620173044 572.3167367101299 
