-34.22866027171476 -34.22842957504638 -34.71098204607836 -33.76548564921829 -34.658449520093995 
-34.244841252246985 -34.24591978456374 -34.72821459264452 -33.78326681305802 -34.675080316830105 
-34.231815034276266 -34.23707353016901 -34.71655345439089 -33.77111300294588 -34.6619492369547 
-34.27728515427796 -34.27765852996997 -34.759289403532236 -33.816419666048105 -34.70653604729492 
-34.269682016730584 -34.2682759300875 -34.75076611396625 -33.80762272260712 -34.69871917705723 
-34.23125272231378 -34.22984838723853 -34.7133500435161 -33.76786953749814 -34.66120563428103 
-34.22196575065843 -34.219560560587794 -34.70326899360849 -33.75751585273659 -34.65157718893204 
-34.21382730138809 -34.20453658868729 -34.69166431531339 -33.745859272692456 -34.642649451294986 
-34.24134785571093 -34.23020092652507 -34.71591748084526 -33.77262104204776 -34.66795755602817 
-34.20085286185265 -34.189862449217955 -34.675613661011866 -33.73027957450947 -34.627649958108265 
-34.16256592491381 -34.14828099574581 -34.634213774984104 -33.687850026567475 -34.58783730163759 
-34.16401914168411 -34.14993709470481 -34.63706455305278 -33.690164113261844 -34.590390958356025 
-34.1743391632251 -34.160231180399904 -34.64707692033649 -33.700818975860784 -34.6004431997338 
-34.16822695786344 -34.15421583022585 -34.64161213241516 -33.69477420194424 -34.59485256895573 
-34.17617135926233 -34.16140813640395 -34.64940385209793 -33.70289164929342 -34.602882385302735 
-34.17105931965817 -34.15621756978217 -34.64474407345932 -33.69775977339086 -34.598180465198766 
-34.173553590426266 -34.15844651887069 -34.646954649194726 -33.70017581762568 -34.60051393577869 
-34.18337761268462 -34.16986060764084 -34.65675469400007 -33.71075045361006 -34.609818720736456 
-34.20043600063329 -34.18447003969476 -34.67385182496399 -33.72823104311189 -34.62761813606389 
-34.18307899369452 -34.16729002827225 -34.65378339084302 -33.708590631497444 -34.607980970604515 
-34.1234194957899 -34.11088197928382 -34.5966381034054 -33.647943018352194 -34.54954423364141 
-34.13030918811248 -34.11734105105788 -34.60482776544869 -33.655794357059406 -34.55763464437531 
-34.08761939622782 -34.076990783590205 -34.56461125268474 -33.61275923213407 -34.51637820304197 
-34.061378024999456 -34.05184843043922 -34.539464560089286 -33.58601294174832 -34.49076591991137 
-34.06275623467805 -34.05229729556514 -34.537451189710524 -33.58546556614148 -34.48959594748048 
-34.1187468776528 -34.11447856367985 -34.59605353239573 -33.64674223301256 -34.545783704728294 
-34.07552186979214 -34.072687456358054 -34.55868790219293 -33.6048136138415 -34.50709055337812 
-34.11763599886257 -34.11624854748706 -34.59971031649832 -33.64867530291973 -34.54777701457158 
-34.09438302587803 -34.08987823814971 -34.57558472089727 -33.62323755552286 -34.52478447944972 
-34.107983758017824 -34.09538113480944 -34.581173641316866 -33.63172202733875 -34.53413315303112 
-34.091101403308315 -34.079219404094545 -34.56589809406067 -33.6150038158751 -34.51840345776782 
-34.05998907995247 -34.04674124948872 -34.5336561199903 -33.581505805231984 -34.486821356825175 
-34.060204440880455 -34.04694892990071 -34.53390135487665 -33.581746447466344 -34.487063533731614 
-34.057134230625095 -34.047924726241334 -34.53441204824094 -33.58118173496463 -34.48575914004641 
-34.04260997136282 -34.03290705398267 -34.51843179545783 -33.56506851658972 -34.4701979136935 
-34.065142271904435 -34.05580821670374 -34.54084212749822 -33.58871312361457 -34.49247455326311 
-34.114891791602844 -34.10136504938896 -34.58182400872397 -33.63545309268433 -34.53609288721351 
-34.12839807648207 -34.115977992500504 -34.59432650188144 -33.64928888142619 -34.548402099227815 
-34.09199680714595 -34.081165705593406 -34.55828861832255 -33.61159199916705 -34.511890050727885 
-34.069831975309015 -34.062712161241365 -34.537643878258905 -33.58983652652893 -34.48990847658479 
-34.06632093331568 -34.05804765109704 -34.53305991049851 -33.58537040625707 -34.48585931272599 
-34.065333720836875 -34.056952312134555 -34.532152889214615 -33.5843569719314 -34.4849736005491 
-34.06829621912854 -34.05852642044678 -34.53474329651458 -33.587009132845395 -34.48804139895391 
-34.06373984829109 -34.054524161804494 -34.52984453234548 -33.58215164018236 -34.483040053901476 
-34.07718279917839 -34.06754472913531 -34.53808183817152 -33.593434482913224 -34.492245924496174 
-34.103805747635974 -34.09470230558438 -34.56303712481929 -33.62058501621233 -34.5172665700088 
-34.095744295397154 -34.088136213389774 -34.558877363981836 -33.61445819049574 -34.512019397666165 
-34.01364591161338 -34.01036613550809 -34.48289887490179 -33.53237735371266 -34.433863845048066 
-33.97451330189965 -33.97580993090692 -34.44508562234206 -33.49288984917071 -34.39451499263909 
-33.95453991314143 -33.95317053787706 -34.42666524273926 -33.472237709221204 -34.3766844710143 
-33.9528563257082 -33.95109913114298 -34.425084820430456 -33.47045153982833 -34.37520784713894 
-33.94626590136923 -33.94434146755374 -34.41839075324387 -33.46344919798196 -34.36859414097445 
-33.93502446156698 -33.93496749070542 -34.40920586789427 -33.453093317488495 -34.35852231667225 
-33.97925798762442 -33.97702551715972 -34.451196772719214 -33.49791241516449 -34.40146254114835 
-33.944130404109686 -33.94131034332199 -34.416767370956634 -33.461308306309576 -34.36716166470494 
-33.87133323601279 -33.86975976884277 -34.35017215491412 -33.38842267704446 -34.29929650293212 
-33.886168953615936 -33.88775698538049 -34.37038191181961 -33.40745747497459 -34.31762781146773 
-33.88036102943889 -33.888202794465755 -34.37110692900197 -33.40604269684896 -34.31538403267842 
-33.89980683468926 -33.91415348803872 -34.39322765420738 -33.429133557106 -34.33505034559205 
-33.896339208176215 -33.91164377348085 -34.394342265501535 -33.428148328670034 -34.33512286075401 
-33.883196387104874 -33.89915125585458 -34.38225015330568 -33.41504174982251 -34.32268455212787 
-33.87067440984174 -33.8877687059387 -34.36578146391875 -33.3999836460555 -34.30654590322942 
-33.882496357383914 -33.89657855571744 -34.3753167645755 -33.410587300652196 -34.317351915294054 
-33.897819088908534 -33.91166363669575 -34.39065198162467 -33.42663458431092 -34.33272818861316 
-33.89173285282574 -33.905146319681805 -34.384307106589546 -33.42002366136502 -34.32656857368126 
-33.872089826265324 -33.884475851235834 -34.364095715320474 -33.398899632784264 -34.30680052872681 
-33.87125518951629 -33.88358935706759 -34.36324354682512 -33.398004035724 -34.305968594190176 
-33.892242276993656 -33.9063226579958 -34.38494060303775 -33.42075292724148 -34.326978000600775 
-33.88068393069533 -33.89562431321842 -34.37276690370972 -33.408454229552234 -34.31466665590881 
-33.85787144316161 -33.87225325810371 -34.35209206793344 -33.38554341197194 -34.293851467507565 
-33.85113062098148 -33.866805498126254 -34.34597107475102 -33.37904738106562 -34.287248023096865 
-33.841236493351545 -33.85729966113742 -34.336676618557675 -33.36905571339355 -34.27775531716779 
-33.826716716242444 -33.848951649654296 -34.326791112255165 -33.35749658023917 -34.2652563735475 
-33.75139028070838 -33.775114135488266 -34.25390497673524 -33.27999321190488 -34.191658862795535 
-33.753743598185565 -33.77641377669174 -34.25497980039148 -33.28157174096191 -34.19326041398095 
-33.763439040694365 -33.786021510181826 -34.26497000695278 -33.29189591931171 -34.20321012595231 
-33.82589513983602 -33.855908218062794 -34.3380012082671 -33.364664281172736 -34.27211914982141 
-33.82588286456766 -33.85589291048322 -34.33797821639662 -33.36464495489042 -34.27209886937521 
-33.81791850319121 -33.85018411768128 -34.33011080548778 -33.356772542616326 -34.26354474363609 
-33.76443453144876 -33.797947919125804 -34.28010770887197 -33.302735728184985 -34.21269154842601 
-33.72013086750961 -33.74954366150142 -34.23346651611375 -33.254120122078945 -34.16776732757093 
-33.690685181765446 -33.718138025705926 -34.20737810846603 -33.22463555822746 -34.14177785981947 
-33.70371555366377 -33.73326751395851 -34.22172705250564 -33.23945343709934 -34.15524677692109 
-33.74569518733696 -33.774992499441396 -34.26286850761905 -33.2830525500528 -34.19652278649974 
-33.83726026964504 -33.86875956056038 -34.36003335982349 -33.38275735370766 -34.291919518662795 
-33.83691402293897 -33.86671302875379 -34.36071618061011 -33.38264529874536 -34.292949281872254 
-33.83450428179279 -33.86541684594974 -34.35949831653829 -33.38098713792259 -34.291201524831536 
-33.81264279458112 -33.84799744952451 -34.34164219911244 -33.3610920358167 -34.2713789140637 
-33.80994447427108 -33.83811949975562 -34.33645956753827 -33.355521950232756 -34.2687893331196 
-33.775385205328675 -33.80142032575833 -34.29821128237478 -33.31675233145762 -34.2318656833923 
-33.76387957269871 -33.78921821901184 -34.28528335100157 -33.30374232058277 -34.21940601119928 
-33.72150837219502 -33.74672243692304 -34.24422645807154 -33.259923805768224 -34.178251756950914 
-33.73002760563662 -33.75586685754199 -34.253165547862835 -33.26922667684158 -34.186915496602765 
-33.71960234559651 -33.74578033886981 -34.24372226645784 -33.25887976044301 -34.177227571124675 
-33.775393010759814 -33.805475191606604 -34.30165213144926 -33.3194299060646 -34.233512541932356 
-33.77693853775291 -33.80449996156143 -34.30156046835417 -33.319669425799276 -34.23445256761683 
-33.78514486105007 -33.81103729810617 -34.30957263711743 -33.32787344501193 -34.242986911910336 
-33.77332796172887 -33.799551195388744 -34.299262199765025 -33.31635923424666 -34.23235021646889 
-33.744275004389436 -33.76932458991517 -34.270808792096375 -33.28594612057819 -34.20420959929463 
-33.72741697978765 -33.752673050057965 -34.254551188565785 -33.26860276330281 -34.18782292265249 
-33.66656590113334 -33.70093290381314 -34.20225548302605 -33.21113007627031 -34.13147249026461 
-33.68004797447878 -33.714652664196464 -34.21413979463226 -33.22445141977994 -34.14352178268716 
-33.70887534935423 -33.740544135817004 -34.2408550608984 -33.25301904858773 -34.17141951683112 
-33.70996507099916 -33.74146289613921 -34.241687830148976 -33.25398851479311 -34.172344383263706 
-33.724319518070516 -33.753920639236995 -34.2555814847816 -33.26846459378271 -34.18686111334442 
-33.74873597527187 -33.77930903486627 -34.279599372631765 -33.294083639542805 -34.21060281704308 
-33.70848489857096 -33.73962938059189 -34.24384691106822 -33.25441275717503 -34.17401301487351 
-33.697636295315775 -33.73080694051926 -34.23283216147027 -33.24329116330607 -34.1624327601201 
-33.69823068134343 -33.731521650929025 -34.233446980258236 -33.24394989864925 -34.163006577632046 
-33.67492211157878 -33.71367279594885 -34.214343115224054 -33.22283653840985 -34.14159959838672 
-33.63704768592517 -33.68011408539054 -34.18105460688709 -33.18641703700044 -34.10632088886797 
-33.558909427690836 -33.605268208192356 -34.107318732049166 -33.107358277325915 -34.03101525256113 
-33.633420401373655 -33.68236486505609 -34.183097482239106 -33.18692677135289 -34.10565454149683 
-33.66186931906675 -33.71310743130361 -34.21016888456403 -33.21649985970893 -34.132199787805064 
-33.69678604778521 -33.746962566293206 -34.24444519493275 -33.252642780621656 -34.16683562290788 
-33.694437040612655 -33.743340595610036 -34.2409540348156 -33.2492835626319 -34.16392335676083 
-33.669911151517795 -33.718557699626714 -34.21661909270583 -33.22355789455284 -34.13968298518202 
-33.671298043005365 -33.71979116235559 -34.21774868207051 -33.22484127999911 -34.14089873710799 
-33.67736887077916 -33.726651656166524 -34.22556873445855 -33.23236409461316 -34.148179736475015 
-33.63930178484338 -33.6904155204693 -34.18939987726307 -33.193764662844245 -34.11121746482219 
-33.624206453647474 -33.675489268098644 -34.177851393296436 -33.179936186618676 -34.09906487222298 
-33.66609194620018 -33.712318814581266 -34.21449874888522 -33.22004396761828 -34.138025540537384 
-33.64665834337333 -33.692373078734164 -34.19652733979764 -33.20034383401395 -34.12000712869876 
-33.677642360230365 -33.72197200876393 -34.22723159686777 -33.23250481861929 -34.15111683116544 
-33.68700386771232 -33.730983833227015 -34.236725377753515 -33.2423583452007 -34.16067655659759 
-33.619461726183204 -33.66570881859013 -34.17539707661261 -33.175306938599036 -34.09777102612961 
-33.66471312452862 -33.713691063545554 -34.2216433400896 -33.223978675170386 -34.142936783639854 
-33.733289246918275 -33.781285201609705 -34.29020863373417 -33.29590289756881 -34.21166706229316 
-33.68862822729703 -33.73880936694559 -34.24718618831356 -33.250289603540935 -34.167800162996656 
-33.695922763269564 -33.75235713530269 -34.25970305212938 -33.26214462944007 -34.17754775496715 
-33.69909644954683 -33.754742184054564 -34.26222165547351 -33.26495549269893 -34.180406992861705 
-33.72752626783284 -33.782323785582435 -34.29012724342108 -33.29439043016875 -34.208600210903214 
-33.78542101501422 -33.8364141599325 -34.34309341019079 -33.35170453208974 -34.26341719201382 
-33.80725038663478 -33.856681079285394 -34.36341381927103 -33.3734920024051 -34.28441706478705 
-33.79523150484471 -33.845861965385026 -34.35220226645205 -33.36154565953301 -34.27273229481345 
-33.75661066036777 -33.81155417532561 -34.31164494544913 -33.32064157736981 -34.23125946812402 
-33.73917531873728 -33.795729913644536 -34.29278642899064 -33.30180829578228 -34.212178992237 
-33.811958719497326 -33.8676266882329 -34.367817886948984 -33.37943352572967 -34.28696901623731 
-33.82844723087271 -33.882539858311276 -34.385284693473395 -33.397031294324975 -34.304721347881014 
-33.834377102233404 -33.892274774816386 -34.3929548715396 -33.40498453444947 -34.31093867458837 
-33.799569874577784 -33.85433447116891 -34.35962331868252 -33.36865851315825 -34.27838384144958 
-33.7536740730351 -33.81791932426263 -34.31993592020872 -33.32578697137674 -34.23488830599821 
-33.716689944555256 -33.77821253094692 -34.28334675725756 -33.28660813669512 -34.19913403436736 
-33.70108656552337 -33.76281162221531 -34.27164501830103 -33.2725030412293 -34.18676150046366 
-33.69698172725059 -33.7576155303684 -34.26743733681798 -33.267921304031475 -34.18290992206779 
-33.66058370481366 -33.71553888706012 -34.228491932969774 -33.22709582788265 -34.14617676099648 
-33.65485407157935 -33.71252940009846 -34.2252441426719 -33.22301904811866 -34.14170793380691 
-33.64445824279048 -33.70827745097901 -34.21573020981225 -33.2137494986636 -34.13020565025586 
-33.649521903563524 -33.709999369623475 -34.22183211623231 -33.21905155994962 -34.13714143785106 
-33.648527101191135 -33.709088245207255 -34.220977451721126 -33.21810244093764 -34.13624036109529 
-33.63530146798662 -33.699047404149695 -34.20744272815553 -33.20460824114359 -34.12181601769461 
-33.608283826369274 -33.669685735257644 -34.179738962642176 -33.17534439225096 -34.09498964768474 
-33.61177738545405 -33.67211966811308 -34.182459277908805 -33.17837115545852 -34.0981514091757 
-33.60597801942747 -33.6704369237371 -34.18021761443153 -33.17511459038755 -34.09408856209602 
-33.60539948918172 -33.66982966002135 -34.17965443256037 -33.17450942478409 -34.09353273278555 
-33.62326885911402 -33.684870642964256 -34.1937346403696 -33.190572097324534 -34.10905727415175 
-33.681320172914 -33.744844595778204 -34.252699275594736 -33.25252947174664 -34.167173930835276 
-33.67013361079812 -33.738667459331225 -34.24609435790957 -33.244381362284855 -34.15831908510148 
-33.630101426325865 -33.70624480967703 -34.21166364752143 -33.20699539920972 -34.120738553557146 
-33.594198833735945 -33.682955667753774 -34.18770198078619 -33.178671020882916 -34.09106186239012 
-33.58000545356826 -33.67011536051041 -34.175525735680296 -33.16518721097499 -34.07817332043439 
-33.57231227725518 -33.66206038732096 -34.16877872688899 -33.15757766453328 -34.07139763945881 
-33.56194773059936 -33.65182713708796 -34.15881428415554 -33.14693095839951 -34.06134874209229 
-33.63068763801475 -33.721499481243555 -34.227864913831695 -33.2196389034532 -34.12992781962372 
-33.66085880066882 -33.74257436149769 -34.250125827542604 -33.24495001317875 -34.156186611518635 
-33.61768251917415 -33.69721259399199 -34.20596439808985 -33.198520074759955 -34.11293631387315 
-33.626738226197716 -33.70463527157247 -34.21341671396911 -33.20679218294056 -34.121129003533056 
-33.6096701570375 -33.685619804009804 -34.196083863630676 -33.18830469456259 -34.104465107482014 
-33.6017214172 -33.678352769302165 -34.18899053953369 -33.1805737225599 -34.097040623894856 
-33.58020320304526 -33.658761402289116 -34.167519050357384 -33.158326461733694 -34.07501876735215 
-33.57393194844468 -33.652616471251434 -34.16183369623346 -33.152095202765636 -34.06921178920638 
-33.564228100869755 -33.643110982589505 -34.15289494385557 -33.142370588604024 -34.06010709833507 
-33.48680888608354 -33.56300397695817 -34.07854786559419 -33.06217541952192 -33.98622920922479 
-33.48657236991886 -33.56574452629502 -34.07901796629871 -33.062910954975266 -33.98568020523555 
-33.502709705938585 -33.582877428579394 -34.09137028159944 -33.07786826439863 -33.998315628439755 
-33.49391591376488 -33.574548740210446 -34.084018645093735 -33.06954664073291 -33.99060478027313 
-33.50592191607625 -33.58610263314594 -34.09565050637843 -33.08187725414771 -34.00241115573006 
-33.51247338927534 -33.59864801210573 -34.10377072852879 -33.0908608671987 -34.00843910049282 
-33.478707710704484 -33.56687711375922 -34.072086710673304 -33.05693062220725 -33.97587622191358 
-33.482511551866736 -33.57333489409571 -34.075962358947905 -33.06150302458052 -33.97892431513091 
-33.432384059166125 -33.5233177155348 -34.027516729390356 -33.009738594864956 -33.9302718308012 
-33.44985849554479 -33.536006768267214 -34.03981773037964 -33.02416845524651 -33.94483727710475 
-33.45991979185138 -33.545402267582304 -34.05001166122787 -33.03470464380388 -33.9551921794495 
-33.438056339538775 -33.523305155826606 -34.0293456543985 -33.01234113571081 -33.93444598226384 
-33.45761729423249 -33.543475205246125 -34.0464232848166 -33.031607565824515 -33.95170355284999 
-33.4725598624817 -33.55937468600321 -34.05881604922796 -33.04604813237434 -33.96419015218906 
-33.47421243200891 -33.561152899423064 -34.06073979422001 -33.047969399207446 -33.96602817225819 
-33.474578527278524 -33.56154912862954 -34.06108565829888 -33.04834903038456 -33.9663674170078 
-33.43217816783013 -33.5183560695294 -34.016580122111435 -33.002349303660864 -33.92253069890211 
-33.45021522595161 -33.5350365605545 -34.032582407676514 -33.01988926541982 -33.93924165698003 
-33.433139900612645 -33.51733359033537 -34.01799646443581 -33.00322532017894 -33.924475703818715 
-33.425597691033474 -33.50119062520264 -34.00687630923167 -32.99151825986716 -33.916571801351665 
-33.49061727926359 -33.559561923694304 -34.066323947753716 -33.05543764660861 -33.97882131649422 
-33.50372855192846 -33.57850571994757 -34.08165786251925 -33.07165357450209 -33.99199257080173 
-33.49967152717426 -33.57453132481115 -34.07752012418706 -33.067353954489874 -33.9878509415238 
-33.51885954492474 -33.59205037600597 -34.09603946121837 -33.08683288548866 -34.00694900966336 
-33.543360241180764 -33.61923748648334 -34.12164126886306 -33.11377467767895 -34.03150513375789 
-33.53021411667629 -33.60413159681444 -34.10972874834806 -33.100273878958745 -34.02001329795699 
-33.46361154435263 -33.54113276492993 -34.04722584155837 -33.0332602592392 -33.955877705634194 
-33.42630444926792 -33.50586244663734 -34.0139597341723 -32.99673560462318 -33.92140737955155 
-33.39706024553027 -33.47893243887226 -33.98637638600731 -32.96736768077825 -33.89290792875357 
-33.31567899574621 -33.40226351135364 -33.914103805685414 -32.88791163183424 -33.81788176326367 
-33.321472023898934 -33.40846533425021 -33.91986623507438 -32.89407547674804 -33.82351313235908 
-33.33364648932793 -33.42388782169628 -33.93354952177306 -32.90842190301984 -33.83593802190916 
-33.32181137025631 -33.41750997014401 -33.925081115082534 -32.8990147799944 -33.82528463307651 
-33.31545068460467 -33.41347869029396 -33.92047514208363 -32.893810512357305 -33.819696916040726 
-33.313244366107284 -33.41194913428734 -33.91892533217006 -32.89200752375885 -33.81783878066521 
-33.27856772315674 -33.37927454403261 -33.88609747919507 -32.85696800404651 -33.78417105737063 
-33.29591813783658 -33.39146427958312 -33.89889515234765 -32.87154019453921 -33.79924504887698 
-33.28611819086406 -33.37770456083608 -33.88928105943479 -32.86053787630962 -33.79082612230829 
-33.32405389144567 -33.41618735495071 -33.92639846419222 -32.90012476971407 -33.82783331586124 
-33.33928184581454 -33.43313057557343 -33.9410729698005 -32.91617925845249 -33.84204485106443 
-33.30071101306433 -33.39767552263551 -33.905036212277295 -32.87766208829423 -33.804725371392394 
-33.30073221047712 -33.39772992997982 -33.90509054566425 -32.877710485922364 -33.80476416362781 
-33.17684242898021 -33.268322496525414 -33.784857525070905 -32.74823245337342 -33.68586809793817 
-33.16923880194186 -33.259558079444076 -33.77787565927426 -32.740357239890756 -33.67915353014217 
-33.14760391410951 -33.232068435894206 -33.75441915363038 -32.71534178696099 -33.657816405124265 
-33.148061239721685 -33.23730175384084 -33.757777384129085 -32.71846259440619 -33.65925078544868 
-33.14341550930199 -33.23298276968059 -33.750384799186705 -32.71201293022203 -33.65221531546349 
-33.17063754301027 -33.263610247650064 -33.78030780699362 -32.74296175901938 -33.680608041360244 
-33.222423243526464 -33.31639222744897 -33.83079954646118 -32.796967964577505 -33.73090142967688 
-33.134139502294886 -33.22010547333804 -33.7455843776159 -32.704177043423385 -33.64779915132392 
-33.230692103293606 -33.32084079326005 -33.83927297902363 -32.805051813296586 -33.74048637609491 
-33.20402807417962 -33.30286612284486 -33.819099375766996 -32.78250047065718 -33.716669666295005 
-33.2024588698424 -33.301576636385704 -33.8174998962873 -32.78088415904698 -33.71499320083031 
-33.14630104050448 -33.25042619390857 -33.76559397119992 -32.7252094185684 -33.660988231685536 
-33.16202917245596 -33.27065374428325 -33.78087704103882 -32.742431665970074 -33.674940403945286 
-33.160710934552185 -33.270135429816904 -33.78058024315372 -32.74180756444139 -33.67423709025189 
-33.166650753174 -33.27486915986529 -33.78619503471178 -32.747631401208324 -33.68025996653952 
-33.126378520610814 -33.23333990260694 -33.74806992854448 -32.70619798645741 -33.64225266689316 
-33.16856694429197 -33.27825086729695 -33.787987668624496 -32.749875533365085 -33.681621951976936 
-33.21035964977699 -33.32594802421862 -33.83412981072712 -32.79769841274437 -33.72517410377016 
-33.25521237390163 -33.372715671378415 -33.8736095669022 -32.842184685566636 -33.76484603751959 
-33.26448434470474 -33.386348136137485 -33.884927622348755 -32.854066736944134 -33.7744822217749 
-33.27134497374563 -33.39704492265588 -33.89403753094085 -32.863424767107915 -33.78204220841906 
-33.23729446440218 -33.37092471331141 -33.865201474647435 -32.83230415511059 -33.75000847574901 
-33.24019090050568 -33.37124362548329 -33.865460770424406 -32.83325396336974 -33.75147549818931 
-33.2272948553216 -33.36662832770817 -33.85821300192843 -32.82476856145131 -33.74080890853294 
-33.2380312180555 -33.37532843639352 -33.864784645255256 -32.83319491897271 -33.74865184723505 
-33.22882922583878 -33.36685991444649 -33.855778379463004 -32.8237739461558 -33.739407987785086 
-33.2197234721569 -33.35506942826257 -33.85028261802219 -32.81571912207349 -33.73417352658237 
-33.21350476729641 -33.3489302498095 -33.84564271192795 -32.810114785019834 -33.72926812008295 
-33.226278074318486 -33.36027963749734 -33.85673404652157 -32.822277746134304 -33.74103982883565 
-33.263322774997974 -33.400313280401775 -33.89140663512376 -32.860555275543206 -33.77510257337035 
-33.255544128927866 -33.40034468958187 -33.8923529714648 -32.85919842987353 -33.772269271089414 
-33.25335279215591 -33.398295900868746 -33.890410940072385 -32.85706790819734 -33.770248005690235 
-33.25279787757539 -33.397689206396876 -33.88975900285601 -32.85641445676322 -33.76962864959383 
-33.3129018204511 -33.457717232118014 -33.948195763015974 -32.91873894756344 -33.82823350114636 
-33.305071406834884 -33.450002530829465 -33.94116052632212 -32.91098553168632 -33.82105112430375 
-33.305154463364815 -33.45011812867544 -33.94126254355815 -32.91109133959648 -33.82113994892495 
-33.30975608677632 -33.45453932191745 -33.94652583434937 -32.91629319006665 -33.82634298384721 
-33.2419150644578 -33.39469319620734 -33.88388563183972 -32.84963860309496 -33.760554626390984 
-33.24485077123467 -33.39906872945504 -33.88867251234895 -32.85414794127024 -33.76459705244643 
-33.24465503668945 -33.3996153426901 -33.88902186543356 -32.854428998612605 -33.76463161992298 
-33.244578637837634 -33.399473511356604 -33.888961321246526 -32.854343495335556 -33.76458878637588 
-33.2319264469059 -33.38811631868471 -33.87711745794189 -32.841775346264754 -33.75224384798267 
-33.22674778499187 -33.389075377709275 -33.87161888158309 -32.83749730382662 -33.74492047857632 
-33.32351758496556 -33.477845417951954 -33.9608197190705 -32.93319991748723 -33.837593308715526 
-33.31071152317861 -33.46334859325651 -33.94868309964603 -32.91972942059155 -33.82589514169271 
-33.328089015905036 -33.48109475072353 -33.96459649818563 -32.93725317224775 -33.84189429235131 
-33.35691159691281 -33.51321597803229 -33.99585809342892 -32.969788822600464 -33.87169302836942 
-33.36551836237838 -33.522260824051855 -34.00511041008194 -32.97933462915971 -33.88068987456279 
-33.36821787882073 -33.525538034401265 -34.00966066561426 -32.98340449292748 -33.8847609277239 
-33.394628576092416 -33.55286207860361 -34.034667690640106 -33.010594093913255 -33.90965802920461 
-33.3867764981061 -33.54622206314933 -34.02765261001953 -33.003089945115846 -33.90215230988481 
-33.39363977577108 -33.55406185608267 -34.036571960220954 -33.01175816012794 -33.91042860908037 
-33.391322753371355 -33.55072806835116 -34.033875115534684 -33.00886540412641 -33.90810985686301 
-33.37711773510286 -33.5370241812459 -34.0215246212077 -32.995117263943996 -33.895337594353194 
-33.354951427843574 -33.51499053344368 -34.00122798056937 -32.972909627417664 -33.874746338744046 
-33.33888392579455 -33.49770028597982 -33.98448463603172 -32.95530728969017 -33.85851965792921 
-33.32561131421406 -33.477712353628434 -33.96895002821469 -32.938499561670625 -33.84543639760395 
-33.299622261159456 -33.44709281218469 -33.939097455135965 -32.90780614259711 -33.81767702032025 
-33.302085235312276 -33.449456643105435 -33.943315727676065 -32.911425948195685 -33.82163904130827 
-33.245934701798475 -33.38748496116 -33.88047773166889 -32.84702758995023 -33.76177390783626 
-33.252854330367185 -33.394776810581035 -33.8873131039572 -32.85434971346815 -33.768494560671755 
-33.24203462216349 -33.38365468625025 -33.87712794730653 -32.843258425203445 -33.7583223405866 
-33.21273389125133 -33.35196840237414 -33.844928840311354 -32.810155051571726 -33.72737978969579 
-33.215669467365615 -33.35473544238283 -33.84766435745152 -32.81309422839851 -33.73019308926503 
-33.21601225515096 -33.3550348325701 -33.84726538311199 -32.813009383357326 -33.72992584962701 
-33.21853306446762 -33.35746545972144 -33.85006869533811 -32.815812454702154 -33.73270627790494 
-33.22082085590641 -33.35972052649373 -33.852341463909 -32.81820730893759 -33.73498681283337 
-33.23730501057135 -33.37598884573595 -33.86847755253392 -32.83532547867608 -33.751211283516255 
-33.26616983372264 -33.402545047675176 -33.89606692095694 -32.864489980270946 -33.77965414999906 
-33.328883967406895 -33.471042389088396 -33.96120517010722 -32.93324031704212 -33.84250248403637 
-33.30402868299974 -33.44805714643705 -33.93603023267684 -32.9072741742943 -33.81685580320955 
-33.288698785112615 -33.433700847694766 -33.92100433231781 -32.89151619837213 -33.80151357964205 
-33.294853602707164 -33.4421029302831 -33.9284882714433 -32.89927611787485 -33.80808204662226 
-33.27083243666115 -33.41984118727659 -33.90696794410198 -32.87582935577993 -33.78566972015628 
-33.26424270095302 -33.41318840494979 -33.90124632334103 -32.869384620297865 -33.77984180263293 
-33.28252858631987 -33.43032633160708 -33.919397048825516 -32.88832005202035 -33.79832919213763 
-33.300369506069046 -33.447420374798725 -33.93636308266423 -32.90643641386174 -33.8156283069148 
-33.30776802145253 -33.455518164113144 -33.9436421061761 -32.91431332365583 -33.82269680435485 
-33.29582726076559 -33.4442814128343 -33.93074277150302 -32.90132170951624 -33.80975935394167 
-33.29442672526352 -33.442530132430505 -33.92930267925286 -32.89974575469981 -33.80843614216839 
-33.298408825545025 -33.44679398527654 -33.93316486579624 -32.90393222688053 -33.81222292923118 
-33.22365037081967 -33.37218820543582 -33.85911454762817 -32.82561542712523 -33.73816485057118 
-33.22354727881181 -33.37204291939307 -33.859123073706314 -32.82556311591172 -33.73816866194417 
-33.301385680776704 -33.44875742301211 -33.93789950065559 -32.90788501380784 -33.816980757851596 
-33.346575395780405 -33.493590359296874 -33.98445150532906 -32.956225337284536 -33.86333156026042 
-33.347468963377466 -33.49378352102677 -33.98459711643331 -32.956569977296766 -33.86381021942836 
-33.356687477402374 -33.50255395389583 -33.99260577302432 -32.96546513648639 -33.872131724346815 
-33.372110029448606 -33.51829395324113 -34.00729318351992 -32.98134362827933 -33.886808362336396 
-33.37405038353339 -33.52298584441492 -34.01085036209267 -32.984946558859136 -33.88925783254105 
-33.417865596361665 -33.56991815174818 -34.05576077709115 -33.032430302643604 -33.93294661508213 
-33.38556113762331 -33.53506197279317 -34.02398414712832 -32.99816028016146 -33.901934379039915 
-33.36862006293751 -33.515632322660906 -34.00624957243144 -32.97930146691763 -33.88512513055096 
-33.4281692721994 -33.57828405415684 -34.06408564214087 -33.041681744836524 -33.9421628740954 
-33.4295120915376 -33.579765279798096 -34.06529944268502 -33.04304961934071 -33.94335214090222 
-33.41738334362451 -33.56827882406978 -34.05459466214647 -33.0312622997716 -33.93224642117431 
-33.400429136446476 -33.54781431132352 -34.034489671706396 -33.01076783960565 -33.91375883124297 
-33.39859301797992 -33.54756023408363 -34.031817272193834 -33.00868545118439 -33.91073853129552 
-33.36953231557332 -33.51433671019882 -33.99966331880724 -32.97534014387831 -33.88041780623969 
-33.3863145338818 -33.52909985587806 -34.01531600563487 -32.99190870152022 -33.89683746703349 
-33.3864185937595 -33.52920557958204 -34.0154430094215 -32.99203218428383 -33.89696006564601 
-33.41194682568646 -33.55473768090711 -34.04036814509823 -33.01856215394615 -33.92192916960684 
-33.40989225530896 -33.55347687711077 -34.03942284279675 -33.01722590523465 -33.920566318566756 
-33.391039516387224 -33.538985915990224 -34.02578908453279 -33.00140910278749 -33.904794493710625 
-33.40216122869036 -33.55130983077534 -34.03802686899262 -33.01404802569263 -33.91646164257254 
-33.36423349359018 -33.511662449601985 -34.00813193554846 -32.97852214343368 -33.885882280729675 
-33.35984227754963 -33.5005092827937 -34.00143131172709 -32.971071486038525 -33.88163265904376 
-33.36325280407284 -33.50414859041136 -34.004605055995484 -32.97457054895327 -33.884767509890935 
-33.36574361927049 -33.50430798215979 -34.006907362233775 -32.97659248431664 -33.88780844235649 
-33.36573804088661 -33.50443848240123 -34.00700036226333 -32.97667453593192 -33.88784395578432 
-33.36613803148765 -33.50693416607437 -34.00900879629137 -32.97850581507653 -33.88895151208142 
-33.34794381440304 -33.48770546800429 -33.99116656002499 -32.95932985365616 -33.871406336742666 
-33.317400621281436 -33.455570352518805 -33.961167363806354 -32.92713895275071 -33.84186898780524 
-33.32504471734467 -33.46300184440241 -33.968981535666074 -32.9352538158704 -33.849705093330584 
-33.32729192693337 -33.465564806486256 -33.97205676820312 -32.9381892606916 -33.85254583434063 
-33.33206146339384 -33.46807720425615 -33.97670955332474 -32.942678753133904 -33.85789745118768 
-33.29152300062488 -33.4245153482929 -33.93631384183841 -32.89941738687634 -33.81848538827812 
-33.37272046917302 -33.504365251019195 -34.014187525341754 -32.982699696508135 -33.897140169184325 
-33.36364912119957 -33.49181358337759 -34.00473666666797 -32.97220328743671 -33.88883139656045 
-33.33268455760539 -33.46271447718212 -33.9726347899894 -32.93925896888716 -33.856407283604284 
-33.27543039600852 -33.405943562468565 -33.91663013493773 -32.879770478039504 -33.80017094368118 
-33.345045003736914 -33.475255418295745 -33.99057894475321 -32.95572173674938 -33.8733694438462 
-33.36126226189195 -33.49227532947347 -34.00647822494068 -32.97278169885827 -33.8890419218104 
-33.35963435118744 -33.49037799221158 -34.005135382492654 -32.971186062549705 -33.887738576016915 
-33.31848530151237 -33.453967645630556 -33.96661809882953 -32.93038248267413 -33.84743499555607 
-33.30542421393943 -33.441573453526644 -33.95473436274057 -32.9174697766377 -33.835184699288064 
-33.34622605788668 -33.48558191203246 -33.994201763497074 -32.960320264602416 -33.87380378127861 
-33.34766274860738 -33.48634348354274 -33.99500343820968 -32.961308339837814 -33.87491111803287 
-33.318850381183566 -33.46062899605394 -33.965039064127595 -32.93088537705731 -33.84424420709678 
-33.36440956291139 -33.513954399284216 -34.01382718770624 -32.982491479708486 -33.89004256851743 
-33.36437058996384 -33.513620836958324 -34.01345674687754 -32.98218697792532 -33.889815677824316 
-33.33523606884833 -33.48321483990698 -33.98509651714981 -32.951683509912556 -33.86178021687158 
-33.32446382136361 -33.463053600854806 -33.96784576657738 -32.934437604800394 -33.848466425604585 
-33.395081598295164 -33.5288388155911 -34.03048370742661 -33.0030300506337 -33.91372338725064 
-33.47114186700398 -33.60240426798043 -34.10548140301425 -33.08199533936386 -33.98950052351785 
-33.4768153505627 -33.607936976109116 -34.11164855014094 -33.08824057352882 -33.99561949868989 
-33.44703957168316 -33.57640293881441 -34.084709101223496 -33.05823423608746 -33.96881971432107 
-33.3893632695428 -33.522566232796606 -34.03367393953111 -33.00228711983681 -33.91565782774191 
-33.357736112470604 -33.489557963352226 -34.0026241292168 -32.96902826967883 -33.88500123253064 
-33.36444799829157 -33.49693553499576 -34.00984216812358 -32.97654616635781 -33.89192063291584 
-33.35705422080312 -33.49419738597955 -34.006307877474086 -32.97206023979564 -33.88635761327022 
-33.40624230263923 -33.54568997301914 -34.05442185442898 -33.02371393102713 -33.933839856167296 
-33.40040328858849 -33.53942429796311 -34.0479924042052 -33.01711209147378 -33.92764790287947 
-33.37156090485969 -33.51246238767001 -34.01730700169237 -32.985983727248836 -33.896743588706585 
-33.37660715247111 -33.516633584169426 -34.02152791750996 -32.9906183448858 -33.90135466190256 
-33.37518938732728 -33.51341599432534 -34.01983911227485 -32.98858669986116 -33.90026269671192 
-33.36301188329581 -33.49970467269769 -34.00500526625483 -32.973825956981415 -33.886350635705455 
-33.34845189911562 -33.485232896484916 -33.988731249178215 -32.95746631827478 -33.870355549468286 
-33.339192308933306 -33.47429841496289 -33.978679485007504 -32.94688291299468 -33.86096246832874 
-33.31327844720553 -33.4469978500413 -33.95406179543936 -32.92006895026164 -33.83661278711402 
-33.30894641754452 -33.44260217827363 -33.9497083919571 -32.91547739354988 -33.83229115597909 
-33.30670901270341 -33.4405257187051 -33.947831012263876 -32.91337004384661 -33.830311153510166 
-33.30029002852956 -33.435471665187734 -33.942595013899066 -32.907601815344606 -33.824480581717864 
-33.32033710477002 -33.45739094251488 -33.9636499354222 -32.92972733989204 -33.84475978591635 
-33.328597987480336 -33.47146646994213 -33.97185843672375 -32.93961907201043 -33.851181026704765 
-33.32432877643964 -33.46810543018918 -33.96883458906653 -32.936062447013086 -33.84768768648195 
-33.33070352630733 -33.46950451917911 -33.976027314131585 -32.942233253935015 -33.8562579186315 
-33.3349200264431 -33.472933260413555 -33.97964934342434 -32.946153214849105 -33.86020785414321 
-33.34246976148714 -33.488868850136555 -33.99680842457944 -32.961706106565146 -33.87324077593772 
-33.319927542904 -33.464783828217094 -33.9781444972585 -32.940006982984 -33.85447084298437 
-33.330685427106204 -33.475593437579775 -33.98868887452831 -32.95122774073697 -33.86501156762135 
-33.394398493700365 -33.540311412339676 -34.045645975335816 -33.01444496553073 -33.92261755659217 
-33.3808036736954 -33.52073834825559 -34.02900726345797 -32.99702043866765 -33.90832471488305 
-33.41335449389213 -33.55447711353611 -34.0606089721458 -33.030988398221794 -33.93964948579642 
-33.42370628634781 -33.566338921357215 -34.07189115352844 -33.04277678165114 -33.95029892149823 
-33.43177699909643 -33.572911025605364 -34.080543609598806 -33.051327573026995 -33.95929933930415 
-33.437714148537765 -33.57477801568369 -34.085268294080606 -33.05600826022629 -33.96545090012367 
-33.474986623315246 -33.611559518312276 -34.12137744136099 -33.0944681256679 -34.001821468600426 
-33.49936996940285 -33.63803250351924 -34.1445610954805 -33.11984804307667 -34.02451047098708 
-33.5149727587456 -33.65491970933499 -34.15262855527283 -33.1319662203052 -34.03336766705007 
-33.553816937356274 -33.69270217031813 -34.18835713854813 -33.170769566444065 -34.06984449643903 
-33.509906785757025 -33.65145399625861 -34.146309210168596 -33.12621202120488 -34.0267703208513 
-33.499594122241916 -33.64184207974027 -34.13636323175831 -33.115720284979474 -34.01657156369231 
-33.543878451872956 -33.68387658568794 -34.18180241069 -33.16258081366371 -34.062424097738216 
-33.55516725484435 -33.69536804764472 -34.19242538824486 -33.174108288392745 -34.07306943436012 
-33.53131269658516 -33.671553674686706 -34.16968269149076 -33.14966820583939 -34.05018365470197 
-33.4796508917982 -33.618074266764154 -34.11851412018602 -33.09517520215229 -33.999596709856334 
-33.45038952860091 -33.588960198560855 -34.08959815681153 -33.064591806413404 -33.97063953958505 
-33.44407343578594 -33.583177889306114 -34.08384419052177 -33.05838945604087 -33.964644570205834 
-33.49438585240368 -33.63126975700587 -34.13118940619063 -33.10912948360695 -34.013044962986214 
-33.492852149511975 -33.63265473776147 -34.13327779642907 -33.11031401443232 -34.0136598660242 
-33.62779022649842 -33.76723293199379 -34.263781753141856 -33.24965089031353 -34.14471527114722 
-33.627657205297254 -33.76741054022402 -34.264164802828404 -33.249888604623294 -34.144920321511734 
-33.64003354007767 -33.77695039196989 -34.27036714631187 -33.25859319306703 -34.15296136755656 
-33.677766312466346 -33.81541701630333 -34.30717352437729 -33.29790620990137 -34.1896165782441 
-33.66327957698398 -33.79591164038793 -34.29137346648635 -33.280820294018085 -34.17559391172465 
-33.647690524597664 -33.780574769456976 -34.27722559016395 -33.26533258119822 -34.16116755834881 
-33.636394990977465 -33.769719860381656 -34.26735616162205 -33.25439451970483 -34.15095585963492 
-33.64095177381992 -33.774594688794764 -34.272006490127296 -33.25931389237546 -34.15548462545978 
-33.62122569133358 -33.75717532479166 -34.25255024404085 -33.23918926449373 -34.135318649519235 
-33.61767552324278 -33.753681256663455 -34.249461375072016 -33.23574178583023 -34.13214536887227 
-33.60582040345999 -33.74192308762299 -34.23802110452604 -33.22353132010211 -34.12063240741281 
-33.616339851562856 -33.751668427523086 -34.246002361708506 -33.232914970042856 -34.129238720956664 
-33.614556428970275 -33.74984734338322 -34.24423144481814 -33.23103717722009 -34.12748090459334 
-33.58964673643219 -33.732336677558635 -34.22450904747842 -33.20949143147294 -34.10470673703915 
-33.55377518731632 -33.692754704318546 -34.18929702603043 -33.171337497359275 -34.07059746980026 
-33.539094934557085 -33.6755524942501 -34.17501068971167 -33.15559054536446 -34.057049172454626 
-33.571238708075114 -33.70990163544192 -34.20618177331227 -33.18931065423506 -34.087637095772294 
-33.64840899355352 -33.78380231926843 -34.28144869205714 -33.268728104940166 -34.16405597038987 
-33.60532891072771 -33.74048925550865 -34.243250112899474 -33.22629020207165 -34.12522774987961 
-33.60810939483325 -33.73880286167058 -34.24459951927072 -33.22743588494957 -34.12816756568226 
-33.63645132032447 -33.768150657111946 -34.271292250570625 -33.25647641270348 -34.15476227423534 
-33.653350252181795 -33.78576477759162 -34.28686604753706 -33.27360707891091 -34.170297499305605 
-33.643672524205755 -33.77807448981844 -34.27885057280365 -33.26483656498446 -34.16142547551652 
-33.66842998046195 -33.802107025899105 -34.30230687950599 -33.289960658372564 -34.18526365198437 
-33.62222151360157 -33.75524876479642 -34.25692115891266 -33.2416786051234 -34.14003686897725 
-33.61312434610005 -33.74654869617132 -34.24847042461026 -33.23257450757242 -34.13137872654205 
-33.634484283587426 -33.76467425671427 -34.26803279279021 -33.25331108986293 -34.152176827702476 
-33.57278162096755 -33.70032177705882 -34.20629961840308 -33.18778408864982 -34.09138257355157 
-33.522691528316244 -33.64546290204579 -34.154324680320656 -33.13292604935579 -34.041269504747945 
-33.53512471556397 -33.65325051675775 -34.16868504396413 -33.14627519683826 -34.056708671276056 
-33.53390048425638 -33.65221781550332 -34.167556436325796 -33.14508178813553 -34.055508699678384 
-33.53568732084513 -33.652841714688094 -34.1649558714241 -33.14405758127049 -34.05397018932814 
-33.542056290994395 -33.65117951024165 -34.164190654785386 -33.14485606290562 -34.05679634447918 
-33.57471144803631 -33.68150962105332 -34.19328099761579 -33.17663117224693 -34.087107921642556 
-33.526120702677005 -33.63579968279916 -34.151479314930256 -33.13013788336967 -34.04342437733497 
-33.52700358815565 -33.63669367413097 -34.15260804189809 -33.131219365817515 -34.04450800524708 
-33.538831885275414 -33.647035451960576 -34.164008340535844 -33.1431279848489 -34.05640629168897 
-33.524562063510274 -33.63619778204503 -34.153234352970216 -33.13089494357202 -34.04404881532528 
-33.48310141725696 -33.59570612798831 -34.112513917442016 -33.087862545563624 -34.002997426496734 
-33.46594460878835 -33.57713244761622 -34.09512221452296 -33.06936964890912 -33.98611001242534 
-33.45403306686548 -33.56821596955807 -34.084876484127264 -33.05842053044803 -33.97470644252772 
-33.45530608801005 -33.56943046462344 -34.0859018090582 -33.05959942257721 -33.9757871753544 
-33.35709455474479 -33.4748782402682 -33.997631204782806 -32.96289895581013 -33.8849914977085 
-33.35521714273317 -33.47290655076225 -33.99423816951533 -32.95997291052542 -33.88187666767688 
-33.34964585704252 -33.47082357394743 -33.989200298173046 -32.955113817001845 -33.8757016252909 
-33.37125368199338 -33.49374260395261 -34.00981744726374 -32.977542195342764 -33.89603531094055 
-33.3373853863078 -33.45915615835649 -33.97723631289854 -32.942490193882065 -33.86353413420352 
-33.30131205083312 -33.42319470663162 -33.94054236650426 -32.904112487343 -33.82698059171133 
-33.288749168187834 -33.42066208133426 -33.93772794613888 -32.898829612728946 -33.819558810821704 
-33.28218367483417 -33.41432007425101 -33.93161039375977 -32.89222723377111 -33.813314333221314 
-33.28672851156888 -33.41819217183689 -33.935297539526104 -32.89635790755976 -33.81733573874989 
-33.25529784511215 -33.38947758653123 -33.90853034139167 -32.866626563272746 -33.78905245751022 
-33.27195558682986 -33.40996497941586 -33.928542815135884 -32.88702883352302 -33.807321206500916 
-33.278697737013914 -33.41018546636589 -33.92771916742454 -32.88817317441931 -33.809693557176885 
-33.206019595201425 -33.34553810184964 -33.8591852318618 -32.81570923371571 -33.73819087622506 
-33.2078752143137 -33.34851490503944 -33.86438000933775 -32.81993823564058 -33.74250177752482 
-33.17818795832011 -33.3152919547674 -33.834784119338295 -32.78796433377664 -33.71403182965564 
-33.148702765871434 -33.28357463819164 -33.80666517564329 -32.75725286623768 -33.68643459936888 
-32.995057515344556 -33.130926904608444 -33.662543976170355 -32.60120223406798 -33.54079564301534 
-32.99699521541008 -33.133681587730024 -33.66451227057088 -32.603429369338045 -33.54250616498733 
-32.89967567007881 -33.041731356989516 -33.57233774044086 -32.50494600912528 -33.44807316665697 
-32.89319194882698 -33.03545020042341 -33.56612576954856 -32.498308580034276 -33.441769494133325 
-32.860756226630485 -32.999789999723745 -33.53727753156181 -32.465633949984735 -33.41339445045007 
-32.851460687484106 -33.002934608809625 -33.53038361219036 -32.45982202198874 -33.40234365404174 
-32.80822937652435 -32.95993505199671 -33.48967352307842 -32.41576787346001 -33.361250395237334 
-32.83172045200085 -32.979522500710914 -33.508070068516204 -32.43663009517711 -33.381605287445495 
-32.819348263023485 -32.96813483342616 -33.49714363494557 -32.42465701914051 -33.370172779801834 
-32.80247429721558 -32.957827539482565 -33.48584797683874 -32.41163539480468 -33.35601475126117 
-32.79183213826923 -32.94874426784297 -33.47627651428246 -32.40137936747011 -33.34581859029669 
-32.861607504509166 -33.00726692427335 -33.5378037279726 -32.467662172872465 -33.41195333505985 
-32.8242120247572 -32.96931524981531 -33.50149875778223 -32.42872837773865 -33.37572215151651 
-32.84247045708179 -32.98562694441064 -33.518262861831715 -32.446693869307964 -33.393280802366206 
-32.85825731462455 -32.99892025593573 -33.53200573293739 -32.46159906942938 -33.408078499688585 
-32.85015883391651 -32.98844746634714 -33.52051605002991 -32.45047435427455 -33.39787498431686 
-32.856415302913305 -32.994216688604155 -33.52559291410559 -32.45625652834801 -33.40327688346828 
-32.844225748596315 -32.97959120242854 -33.51304159796548 -32.4426717595628 -33.3915514136977 
-32.80665423071588 -32.946101269404224 -33.478228809881045 -32.405512466437514 -33.35513141035156 
-32.75284947174971 -32.89362542835451 -33.43020298822488 -32.35251074723679 -33.30588588776561 
-32.72872046260326 -32.86828952498044 -33.40629993639823 -32.326914915230006 -33.282365442999335 
-32.703852300593766 -32.843359412721014 -33.383154667979355 -32.30169243690797 -33.25901506577651 
-32.70307066898195 -32.84259708326809 -33.38208052450706 -32.300689106942386 -33.25798379545425 
-32.70094827058574 -32.84063232271444 -33.38000309471117 -32.29850575599869 -33.25585571726319 
-32.789682693902165 -32.93123247274434 -33.473142917710334 -32.395382062983316 -33.347528706572334 
-32.7807460222472 -32.92065171332918 -33.4636789318628 -32.385284718019946 -33.33866874429606 
-32.777368926900905 -32.91380882941134 -33.4614328077252 -32.38174792450327 -33.337300762819794 
-32.7742356453459 -32.91048598791073 -33.458600708972426 -32.378589503816514 -33.3344843844811 
-32.75413160237666 -32.89093962847289 -33.438941088484114 -32.35773142221258 -33.314626913431056 
-32.74407908790954 -32.88024931734367 -33.42905525477265 -32.347088376430875 -33.30492950698047 
-32.738068075783076 -32.876080760092265 -33.4235611319708 -32.34141889241083 -33.298805381849334 
-32.712185263770465 -32.85411202270063 -33.39821034576859 -32.31516655843896 -33.27223499853096 
-32.701669235032924 -32.84295739730305 -33.38755069326571 -32.30383586059915 -33.26181526107105 
-32.73431260062169 -32.87424334862064 -33.417782562062456 -32.33655904406153 -33.292777879699344 
-32.80451982991477 -32.94816629841854 -33.484882534148426 -32.40954201175717 -33.35909705024544 
-32.77751215896153 -32.92079044331149 -33.457069026100555 -32.38043514932282 -33.33158295967692 
-32.79216947020193 -32.94146692600012 -33.47495235621605 -32.39914068439691 -33.34708289892737 
-32.73690353237738 -32.88631073486138 -33.41930982843692 -32.340540296529596 -33.29158561721263 
-32.75268636423988 -32.8998455457825 -33.43355851039898 -32.35580739948216 -33.30673198742228 
-32.754480340316576 -32.89755479636773 -33.43249108504443 -32.355103724405936 -33.30736492315859 
-32.85180316080243 -32.99393746612736 -33.52616214410597 -32.4554570880219 -33.40170220823684 
-32.84586521312042 -32.988713535963555 -33.52095739689511 -32.44978364634839 -33.39617462081574 
-32.83984694459984 -32.984391345388616 -33.51538120590587 -32.44404453367643 -33.39002332400189 
-32.8481026262224 -32.99004648211704 -33.521391378618205 -32.45084917645035 -33.39716948513036 
-32.82014807591915 -32.95932182229723 -33.49467044195612 -32.42152927219793 -33.371153126517115 
-32.85786931126542 -33.00112639680948 -33.53435209038268 -32.46340562318099 -33.409195586010966 
-32.85968181692341 -33.003215973671544 -33.535480009485 -32.46495140363295 -33.4103453583664 
