8.249282836914062e-05
6.890296936035156e-05
4.7206878662109375e-05
4.6253204345703125e-05
4.57763671875e-05
4.553794860839844e-05
4.553794860839844e-05
4.553794860839844e-05
4.887580871582031e-05
4.6253204345703125e-05
4.553794860839844e-05
4.6253204345703125e-05
4.57763671875e-05
4.57763671875e-05
4.649162292480469e-05
4.6253204345703125e-05
4.696846008300781e-05
4.601478576660156e-05
4.6253204345703125e-05
4.6253204345703125e-05
4.601478576660156e-05
4.5299530029296875e-05
4.649162292480469e-05
4.553794860839844e-05
4.649162292480469e-05
0.00011539459228515625
4.649162292480469e-05
4.57763671875e-05
4.6253204345703125e-05
4.57763671875e-05
4.57763671875e-05
4.649162292480469e-05
4.673004150390625e-05
4.57763671875e-05
4.863739013671875e-05
4.7206878662109375e-05
4.649162292480469e-05
4.601478576660156e-05
4.6253204345703125e-05
4.57763671875e-05
0.00010514259338378906
4.7206878662109375e-05
4.57763671875e-05
4.673004150390625e-05
4.7206878662109375e-05
4.601478576660156e-05
4.7206878662109375e-05
4.553794860839844e-05
4.6253204345703125e-05
4.601478576660156e-05
4.673004150390625e-05
4.57763671875e-05
4.7206878662109375e-05
4.601478576660156e-05
4.57763671875e-05
4.601478576660156e-05
4.5299530029296875e-05
4.57763671875e-05
5.221366882324219e-05
4.601478576660156e-05
4.553794860839844e-05
4.6253204345703125e-05
4.6253204345703125e-05
4.57763671875e-05
4.673004150390625e-05
4.6253204345703125e-05
4.792213439941406e-05
4.553794860839844e-05
6.699562072753906e-05
6.389617919921875e-05
4.673004150390625e-05
4.553794860839844e-05
4.9114227294921875e-05
4.57763671875e-05
9.441375732421875e-05
4.7206878662109375e-05
4.649162292480469e-05
4.6253204345703125e-05
4.673004150390625e-05
4.601478576660156e-05
4.601478576660156e-05
4.601478576660156e-05
4.6253204345703125e-05
4.601478576660156e-05
4.673004150390625e-05
4.6253204345703125e-05
4.6253204345703125e-05
4.6253204345703125e-05
4.673004150390625e-05
4.8160552978515625e-05
4.649162292480469e-05
0.00011444091796875
9.894371032714844e-05
4.9114227294921875e-05
4.601478576660156e-05
4.601478576660156e-05
4.673004150390625e-05
4.601478576660156e-05
4.601478576660156e-05
4.649162292480469e-05
0.0001227855682373047
4.76837158203125e-05
4.601478576660156e-05
4.649162292480469e-05
4.673004150390625e-05
4.673004150390625e-05
0.00011348724365234375
4.673004150390625e-05
4.6253204345703125e-05
4.649162292480469e-05
4.601478576660156e-05
4.601478576660156e-05
4.553794860839844e-05
4.649162292480469e-05
4.6253204345703125e-05
0.0019516944885253906
4.9114227294921875e-05
4.696846008300781e-05
4.601478576660156e-05
4.601478576660156e-05
4.601478576660156e-05
4.673004150390625e-05
4.57763671875e-05
0.00010848045349121094
4.673004150390625e-05
4.601478576660156e-05
4.863739013671875e-05
4.649162292480469e-05
4.506111145019531e-05
4.6253204345703125e-05
4.601478576660156e-05
4.553794860839844e-05
6.604194641113281e-05
4.792213439941406e-05
4.6253204345703125e-05
4.6253204345703125e-05
4.553794860839844e-05
4.57763671875e-05
4.553794860839844e-05
4.601478576660156e-05
0.00015926361083984375
4.7206878662109375e-05
4.649162292480469e-05
4.649162292480469e-05
4.6253204345703125e-05
4.5299530029296875e-05
4.6253204345703125e-05
4.5299530029296875e-05
4.553794860839844e-05
4.553794860839844e-05
4.601478576660156e-05
4.601478576660156e-05
4.57763671875e-05
4.57763671875e-05
4.601478576660156e-05
4.5299530029296875e-05
4.6253204345703125e-05
9.489059448242188e-05
4.744529724121094e-05
4.553794860839844e-05
4.696846008300781e-05
4.506111145019531e-05
4.601478576660156e-05
4.506111145019531e-05
4.601478576660156e-05
4.506111145019531e-05
4.553794860839844e-05
4.57763671875e-05
4.553794860839844e-05
4.506111145019531e-05
4.5299530029296875e-05
4.506111145019531e-05
4.601478576660156e-05
4.6253204345703125e-05
9.250640869140625e-05
4.7206878662109375e-05
4.601478576660156e-05
4.5299530029296875e-05
4.5299530029296875e-05
4.57763671875e-05
4.57763671875e-05
4.6253204345703125e-05
4.553794860839844e-05
4.553794860839844e-05
4.57763671875e-05
4.57763671875e-05
4.553794860839844e-05
4.553794860839844e-05
4.6253204345703125e-05
4.57763671875e-05
4.57763671875e-05
4.673004150390625e-05
0.00016689300537109375
0.0001361370086669922
8.440017700195312e-05
4.8160552978515625e-05
6.008148193359375e-05
4.553794860839844e-05
4.506111145019531e-05
4.6253204345703125e-05
4.553794860839844e-05
7.581710815429688e-05
4.863739013671875e-05
4.601478576660156e-05
4.649162292480469e-05
9.489059448242188e-05
4.744529724121094e-05
4.57763671875e-05
4.649162292480469e-05
4.601478576660156e-05
4.6253204345703125e-05
4.6253204345703125e-05
4.6253204345703125e-05
4.57763671875e-05
4.649162292480469e-05
4.601478576660156e-05
4.673004150390625e-05
4.6253204345703125e-05
4.57763671875e-05
4.57763671875e-05
4.601478576660156e-05
4.553794860839844e-05
4.553794860839844e-05
9.441375732421875e-05
4.696846008300781e-05
4.553794860839844e-05
4.601478576660156e-05
4.57763671875e-05
4.601478576660156e-05
4.5299530029296875e-05
4.6253204345703125e-05
4.601478576660156e-05
4.57763671875e-05
4.57763671875e-05
4.601478576660156e-05
4.553794860839844e-05
4.553794860839844e-05
4.649162292480469e-05
4.649162292480469e-05
4.57763671875e-05
4.553794860839844e-05
9.322166442871094e-05
4.6253204345703125e-05
4.506111145019531e-05
4.57763671875e-05
4.57763671875e-05
4.553794860839844e-05
4.57763671875e-05
4.57763671875e-05
4.696846008300781e-05
4.57763671875e-05
4.57763671875e-05
4.601478576660156e-05
4.553794860839844e-05
4.553794860839844e-05
4.57763671875e-05
4.553794860839844e-05
4.553794860839844e-05
4.553794860839844e-05
6.580352783203125e-05
4.601478576660156e-05
4.5299530029296875e-05
4.601478576660156e-05
4.5299530029296875e-05
4.57763671875e-05
4.6253204345703125e-05
4.673004150390625e-05
4.673004150390625e-05
6.341934204101562e-05
5.030632019042969e-05
4.601478576660156e-05
4.57763671875e-05
4.553794860839844e-05
4.601478576660156e-05
4.553794860839844e-05
4.57763671875e-05
0.00010180473327636719
4.696846008300781e-05
4.553794860839844e-05
4.601478576660156e-05
4.57763671875e-05
4.553794860839844e-05
4.601478576660156e-05
4.649162292480469e-05
4.673004150390625e-05
4.5299530029296875e-05
4.553794860839844e-05
4.5299530029296875e-05
4.553794860839844e-05
4.601478576660156e-05
4.601478576660156e-05
4.601478576660156e-05
4.553794860839844e-05
4.601478576660156e-05
0.00011801719665527344
6.151199340820312e-05
4.6253204345703125e-05
4.57763671875e-05
4.601478576660156e-05
4.553794860839844e-05
4.696846008300781e-05
4.696846008300781e-05
4.57763671875e-05
4.57763671875e-05
4.649162292480469e-05
4.6253204345703125e-05
4.5299530029296875e-05
4.57763671875e-05
4.649162292480469e-05
4.696846008300781e-05
4.601478576660156e-05
9.417533874511719e-05
4.7206878662109375e-05
4.6253204345703125e-05
4.649162292480469e-05
4.6253204345703125e-05
4.6253204345703125e-05
4.553794860839844e-05
4.6253204345703125e-05
4.649162292480469e-05
4.6253204345703125e-05
4.649162292480469e-05
4.601478576660156e-05
6.699562072753906e-05
8.392333984375e-05
6.604194641113281e-05
0.00015735626220703125
6.365776062011719e-05
4.649162292480469e-05
4.601478576660156e-05
4.6253204345703125e-05
4.673004150390625e-05
4.6253204345703125e-05
4.57763671875e-05
4.553794860839844e-05
6.389617919921875e-05
4.744529724121094e-05
4.6253204345703125e-05
4.57763671875e-05
4.57763671875e-05
4.649162292480469e-05
4.57763671875e-05
0.00010132789611816406
6.031990051269531e-05
4.6253204345703125e-05
4.601478576660156e-05
4.649162292480469e-05
4.553794860839844e-05
4.601478576660156e-05
4.601478576660156e-05
4.57763671875e-05
4.553794860839844e-05
4.601478576660156e-05
4.5299530029296875e-05
4.6253204345703125e-05
4.553794860839844e-05
4.57763671875e-05
4.553794860839844e-05
4.5299530029296875e-05
0.005421161651611328
5.269050598144531e-05
4.601478576660156e-05
4.601478576660156e-05
4.57763671875e-05
4.601478576660156e-05
4.744529724121094e-05
4.673004150390625e-05
4.6253204345703125e-05
9.72747802734375e-05
4.76837158203125e-05
4.57763671875e-05
4.649162292480469e-05
4.553794860839844e-05
4.553794860839844e-05
4.57763671875e-05
4.57763671875e-05
4.57763671875e-05
4.5299530029296875e-05
4.649162292480469e-05
4.553794860839844e-05
4.553794860839844e-05
4.553794860839844e-05
6.723403930664062e-05
4.887580871582031e-05
4.6253204345703125e-05
0.00011324882507324219
0.00011610984802246094
0.00011992454528808594
6.031990051269531e-05
4.673004150390625e-05
4.673004150390625e-05
4.601478576660156e-05
4.649162292480469e-05
4.696846008300781e-05
6.771087646484375e-05
7.104873657226562e-05
0.00010538101196289062
0.00010633468627929688
4.76837158203125e-05
4.744529724121094e-05
4.673004150390625e-05
4.673004150390625e-05
4.673004150390625e-05
4.673004150390625e-05
4.673004150390625e-05
4.649162292480469e-05
4.649162292480469e-05
4.6253204345703125e-05
4.696846008300781e-05
4.6253204345703125e-05
4.673004150390625e-05
4.649162292480469e-05
4.696846008300781e-05
4.601478576660156e-05
9.226799011230469e-05
6.270408630371094e-05
4.6253204345703125e-05
4.649162292480469e-05
4.57763671875e-05
4.57763671875e-05
4.6253204345703125e-05
4.553794860839844e-05
4.553794860839844e-05
4.57763671875e-05
4.553794860839844e-05
4.673004150390625e-05
4.649162292480469e-05
4.673004150390625e-05
4.649162292480469e-05
4.601478576660156e-05
4.601478576660156e-05
4.673004150390625e-05
9.465217590332031e-05
4.7206878662109375e-05
4.6253204345703125e-05
4.649162292480469e-05
4.649162292480469e-05
4.6253204345703125e-05
4.6253204345703125e-05
4.6253204345703125e-05
4.649162292480469e-05
4.601478576660156e-05
4.57763671875e-05
4.6253204345703125e-05
4.601478576660156e-05
4.6253204345703125e-05
4.649162292480469e-05
4.5299530029296875e-05
6.413459777832031e-05
9.417533874511719e-05
4.696846008300781e-05
4.57763671875e-05
4.601478576660156e-05
4.57763671875e-05
4.57763671875e-05
4.601478576660156e-05
4.601478576660156e-05
4.57763671875e-05
4.57763671875e-05
5.125999450683594e-05
4.6253204345703125e-05
4.649162292480469e-05
4.673004150390625e-05
4.601478576660156e-05
0.00010704994201660156
4.792213439941406e-05
4.649162292480469e-05
4.649162292480469e-05
4.57763671875e-05
4.6253204345703125e-05
4.553794860839844e-05
4.649162292480469e-05
4.5299530029296875e-05
4.6253204345703125e-05
4.5299530029296875e-05
4.553794860839844e-05
4.553794860839844e-05
4.553794860839844e-05
4.5299530029296875e-05
4.5299530029296875e-05
4.553794860839844e-05
4.506111145019531e-05
9.298324584960938e-05
4.76837158203125e-05
4.6253204345703125e-05
4.553794860839844e-05
4.553794860839844e-05
4.553794860839844e-05
4.57763671875e-05
4.553794860839844e-05
4.601478576660156e-05
4.553794860839844e-05
4.553794860839844e-05
4.506111145019531e-05
4.5299530029296875e-05
4.57763671875e-05
4.601478576660156e-05
4.5299530029296875e-05
4.553794860839844e-05
