314.42796497932636 16.15258546697971 372.8834751034419 
310.13390045426536 14.994706769480295 370.4600948638335 
310.41977465234834 15.325105672284987 370.2670489529644 
310.12482549560843 12.14220404024919 369.2568111939758 
311.09741616717514 12.098913186565092 368.76120229813523 
310.86273562512866 15.448000579245416 366.2849578681442 
312.7827336875215 15.428009896107337 366.5185665706199 
312.9365425242106 12.509975025297656 369.87693145837653 
313.4732482115255 13.132431852327018 368.14590978641303 
313.277007048066 13.43538495306558 369.6778979521014 
313.06268153878534 13.231783933461635 369.27384959645946 
312.6936261300142 11.509880310305865 368.8688781839091 
310.0301320672942 16.209863020375515 369.0941182857783 
309.88116461686906 15.908767990724332 369.29089266475506 
310.0979066629742 16.09207992180932 368.0102669693014 
310.7841838191493 16.691585788418127 367.84267448239206 
311.2642031489759 16.792466665849062 368.8072150187587 
306.1119667015076 21.311728480114137 369.2684205256719 
306.67407405140995 23.341560278115768 369.3436650883825 
306.81474738792366 26.26170422174192 367.9229364469463 
307.6314646857144 25.032958661526596 367.5644726808351 
306.022627092818 23.42203315104967 364.39627211036355 
311.22925619513904 23.212851983892506 367.92331475320543 
311.7581406991817 24.273150695250926 367.82443892869696 
313.1119833244691 21.306099117613382 366.53733755290426 
316.7569512128856 22.653250093038118 371.1593938593637 
315.8131650396742 24.373983241340557 370.01866152077235 
315.861657146168 24.415634017405313 369.4959861868439 
315.388823752719 24.085345209731983 369.7831418373174 
315.370672353884 24.347249824358354 369.51285007373207 
315.28145603488446 24.421360107483135 369.8451950058787 
315.58176312720167 24.33955959718865 367.7974309398657 
316.25921327169345 25.754280506390955 369.85203697062707 
312.9190768547338 23.18623863550983 368.7705172597257 
312.6928975728436 22.363310481660232 369.6843466892592 
312.4136901664083 22.34174723111311 368.89029453887906 
313.65078968769086 22.084574666954932 366.36518286618434 
313.64487333716744 23.052311207346964 364.0369292526552 
320.4010089270177 16.798234918034517 369.29047459656454 
319.8733448058764 18.35377184040781 366.18137645646436 
320.3136678222184 17.539065753607677 366.35341901786387 
318.87634131959794 12.63958709446295 367.7511391466526 
321.28695216257495 12.737387541492897 370.1357993264172 
322.08189754888343 15.97891770757166 368.9251040834776 
322.44588827379323 15.811004875860299 368.5426807638981 
323.9465428313596 17.737175169400565 369.4410494409953 
324.42340764410073 17.54171632689607 370.4291980308796 
328.60901266158567 17.810940942885384 372.2473769058428 
327.2485214236216 10.316537969418798 370.8778383221495 
328.53545003827395 11.94788957180427 377.81864255873904 
325.78193210026944 13.715138275832192 373.85451838516866 
313.20495426334526 15.054187376825631 376.1338438786784 
312.31435933392055 16.064950821593712 375.3877668805653 
310.50883633214465 14.518340228671839 373.0824419489396 
312.6904105062314 12.923038795345523 371.86811652859734 
311.23703591910294 13.604937992520941 369.7515904399294 
311.72191290841573 12.861499332163358 370.4407419536526 
311.10807226840876 9.645789518777768 377.84015015012193 
309.76511168498763 10.040901211055074 378.0710246038843 
309.3308207851815 10.348785865993783 379.30999166662116 
310.2188093668557 9.23049981248256 379.53995219044253 
311.04904240932586 10.985622897275611 379.91647791596637 
313.242383363515 13.650691136475528 378.6672485601419 
319.85165704390585 12.962430752621973 381.63473273992594 
317.78687146903934 12.970380935342506 382.06332059957185 
317.8865628543854 13.19770487273616 381.9574914398188 
317.79562470998854 13.17059020644185 382.1822816921222 
317.84213045651353 13.15002057943432 382.19092032352154 
324.9684560134849 10.963470352587978 385.0890043931899 
323.75086145392737 9.455979874221468 386.88347432132036 
322.4695203809484 6.95386186154794 388.3000803295532 
322.7788156024249 8.92371940796476 382.7396770864966 
323.8631426277539 8.541748618928091 384.99693411561776 
320.52198333821684 10.3898868837298 384.2332014677397 
318.7196148499535 9.302556677326086 382.8827151479934 
318.33894959887743 8.718717656750227 382.7465758772786 
318.59023644241387 7.926305940998471 383.0393332867588 
315.560100622997 8.640891173555064 382.3683523432186 
319.35442854816813 8.906415318262844 383.93925993446857 
319.32092772925125 9.289118193699792 383.5032927877818 
319.1476066175726 12.12015849641268 384.1238503867267 
319.32244281733233 12.684339653148234 383.2855404091314 
318.18029548536765 10.632820251375419 378.42286695927424 
316.1162989334415 5.847228404686824 371.87944085942723 
318.02719214162096 7.7560612567792315 373.4444685238337 
318.01432410727773 7.767200372683632 373.4082281683886 
313.50020617526 5.458536341385827 374.4798122608112 
315.2309941592698 7.594482766153575 376.73896810855075 
319.10340150815546 10.530744003399613 373.89311777745553 
319.03758996050544 10.01912889156784 374.64607171344727 
321.22783062313636 10.330701453299962 375.67301581214696 
315.621219627932 11.035604049852296 375.7790909882067 
316.27454961527684 10.392913550177415 374.82177428614074 
314.876117668199 10.76736053591577 374.614527119664 
312.99548203973575 13.081242111519309 372.8709564628352 
311.19297393224656 12.521842907921913 374.8482662661449 
312.38548642312867 14.677212268176469 376.92072155969174 
311.54135149601973 11.523313977574931 375.8150346728719 
311.9037757513924 14.151686756095291 376.8879634790473 
307.8503105144335 11.020943939747934 379.23261409046347 
303.93149013945805 10.501151510626704 378.71295774902893 
306.8140508907605 5.3159010569740826 379.81318177263205 
306.69237189866044 5.099057103496243 379.91129046459787 
304.7350349657871 11.802809288899027 381.8398716713166 
308.67007173288437 9.15423899452303 382.4595565417718 
303.3789440727554 9.3005157085831 385.09212837689023 
301.37506764069406 11.218324697413747 386.97824894628286 
302.18486858992645 10.46499251765565 388.2691988790402 
302.58210029258396 10.891228014075047 387.88733439829446 
302.5667417963508 11.023481210779748 388.74897380538783 
302.79321989684 11.294284412340916 388.771924857246 
301.60388168377546 9.384506471008436 388.5216997828096 
301.9577311595755 8.533641030157074 388.30287856729467 
302.46394650796924 10.254292585221794 388.9125727285446 
302.83799616110167 10.433945947924228 389.49442183369365 
307.5669958890744 6.482712340207511 390.00353048234416 
307.91593741021035 6.546623951529963 390.3043208782599 
307.987208985383 5.046340682011181 388.36501710333386 
301.42326084967374 5.491735891187931 385.3158344011211 
300.5506037399608 4.2586305547396766 385.3423662266782 
299.362327408969 4.839171679262931 385.0788602381638 
299.6339829027154 5.896867387054743 383.8310202085647 
298.2866259496969 2.745124254294791 385.7972700925601 
294.12681523970633 3.1397385133199776 384.22494168377426 
293.39029986075303 3.5324773353249928 383.1586302863996 
293.09637772584824 3.623021233914193 384.0049716113314 
292.8839114348103 2.5629042922164604 383.5668957752462 
293.3540323887242 3.7464611932209335 385.617956327853 
291.50074689877533 2.57042792201488 381.79919174538986 
287.6797355047348 0.19061190241853598 388.77337587803066 
286.92867302073984 -0.04657776076737122 389.4442155600925 
284.1974516985924 7.021476751944889 388.54124786577285 
281.7088031072351 12.660404201440896 387.98683126756146 
280.37222256948246 16.572694980986476 387.6880320522041 
280.55783146380776 15.505448751464407 388.2895532474121 
279.4818926580555 14.740049977831811 388.9494642842808 
278.9912977258222 13.525502249278322 387.1311949970773 
279.0287787110875 13.48130164087942 387.07562678305595 
277.04770903800187 15.308117637858302 387.355632158421 
277.40188238791126 15.46164095767516 387.16054450133043 
277.960651584364 15.873759288926541 387.15483547412987 
277.14049565579677 14.790619273965648 387.7035717129996 
277.1197362954552 13.068944706199185 387.87506248967 
271.476115497406 18.063181935474383 387.1917271409641 
268.06342094249254 21.72591852973072 385.3300885842767 
268.3138438472095 20.8261284460373 386.4406188008181 
268.5898851946264 20.99122139741449 385.2191871863304 
268.4224142446417 20.80893371291179 385.06449546068524 
270.0846901581456 19.46839579456626 385.9021871925834 
270.62453300380986 22.43848960609458 383.7863822557568 
271.8343606733196 27.391015635702622 384.7910253803356 
271.4958796769368 27.25823653306313 383.8646260858281 
266.3331022190209 32.48045426182567 381.43351347884607 
265.75690084131 30.91240033751207 381.82378800934833 
265.66066689972087 30.891851439071647 383.3796848328342 
265.74312038322887 33.86216477631563 378.66976142294794 
266.19369258795103 33.497192725594125 377.91414687251654 
267.1333474540398 34.73389668156999 378.77965257643314 
262.97869679239045 32.852349570076946 379.3801094924072 
261.78688221431383 35.34384851224544 382.107684893442 
257.25494537330064 40.62777581586827 386.7054622466842 
258.9497016320526 42.66404463613801 389.5598424072169 
255.95619869916808 44.10221139397883 391.7635446219298 
259.36401879373363 45.85245893746745 395.53904338579423 
259.0701995593941 45.641516136485215 395.4068814315004 
257.8609268646502 43.31855644759285 395.3096536279562 
262.1203671235367 42.609556900869 398.51622844180446 
262.73024156685 43.79233437340651 398.83652116848083 
260.7008987593536 43.84024039557993 401.56520323675994 
260.6001495267127 43.95355629410994 401.5556645230469 
259.5737662370157 42.598593362803726 400.23070103142504 
259.87842481054184 40.09747527093987 400.26486264711656 
258.67415534134153 40.77860484553501 401.49302887892105 
259.8905086882817 41.70477478926544 402.4534283621013 
259.971996041717 41.06807543130721 402.22880304412746 
259.4772852294108 42.87049075920321 401.9553705085164 
257.50350788522263 42.507745904849315 403.22855156558023 
256.3252175177209 45.58977328257934 404.52931094663774 
256.4501729832784 45.536606472529215 404.66215898641565 
256.43584753816964 45.65938756493378 404.77738221811694 
256.4237012313744 42.859314010627635 402.14705207214877 
254.12678150445817 42.92631475317765 403.40507332926126 
254.4806090500563 42.69115079358678 403.9653389312323 
252.28635649048954 42.8688306276943 406.46259317492684 
247.89475895164927 45.36050153196038 405.0462426239083 
249.08638523981207 45.18367615794919 404.5805982288376 
249.43000655021274 44.66532022540843 403.97081617481314 
249.7780634796939 45.492070810133974 405.45639219125746 
252.00694339068005 45.617386598541714 404.18095959141937 
255.75140397808366 44.832807862830606 410.270071809033 
255.86262532363668 44.202268478698386 406.79422965309567 
254.51052204512354 43.88477714819892 407.71550053563914 
254.69327544847343 41.729772237910645 408.79775028403395 
254.8105088399894 41.50318679130792 408.9323920154444 
256.25700250659224 41.81975650223537 408.3733890999061 
256.74493663436186 42.10037421570184 413.39432014404866 
254.34090549798802 41.80536532921042 416.5886819973607 
256.15045393117884 43.88324657045148 418.12698956975083 
254.45473250152145 44.50924209063493 417.1154246936289 
255.3425622612482 41.113825607337475 418.41641839020707 
253.3138694198768 41.34118677396139 417.1756294808248 
254.0581576519399 39.79052763416792 416.94510511789724 
253.92708125588683 40.11302071488596 416.9886999391166 
251.06803902074276 47.20748022335392 417.1472522928647 
248.24647931232593 48.50875606265268 416.65489526213184 
249.03635714694616 49.0210649189308 417.16371488149673 
247.9256521282762 49.6263116684493 416.70683523893683 
251.49898130773545 49.105878306206925 415.8194378177659 
244.4872023676451 51.38251436054979 412.94882022083107 
244.35666880355325 51.45626832730402 412.4696303593516 
242.62375552500595 57.54756315511017 413.66038685963576 
242.12720465094802 57.06273535492441 412.8762875563914 
244.00179589704237 58.56778724078494 411.60984155595315 
244.03321053774513 58.95175030300599 411.73899378462505 
245.95703542375156 63.04683339201174 415.3796990511502 
245.7265920297829 62.720541400748935 415.0978765395364 
244.07405737043834 67.74871829249939 411.5626423535552 
245.75252862424657 67.18648660475749 411.57038744552307 
244.63259884652166 65.03478523123258 411.07273503133774 
245.8172692467476 61.74272084678137 414.259003893849 
245.6955355514404 61.87176273244017 414.07623176129863 
246.76590916925528 61.89845608845335 414.83446282162635 
244.02053380231536 63.10026227752266 412.59430775457236 
244.8894832034752 68.49578770478082 416.2334051182241 
244.6101673162304 68.62053917744589 416.4939825678121 
245.20939269464682 68.47042970168118 414.8699195108585 
239.73853875296246 66.43548819023967 413.9914361497047 
237.7301495107535 67.22002673675911 412.9500824681034 
236.58277687600648 65.24009010024027 407.4241891778434 
234.82442946583402 65.34485841915414 405.5071836458107 
234.83944836448293 65.13237359735137 405.39920281858167 
234.77439818418478 65.4554060085941 407.0944266332965 
237.55326127616306 68.35419171316899 410.04239383642647 
237.0671102808076 68.76442958750548 410.0872628255301 
236.24831890772018 66.97890141638088 411.2829132170399 
237.26136131974147 60.944372621677076 412.42053440506794 
235.42227937851368 63.19822406877251 413.77579436879734 
233.9950042667406 63.55095911539568 413.36371237175126 
233.46080638732332 64.28063951429748 411.89358326860355 
232.20548477279888 63.781991003951454 413.280446059621 
232.26197061126754 62.60593182392765 412.1635735839566 
232.8469693082804 62.300771738803945 411.96056709414506 
229.16288904039936 66.0300408217588 412.8370338178127 
232.32847336571206 66.21509956116095 411.2102389084913 
232.39988185143162 66.50043097553925 411.6474042902539 
233.30166649671375 66.39884044956017 411.70941528901574 
234.2171171646614 63.1914621524705 412.7963023228638 
234.0554648775837 63.37263220281996 413.1148637831977 
233.21125283983224 67.24945326092615 409.6548790921807 
236.41352484892838 67.36516128301903 407.7316870238144 
236.4098479212367 67.3655594533853 407.7332423746836 
233.53826891517647 66.80896474926546 404.0231467110076 
239.8880449599572 69.29750361181098 404.4113654194548 
236.93350978988124 67.95839101175244 403.999150342152 
236.0324685700886 70.99973222104843 405.20334810957786 
232.97212176334713 70.82018250459036 405.1913721499923 
232.70644993519736 71.39207287123287 406.82065072592263 
233.06828525926107 71.36801232472006 406.6698030965538 
232.401779822848 68.5395268047313 402.0886444605988 
231.72636560203293 67.41069534011237 402.9438046751979 
231.6712916242633 68.10950306317346 402.6673125409332 
235.3353485377759 69.41294653278595 398.6924978717004 
232.86285347560468 69.13298772534962 392.7968418229296 
231.36399899974805 71.06027331225972 392.85096430585315 
230.486448403492 68.18321418578446 393.3447699234996 
230.81671381606938 67.23511967115395 393.1693453194715 
225.90931801009583 74.09752064457813 395.6356509305422 
225.9400649039055 72.85090063981842 394.70101544463495 
225.76334644327687 72.75687407571826 394.6080141086156 
225.727135463044 71.60587100009228 394.82751913465063 
225.86350519215767 71.78921060679853 395.2611127076638 
225.77119355846048 71.99557654359467 395.32775206288215 
226.04093891737455 72.57893445420417 395.01331136141846 
225.59009767165128 73.70021889798363 396.30291203177256 
225.5275600898343 66.3777386609862 400.3066067355404 
223.7398994952914 64.09689696469415 401.64660205240796 
221.33592200588632 66.55602052233009 399.4592091404024 
221.24284362529679 66.34152626574499 399.51736522270824 
221.52120740963394 66.783065949633 399.5985408221785 
221.21531581331195 66.94858952209157 399.57305308562565 
221.9745335579097 65.75329035476723 399.4475419475715 
220.69841858527758 67.02557932596314 399.8084837625989 
218.9856950789073 61.532495460312646 399.4373375870712 
221.30584452664357 63.55025800676007 398.92703794206943 
224.92706270362694 59.82829011553757 401.85355926566655 
225.1279071445047 58.80804329647431 400.79696875709095 
225.90241975762828 57.99256496880248 400.8516174874684 
227.50208434866954 57.347060320446744 401.8875106563309 
228.49785250009867 57.58884328531278 401.97205875599843 
226.07863521404326 55.10130313951714 398.7677116352296 
226.17433981280374 54.960842606720064 398.72127914265815 
226.30782572720636 54.7576066446121 398.56969015868964 
227.39324620404236 53.013413999351556 400.35184128795987 
231.7623239946931 51.327843676394046 401.3365100812383 
235.41756231365756 49.491605442132524 399.61902574733364 
235.36244086824783 49.341713354155374 399.3163212231717 
233.8440887967991 48.29582694785929 399.6886743294604 
236.5786849300416 48.15232511975381 400.5847206470955 
236.68349681337043 47.95768112659333 400.4739115822317 
236.9275821904619 47.60881628184764 400.46541945889976 
235.07026859015616 52.80336344774129 397.43709489971366 
237.03138020036235 51.9592809588755 395.31235388948375 
235.16284936114587 50.36084083207295 395.28573804585324 
233.91610059286012 51.9504941579022 397.43875025028393 
235.7496195464856 52.576120805468065 399.672067050452 
237.69237813164133 52.77272626453601 400.26652990455506 
235.56049333629375 49.91508493044322 399.7099916560793 
235.63041876091975 50.70462335688794 399.14218985401067 
236.25997501893173 49.62884661413584 398.89941350391865 
232.83439312797043 43.49931551444292 396.75536750782584 
227.27249130004284 44.377567688687314 397.03404044639433 
227.43948657930983 43.9822141559982 396.43362992760484 
227.96763005523158 43.48214319244375 396.47275710203513 
227.35722739736977 43.37415537976334 396.6983537381369 
223.4945429105013 48.67930582086214 393.82949945442914 
225.16592922237388 48.66082162345528 392.6346198594388 
225.89480492787277 48.507800390413 392.85281292760584 
222.08016082508018 45.350987522156814 390.3856607951692 
221.5335766582175 48.77245806039383 390.54408702275913 
220.7329041081418 50.42335241865608 386.8524242963563 
220.1331164980058 51.62710090126515 388.1462734676347 
218.91484829497108 51.73821925385974 388.2313755834782 
219.26751914483822 52.38130932895365 387.7895763113408 
217.2585808361984 50.852757362840485 387.3958710509522 
215.64102843158508 53.10693051371773 388.84016653318326 
216.59211804154074 53.265695733313315 386.0867976710658 
216.9702209381109 53.884164755213156 386.0591563707622 
218.69623991428662 47.51199737877357 385.48071103325265 
217.74711223589742 44.6615202856935 388.4908600808892 
216.50153602362144 44.63050297171152 388.7244663838302 
211.6366468570191 47.25424200992143 387.38650871858243 
211.91176980169035 49.77478044234855 387.0198207905784 
211.41429524446536 49.98693546429823 386.23861770488116 
211.2737131028531 49.96492181776269 386.2014725537005 
216.36886074408184 52.26749306962636 380.0024197996768 
210.63077590808797 59.20041249619254 372.2836866398243 
209.42336574659248 54.51469334543342 369.05895322161797 
209.32840710520122 54.803516969780055 367.29504204121423 
209.46005351061228 53.91595842758039 366.0516170046289 
209.46082295042947 53.92823156567338 366.09348563482206 
210.02101872671258 54.45766836158836 367.48830385956586 
216.01685301943442 51.39450469392895 369.26781168226046 
215.2922271143703 49.01229775281239 370.27875487723657 
215.37965866416033 48.92987756707318 370.3509052000537 
218.04642393105505 47.148284160845535 369.79416749423876 
219.0407514510685 47.153235257477505 364.51905136933686 
219.29250580770614 47.09354072852404 364.14813205128576 
215.28807399012487 42.67821978775279 364.4765639505512 
214.7877518359475 42.448453687030266 368.07285437763693 
219.70559129259024 41.525146981434474 369.7427688770786 
219.6898909965937 41.82038195449108 370.3792938490195 
218.15550277602958 41.55085096026806 371.40327363770973 
218.90345842680236 42.63848022138268 371.6202728784684 
219.24334631267436 44.12452396364552 373.88259054459905 
219.24435184944423 44.1333868253256 373.88285517463777 
218.57148309635593 47.974488282879285 375.04137565009 
217.70808058114676 48.90900001180627 373.77435606096884 
218.14028776064163 50.6311635833856 373.6678197286397 
217.6551738857173 49.60894330553335 375.15415385176925 
222.14815289700763 48.81791776242771 376.24881413366523 
220.21012880821038 49.98259903416858 373.5850368570539 
220.4196005344237 50.292077184792454 372.1363911528555 
221.94676854511457 52.54945638844489 370.9920924537214 
218.7810612446477 53.95705787409872 369.93498442212694 
219.33957204193482 53.75609549196444 369.7900913990852 
220.82859000106362 54.39640054405335 368.2715469341374 
220.85189127451207 54.31010136614167 368.31501014842064 
215.81689060381484 56.875509185117664 366.5431509021635 
214.95214631971822 56.840064063802835 366.000086708828 
216.06616152227647 53.93402730311638 364.0853598118112 
211.79500605579497 53.026653284193436 364.30925505370385 
211.35354013247576 53.036428257273265 364.33747144461216 
211.05097141735462 51.89748262055395 365.93879165305583 
211.73992052999193 52.162598254842 366.26369521729777 
209.06863787196855 55.6736134340724 367.55209623574785 
208.7627849579206 55.17870334300365 366.4871229005468 
207.3879192730301 55.28425381599592 365.80183388578683 
201.66608804238112 56.53101776209915 368.12533003571986 
198.51463765170033 64.90947093809879 368.75001439733603 
200.9402742073216 65.52947039136369 368.9983684411148 
200.79803967494917 65.69603077315762 368.53890622130206 
200.6911998345685 65.54599398651094 368.84627691509587 
199.44668212202976 64.25163779122916 373.07222178300725 
193.1889259231971 64.46736144210556 368.9257413511896 
192.8225159807835 63.36250569122757 367.02248526129665 
192.38877300338265 62.96378735410098 367.17301302257664 
189.76323020204504 60.05190303660611 365.87088849533234 
189.94281977733132 59.90339620058299 365.9073390342662 
192.3300446352598 59.156908896603 363.7417416426384 
192.41145982267946 59.335931761980184 363.1746702770166 
192.67990683887137 59.69914768020041 362.8405625008998 
192.4034033186596 60.08314327690045 362.8761448373225 
193.31596321687775 60.3463037822924 362.60781497978394 
192.90620324607366 60.807496639287656 361.9776884586931 
193.34594213841365 60.87788853184489 360.89976686604655 
193.20553064067838 60.748743553968865 360.82187495581496 
193.19241811223506 60.52549609437684 360.6689261638018 
193.40466263261112 59.85139179981716 361.96335695934636 
193.6025667390916 59.664364065572734 363.2938734396648 
195.36898255160466 60.13589300917147 363.47144330487157 
193.2113159822004 60.51128244534088 365.14951110064806 
193.11562913987075 60.40221962604915 365.6220047938239 
193.67981344141683 59.5562479007745 367.7995250120363 
192.88567704680565 60.417032432743966 368.55664676170215 
191.87806278360844 61.851484216965076 368.92569508174955 
191.9851508500668 62.39965997687073 368.30329123792615 
191.90426098771317 62.63485468989943 368.5797546887059 
192.18407425720116 58.375685936193676 372.0765179702872 
194.1570900983522 59.35369068276903 369.97581345055465 
196.7043378957422 60.406951347797076 369.73331979701175 
195.03406422853223 58.751390530338064 370.76615423279134 
196.13755997192982 58.857850665879965 370.4027439196439 
200.01218774883483 59.017346600931944 372.06624906621425 
201.43837201076622 63.915773041911045 374.14256468457086 
204.02691301857672 64.98331275241864 370.94063326288045 
203.2610152552934 71.08115867346147 373.49059472985874 
203.92563685970347 74.38610592044952 371.9382770500189 
202.63013940421584 75.47036704525192 371.1128242597604 
202.25578643801748 75.05343342267977 370.9287328896272 
204.54957712061173 70.91678660359706 371.0436702246914 
205.39934331068838 71.00386942800885 370.7475497267457 
209.36458612977472 71.23068424906063 372.9780979524489 
210.23579704815361 70.68428003305151 371.96117517371283 
210.06073554637504 71.12829312473961 372.3812900453469 
210.5287549910732 68.06359762498906 368.8641582756219 
208.54882077361114 66.77128770438001 368.29833589435987 
206.0168014643575 66.69488881000186 366.84536364165683 
205.42027723599332 65.0530376583019 368.83977121818356 
203.7299305945759 63.64171616389362 372.04686190721645 
204.21345532744454 64.22035894639474 372.9366983682211 
205.44277175948363 63.67585729150115 371.6219446593908 
204.65901685245532 64.64619613743798 370.83665202182937 
202.3437269116936 62.117840430010574 371.0043407802391 
203.34488362172567 61.02126928329478 372.5125625006838 
203.43766710344173 60.968434441700914 372.4074332759636 
206.79909347043557 56.241914242906226 375.86735849606157 
206.4966039814037 55.78972497432436 376.74863715231703 
206.50951118962445 53.29795531714316 373.68102622884066 
208.3530588588066 54.05782914662928 373.77764119530565 
212.45385703312473 52.657189892246905 374.478604054301 
212.61322427853239 54.21067247371593 372.1950235166502 
211.88329028674704 52.97766250968952 371.6070362957026 
211.6243425465521 54.91095781979469 372.7285110861336 
210.96717508858092 57.65727863851999 373.3004124046415 
205.02927308192972 51.68279099673454 369.6379927883813 
204.857947017447 52.09497637322703 372.316597563267 
204.82222060385655 52.03483232212572 374.0968070116264 
207.773904955109 49.98113929407027 377.66360467701895 
206.8994173713622 50.026200187113744 377.6587732937284 
203.41587189235273 51.64968107181615 372.85527209737484 
205.75794174516105 52.73863460431822 372.3950598867168 
205.98299190522218 51.811626658932894 372.1764308693101 
205.14957531000698 52.72662777216959 372.26855887657064 
205.13531745611436 56.86423045641545 367.1585501650402 
204.00891686993126 59.95632349268704 364.5027489023869 
203.39613223567648 59.356463119108035 364.5171164830294 
202.28985189987304 58.20634721665587 362.74459197288894 
201.16839985166882 60.04573437695611 363.3625599115479 
201.9882502141263 58.55666257028611 364.02637105052526 
203.0205161117343 58.06855636395393 364.18346037325176 
203.06540702819234 58.16993199335541 363.801512647743 
202.80683056818677 61.85516899519277 364.1419176599524 
202.2234881630983 61.34269654377287 362.33482866422145 
203.00032574957913 63.004641113972475 363.0673831681769 
202.74636961621255 62.479897276123 363.23967199131204 
201.63268775837875 63.290935498527 365.27083081903 
202.18787877647125 62.82164506787553 365.3642575500903 
198.14065529149443 65.1415169569944 364.33237208898106 
199.67521970799476 63.76091858164012 363.58057553894844 
199.797230928199 64.77619751827238 364.0364273564868 
199.27599668155926 63.57514082383081 363.87714900646154 
198.73947756326527 63.302186075593966 364.20014440351065 
203.09178542671148 65.04558665885229 364.2735777318084 
202.76779421366513 64.94889063674476 364.05298903991775 
199.68162698864 67.87786067449893 366.3565696741029 
196.94181064090228 73.78955532651104 364.0975180518871 
198.86695956926067 75.03599372094698 367.596973360708 
202.703776533524 72.30470104781882 364.29608164638364 
199.23246299762152 71.53056683889763 366.19868313293125 
199.577537552719 71.57397305247757 366.23058259194755 
199.5876777941672 70.86693407087611 366.0038305273886 
198.84544915322198 71.02911874619586 365.87309544726446 
198.69207848931734 72.54173260751027 364.60105989344663 
198.7089206580925 77.46228912084578 361.08211899491323 
198.70237002040417 77.72288192043005 360.98203620377245 
199.66259821126732 78.3331345900991 360.9588890642678 
201.58379704081335 81.1385991144837 359.1870039628976 
201.6511956091217 80.2385879349739 358.962573937993 
200.28424064262157 78.66677927123352 361.61693802470137 
200.226577188655 78.38201061231163 361.41025848373073 
202.64772099087628 80.40832008437938 363.4462129935086 
202.95661919136978 80.28316647611874 365.34874563562187 
202.35128666683988 79.45092367905113 365.7381962770273 
202.5444541796593 77.36855066838055 364.30763672734076 
201.6865395626038 77.07203424298478 366.65614083133613 
201.6630589337581 77.02976270962667 366.41824181010105 
200.1387987734232 76.43065618621078 371.309562682182 
200.0744987342323 76.19970583208928 371.25586103471636 
198.04447000215313 79.79876336286836 371.158853191782 
