1.4366398005266223e-06 1.5248197164341833e-06 1.3769831178342158e-06 1.3517429035162236e-06 1.3600136519120749e-06 
1.439015584562953e-06 1.527853066923785e-06 1.380053861814418e-06 1.35450676988804e-06 1.3627427148030953e-06 
1.4394190035432837e-06 1.528137412170199e-06 1.3804002791540658e-06 1.3548275925332308e-06 1.3631431402315133e-06 
1.4290916114447895e-06 1.518345015466933e-06 1.3704863907992592e-06 1.3448218381946135e-06 1.3529534686673902e-06 
1.4317476953047528e-06 1.520562255693493e-06 1.372755222001391e-06 1.3472115578427824e-06 1.3554464679778918e-06 
1.4279306325700638e-06 1.5155129071923297e-06 1.3669018398833232e-06 1.342821224321613e-06 1.3503311163400408e-06 
1.438719479033205e-06 1.5268174328713289e-06 1.3785574329661717e-06 1.3538651149221768e-06 1.3616890627867271e-06 
1.4460574987116112e-06 1.5336962167810926e-06 1.3854160930039844e-06 1.360950897043951e-06 1.368798355660999e-06 
1.4535852387176075e-06 1.5410872541714055e-06 1.3926249645403447e-06 1.368451159160132e-06 1.3761124489685717e-06 
1.4590936543140023e-06 1.5444818327907272e-06 1.3972304367637813e-06 1.3724801605518608e-06 1.3816583261151506e-06 
1.4557967424112181e-06 1.5423850941923377e-06 1.3946728317205713e-06 1.3699745701030497e-06 1.3785368169253811e-06 
1.4665957162226166e-06 1.553456096687613e-06 1.4067469062282247e-06 1.3807536852465518e-06 1.3903520913207794e-06 
1.4668045975170284e-06 1.5504453203469484e-06 1.4035397637884497e-06 1.3791187475201652e-06 1.3888349813132759e-06 
1.45922527062647e-06 1.5432528919589923e-06 1.3966749683436596e-06 1.3716813032807088e-06 1.3817168897264623e-06 
1.465838284139876e-06 1.54917132047433e-06 1.4034167315072296e-06 1.377739406310247e-06 1.3887162890352733e-06 
1.4671560184223192e-06 1.5502923695893576e-06 1.4048017949555716e-06 1.3788932795527363e-06 1.3901693672225221e-06 
1.4620429405979765e-06 1.5476997531947762e-06 1.4014598358575024e-06 1.3753893859674325e-06 1.3856185771719708e-06 
1.468111183843694e-06 1.5539344982558752e-06 1.406422104843235e-06 1.3818247210046052e-06 1.390671560464309e-06 
1.4655265945824255e-06 1.5521397295258602e-06 1.405656541518021e-06 1.3794914612775544e-06 1.3893580979576734e-06 
1.4692705756016055e-06 1.555495294885115e-06 1.4091456718568562e-06 1.382987990296994e-06 1.39303508367443e-06 
1.4724392991138626e-06 1.5575019956297472e-06 1.411286588795875e-06 1.3854547901518167e-06 1.3957624410923677e-06 
1.467478759224146e-06 1.5523477065217691e-06 1.4073628190829802e-06 1.38012792135979e-06 1.3917686674517575e-06 
1.4683580378540546e-06 1.5532938024397448e-06 1.4082804175839764e-06 1.3810538137414207e-06 1.3926566855426317e-06 
1.4589095748143e-06 1.5439682957293738e-06 1.3988087872428366e-06 1.3716853420618816e-06 1.3831288595859398e-06 
1.4575686721968626e-06 1.5434704443553719e-06 1.3979230883171964e-06 1.370912747538027e-06 1.3818574980423318e-06 
1.4559893688434122e-06 1.5410168541673067e-06 1.3939687961621587e-06 1.369116926727041e-06 1.3785520885095497e-06 
1.4571536919588805e-06 1.5405670877297136e-06 1.395891889914534e-06 1.368869490126173e-06 1.3809949744147492e-06 
1.4593903841235908e-06 1.5436158624735442e-06 1.4001029614761757e-06 1.371362480390145e-06 1.3846345277419223e-06 
1.4580060135722353e-06 1.543769819115969e-06 1.399401100386517e-06 1.3710418416951063e-06 1.3832508216084159e-06 
1.4597818012999197e-06 1.545725777387151e-06 1.4014271926165057e-06 1.3729144442415457e-06 1.3851769114258137e-06 
1.4466524256738892e-06 1.5335081057273733e-06 1.3909726515183542e-06 1.3599678336778159e-06 1.3740005436197897e-06 
1.4385707727795538e-06 1.5241206582964147e-06 1.383712608330131e-06 1.3507115246593763e-06 1.3671204370408369e-06 
1.450229564020548e-06 1.5380825065880624e-06 1.397394094442311e-06 1.3638210681230736e-06 1.379667543788121e-06 
1.4500336192086507e-06 1.5378331994746904e-06 1.397183923925085e-06 1.3635858836066985e-06 1.3794794146117225e-06 
1.4483490720998464e-06 1.538358815593206e-06 1.3982589417179568e-06 1.3631376546716545e-06 1.379341038517375e-06 
1.446840739997845e-06 1.537483735541344e-06 1.397663942188702e-06 1.3619641539303625e-06 1.3783809453950697e-06 
1.4474136812291284e-06 1.5379459839761296e-06 1.3976648568297458e-06 1.362548252345588e-06 1.3785005278856146e-06 
1.449496829641422e-06 1.5404273888480466e-06 1.3995833625993517e-06 1.3649738581219974e-06 1.3802910529562404e-06 
1.461213246096916e-06 1.5476587740186038e-06 1.4092566647309227e-06 1.3736005853024648e-06 1.391964756555662e-06 
1.462071158333678e-06 1.5482618348798346e-06 1.4100231930418636e-06 1.3742811747851343e-06 1.3928416689847793e-06 
1.4625709707251095e-06 1.5484581312269785e-06 1.4105202281073233e-06 1.3745514855521596e-06 1.3934553096030204e-06 
1.4644271773719298e-06 1.5517720253638241e-06 1.412517285846839e-06 1.3775024377496762e-06 1.394880282382157e-06 
1.4706273143802684e-06 1.5550027123054892e-06 1.4153175455555202e-06 1.382022082750061e-06 1.399274218489714e-06 
1.4721595147784118e-06 1.5541566551957337e-06 1.4134571453289645e-06 1.3823408460177742e-06 1.3987766915607336e-06 
1.4689817598434403e-06 1.551505307174943e-06 1.4093072255347713e-06 1.3797353683036334e-06 1.3945527986232158e-06 
1.4652591250731771e-06 1.5482267629021548e-06 1.4064629698598581e-06 1.37618340457233e-06 1.3914168396890316e-06 
1.4695023381683165e-06 1.5535155801561916e-06 1.410769148498332e-06 1.3812291768154646e-06 1.3953205177493684e-06 
1.4665605661820212e-06 1.5502035115989132e-06 1.4095923350862373e-06 1.3776761355414829e-06 1.394045318701116e-06 
1.4652139021407178e-06 1.549336796161884e-06 1.4087796942320671e-06 1.376599169621141e-06 1.3929765155088854e-06 
1.4728214210229726e-06 1.55836544838815e-06 1.4138640814765329e-06 1.3857854335395358e-06 1.397863964208626e-06 
1.4719470029858365e-06 1.5561459483345903e-06 1.4130492408151167e-06 1.3838533980630448e-06 1.397554655315917e-06 
1.4632819548822899e-06 1.5501531858680803e-06 1.406685172905735e-06 1.3768151058876375e-06 1.3898507335592371e-06 
1.4633691919332283e-06 1.5502984090393202e-06 1.4068618119936015e-06 1.3769311464738698e-06 1.389993408652239e-06 
1.4615513660893155e-06 1.5494785614079925e-06 1.4057030980072997e-06 1.375766363278525e-06 1.3883624628478642e-06 
1.457335162710762e-06 1.5455994724400527e-06 1.401581451462183e-06 1.3717874242583104e-06 1.3840933480367521e-06 
1.463853142488722e-06 1.5517234553667119e-06 1.407898464291522e-06 1.3780484075368606e-06 1.3905967903012967e-06 
1.4653078043999288e-06 1.5527252517962783e-06 1.4106969712390857e-06 1.3789083627907386e-06 1.3933924293293984e-06 
1.4668249897234049e-06 1.5527743876534846e-06 1.4111967240294212e-06 1.3794747556130387e-06 1.3945907034377932e-06 
1.4670655020677081e-06 1.5536233547263702e-06 1.4123358016680754e-06 1.3800258929693198e-06 1.3953779555055726e-06 
1.4656731752145606e-06 1.5524923078091535e-06 1.410639029420488e-06 1.3788865140035233e-06 1.3936200361564331e-06 
1.4632340897613491e-06 1.5499874005047427e-06 1.4082701563080622e-06 1.3763784883432622e-06 1.3912638553814219e-06 
1.459530925105334e-06 1.5449087825999624e-06 1.4026428932373945e-06 1.3719500058815739e-06 1.3864139157381589e-06 
1.4564877351376988e-06 1.5418520035228123e-06 1.3985613521648885e-06 1.3690810380180179e-06 1.3824719409466753e-06 
1.4553456964387445e-06 1.5411561579447798e-06 1.3974799655271254e-06 1.3682719994531303e-06 1.381210101453038e-06 
1.4567780734266454e-06 1.5427060106527976e-06 1.3988388028644935e-06 1.3698129007840158e-06 1.382535566032072e-06 
1.4597085524610412e-06 1.5449194098454535e-06 1.4014108239672824e-06 1.3722594536561405e-06 1.3854337253496397e-06 
1.4561198084114443e-06 1.540178292570522e-06 1.3972595359849191e-06 1.3678750410428813e-06 1.3817938663993013e-06 
1.4531352996272435e-06 1.5366742067692652e-06 1.3932423341134712e-06 1.3646762000676448e-06 1.3781095623071112e-06 
1.4512332828459538e-06 1.5348046689486095e-06 1.391352390374992e-06 1.3627927025451901e-06 1.3762031700293936e-06 
1.453059208438252e-06 1.5363372566752522e-06 1.393088438120848e-06 1.364412950413304e-06 1.3780657811079055e-06 
1.4525142814332998e-06 1.5359163340120708e-06 1.3926360730248277e-06 1.3639451235298882e-06 1.3775529181920019e-06 
1.4621445651021072e-06 1.5468240194789871e-06 1.4033667773666986e-06 1.3743786898336687e-06 1.387660143570187e-06 
1.4464302525797456e-06 1.5296636663015476e-06 1.3859483008110364e-06 1.3578315589793184e-06 1.371002628257718e-06 
1.4477036642946888e-06 1.5307670931948336e-06 1.3868023518046662e-06 1.359056702128492e-06 1.3719793923773222e-06 
1.4378200280396441e-06 1.5215652153650846e-06 1.3774439533424597e-06 1.349578292282199e-06 1.3622769683638942e-06 
1.435076388058689e-06 1.5189559921254068e-06 1.375136787278919e-06 1.3468489273054042e-06 1.3598565241536962e-06 
1.4367488426932273e-06 1.5205141542867073e-06 1.3765257552008334e-06 1.3484908398401233e-06 1.3613292717480794e-06 
1.439331605299889e-06 1.523098610945971e-06 1.3789206225984928e-06 1.351117011966557e-06 1.3637518898051112e-06 
1.4322168318577301e-06 1.5154532165776867e-06 1.3704689202309776e-06 1.3438339027819703e-06 1.3556726169560933e-06 
1.417165096473456e-06 1.4983278132804606e-06 1.3537216856172425e-06 1.3274713972055458e-06 1.3399279858072333e-06 
1.4237770048491336e-06 1.5034054071982785e-06 1.3580434374500933e-06 1.3333707238678386e-06 1.3451535124541026e-06 
1.4222038594138298e-06 1.499777921695329e-06 1.3553186403512066e-06 1.3304432591050409e-06 1.34336888453479e-06 
1.4187113697086908e-06 1.4968437883815778e-06 1.3517193148553706e-06 1.3273937133744758e-06 1.3395657716565393e-06 
1.4096083739206998e-06 1.4912186638346612e-06 1.3441921153931587e-06 1.3206475023081242e-06 1.3304797738639624e-06 
1.4081444943685256e-06 1.4889775508297704e-06 1.342906334926379e-06 1.3185358492999745e-06 1.3294673557687396e-06 
1.4105666734417868e-06 1.491851285536208e-06 1.3462548274139292e-06 1.3211263184782692e-06 1.3325217363813116e-06 
1.4101096534433307e-06 1.4910489981103765e-06 1.345683107722099e-06 1.3204228772260182e-06 1.3320974225535393e-06 
1.4086426356560174e-06 1.4896556024233028e-06 1.3445205675280996e-06 1.3189481439482867e-06 1.330863985637705e-06 
1.4101590846713294e-06 1.4909676328635076e-06 1.3467290072075318e-06 1.3201718261590672e-06 1.333060365531072e-06 
1.4052316840797364e-06 1.4855684744214823e-06 1.3407755612653338e-06 1.3150716885704503e-06 1.3274189240276036e-06 
1.415149367962831e-06 1.497923430934265e-06 1.3519161583833956e-06 1.326663346836497e-06 1.3374726550603883e-06 
1.4204071759027009e-06 1.50297121650715e-06 1.3572144204604468e-06 1.3317609525331163e-06 1.3428533093383888e-06 
1.4239940139306574e-06 1.505254314787218e-06 1.3598243398306786e-06 1.3345374385042133e-06 1.3460990971734195e-06 
1.4215947197620729e-06 1.503853040091443e-06 1.3575546716651177e-06 1.3328844125264282e-06 1.3434255618372398e-06 
1.4197493380280787e-06 1.5018794591106656e-06 1.356018922369442e-06 1.3308715862492349e-06 1.3418953843503576e-06 
1.418939285076662e-06 1.4993897724441188e-06 1.3532632543845353e-06 1.3291480780675378e-06 1.3400439009967544e-06 
1.422497515615994e-06 1.5031278211923115e-06 1.3584674052078069e-06 1.332520823013964e-06 1.344963310272804e-06 
1.4144190565569577e-06 1.4961552109099604e-06 1.3509728544207188e-06 1.3251646216335261e-06 1.3369557636240236e-06 
1.4116402435665737e-06 1.4896946541718998e-06 1.345567058403591e-06 1.3200595041313728e-06 1.3333110726128403e-06 
1.4147525897271598e-06 1.4923302233871903e-06 1.3486845432278165e-06 1.3228128249374692e-06 1.3366142670415703e-06 
1.418728220700686e-06 1.4942476998275719e-06 1.3501421732802298e-06 1.3257306076821083e-06 1.3392042335785028e-06 
1.422044991748769e-06 1.4973666427655217e-06 1.3540318049851913e-06 1.3287894330614507e-06 1.343095750384976e-06 
1.4203345257529949e-06 1.496973553252959e-06 1.353731487298454e-06 1.3277974335907675e-06 1.3420991576317719e-06 
1.4197266648727468e-06 1.497266319545114e-06 1.3526682928863575e-06 1.3279686843013086e-06 1.3407520509754477e-06 
1.41610689626577e-06 1.4933024851872449e-06 1.3483911858118154e-06 1.3242095657893483e-06 1.3366909407901615e-06 
1.4127940122200424e-06 1.4902614721762622e-06 1.3470494888620137e-06 1.3207011164812148e-06 1.3349753838722056e-06 
1.4113894374464154e-06 1.490425465301506e-06 1.3479199538722818e-06 1.3200495980752028e-06 1.3349374569141447e-06 
1.410669619481705e-06 1.489839865530045e-06 1.3473900113920791e-06 1.3193942059755158e-06 1.3343297156327243e-06 
1.410763471330235e-06 1.4899823579674969e-06 1.3474811815508957e-06 1.3195260181253522e-06 1.334402745849515e-06 
1.4111117394017825e-06 1.4904674043171563e-06 1.3496528123242373e-06 1.3196362348146443e-06 1.3362772272199655e-06 
1.4194595974773348e-06 1.4985697094066553e-06 1.357589106788547e-06 1.3278945863934801e-06 1.344372978336387e-06 
1.3927812445685346e-06 1.4733035057741473e-06 1.333506485102679e-06 1.3017479144019253e-06 1.3193682168790126e-06 
1.3876800889356487e-06 1.4661883419724974e-06 1.3279723986949944e-06 1.295187405890582e-06 1.314655460211641e-06 
1.3886621130769693e-06 1.468011546589388e-06 1.3291827524962876e-06 1.2967658020169193e-06 1.3155150700536453e-06 
1.3931673388707672e-06 1.472928382113588e-06 1.3341720468207528e-06 1.3015084764009473e-06 1.3202876710612718e-06 
1.3962669236774703e-06 1.4762555525739062e-06 1.3369351517887662e-06 1.3048479511496933e-06 1.3230129986477109e-06 
1.3931617343235564e-06 1.4727553715726812e-06 1.3331539644033034e-06 1.3015562998775235e-06 1.3194697461995434e-06 
1.391834123826382e-06 1.4714828741918626e-06 1.3317920454375115e-06 1.300273163908636e-06 1.3180896906003145e-06 
1.3946650319584083e-06 1.474288767469993e-06 1.3333237619330088e-06 1.3033298349419564e-06 1.3198092026312108e-06 
1.3893168996287521e-06 1.467480514929006e-06 1.3284266881818039e-06 1.2967788461198051e-06 1.3154028873531311e-06 
1.3881608675004274e-06 1.4657076438192398e-06 1.326965245648057e-06 1.2952099735307578e-06 1.3142167532520528e-06 
1.3852859646395378e-06 1.4638590289945474e-06 1.32433533018861e-06 1.2930571904291032e-06 1.3111582114042128e-06 
1.3817688774001345e-06 1.4592238287329278e-06 1.3187825099480727e-06 1.2890583267345716e-06 1.3063029837091036e-06 
1.3781869782137684e-06 1.456089826888481e-06 1.313049608154874e-06 1.2862199962428064e-06 1.3006836846127477e-06 
1.382636632832752e-06 1.4611864841159067e-06 1.3174586543083154e-06 1.2911857011962693e-06 1.30485559316849e-06 
1.3965987478188402e-06 1.4771712407524252e-06 1.3345598477313687e-06 1.306125832913324e-06 1.3207778911278262e-06 
1.397877112085049e-06 1.4783799930640823e-06 1.3359505085446482e-06 1.307332488657575e-06 1.322181864178902e-06 
1.3997845493359747e-06 1.479058863731077e-06 1.3372641639520343e-06 1.3084167355135337e-06 1.3240483076480737e-06 
1.3921181574466865e-06 1.472694599349412e-06 1.3303128474054155e-06 1.3015924633832397e-06 1.3164922313138487e-06 
1.3899565016375559e-06 1.4707168740742701e-06 1.3275873340470677e-06 1.2996751030090745e-06 1.3137687532192145e-06 
1.391386465288951e-06 1.4722742872866057e-06 1.3290028166848968e-06 1.3012097147056723e-06 1.31513913716172e-06 
1.3920977085121832e-06 1.473131725432995e-06 1.3297032868980874e-06 1.3020376433405516e-06 1.3157858550008144e-06 
1.3871675544780329e-06 1.466914807631293e-06 1.32356447088938e-06 1.2963387816067555e-06 1.3102963605150578e-06 
1.386492570905214e-06 1.4664300276880887e-06 1.3229014035446468e-06 1.2958062771288987e-06 1.3095577760773678e-06 
1.385410728798283e-06 1.4649699183474524e-06 1.3213609145527644e-06 1.2945204199489388e-06 1.3082225706023105e-06 
1.3870600754466673e-06 1.4664475420344051e-06 1.322848201572723e-06 1.29607360449433e-06 1.3097996802453097e-06 
1.3816853355516212e-06 1.4610507123347608e-06 1.31718188369678e-06 1.290725983067089e-06 1.3041738701458409e-06 
1.3815816028690274e-06 1.4611360050490256e-06 1.3169546978865783e-06 1.290792434947236e-06 1.3038904439213803e-06 
1.3886090921124734e-06 1.4678668443692248e-06 1.3254028920196202e-06 1.2973310389721655e-06 1.3122712311776925e-06 
1.3872858881500416e-06 1.4661678269142977e-06 1.3243755668191773e-06 1.2956604409653071e-06 1.3113464998427885e-06 
1.4014103857630002e-06 1.4793783506358562e-06 1.3387463455284252e-06 1.3090799910349905e-06 1.3260514821257802e-06 
1.4260508939565237e-06 1.5026559511182242e-06 1.361073937116463e-06 1.3331862512820787e-06 1.3492413231891408e-06 
1.4317883563807738e-06 1.5080464522728521e-06 1.3669264337092383e-06 1.338653933705159e-06 1.3552171115091355e-06 
1.4309743969257175e-06 1.506042026515449e-06 1.3662128504685966e-06 1.3369239602868172e-06 1.354942259950927e-06 
1.4284328343129637e-06 1.5050070076704479e-06 1.3671306344131528e-06 1.334879033261879e-06 1.3548142494430948e-06 
1.4293656836177449e-06 1.5069227208725563e-06 1.3679448464896163e-06 1.3365708062968855e-06 1.355271819189909e-06 
1.429304081307661e-06 1.507074873159628e-06 1.3688536179956327e-06 1.3364977749885105e-06 1.3559677716418404e-06 
1.4258330980475022e-06 1.5035038382491103e-06 1.3652448592827702e-06 1.3329670491777105e-06 1.352411734786456e-06 
1.4163581047863178e-06 1.4943367442303338e-06 1.3562459855126719e-06 1.3236147503405145e-06 1.3432201965600394e-06 
1.4161876626553113e-06 1.4959318177251261e-06 1.357410278566415e-06 1.3245379389648734e-06 1.3435314868897795e-06 
1.4294772151759153e-06 1.5083141234813675e-06 1.371414035078536e-06 1.3370587233869458e-06 1.3577998876832488e-06 
1.434755355857019e-06 1.5114055294293518e-06 1.3746414693835453e-06 1.3410693895607974e-06 1.362141828963363e-06 
1.434566994394997e-06 1.5112017278650259e-06 1.3744455948175155e-06 1.3408703501719208e-06 1.3619526259793541e-06 
1.4348016548631902e-06 1.5088109410077102e-06 1.3729959086724855e-06 1.339451865488771e-06 1.3617279879716137e-06 
1.4501361070236486e-06 1.5265743757380889e-06 1.3897515848234106e-06 1.3563788421282577e-06 1.3773859288891243e-06 
1.4501398652503598e-06 1.526537252226082e-06 1.3897235714470893e-06 1.356357701844694e-06 1.3773777391124391e-06 
1.4460681201161418e-06 1.5225115558025397e-06 1.3851443197195424e-06 1.3523967409557164e-06 1.372845668025163e-06 
1.4668773737422891e-06 1.541338076868788e-06 1.4048128117458782e-06 1.371987787415256e-06 1.3934425503410795e-06 
1.4624701749313114e-06 1.5378637206907637e-06 1.4022596410512657e-06 1.3679435159153841e-06 1.390278755790677e-06 
1.462852168185029e-06 1.5382286186173502e-06 1.4027495007293783e-06 1.3682960077425386e-06 1.3907607376750809e-06 
1.4847288164523025e-06 1.5568997324808544e-06 1.4198400184030389e-06 1.3886900496123683e-06 1.4097395351235234e-06 
1.4822372844813592e-06 1.5545095829009931e-06 1.4184793924481652e-06 1.3860703542205085e-06 1.4081828545093253e-06 
1.4777030454631055e-06 1.5484133359955727e-06 1.4129069249809651e-06 1.380563149916071e-06 1.4033379983685156e-06 
1.4777738530763308e-06 1.5482971114436766e-06 1.411800616134915e-06 1.3807019045658982e-06 1.402464564669075e-06 
1.4786128391674203e-06 1.5496593102659535e-06 1.4130399863942374e-06 1.3818549802698044e-06 1.4034521853873645e-06 
1.4717397504888926e-06 1.5446959110301894e-06 1.4069636715727314e-06 1.3762261267180224e-06 1.3965384731250744e-06 
1.4718752559085123e-06 1.5445363267620527e-06 1.4070368007845892e-06 1.376155541607266e-06 1.3967318650035772e-06 
1.4720674662211326e-06 1.5445852225826036e-06 1.405982635221427e-06 1.3764661980591382e-06 1.395903002722565e-06 
1.482130818226055e-06 1.553074383615735e-06 1.4146636088326017e-06 1.3856455227435415e-06 1.4053786878592554e-06 
1.4813355279863783e-06 1.552409398038844e-06 1.4139286878594783e-06 1.3849331284168107e-06 1.4045854819897072e-06 
1.4829859201085166e-06 1.554459451233503e-06 1.4157698244370704e-06 1.3868472422996458e-06 1.4062509100704293e-06 
1.4862000226259768e-06 1.5565327707448845e-06 1.4185066464775769e-06 1.389317328350317e-06 1.4094873022734374e-06 
1.4789865738720802e-06 1.5499640454660643e-06 1.411086820669617e-06 1.3825978903836215e-06 1.401845618093177e-06 
1.4798293453581472e-06 1.5495875294645928e-06 1.4106589251975049e-06 1.382780624509745e-06 1.402054253093458e-06 
1.4685016512485472e-06 1.5392680777090855e-06 1.3981806654408975e-06 1.37238987755857e-06 1.389341958034665e-06 
1.4684734821071206e-06 1.5394287517195956e-06 1.3982920571698565e-06 1.3724750306254543e-06 1.3893625750182248e-06 
1.4775560054863742e-06 1.547420880256904e-06 1.4058630074477276e-06 1.381064902825877e-06 1.3975630760744727e-06 
1.4940783617156401e-06 1.5615124935142715e-06 1.4226084034478708e-06 1.395792535421157e-06 1.4152112727245355e-06 
1.5028241535356853e-06 1.5701771986971677e-06 1.4306901976133595e-06 1.4046268459295682e-06 1.4234230219549904e-06 
1.5021844954376848e-06 1.5695247595985822e-06 1.4299338001826943e-06 1.4039986179697172e-06 1.4226870673385287e-06 
1.4953780109699448e-06 1.5626646104778069e-06 1.4220142766457e-06 1.3973521637730602e-06 1.4149360309121167e-06 
1.4810618550223124e-06 1.5471884013242874e-06 1.4080910603635682e-06 1.382073680452684e-06 1.4013840415568196e-06 
1.478567396139706e-06 1.544480043242894e-06 1.4062528552539362e-06 1.3792922113290552e-06 1.3995333096528184e-06 
1.474630321462913e-06 1.5404757631106991e-06 1.4016614947204895e-06 1.3754202772807613e-06 1.395054804234287e-06 
1.468756388790261e-06 1.5335581088312297e-06 1.3944835623110108e-06 1.3690215962790314e-06 1.3884468413787655e-06 
1.467808701836222e-06 1.5323561233466016e-06 1.393311366966994e-06 1.367929821031498e-06 1.387401019386677e-06 
1.4622426725025745e-06 1.5294462333560709e-06 1.3907994355552011e-06 1.3637023012497072e-06 1.3834578578865973e-06 
1.4615179149753337e-06 1.5284271955659227e-06 1.390041532551275e-06 1.3627669104829144e-06 1.3828150430228086e-06 
1.4412163980858473e-06 1.5082133695557105e-06 1.37094732004963e-06 1.3422506820766716e-06 1.3635023228787671e-06 
1.4451086045873066e-06 1.5110461759333603e-06 1.37239337282698e-06 1.3458401590220654e-06 1.365691138289649e-06 
1.4522236875532248e-06 1.5163881113337233e-06 1.3775303418776568e-06 1.3520633111868575e-06 1.3717787941020288e-06 
1.454200149913702e-06 1.5171163579613182e-06 1.3779683067437398e-06 1.3534387517060626e-06 1.3729038230119855e-06 
1.4554772724106645e-06 1.5184084285787336e-06 1.3790936489298938e-06 1.354760043492685e-06 1.3740457238322472e-06 
1.4551647688869413e-06 1.5172523454012625e-06 1.3784694137014046e-06 1.3538964767099404e-06 1.3737829671657817e-06 
1.4621693042508776e-06 1.525985254408122e-06 1.3860539570741123e-06 1.3620605533577766e-06 1.3806401254141414e-06 
1.4563630095839548e-06 1.5196388375767132e-06 1.3795597636226621e-06 1.3559824669083117e-06 1.3744408982778849e-06 
1.4486714434679767e-06 1.5114609864984054e-06 1.3723411804300721e-06 1.3478227717829415e-06 1.3673337266016115e-06 
1.4428530129961427e-06 1.5051543077960068e-06 1.3665869462860668e-06 1.341622185497123e-06 1.3617500698979395e-06 
1.4424799384995987e-06 1.5047566283283705e-06 1.3661362373795148e-06 1.3412454826913498e-06 1.361319182495179e-06 
1.4366481615532341e-06 1.4982517635108358e-06 1.3619167315446723e-06 1.334604114355832e-06 1.357123301984201e-06 
1.4361644661694275e-06 1.4980328434713187e-06 1.3616752386209037e-06 1.3342635044337328e-06 1.3567478123295687e-06 
1.4378175284807982e-06 1.5002259533001502e-06 1.36310520536774e-06 1.3363511603423156e-06 1.3580068266665693e-06 
1.4487780066496942e-06 1.509426729885922e-06 1.372484902062961e-06 1.3463787219842685e-06 1.3682791776061502e-06 
1.4534297042316109e-06 1.5138221729832396e-06 1.3760515993890299e-06 1.3510683075104102e-06 1.3720980078817971e-06 
1.4556468107870442e-06 1.517954048804438e-06 1.3795061106254278e-06 1.3544302161438855e-06 1.3746597519335344e-06 
1.4558148215685653e-06 1.5188040164603424e-06 1.3791889597455981e-06 1.3551886736673047e-06 1.374153170262067e-06 
1.4537380475199762e-06 1.5164817280546614e-06 1.3760597916444934e-06 1.3531387550116148e-06 1.3712616997811912e-06 
1.4520094319475796e-06 1.514378037402952e-06 1.3739869727956713e-06 1.351201890485287e-06 1.3693771638459312e-06 
1.4579598450673304e-06 1.5201307425146513e-06 1.379210624461516e-06 1.357172028062113e-06 1.3747816318052784e-06 
1.4578823103283856e-06 1.5200038683837994e-06 1.3790179879344937e-06 1.3570819319065274e-06 1.3746236263668575e-06 
1.4560679942362556e-06 1.520449917791017e-06 1.3802487245629314e-06 1.3562978558483416e-06 1.3745748097996888e-06 
1.4675364917264638e-06 1.5321724292200178e-06 1.3918001999432186e-06 1.3679652511958729e-06 1.3860284207563377e-06 
1.4612423435966772e-06 1.5283276899284364e-06 1.3866527756325465e-06 1.3632275775708415e-06 1.379790030189299e-06 
1.457274112289039e-06 1.5241374393675792e-06 1.3802986548499e-06 1.3595781694478024e-06 1.3738457859871649e-06 
1.4519377597777468e-06 1.5209694437474616e-06 1.3755188749276238e-06 1.3557375825768614e-06 1.368159800933383e-06 
1.455760453157861e-06 1.524840818579843e-06 1.3794765418638948e-06 1.3595771177189565e-06 1.372084144853917e-06 
1.452445954356822e-06 1.52091483227673e-06 1.3747227867555032e-06 1.3561062898513144e-06 1.3677575003835753e-06 
1.4574050485092533e-06 1.5248096397771465e-06 1.380440130568747e-06 1.3601118674046415e-06 1.3737803165627003e-06 
1.4647208337405592e-06 1.5277743369468266e-06 1.3851146080615267e-06 1.3647760247670437e-06 1.3804766996612573e-06 
1.4681734709152793e-06 1.5305673687034499e-06 1.3889632325513024e-06 1.3676701624433616e-06 1.384522383970899e-06 
1.4708953308677848e-06 1.5333921597881085e-06 1.3916467566034889e-06 1.3704822797239106e-06 1.3871745178202394e-06 
1.4689351837485356e-06 1.5315316596209885e-06 1.388289256951109e-06 1.3688857789149472e-06 1.3839723306631004e-06 
1.4634247651564285e-06 1.5261803947115739e-06 1.385215206813726e-06 1.3629675274607401e-06 1.380494466204483e-06 
1.4635380584452558e-06 1.5262391073794817e-06 1.3853131159376362e-06 1.3630443778876468e-06 1.380615228169924e-06 
1.4851580398767157e-06 1.5463878426119964e-06 1.4055941063507448e-06 1.3839216773119897e-06 1.4016549784091144e-06 
1.4852637137995027e-06 1.5465067863409223e-06 1.4057192362336414e-06 1.3840332715233534e-06 1.401772465664272e-06 
1.484474746735789e-06 1.5458444908459863e-06 1.4051439627550908e-06 1.3832905861469298e-06 1.4011189864941949e-06 
1.4900706797678468e-06 1.551299333361036e-06 1.4093812208908388e-06 1.3890796313773185e-06 1.4056034818164326e-06 
1.4871365373263544e-06 1.5487937159730887e-06 1.4069297425782232e-06 1.3863500159803655e-06 1.4029207389616384e-06 
1.4842442851525438e-06 1.5480993322026134e-06 1.4081903559394887e-06 1.3842084104735459e-06 1.4027711409838993e-06 
1.4863179809312152e-06 1.548737144640166e-06 1.409337941296743e-06 1.3854271419950774e-06 1.404590555375167e-06 
1.4861192581305591e-06 1.5486059130939735e-06 1.4092090279345543e-06 1.3852630320853854e-06 1.4044263248610738e-06 
1.4924716710286741e-06 1.5550596336587146e-06 1.4151657378817523e-06 1.391783644026263e-06 1.4104049858733556e-06 
1.4829561499735374e-06 1.5477890170350124e-06 1.4056099268845253e-06 1.3838951890182021e-06 1.4000000666018112e-06 
1.4827412840939195e-06 1.5476725136376019e-06 1.4051578904766356e-06 1.3838015169179052e-06 1.3995435488681648e-06 
1.4927379398674172e-06 1.5586935412715157e-06 1.415033451267595e-06 1.3946065020888608e-06 1.4090566452664206e-06 
1.5004612304962233e-06 1.5658789377378354e-06 1.423003894976481e-06 1.4018976510455995e-06 1.4172028104818133e-06 
1.506438411677193e-06 1.5713427252970614e-06 1.4276065798773209e-06 1.4077984217071753e-06 1.422194965086801e-06 
1.507837246287217e-06 1.572843217877004e-06 1.4290015332240419e-06 1.4092767441017445e-06 1.4235531516264728e-06 
1.509789374823833e-06 1.5752843605401754e-06 1.4323253570053255e-06 1.4113065371757537e-06 1.4265036332588632e-06 
1.5126911777403617e-06 1.5805608563201018e-06 1.4387001996271115e-06 1.4152617591267298e-06 1.4315032422521324e-06 
1.5049970573827602e-06 1.574834476569634e-06 1.4318927142806246e-06 1.4088335475852612e-06 1.4238225370232864e-06 
1.5080978314088072e-06 1.5782071799941836e-06 1.4350577310131418e-06 1.412131684799376e-06 1.426878558400154e-06 
1.5094935496512926e-06 1.579524539578754e-06 1.436955322239071e-06 1.4133706944286214e-06 1.4287381054715255e-06 
1.5097705064760235e-06 1.5798009158847214e-06 1.437244187365062e-06 1.4136454711027438e-06 1.4290258033753367e-06 
1.5076836654749885e-06 1.5784765341903194e-06 1.4350294960761022e-06 1.4121498116174315e-06 1.4265379979226604e-06 
1.5105624141887312e-06 1.5822412107220668e-06 1.4399769118161253e-06 1.4152835041838573e-06 1.4308687725690293e-06 
1.500021353446998e-06 1.5719876609493506e-06 1.4285480691119049e-06 1.4051111471512413e-06 1.4194425988617068e-06 
1.5022494645719705e-06 1.5752933522779395e-06 1.4304665644781096e-06 1.4082213245451919e-06 1.4209964089675114e-06 
1.5050040842703017e-06 1.5775980747812856e-06 1.4323960381772387e-06 1.410812780380711e-06 1.4232121610134074e-06 
1.5066554747118939e-06 1.5794742634479909e-06 1.4340114481737478e-06 1.412646011394745e-06 1.4247486569302844e-06 
1.504150742239885e-06 1.5772497152624387e-06 1.4314761612886587e-06 1.4103551440662018e-06 1.4221085404502941e-06 
1.501912999175402e-06 1.5749170857551896e-06 1.4291857601287715e-06 1.4080513276398189e-06 1.419859193077747e-06 
1.5014011229409625e-06 1.5747907556934042e-06 1.428937194599674e-06 1.4077762468788536e-06 1.4194275646763951e-06 
1.5003509991900908e-06 1.571754082864139e-06 1.4269025780200856e-06 1.4054236444950532e-06 1.4182814956220762e-06 
1.5003842244189194e-06 1.5718741337404176e-06 1.4269722449954456e-06 1.4055149201085655e-06 1.4183132313515567e-06 
1.500755171634632e-06 1.5727554184619545e-06 1.4278626238511338e-06 1.4061640004965248e-06 1.4189390810568495e-06 
1.5022046409468838e-06 1.5743763242706916e-06 1.4288345520295915e-06 1.407846932192956e-06 1.4199125071363409e-06 
1.5036214618796299e-06 1.5754938209173712e-06 1.4301401535282592e-06 1.4090634573552836e-06 1.4213484342726154e-06 
1.505617529185215e-06 1.576698890094217e-06 1.4312859279150256e-06 1.410644984296828e-06 1.4229129032777125e-06 
1.4983200172983646e-06 1.5703180238424031e-06 1.4247960643581685e-06 1.4038543164483459e-06 1.415957280953786e-06 
1.486526244745239e-06 1.5578901921792275e-06 1.4139542032877328e-06 1.39135560346982e-06 1.4052147493015238e-06 
1.4831333310553838e-06 1.556289252482273e-06 1.4130818550818562e-06 1.388793230562195e-06 1.4033138321339963e-06 
1.4807902000652428e-06 1.5551549223379404e-06 1.4126259550308736e-06 1.3869819787260905e-06 1.4021389294770978e-06 
1.4744357000704648e-06 1.547918018880411e-06 1.4052338736081259e-06 1.3801518263836732e-06 1.3952170772881056e-06 
1.479941888732678e-06 1.552588870132683e-06 1.4104236473048895e-06 1.385105702049568e-06 1.4007728590471364e-06 
1.4805238478968235e-06 1.5532883146337106e-06 1.4118826369010524e-06 1.3856061315686202e-06 1.4020679269394913e-06 
1.4761230375534566e-06 1.5494972867252091e-06 1.4085391719583852e-06 1.381447800420354e-06 1.3983442352750166e-06 
1.477460665134134e-06 1.5513646929769105e-06 1.4097849200590373e-06 1.3832030989499752e-06 1.3994028492829623e-06 
1.479000821775425e-06 1.5533497830714028e-06 1.4116424953895355e-06 1.3850199456857485e-06 1.4010497895598882e-06 
1.4783151066409965e-06 1.55273962872965e-06 1.411018405910333e-06 1.384377525916238e-06 1.4003879034568881e-06 
1.479497916499196e-06 1.553294182207151e-06 1.4118178968442978e-06 1.385165209913886e-06 1.401479382342977e-06 
1.4876408399697998e-06 1.561158919660165e-06 1.419630919993607e-06 1.3931824865490161e-06 1.4094511760681833e-06 
1.4899333233834802e-06 1.5629585537126527e-06 1.422543822688559e-06 1.3949940513538562e-06 1.4124682909317369e-06 
1.4894610007088468e-06 1.5625310879364577e-06 1.4220637567634013e-06 1.394555477740356e-06 1.4119718340814525e-06 
1.4909909741303193e-06 1.5635542760333757e-06 1.4228369279609826e-06 1.3958548217710564e-06 1.4130420388872648e-06 
1.510364652684596e-06 1.584916519543041e-06 1.4438823774743164e-06 1.4164425990124304e-06 1.4331246916052925e-06 
1.502890006708234e-06 1.5797665408698667e-06 1.4364297753425929e-06 1.4106999997289589e-06 1.4247794905906384e-06 
1.504335047617458e-06 1.5812048649843402e-06 1.4380929875126223e-06 1.4121005751124742e-06 1.4264171734807595e-06 
1.5071453606459515e-06 1.5839752434546342e-06 1.4411501368245358e-06 1.4148389794978695e-06 1.4294589281344912e-06 
1.4945865235258922e-06 1.57253018361689e-06 1.4290571943353195e-06 1.4030080768916174e-06 1.4168660448407998e-06 
1.493130611799443e-06 1.5723146763700865e-06 1.4277699467188597e-06 1.4024648632230128e-06 1.415081919182688e-06 
1.4964764686309449e-06 1.5764745050704558e-06 1.4315421073262715e-06 1.406359426637912e-06 1.4184899967990466e-06 
1.4992500308401936e-06 1.578655096186647e-06 1.4346303576820846e-06 1.4086212505251604e-06 1.421764982203486e-06 
1.4939179133849857e-06 1.570923874798763e-06 1.4271772877995607e-06 1.4018613561189078e-06 1.4155062835925574e-06 
1.497895543011637e-06 1.5753843729770625e-06 1.432794651655332e-06 1.4058956613527915e-06 1.4207220296188537e-06 
1.4991825511599337e-06 1.5759591883801543e-06 1.4345652893068779e-06 1.4065551514720346e-06 1.4226988814409313e-06 
1.51850529032263e-06 1.5937766596444036e-06 1.4525453508159617e-06 1.4250426399987087e-06 1.441451915802489e-06 
1.5159812674783522e-06 1.5911747109423609e-06 1.449949460088059e-06 1.4224679500701959e-06 1.438892851741344e-06 
1.5126799929708584e-06 1.5875336799357297e-06 1.446561759967089e-06 1.4189207329994416e-06 1.435642359386855e-06 
1.5106194714738328e-06 1.5852168743624195e-06 1.4440459583736494e-06 1.4167493382758667e-06 1.4332837332581234e-06 
1.5111971557361966e-06 1.585207955393824e-06 1.444502272464088e-06 1.4169125153052052e-06 1.4339792814281238e-06 
1.506413862344407e-06 1.5786122610978627e-06 1.4403544386420793e-06 1.410656858520179e-06 1.4304247645691544e-06 
1.5149352506950082e-06 1.5872264315452504e-06 1.4491037384276039e-06 1.4192261848838018e-06 1.439115591724054e-06 
1.515143803715746e-06 1.5874759744674139e-06 1.4492860548316935e-06 1.4194701156869419e-06 1.4392862455220947e-06 
1.5175437280689215e-06 1.589661311498972e-06 1.4514133489657015e-06 1.4217667427964665e-06 1.441534136197255e-06 
1.517551464773496e-06 1.5897404246435948e-06 1.4516557544892397e-06 1.4217849358574379e-06 1.4417173701774718e-06 
1.5079068291149935e-06 1.5808896369196468e-06 1.4423430279044233e-06 1.4126428238687272e-06 1.4320505995239361e-06 
1.5146201444461863e-06 1.5893394659746e-06 1.445572969799794e-06 1.4213321600169722e-06 1.4351057761144875e-06 
1.508385269251003e-06 1.582296276980554e-06 1.439093643670029e-06 1.4145211902709167e-06 1.4289603742128867e-06 
1.5155425338053354e-06 1.5890735640564892e-06 1.4454648932934459e-06 1.4215649845873137e-06 1.4355900470657864e-06 
1.5147625894811533e-06 1.588196632121458e-06 1.4447730792850427e-06 1.4206924680158944e-06 1.4349222303896523e-06 
1.5165542551664756e-06 1.5899037307673064e-06 1.4464054181524052e-06 1.4224563317261391e-06 1.4366101320397873e-06 
1.5314206187459543e-06 1.6067770492526419e-06 1.4626600663517192e-06 1.4385950759091498e-06 1.4519286785613125e-06 
1.5299652786451712e-06 1.606567364509491e-06 1.4616159799743197e-06 1.4380017243057956e-06 1.4503542505499708e-06 
1.5305716023359658e-06 1.606577411963793e-06 1.4618632613807087e-06 1.4382273234243836e-06 1.4508774162046497e-06 
1.5254892030199512e-06 1.6019226656903867e-06 1.4570204066471299e-06 1.4334115360910938e-06 1.445834422423785e-06 
1.5205545823522159e-06 1.6004285014175243e-06 1.4534980103871926e-06 1.4308239953665197e-06 1.4408058015391365e-06 
1.528034918076896e-06 1.608982612907182e-06 1.4614334865064804e-06 1.4390597606621289e-06 1.4482785825842448e-06 
1.5278884808205578e-06 1.608427971325532e-06 1.4605924697933145e-06 1.4387404448675437e-06 1.447686545744542e-06 
1.5297931786619168e-06 1.6112433876331466e-06 1.4635002845211504e-06 1.4411490925131307e-06 1.4501140641556055e-06 
1.5376557210365066e-06 1.6169192916973556e-06 1.471587467660896e-06 1.447287617836083e-06 1.4590130234731516e-06 
1.5391607844686162e-06 1.6165231881669345e-06 1.4721333560306877e-06 1.4475316992899117e-06 1.46041282603622e-06 
1.543423182813958e-06 1.623019028667107e-06 1.4781438790161848e-06 1.4531650215259632e-06 1.4653426062603787e-06 
1.5397466866900545e-06 1.6188718218292e-06 1.4719636330813005e-06 1.4496262951737542e-06 1.4596755392347582e-06 
1.5404915106903444e-06 1.6195709509229273e-06 1.4729455665294047e-06 1.4502881993579402e-06 1.4606436741376313e-06 
1.530043725942952e-06 1.6093906749003071e-06 1.4630416355378527e-06 1.4399136167337582e-06 1.4505533481411535e-06 
1.53180200229883e-06 1.6099628834736902e-06 1.4633699282767524e-06 1.4410553325008923e-06 1.451528319144046e-06 
1.5319510421822076e-06 1.610794750802233e-06 1.46397377164598e-06 1.4416374056221319e-06 1.4518108028605565e-06 
1.5325844119617632e-06 1.6080564319001435e-06 1.4640909403760998e-06 1.439795673092118e-06 1.453280492897549e-06 
1.5288607924451117e-06 1.6037292760220452e-06 1.4608193155342456e-06 1.435518138654269e-06 1.450172495824918e-06 
1.5179628948251176e-06 1.592378216318715e-06 1.4499302566000842e-06 1.4242527858171587e-06 1.439443354141472e-06 
1.506514296657358e-06 1.5818337872107292e-06 1.4389133182364113e-06 1.4133758591700337e-06 1.428013249278874e-06 
1.5179923018019694e-06 1.5932378307386867e-06 1.4512990059012419e-06 1.4246483271173435e-06 1.440314843094343e-06 
1.5167488429906886e-06 1.591172453585691e-06 1.4486509395299985e-06 1.4230549426061472e-06 1.4381686136726384e-06 
1.515499734221844e-06 1.5904900004592911e-06 1.4475493714957525e-06 1.4222013313866163e-06 1.4368308244434698e-06 
1.5178128322401002e-06 1.5945513781612587e-06 1.4500618597902677e-06 1.425806578965082e-06 1.4386546477114988e-06 
1.5017693189417918e-06 1.579107893330223e-06 1.4348400826671508e-06 1.4100214032209378e-06 1.4230764305459689e-06 
1.494777375079115e-06 1.5721955564598107e-06 1.4277257448396666e-06 1.4030992044485618e-06 1.4159408446786498e-06 
1.4931326811562346e-06 1.5707058868914808e-06 1.4259883410529766e-06 1.4015880805801505e-06 1.4141551438739777e-06 
1.4965048849797985e-06 1.5736921116693476e-06 1.4305304006776677e-06 1.4044417500532243e-06 1.4186893722316206e-06 
1.503410728177467e-06 1.5822970596343378e-06 1.4385947050714845e-06 1.4124324119693116e-06 1.4259579295663401e-06 
1.5035996913535816e-06 1.5824822351631467e-06 1.4388065631560661e-06 1.4126144357616177e-06 1.4261683421240716e-06 
1.5150582539130627e-06 1.5940586858084305e-06 1.4499012643159738e-06 1.424259394733102e-06 1.4372797499207067e-06 
1.5075707785399402e-06 1.5874667969412381e-06 1.4413939705591775e-06 1.4176491697154353e-06 1.428560496821109e-06 
1.5030774859211176e-06 1.582262452724138e-06 1.4364099502409978e-06 1.4126970136728719e-06 1.4239088351440153e-06 
1.499586527055942e-06 1.5798699392220154e-06 1.4343030699713492e-06 1.409766328834183e-06 1.4211925699916019e-06 
1.4934711627037272e-06 1.5761603081611925e-06 1.4297696921337685e-06 1.4051863643909745e-06 1.4155206361167672e-06 
1.4964882448210804e-06 1.5793440241136702e-06 1.433088688216675e-06 1.408278778287093e-06 1.4187391282325183e-06 
1.495385081823652e-06 1.578161215592227e-06 1.4322748757627952e-06 1.4070531671411459e-06 1.4179157523486123e-06 
1.4935746211030832e-06 1.5759592786402082e-06 1.430675819440247e-06 1.4048925777557748e-06 1.4164358729536848e-06 
1.5004622274109727e-06 1.582974571570909e-06 1.4367407176868575e-06 1.4120583671035164e-06 1.4225702756849153e-06 
1.503728955735168e-06 1.5855272089816715e-06 1.4389770148347948e-06 1.4149848239691576e-06 1.4252213686890744e-06 
1.5001665746508622e-06 1.5809840565648075e-06 1.4351258489953495e-06 1.4107118893249423e-06 1.4217795035541528e-06 
1.4932476545331073e-06 1.5748922818680466e-06 1.428850322698368e-06 1.4042899541516433e-06 1.4150935987526435e-06 
1.4958294395641958e-06 1.5773431892464307e-06 1.4314343531454537e-06 1.4067751447236898e-06 1.417730372763127e-06 
1.4909419686306857e-06 1.570778186276379e-06 1.4272270489717144e-06 1.4004490964161585e-06 1.4140661270967267e-06 
1.4918222876318147e-06 1.5720399701053574e-06 1.4283601833053097e-06 1.4015748853828664e-06 1.4150208189058299e-06 
1.4878392245554257e-06 1.5683268154494431e-06 1.4242725910235882e-06 1.3978105903220117e-06 1.4108398396233844e-06 
1.4864474988249826e-06 1.5671309973246856e-06 1.4231584089631892e-06 1.396512409811728e-06 1.4096119938369283e-06 
1.4907337124102914e-06 1.5703225741505812e-06 1.4264918259991943e-06 1.4001531608662113e-06 1.4134959662276582e-06 
1.492627269164504e-06 1.5724505749904916e-06 1.4286320384838554e-06 1.4021826269655748e-06 1.4155157132898208e-06 
1.4932622010186728e-06 1.5725541112230893e-06 1.4287253977341693e-06 1.4025172777111303e-06 1.4158852957055825e-06 
1.504924004558907e-06 1.5830900454689987e-06 1.4385880698551362e-06 1.41369750107098e-06 1.4264325407012625e-06 
1.4975103128936695e-06 1.5775653289055284e-06 1.432351102393725e-06 1.4074843345948136e-06 1.4193086882441666e-06 
1.5039992400333065e-06 1.583528982812656e-06 1.438864042957293e-06 1.4135781074150813e-06 1.4260259511964943e-06 
1.4957606100536917e-06 1.5775779653954684e-06 1.4324656205070965e-06 1.4067219193969089e-06 1.4184980440452177e-06 
1.4956422481377416e-06 1.5775571294534233e-06 1.4324240141437378e-06 1.4066636489509957e-06 1.4184087623022418e-06 
1.5040033579189388e-06 1.5859024204531571e-06 1.439220675952183e-06 1.4153445789911532e-06 1.4254309377759362e-06 
1.5037392896056804e-06 1.5855756808760474e-06 1.43877806405236e-06 1.4150676540024386e-06 1.4250358957004662e-06 
1.505434169865022e-06 1.5868220570021973e-06 1.4406269739714612e-06 1.4163857828123406e-06 1.427037498837261e-06 
1.5049063114837442e-06 1.5864918111235665e-06 1.4413841511591256e-06 1.4157526695334014e-06 1.4275461551027408e-06 
1.5055323137758877e-06 1.5902961816376352e-06 1.446501182324551e-06 1.4179738292911213e-06 1.4308495090701903e-06 
1.5056497443632379e-06 1.590456038543651e-06 1.4466278031932351e-06 1.4181226564731643e-06 1.4309588502556864e-06 
1.4908229473735025e-06 1.5759567527735787e-06 1.4305528156213937e-06 1.403758833598267e-06 1.4149071406249401e-06 
1.4825347558478603e-06 1.56880190172909e-06 1.42189701884873e-06 1.39641565687192e-06 1.405855413427616e-06 
1.4717463559502049e-06 1.5583303147623394e-06 1.4124076267589355e-06 1.3855963625794358e-06 1.3960581575898954e-06 
1.4709557908680297e-06 1.5588177383806811e-06 1.4123186558685684e-06 1.3856736652244201e-06 1.3953845878480563e-06 
1.4558327604379458e-06 1.5457195807164403e-06 1.400477308603922e-06 1.3714844252230094e-06 1.382311393570927e-06 
1.4469258655411822e-06 1.5362706903843418e-06 1.3908934992299793e-06 1.362259127707182e-06 1.373012701534016e-06 
1.4494533847655506e-06 1.5407480717643394e-06 1.395245947726478e-06 1.3659897463968813e-06 1.3763784047736082e-06 
1.4426433776605047e-06 1.5345174985612324e-06 1.3892602316092435e-06 1.359470252657208e-06 1.3700515894846291e-06 
1.4356994502966928e-06 1.527614604119266e-06 1.3829797239954324e-06 1.352420113753597e-06 1.3636582026881482e-06 
1.4444702741210375e-06 1.537716251172044e-06 1.3914974555196927e-06 1.3623179943371154e-06 1.371708928139767e-06 
1.4437676474603684e-06 1.5372016483771852e-06 1.390635680739278e-06 1.3617951519307936e-06 1.3707942982018652e-06 
1.439540118727191e-06 1.5355289426460696e-06 1.3892242268950067e-06 1.3590784954019767e-06 1.3680231714289095e-06 
1.4434790419559092e-06 1.5392448980707347e-06 1.392474449335596e-06 1.362975846276437e-06 1.3714550540461158e-06 
1.4417451986354718e-06 1.5369344279733955e-06 1.3906598241436073e-06 1.360788978975337e-06 1.3698710820228588e-06 
1.446630844956014e-06 1.5424896057012606e-06 1.395872218380261e-06 1.3661621280435923e-06 1.374789863537928e-06 
1.4347068211529859e-06 1.532546698239476e-06 1.3847185947995838e-06 1.3556744950569165e-06 1.3627509225394608e-06 
1.431863388536177e-06 1.5279972370560904e-06 1.3808443507885975e-06 1.3516375027562022e-06 1.3596662508224962e-06 
1.4355569987930453e-06 1.5305120423146713e-06 1.3826126103610617e-06 1.3547578974001358e-06 1.3621462392097296e-06 
1.4356985565155993e-06 1.5306434358378322e-06 1.3827676099093924e-06 1.3548888587031013e-06 1.362303650709544e-06 
1.4358109422448664e-06 1.5307369842985676e-06 1.3827968155019415e-06 1.3550025728317721e-06 1.3623511172163994e-06 
1.436801192386507e-06 1.5317819307423928e-06 1.3837052230849921e-06 1.356055248546391e-06 1.3632505182539343e-06 
1.4364288804467822e-06 1.5315142448417192e-06 1.3836213271299102e-06 1.3557101955725661e-06 1.3630881199299385e-06 
1.4317147609779279e-06 1.5271484862437425e-06 1.3792439643108997e-06 1.35120304521486e-06 1.3585247846197265e-06 
1.4358450400706154e-06 1.5317840970107396e-06 1.383780638757139e-06 1.3556719723731843e-06 1.3628196349745264e-06 
1.433775082912414e-06 1.5317830735712341e-06 1.383199253408611e-06 1.3549928487942794e-06 1.3612405971300814e-06 
1.4336169951407973e-06 1.532210334301994e-06 1.3839604204486327e-06 1.355133875373455e-06 1.361656022138598e-06 
1.437275490522598e-06 1.5350009378130966e-06 1.3844379347781755e-06 1.3587224126058795e-06 1.3628859278585202e-06 
1.436090480058806e-06 1.5340298998512291e-06 1.383698129691508e-06 1.3576203479733073e-06 1.362003732137416e-06 
1.4396074909608191e-06 1.5359622257964836e-06 1.3856525425217314e-06 1.3601609777492408e-06 1.3647807913243816e-06 
1.4293713385217844e-06 1.5269639815990035e-06 1.3765595966582088e-06 1.3506888235763543e-06 1.3550428240654952e-06 
1.4267731790592034e-06 1.52407369632644e-06 1.3736183790462219e-06 1.3479156217536457e-06 1.3522550155884295e-06 
1.4201744285852347e-06 1.5181982429227282e-06 1.3666162472617573e-06 1.3419865195846684e-06 1.3450120222377942e-06 
1.4233816052459713e-06 1.5211451091180404e-06 1.3700616785627697e-06 1.344934106200825e-06 1.3485337145655954e-06 
1.422110841222475e-06 1.520039009251543e-06 1.368730890206516e-06 1.3438098167702759e-06 1.3471443597834914e-06 
1.4226638471644544e-06 1.5205640138529201e-06 1.3692837856085763e-06 1.3443406758405864e-06 1.3477091130916165e-06 
1.4190673925123907e-06 1.5175395209203984e-06 1.3662589778013833e-06 1.3410922142545663e-06 1.3443820419074687e-06 
1.4133124319371053e-06 1.5109271882140033e-06 1.3598867203702104e-06 1.3347451667973062e-06 1.3384131596083534e-06 
1.408817541403576e-06 1.5035226799248538e-06 1.3531070180428415e-06 1.3283231267820603e-06 1.3330526968859733e-06 
1.406472701004162e-06 1.5004624212571685e-06 1.3515095533432043e-06 1.3252354003813534e-06 1.3316327102883096e-06 
1.4194170497716038e-06 1.5142738642061756e-06 1.3658188601430327e-06 1.3386356763053647e-06 1.3454496975122527e-06 
1.403734567218181e-06 1.5003426687172212e-06 1.3512235770213005e-06 1.3241327173177989e-06 1.330008002687957e-06 
1.3968341115139723e-06 1.4936088202102954e-06 1.3447095912936762e-06 1.3172773649762653e-06 1.3233677357489366e-06 
1.4197493467994824e-06 1.5144940208020176e-06 1.3680017701649736e-06 1.338516132333338e-06 1.3474366371782418e-06 
1.4227889807933025e-06 1.5154000574598606e-06 1.3691726816907664e-06 1.3402064923402287e-06 1.349680493438818e-06 
1.4229056299043512e-06 1.515771569690984e-06 1.3692434545030643e-06 1.3405365083776306e-06 1.3496589296510545e-06 
1.4343376308270498e-06 1.5273411614730665e-06 1.3807294320935482e-06 1.3520922183177406e-06 1.3611021590772122e-06 
1.4342389861380015e-06 1.5277798456750241e-06 1.380885519940641e-06 1.3523756521377656e-06 1.361017287359943e-06 
1.4314792866745351e-06 1.5244831905801875e-06 1.3767675680202125e-06 1.349444238912014e-06 1.3572796252806502e-06 
1.4330321584606333e-06 1.5242183174971535e-06 1.375795555791889e-06 1.3500429641526902e-06 1.3573423654486072e-06 
1.4275916124216998e-06 1.5185744713370081e-06 1.3705372594297231e-06 1.344390813506941e-06 1.352130669556215e-06 
1.4260147455624017e-06 1.5170893820881214e-06 1.3692675876523767e-06 1.3428225113434387e-06 1.3507829787619685e-06 
1.4255508206185071e-06 1.5165468624351619e-06 1.3683497231613917e-06 1.3423860762678396e-06 1.349954132796815e-06 
1.4270477113122206e-06 1.5187835951058752e-06 1.3695942266280025e-06 1.3445342599100783e-06 1.3509475238300135e-06 
1.4255937843191119e-06 1.5175188037387474e-06 1.3680702179439307e-06 1.343244971275073e-06 1.3493571432206244e-06 
1.4253301198601294e-06 1.5174520242439475e-06 1.3676813261798777e-06 1.3431664407409939e-06 1.3489078477302831e-06 
1.4238326158128673e-06 1.5160439316037619e-06 1.3661398663783513e-06 1.341747706835644e-06 1.3473351117341696e-06 
1.4277349175214875e-06 1.5186126430775746e-06 1.3670420850543671e-06 1.3452131056465649e-06 1.34915130851729e-06 
1.430976040436607e-06 1.5205105967980664e-06 1.3675877114830276e-06 1.3479621688167401e-06 1.350574756815243e-06 
1.445323310726396e-06 1.5331313580151064e-06 1.3796139653678465e-06 1.3614567062446768e-06 1.3635957527910195e-06 
1.431617498198684e-06 1.5231353186861342e-06 1.3688679653340229e-06 1.3500885827815313e-06 1.3510019778836834e-06 
1.436849375629299e-06 1.5266164227453805e-06 1.3727242349096025e-06 1.354204971823234e-06 1.3557260410711884e-06 
1.4261929215664324e-06 1.5164344402892855e-06 1.3621885112327814e-06 1.343890519400263e-06 1.344973706913323e-06 
1.4158742878854979e-06 1.5024753637918904e-06 1.350513989118856e-06 1.3308892252852553e-06 1.3348747057191091e-06 
1.4161629224625779e-06 1.5028051867593445e-06 1.349834820087931e-06 1.3314318876432212e-06 1.334306993494946e-06 
1.4239559796001007e-06 1.508187649784901e-06 1.3574958368414528e-06 1.3373272776746607e-06 1.3429304122644927e-06 
1.425912111467874e-06 1.5078222508199684e-06 1.3583404052084687e-06 1.3376851124420848e-06 1.3448212724229643e-06 
1.4408537322933852e-06 1.5209499428158636e-06 1.373406162486593e-06 1.3512065359606971e-06 1.3605877242368697e-06 
1.4433236252886934e-06 1.5231832226034366e-06 1.3759856746215536e-06 1.3534741260468367e-06 1.3632464595330196e-06 
1.4384926699685196e-06 1.518762221817318e-06 1.3714693397870158e-06 1.348885899530528e-06 1.3585245991894084e-06 
1.43915279245388e-06 1.5199967050073186e-06 1.3723675321889721e-06 1.3499463687555664e-06 1.359171163869759e-06 
1.4406704516818017e-06 1.5213361158684347e-06 1.3731424276098746e-06 1.3514858194815709e-06 1.3601157386149584e-06 
1.4377226799268612e-06 1.520143546139601e-06 1.3693572957367886e-06 1.3501024104853432e-06 1.3557624036215713e-06 
1.425243086991218e-06 1.5093473526550444e-06 1.3561248292086613e-06 1.3391197274984201e-06 1.3419615421714872e-06 
1.4279650816215202e-06 1.5116764004657493e-06 1.3570029622595297e-06 1.3419661002701358e-06 1.3432390446100895e-06 
1.4362662679872909e-06 1.5201735684571228e-06 1.3656703721518626e-06 1.3503551077423705e-06 1.351793840959353e-06 
1.4339637158098441e-06 1.5181985115532338e-06 1.360924949673168e-06 1.3489166949271063e-06 1.347239563267913e-06 
1.438209549429702e-06 1.5216265415609838e-06 1.364870828294516e-06 1.352574841316118e-06 1.3515487854560266e-06 
1.4372021551192625e-06 1.5206906279933595e-06 1.3636308856834057e-06 1.351682612307744e-06 1.3503102775610673e-06 
1.4397646604239526e-06 1.5233399457724837e-06 1.3663151539650341e-06 1.3542905481152102e-06 1.3529483922658536e-06 
1.4378204176595908e-06 1.5197360286181734e-06 1.3639448788873773e-06 1.3510937717046355e-06 1.3512758136156554e-06 
1.4383093791926414e-06 1.5205133786053142e-06 1.3655523287548622e-06 1.3515427436916675e-06 1.352624197412875e-06 
1.4405045561191555e-06 1.5214758315271135e-06 1.3656264222164214e-06 1.3532657941933044e-06 1.3534597634225668e-06 
1.4436856701148318e-06 1.52403876867094e-06 1.3687213149430453e-06 1.3559741856028082e-06 1.356809716451617e-06 
1.4463446985832514e-06 1.5283455851591657e-06 1.3722721970667136e-06 1.359753154780619e-06 1.3596076700893145e-06 
1.4479045731907356e-06 1.529862212064615e-06 1.3737093940930958e-06 1.3613114667179403e-06 1.361079956748053e-06 
1.4452163741323538e-06 1.5280206357952593e-06 1.370973088690372e-06 1.3593212074388251e-06 1.3580179440420607e-06 
1.4421831589473695e-06 1.5251320625022993e-06 1.3682844530728854e-06 1.3563136129306608e-06 1.3552235234799444e-06 
1.46483161419137e-06 1.5460392163272646e-06 1.3882872138043478e-06 1.3782549985575122e-06 1.3762817795077174e-06 
1.4604809280113982e-06 1.5415574611678823e-06 1.382846081971071e-06 1.374072577126748e-06 1.3710300396315544e-06 
1.4655284361302197e-06 1.5454523033502193e-06 1.3870028699032568e-06 1.3784192175558598e-06 1.375758408037391e-06 
1.469737274454431e-06 1.548510177064292e-06 1.3895034241457084e-06 1.3821474442780206e-06 1.3789371081102752e-06 
1.4605477227013506e-06 1.5383734471944187e-06 1.3788673814374156e-06 1.3725549385545887e-06 1.36884904333461e-06 
1.4686184513194152e-06 1.5423819765563612e-06 1.3846194853044055e-06 1.3779706921187574e-06 1.376492544882528e-06 
1.4694660058545488e-06 1.5441595901966085e-06 1.3866416773433623e-06 1.3792555421821946e-06 1.3779988803737232e-06 
1.4697910054471408e-06 1.5452981779156118e-06 1.387810014429929e-06 1.3800136438154288e-06 1.3787403257141617e-06 
1.4696946231501749e-06 1.5452782649048184e-06 1.3878255730122887e-06 1.3799492174279596e-06 1.3787112408158364e-06 
1.4652606109832246e-06 1.5400845479756577e-06 1.3832605778175556e-06 1.3749296129435812e-06 1.374452034825761e-06 
1.4662074750513109e-06 1.541369844911359e-06 1.3841572629924084e-06 1.3761635240758155e-06 1.3752258688396354e-06 
1.4726343084450538e-06 1.5476907574911786e-06 1.3908743272460659e-06 1.3824420259472623e-06 1.3819522961611984e-06 
1.4734851397642204e-06 1.5479018015992488e-06 1.3920551193481662e-06 1.3826969947660386e-06 1.3833364151852074e-06 
1.4722896727904368e-06 1.5447524943036305e-06 1.3895213878374443e-06 1.3802885498246567e-06 1.381734017584568e-06 
1.4678830092895479e-06 1.5392841016370527e-06 1.3852412238951421e-06 1.3750019322749513e-06 1.3778402636404819e-06 
1.4631748796124318e-06 1.5340215648629048e-06 1.3826668990848532e-06 1.3693243461643722e-06 1.3751841285270061e-06 
1.4771792916236415e-06 1.548641711654021e-06 1.3952330512685469e-06 1.3841917566660205e-06 1.3877239505670497e-06 
1.4655667438922204e-06 1.5375798050593834e-06 1.3848708805365464e-06 1.3726770531685743e-06 1.3769687990734756e-06 
1.457933023596554e-06 1.5290156974233422e-06 1.3752277314813808e-06 1.364796252427697e-06 1.3679472518350174e-06 
1.4656405164201967e-06 1.536759195518546e-06 1.3843281533481417e-06 1.3722025634585549e-06 1.3768529530935936e-06 
1.4627279268457008e-06 1.5339497037670421e-06 1.3831340971683208e-06 1.3689491500314661e-06 1.3753828791668132e-06 
1.4628018075640486e-06 1.533751364746449e-06 1.3830710023089493e-06 1.3688446412080071e-06 1.3754427443411544e-06 
1.4633387430165236e-06 1.5339085478869924e-06 1.3832742204309088e-06 1.369167871592979e-06 1.3758373285137404e-06 
1.4648975783902751e-06 1.5356047992741097e-06 1.3847792286792606e-06 1.3708494092758831e-06 1.377298644344492e-06 
1.4706913111329436e-06 1.5409325297799633e-06 1.3895129161634145e-06 1.3765488060478877e-06 1.3823609289325143e-06 
1.4750688375210741e-06 1.5435488242090185e-06 1.395247248783624e-06 1.379262337921501e-06 1.3885870770909065e-06 
1.4860557021211792e-06 1.553075353557848e-06 1.4040440285020312e-06 1.3896685705628624e-06 1.3982510110888593e-06 
1.4858912817934114e-06 1.5538426384885433e-06 1.4044252432230022e-06 1.3900871080979004e-06 1.3982021101117224e-06 
1.5027939011963044e-06 1.567887965680584e-06 1.4196540696033226e-06 1.405246831362187e-06 1.4147634439014369e-06 
1.5085694863222654e-06 1.5719050300415332e-06 1.424408620446947e-06 1.4099485174349535e-06 1.4203312744812125e-06 
1.5032841028739949e-06 1.565447866996225e-06 1.4180202954471176e-06 1.404029282299006e-06 1.4145360711089575e-06 
1.5004476397513938e-06 1.5634939164179708e-06 1.4152745292026421e-06 1.401827257057683e-06 1.4114407598055907e-06 
1.4986921268533492e-06 1.562411107782817e-06 1.4144135367347794e-06 1.4003641385675099e-06 1.4101991407813209e-06 
1.4980249862964885e-06 1.562017801290603e-06 1.413424201935346e-06 1.3999776212147641e-06 1.409149821278101e-06 
1.4974984370029583e-06 1.5619127016644667e-06 1.412404891223904e-06 1.3998861539232697e-06 1.4080379156032794e-06 
1.4894020934281584e-06 1.5549002157970277e-06 1.405274707789285e-06 1.3923641807712225e-06 1.4003551622217125e-06 
1.4864298128742403e-06 1.553472193969157e-06 1.404607808854682e-06 1.39001649266336e-06 1.3987804142445197e-06 
1.4927609698742302e-06 1.5599381967056464e-06 1.4104212032088108e-06 1.396586256622e-06 1.4046192380454344e-06 
1.4968990389510765e-06 1.5631982784353498e-06 1.413349878358069e-06 1.4003504366506792e-06 1.4080521886166013e-06 
1.4965691503731033e-06 1.563102984012545e-06 1.4132586297559208e-06 1.4001419519150495e-06 1.4078384941913814e-06 
1.4974503910982706e-06 1.5640809876994819e-06 1.4140098825692392e-06 1.401130111915179e-06 1.4085715215482657e-06 
1.48462573677131e-06 1.552765376590887e-06 1.4035481809024324e-06 1.3888717184282822e-06 1.3971988413229617e-06 
1.476657245204504e-06 1.5466918576236695e-06 1.3954788905822876e-06 1.382367674081206e-06 1.3884119313349533e-06 
1.475931833168273e-06 1.5453501962229023e-06 1.3941579730877893e-06 1.3813071308830048e-06 1.3874072384411547e-06 
1.4512959711920364e-06 1.5205966532710736e-06 1.3701935848439036e-06 1.356363974658489e-06 1.363371801548104e-06 
1.4553535463989124e-06 1.5282577812795017e-06 1.3783805726839355e-06 1.362249497809958e-06 1.369621156825857e-06 
1.4746410943225455e-06 1.5488283817048634e-06 1.400613883667827e-06 1.3819064450329018e-06 1.3909848246137653e-06 
1.4604389236452524e-06 1.5372640088427114e-06 1.3873616500491875e-06 1.3695104162224864e-06 1.3765781735065352e-06 
