265.5638239108649 11.016730737276204 345.9016691291854 
266.1271684451807 9.829524016869794 346.5506447664167 
266.06708239110105 9.981012791132436 346.72527676568825 
264.5562030587628 9.10570810012205 344.09059466380705 
264.8244538123764 9.840566630426892 344.78410032543354 
265.0248315516265 12.77441646572726 342.75301203719005 
266.5780694757538 11.593110463158762 345.8416755511557 
267.79768615794296 12.47616969053478 347.56306870980086 
269.4039891245994 12.954601925174135 349.12752734435014 
267.8447592270661 15.56840898198378 351.9542972805786 
268.3415668936731 13.854302227998978 350.615451970962 
268.7583261658796 12.435759954886883 354.5794935363995 
268.1537957990627 18.433730481808944 354.156243089472 
266.39459861077574 17.330665748719138 352.7862134742819 
266.05276022635934 17.817117000926338 355.43164052914346 
265.8061315960706 17.918454179528734 356.08629613479883 
266.84037613445264 14.095275399665706 354.0297616673839 
270.0068140188736 15.128211462291032 353.8141597618373 
268.1326010477912 12.645900275695066 354.60737855840335 
268.470820798093 13.23801426644316 355.6724603401801 
268.4748809212291 15.22696672065787 356.5502867279418 
265.5652705750724 14.290262945940077 356.95669242724694 
265.7858041853206 14.205560954873105 357.1380608708174 
264.38691754412133 14.05737331098094 354.6499537246412 
265.01508717902607 12.926210175424764 353.86640988346767 
266.85940217726153 15.981820589009315 351.44920259069215 
262.82352540360716 16.501539652659325 354.7388916337534 
261.60440662918217 13.899367800614549 356.848530520059 
263.17562401655937 11.992242894463274 355.4976971302648 
263.4288668906278 11.60958680125109 356.03208756357657 
258.5977113084748 8.144737772102197 355.09805058166387 
253.46609696813638 8.311832245878222 355.68447745467586 
256.5724880820387 4.5209822727043125 358.3069161464525 
256.4611831077777 4.576872078231341 358.30525834107556 
255.93367467190748 0.06944818988018753 358.59006183375175 
255.41136055852184 -1.3423098096376878 358.55533197320256 
256.2120171407373 -0.6816482315147758 358.1386937488159 
257.5812652319381 -0.8335824304951032 357.9671282035115 
254.3867001253334 4.75316920549275 363.79007873730944 
254.19626604876595 5.047957188673795 364.1944797592001 
253.71070149489532 5.290828145070942 364.6736089621581 
256.5599566047538 3.999213606603103 363.57527014488886 
257.45278864970294 9.82491831073004 364.4725365062574 
258.6596613107121 15.169140250691402 363.427221205027 
260.6732516645364 15.711795399048125 360.77389901752196 
259.4630559187494 14.440873773354477 360.44328382011383 
262.07863333656275 13.583433583322936 360.3033835627692 
258.0352810669587 12.066602598336457 362.26567130883575 
257.85666707523325 11.138420567596961 362.02834145265444 
265.92943887284093 12.620022359882894 358.93467520190256 
263.1214043489896 13.621381108670814 360.4648428229855 
262.9868425923006 9.122361988939536 358.0008137871012 
262.96875679363905 8.986500878863184 358.06478833468856 
263.4849567094408 7.5244161929671 357.22141648888675 
263.2312888056148 7.149377786907661 355.88920651977753 
263.9512499210757 7.684771070535091 357.71977503687833 
261.19013970691816 6.686176542959657 360.34865642861956 
260.3017898993401 8.885666495458105 361.23619642347666 
260.0537308647056 7.492591742824586 361.6850592563059 
260.798284517093 7.59026245330475 360.63917885893306 
260.13896349146387 7.563113343118088 360.20664378961317 
259.97576303631723 10.576403740961023 358.5414414308027 
261.07611748964587 11.614953601025581 356.48931505077394 
261.62027613086934 11.196456238120005 355.739707357815 
262.2095042639368 11.186354557559257 355.8517518362216 
261.941237715044 12.129591564368818 356.99193985181245 
260.0394272685271 13.576485712930776 356.7959130599237 
260.18254573592316 14.995538146433287 355.37128965546066 
259.8922665861156 14.941928665748575 354.88079546028337 
259.8029193901714 15.277071828850756 355.56831009097374 
259.7938978257393 15.08265138383094 355.40328377605294 
262.1295873708139 13.048754145032966 357.624280461486 
259.37018908761274 15.763527347044676 353.34118232037235 
259.9369352007637 16.32558636773361 353.320128388115 
258.6496635151779 15.183831332759903 350.7500875282732 
257.73491046588316 14.624683086775988 350.4725538756651 
258.25951705553723 15.007609620815193 350.65883351078406 
259.01016021716157 15.214654293331899 351.0491169270603 
258.86532760552234 16.879190476365643 348.23545280256013 
255.02595551498823 19.963388473609392 344.8607766148679 
256.90986738049077 23.455524688350902 345.3437706721562 
254.6415970043773 26.124417091403696 345.8789999146274 
255.21487381708792 25.74448756047547 344.2382645091414 
257.53274507223966 21.43540731532471 339.95029973469326 
255.58513468398317 21.834470061191492 340.75137376237467 
255.41931762935278 20.629478117229628 341.99645080394095 
254.88505839691865 20.9969188289922 342.14597710107506 
254.29426488589485 20.627973454847602 342.09028454303984 
253.12906937605382 20.133798431181333 343.5789498990901 
252.97492175025525 21.417966877003433 341.6237685129712 
257.29571954776543 18.50468792210199 342.72199040457156 
257.78063309858754 18.685575481170392 344.30587519848467 
257.52951285491724 20.681453470580955 345.4803459739937 
258.7384228613566 19.759499334780347 343.8669368368571 
257.69752456072706 19.53398541461748 343.97310775331215 
257.473188326682 22.700376778494743 343.264654984152 
255.89215148131194 21.009120380857276 346.0422334983056 
255.59573101218447 19.495175580032896 343.5089403537993 
252.42154813815344 24.800775254199426 343.7787103637478 
252.08848134971552 25.207238774825036 345.0954095680347 
252.89254239039647 29.281027714409383 345.204433751832 
252.2275286888256 28.93760662370162 346.97787394544815 
252.1682735317322 26.53231109034984 346.85806620130677 
254.41098194915162 26.277771816855672 345.0902833965878 
254.15677728638406 27.11543850498809 343.7574525198988 
251.05050931189112 24.94665531615043 345.1504670675322 
250.17499632032514 21.533833328724135 345.87519678065325 
250.00356602986128 21.238610728974688 345.78184402679796 
250.1124931954063 21.20553587647556 345.7461793756067 
247.62280705293654 19.339082037790327 347.93140227360135 
249.23880912976995 20.02614797114442 349.76899863813316 
243.27042388225806 16.15706148000076 344.72413142791424 
239.44486100527087 18.02500746973251 345.1366498051532 
240.77364728058322 17.18956422452193 344.74149601958106 
241.54084163876504 16.463287204386848 345.9890634766748 
242.9874014330947 16.6462169975354 346.11209586455794 
242.77584312452737 17.559764088350562 344.96730651167485 
242.70142431409502 17.537306020468385 344.5355896943941 
245.11051995424404 18.831953332633486 343.70201832286733 
240.89120583500136 19.430410989907728 344.51886041721764 
240.05165120940268 20.16798454799266 344.53378894345815 
241.03300168796957 19.134936924019826 342.9992299528364 
241.499398287254 21.855305845494467 340.90523611775996 
244.90212564620097 23.504719001628523 336.9126262731145 
246.89090165237727 23.12916187385197 337.23196196591095 
248.21427273873388 18.81008769113197 342.25868974099126 
248.13944809715125 18.769481015327546 342.79102932432977 
247.1521421806722 20.287787987873777 343.9194110211076 
247.0907563989717 18.5321487173476 341.43770785486805 
247.89914986288323 18.9076831386311 340.00370825604284 
248.39917184814848 18.842633117757654 340.19201362838095 
248.80251812543736 18.751479682184907 340.18633613842314 
247.45657581931314 20.806017529056053 338.9442130654202 
247.66188368345436 20.643784821525287 338.5777244792811 
247.48572498218158 21.34737393936678 338.17273701670257 
247.70970120280128 21.651911424036825 338.57093576723196 
247.16978484311662 21.870455389385054 336.91584230706866 
247.67414614167382 21.845058148407052 336.52312792083296 
246.23089041364923 20.813098840721032 340.3394011488464 
244.88237715368908 20.794900269226126 340.79471222690245 
245.28822401395405 21.430535546999593 345.60306533490007 
250.58219934101626 25.0657803448068 350.3606249952533 
250.74995966414744 25.3091004064608 352.31446936968297 
248.2619457346192 26.11012961659157 353.5676691795075 
245.22356007152925 21.520019121882733 355.5180857234977 
247.37478843883525 20.896002498681415 354.52286148567237 
246.2463703333881 19.776407840290656 355.45147451196203 
245.69290371265026 19.947152728377812 354.52826908717816 
243.9264083427513 19.13529961173558 352.39670464247195 
245.0625122077844 16.488200284438555 352.0099044645138 
244.5158718955645 16.607592293333052 357.18918489218674 
244.5649948835335 20.3694728999234 358.45126868526404 
244.51687814805032 20.38647262870396 358.4117995805826 
242.343259638675 24.068927350903476 359.2787355294537 
247.15753241474238 20.991552680195852 362.2145432937905 
247.13213595936736 21.055090648688118 362.2218791054636 
247.34067436358663 21.474410441369095 360.53344694080766 
248.9044802073088 24.449384557021638 366.5363874512044 
246.96794588605638 21.786366995562 366.6703230513384 
246.82650953905232 21.69573711755149 366.9158398535706 
252.0755856685684 29.41165016541512 370.0215144300192 
250.02790468516588 28.133509487333754 370.70015269877484 
247.99055282840663 30.341004461784262 369.9678269999004 
249.5410780290329 31.685375992308884 368.7223445132608 
250.02726648081912 30.883149764912897 368.86468699892345 
251.21647951660816 28.449184377694408 366.0444863097039 
250.78174178578462 28.74628577310196 366.3262033698271 
252.5390554516596 30.122790184987366 364.9617197053088 
253.46810040981737 32.95934104373656 367.4596354830041 
253.48478218858077 32.77899720367173 367.193857199287 
254.21401150500947 32.30263364372115 367.40407559710707 
253.35354882595868 33.75603922732332 368.8623889732117 
253.69955003336457 33.30741103941017 366.0845303087545 
253.57168703455096 35.5742200587216 366.01419805518196 
255.39343835498974 35.69043826164672 360.5881871629394 
255.52192309772676 35.40182672517832 360.55056684034867 
257.43061556718965 37.98982577487779 362.0395091568134 
255.25599960774272 40.08841510072111 369.1444745908029 
257.65194962503557 41.05476433297045 370.53331258457433 
257.70946476424456 41.16853844720924 370.23430056627404 
258.25940384654456 42.17388263473537 367.1295726089489 
252.99957497890873 42.30972462218514 365.3841034046637 
251.1258638907055 41.74778983746631 365.8470995137267 
251.38499362427694 42.35542930994958 364.09318752268695 
250.51142913007283 44.31725959291798 362.06600141482204 
250.23160058742053 44.712947733500826 361.8118130350208 
249.43083343846175 39.4437757265564 361.50973150317407 
248.81160397369246 39.6871214823587 361.603120131366 
243.69032728462292 37.91711125030953 357.96283727687495 
246.20341990047197 41.23980590514569 356.9753898428288 
247.20995363715699 44.75471534041376 358.0934758228237 
247.63866644403606 47.297354375589784 357.9177663311787 
248.11919220079042 47.47544940494762 358.02233663812746 
246.98995365165203 48.424344890637876 358.42750463421896 
250.47230184302967 46.72964299166353 359.0890654841301 
249.56743355534482 47.65258621183132 357.33011807675496 
246.62937979188024 47.32143904990028 356.55150150790894 
244.6533748747688 47.451713164479685 355.69686004373057 
244.6663781813554 47.53507357335245 355.53033831373205 
239.9591552517141 46.28848528634887 356.7970787872296 
239.98926568123665 45.83565425451418 356.7111517653087 
241.59856013171841 45.69295323841588 356.29904115829174 
242.63421879219726 48.92900460709254 358.8340396829579 
244.62846519543302 50.34745420479231 358.87226507527873 
246.60791009987594 47.72089246482356 359.03323324238795 
248.66396499854767 47.68103553671921 357.73008375629587 
249.5070106921705 48.84577592907003 356.1028647055079 
249.05759949416307 49.41864514333201 355.6232346175967 
250.8386344097904 50.483324961222344 356.34563378799487 
250.91434023780465 50.63277830794597 356.22694974872695 
250.02847825578561 45.814861479495704 357.3589715699556 
252.31483968120878 45.875156416855326 360.0302302274926 
254.0126128285154 42.64743041535402 357.30506059297613 
256.66925253683996 45.075784117649455 353.40025693842995 
258.900176395618 42.69363994248936 350.38902354812535 
259.45074095774066 42.62855088340097 351.4458463352926 
259.9833313348401 44.429768445585516 349.3831309173055 
257.684132799218 44.649430852236506 352.836094904817 
254.9868452462565 50.873286578399444 355.9065987962533 
253.72048629526074 51.10618747060021 358.0065667757725 
254.43894143633895 51.15458910277989 358.5124474483371 
256.49832607820485 52.40437502703878 356.03081241193536 
252.0081513465255 49.67385190189432 357.78042003555134 
251.94980083751008 49.735117268195395 357.8467236291255 
254.98435694195715 52.94117153101997 362.97573566252055 
254.9962732321566 52.91471727657506 363.0136383105808 
254.76020818272664 52.572969808549345 362.96978129403584 
257.6213774831016 54.24791454615772 362.656157728486 
257.15864968834353 53.32148388841437 362.1241543242935 
254.17793030725724 47.30401771503677 364.5926076278061 
253.2932974484773 49.433864705444996 365.432972166642 
253.27573379842804 49.303889183709195 365.40357077471873 
255.17447797643393 49.82597684622642 366.33997965341905 
257.8779530284625 47.800979639593805 361.46625676963333 
258.4063592793684 47.956189115429346 360.9822163292955 
262.2720917048223 47.574576350168435 362.1045754452233 
262.18136502574407 47.984482692192984 364.94969852672216 
264.459013812793 49.98467124733348 365.09525931707094 
264.90332661432797 49.951574933034145 365.31419174902607 
263.9497601546934 48.21277296642324 367.1373773077721 
263.3575692346249 42.81195122766731 369.8901640357515 
264.3797261129299 40.12089513718764 366.9245745004085 
265.3354893407084 39.91387430386559 367.45405710864225 
264.60547318584213 39.493859585051375 368.574216618685 
264.6326502671954 39.4888189419576 368.659163776136 
265.9522281634271 38.95726145977416 367.07574672453666 
264.7777313439939 36.176744300142026 369.5559448652616 
264.95763304899054 36.623232487516795 365.4240034908101 
267.9223904852682 36.12787340412654 364.2581801861844 
268.8827866543174 37.39939210341346 364.33147752159255 
269.6655073149058 37.29393941826818 364.4109298736146 
269.81438043060285 37.04229956723634 363.4186257320646 
269.322649697015 37.12091628506391 362.9168891860653 
269.54627667708564 36.529959988727775 362.68982066699994 
267.1413344803003 39.10540691627224 363.4653016432176 
267.25479257586534 38.99942589404185 363.4200160854192 
267.4569983065644 38.06781987946909 363.6173738435937 
268.8172441192597 38.454381756845365 363.10182715537854 
268.6712564813575 38.84265836382266 363.65295300345406 
268.8824454347418 40.399525148238666 363.90605733398417 
268.0494268811956 38.65737542282214 362.15276903723947 
263.2354056388692 37.90973962491002 361.3367843427758 
262.00226596750144 33.85589852280163 361.8007048369499 
260.86093593406986 30.936981051365787 362.31927884055494 
259.7527209471736 32.55827539489729 360.4139236750562 
259.6270165151036 33.65081370108731 362.31850145995276 
258.54159617734524 32.681087999396205 363.48197387621394 
257.2477502282361 31.04178298454854 363.0762503548709 
258.62828158689535 30.74249385881578 362.6774220028543 
259.2274732667537 30.09830031812172 362.9576447656391 
259.1540671830359 29.96341648219513 362.78149742898455 
258.78030423605065 30.870714715387262 363.2991659491045 
260.17944842175956 31.58340400868811 365.1979372248024 
258.62679063574075 31.385903261620644 367.1477055951477 
258.64457492147665 31.34907883785405 366.9690755938698 
259.16231152093184 32.555487649541334 366.93952914529206 
263.57167010290226 29.6078964912194 371.619457754956 
266.7417446792749 27.58397518828558 367.02743200761074 
266.6230806241314 27.388064472404814 367.6832754875996 
266.62905612187905 27.211038628089057 368.7530406191657 
265.8341323371869 25.636516480932013 364.94430029208604 
267.6887642043961 24.447886746129033 363.2984284408002 
269.14909621750826 23.404879109051823 363.68346324735114 
267.9795804491154 23.59649959003216 365.5186553515804 
265.8851112652137 27.618790024819155 364.2946953478417 
264.8362032359846 25.611567066373702 366.87707753218143 
262.8974581031962 25.704408509291465 368.6848038222458 
265.50257611453736 28.624443646415557 373.47176639145147 
265.03701035242926 28.719337784477286 372.8453995151176 
263.9541700877332 29.02700555310822 372.3179936116318 
263.8534667864856 29.670382358759323 371.50752703366516 
263.0151093828808 30.279861995680154 372.1806189505538 
257.6572633635632 30.990416743538553 373.91670320271584 
258.8908795049996 30.837542701100208 376.23220093990494 
259.04868125483347 30.83567233332997 376.2033765841268 
259.48456019735323 31.337996081257142 376.6926234126371 
259.23679591214363 31.035542019110007 376.9183253230159 
258.6097795244349 29.8742987153828 374.0366357070518 
268.8483681492963 32.21376430173629 369.0106551677342 
266.5988110886028 32.99566415311528 368.12437472981065 
268.3959229667696 34.26336663959283 369.26330101541186 
267.9271030699836 34.23405687910619 369.3097085483111 
268.3362969566133 34.505427568211054 369.6323917918009 
272.54948540140987 31.720422653961798 372.7356178818395 
274.0559335273032 30.242166155983757 371.40270483041843 
273.58895919899106 31.11813484557803 371.79520359026526 
273.13730658737495 30.423729974283695 370.3555898518945 
276.65640772918766 26.05707608699924 366.77296617091287 
279.3431442257721 24.814771941132896 367.83260245486423 
279.66914994617554 25.875716732624614 367.3463077100078 
280.13323181980513 24.103450934914843 368.03631115912356 
276.8448943909299 25.782056408709355 373.0903405719644 
274.96027207544006 28.386152966132983 374.5318573222042 
277.1944760227508 24.757214628239318 375.17071393929984 
279.81338461922553 27.740639968831953 371.3620580425103 
279.45839296200603 27.5400139541763 371.9381780118917 
277.22106713950694 26.579638528429314 369.82649637314194 
277.58136251478004 29.08379556678671 369.7603035813001 
278.1939758232046 28.047939113938334 369.5623890379278 
272.53503195902596 31.36719805703745 373.2472724189675 
269.95080797950226 31.316121075088773 373.6966427106972 
267.16579996005953 31.46969987233852 371.5783793287994 
266.2292709554539 30.07828964479851 368.2612086737686 
266.57599090727814 29.401545450859192 372.3946381402867 
267.07983372880886 31.50782849652067 371.1815446199457 
267.7222711924548 30.87195257002237 370.39222128272837 
271.1991055900653 29.288519810443518 369.0947599677612 
268.2041826632359 27.67708914836347 365.55711770464126 
267.3321763355235 27.621936345693502 363.5851259168038 
267.4918756490065 27.56522681760566 362.8686098268482 
265.4380040524129 26.729944780549307 365.7356859445183 
268.0257295426777 24.27589986370663 366.9119608067127 
268.0138941981089 24.258015305894336 366.9936675908224 
270.8432419589323 24.706058640739013 369.16161566442594 
272.94241484540277 24.928060896548494 364.8176099807862 
271.57304626068975 25.94106864385232 363.945778862041 
270.8170793624081 23.57786783989286 363.61163754067314 
271.79285233886213 19.936885228140163 361.23940399990727 
272.15877391546087 19.527227252323527 362.1704993837278 
271.3376326326595 19.28132283103768 362.3965656306928 
269.9186767641725 19.358624212994712 362.73602572435266 
272.7273094587528 20.181818123915395 363.1347981433319 
273.6120307629066 21.8626893695398 363.427933614097 
271.554675334378 22.905479961915496 363.41210171148805 
270.8744234579539 21.487594145141607 361.5627034843247 
271.076571839782 21.623342002203117 362.3585563085686 
265.8847123158833 22.2080176244754 364.1622628151228 
266.35999920523943 21.654675419264322 364.2467979696194 
266.35119653054227 21.49514591202168 362.80098596626675 
266.0332297284581 21.037362051433693 362.58828429454786 
266.22935023006187 22.9432562966205 363.71299072078926 
266.6096330062131 22.528155321765453 364.21827560106937 
266.5800101438427 23.518341211617958 364.30240046904765 
269.3856070788434 26.44985013433749 366.11604337758155 
269.80737632283837 23.604701997483023 363.56033565954806 
269.8957893592148 24.09513205944638 365.83005209687246 
269.85703289687075 20.247229075204082 363.4484321495854 
269.89901066850905 20.088433124204307 363.40052829322605 
273.9065054431411 21.816419428142378 363.3232630734647 
274.0303532979129 22.048109652715166 363.0935826647314 
273.2105193602277 22.27397081053932 364.289275800012 
271.3931538870802 20.77794923883712 365.6632191623756 
270.2909109905113 13.55140321198824 367.8221670309197 
270.3787771455408 13.508290094193171 367.8093480330162 
270.4455590593458 14.421594487632296 362.10932614770735 
271.7447355161247 13.82416033643198 358.1491094976674 
268.33232836352767 12.17316350765726 356.85886517271825 
269.49684556418316 10.440101615934617 355.96150559907227 
265.39448275325026 5.464763245816404 353.9888777918325 
263.87111202296796 6.549004885595818 351.6338121407563 
265.09009932193374 3.1948123598729437 352.11901029189 
263.6635230661859 1.9153991945207687 350.77670142684934 
261.46451687611795 1.227459628854254 349.87212155424254 
265.91287052563774 0.4273175428165863 349.98558614628115 
266.3922460325774 0.4396946423911105 349.36688701503397 
265.97397987190215 -4.365384826724766 348.621689634991 
267.3512328755554 -3.51955453956013 348.9869970639753 
266.0857154412118 -2.9785170267249326 349.2187077000952 
267.70085898427845 -3.8526555331882095 349.94351137322474 
268.05464052226523 -6.117847139841894 345.42970064969523 
265.97672739802397 -3.74408926254147 345.6764586925739 
267.46889862133224 -0.9239568117477504 345.63748198549666 
267.45431793146093 -0.9296857655619988 345.70239195861546 
267.57029996177624 -0.8326025250413773 345.64647176395664 
267.98035564825193 -0.7963924650675501 345.70690483948397 
267.6546073511965 -1.1640305111877496 345.8535210684977 
266.92417616087613 -1.7576124555390606 344.69425991333384 
267.97536945968733 -2.5694037746358385 345.54869528190085 
269.1257275061065 -5.660106179299458 344.22238894323687 
268.7443879560723 -7.0314620503742855 344.5871284863657 
272.7978076961386 -3.2079873256498628 342.47751763749255 
272.2797904238503 -3.8135074887314535 342.49249015819544 
272.41776409195876 -1.0271561875811388 343.4149300756651 
271.0565460445872 -3.0991163375923754 340.80570291683165 
270.5720180349641 -2.5230257105316136 340.1285322123526 
271.3270224927783 -2.666959971487494 337.04183973426706 
271.06586091207544 -2.7095813633811514 338.47459775451733 
271.23040449548705 -2.774295449239112 337.86878348780266 
271.2807649110172 -2.754362220076918 338.0383469780226 
270.7873925027726 -3.7462321109571444 337.1595844293001 
269.09781589783626 -2.4556580273222792 336.13777905092195 
266.44373255969145 2.0209892987725064 335.94563871086586 
263.5538600490334 1.846082377373073 337.28728734681437 
265.38867299133216 -0.16831601792618867 341.0329739144205 
264.08162799341943 -2.536802754978323 336.370833981795 
262.53737560267825 -3.012831055653602 334.9895159041058 
262.3624394383501 -1.8991863645523157 343.6208283463128 
261.869346003451 1.5839310229267047 344.7165200256669 
262.4333891427714 1.43163820439936 344.36228293589954 
264.65008802906954 1.2618251791475923 347.02600753074404 
265.23443496039243 0.5898568991683237 346.63572875002154 
265.8688343906218 2.3556950667512346 344.91229810075595 
266.71974279008884 6.26871181253218 344.35150631739174 
265.0743736271627 6.23275704134385 343.54001581529786 
264.4813082847856 5.855525483131046 343.44092406101475 
264.95902655469223 6.361331260054667 342.83983369322334 
266.9944446263965 6.039343648982074 341.9138475859191 
267.1896026609634 5.9577390983208245 341.22624778272865 
267.7011910936313 5.927232886577717 340.7407693650057 
267.6616944809939 5.897303148773526 340.20685763757666 
270.5711255034584 9.888134919021102 338.8847188328526 
272.87101526130465 13.595723535123277 337.75923466581656 
275.94889217249926 17.360855762274465 340.23468592232143 
275.6811359517185 11.429154518206797 336.12313921827206 
275.54639306881774 14.1855449310771 337.81381922454426 
274.2447056379332 13.61064794294894 334.82796222483836 
267.70817351057997 17.642418887077504 335.32107885408635 
269.3230009149359 18.550286202270982 334.01414195638785 
266.5312313849625 20.628463365103674 338.7857462095714 
264.32853162667953 23.52557948757529 340.6665218871246 
263.47216738807424 25.03381586460399 346.67045823470676 
263.3023527463474 25.148186382955416 347.7039174457437 
262.7094075396044 24.445191564743972 346.45405971636455 
263.5220515744792 23.775653878264237 346.228613674638 
264.62312602602105 24.6682908243883 345.8185100461641 
268.6546922320669 24.083766547794045 341.77410777856977 
270.6346946570682 23.3286469629006 335.6030408463798 
273.26139517467504 25.465557232061606 334.1668065650609 
274.6122899699429 25.090944048304845 336.38294352326994 
278.5699479258563 27.18060964655235 331.8824358162438 
278.32429601549154 28.18529835276861 333.5382827121678 
278.6262156335561 28.338133062554938 332.8669957797171 
279.0857088261517 28.198448502308054 333.5250612603144 
276.2959703391995 29.87026427858626 334.67263503428853 
275.1882578106147 28.56304540931085 336.0207570966568 
276.603945394771 31.63728678816182 335.0947639501163 
276.18728275696054 32.269102372741784 336.5305179994402 
278.3692795319969 30.162016874272005 336.2671364771671 
278.77461494691295 30.34678268858005 336.51020603510244 
279.9204121060952 29.679467696416243 334.6719409243001 
279.07759038412337 29.171258740195945 334.276292030487 
284.2659975670271 33.605891343526054 337.97623693764456 
284.9035535675336 34.693378449908415 335.49635066961764 
285.100319507659 36.60242774341822 336.8924176826216 
286.4275937842749 39.31201603973744 336.82627406405123 
285.1514896592606 41.248928539274125 333.7758949003232 
282.6951880850253 46.972313386179486 337.54488047325145 
282.759790620133 45.10108043743679 338.3070764379903 
283.02691978366244 43.631854830793806 338.58724790805246 
282.9764024278046 43.4576735945506 338.63376534091196 
280.9114203291358 44.05993226923321 338.41414346700543 
281.80623087970815 43.87015872551422 338.1094664171566 
282.36590989422945 43.84989697864217 340.1864619063221 
280.79555207710115 44.052239784673844 341.7314285398713 
278.99667823178135 46.891235886846864 341.981101881541 
275.97642322637677 47.466084623817835 342.4985341956359 
270.7127507293366 45.644772320924034 345.2084141945967 
276.71585453605417 47.01220389890726 345.64439492601383 
273.6350645053666 44.98757051863503 344.05134729438623 
273.63361660270186 47.468286677564684 340.46585431344545 
272.93946163574964 46.30215664311745 344.2866362122964 
269.89717751420807 44.43317977013035 345.95732328787784 
269.61587295947857 44.78391005936795 346.112143680632 
269.5265770124043 45.427210605808725 346.22588967770247 
270.15236354076836 45.419138737306405 346.35176066361 
272.0040638912934 47.01161725668799 346.7696414956649 
267.3287797521786 47.17710483241508 351.9064725499951 
270.02023412873257 50.87251882550021 353.1561096242178 
270.8881896975344 49.58104397767965 352.78037314961927 
271.15620242727954 54.108182167981816 357.84505732383883 
270.4611920709667 56.758263590140814 359.84013540841227 
269.05875646425596 58.62119601407235 358.34319507858066 
270.09569262382405 57.7204003764505 356.75356226813153 
269.6289777072314 56.21453492946644 356.8403436928127 
270.55060893490435 56.29880624716967 355.8847825454212 
272.0520690370173 56.442882544566906 354.53018839172404 
271.1112682252252 54.318633730184764 352.71049963241325 
269.8277139493441 50.676034415086704 353.4925089789797 
272.05095080240056 51.29880344449416 354.09346040821316 
273.0628693360258 53.35913360850025 354.3782534010182 
273.06802862101426 52.91955954260578 354.36461507546875 
273.6209424785187 53.00399385183211 354.2653028768682 
270.39766858518425 49.00121010671543 352.81093192695846 
272.70285303697926 47.35702512922021 348.4432248645835 
272.3508185464092 48.414904417883356 348.1628801234319 
266.5966289982794 47.07338202177866 343.407996449803 
267.5916572741981 40.32459333708989 345.86395698682173 
268.82384212767306 36.8637066227281 353.06066166075925 
269.7293368658178 33.5203600139856 347.71624423524025 
