-33.34981080626255 -33.32587404657001 -33.79840258600187 -32.82072705068211 -33.760329143822105 
-33.31815532459238 -33.29750174400881 -33.769511451536985 -32.78949503050505 -33.73004365619289 
-33.22949168129507 -33.21659369975306 -33.68483951272535 -32.69984893463695 -33.64252594604565 
-33.212249064368365 -33.19427510173378 -33.66666739369677 -32.680239864042065 -33.626083179297055 
-33.200345727179794 -33.18472487023065 -33.65497578048601 -32.66830115166117 -33.613665026798984 
-33.186119502417725 -33.175425799807925 -33.643906683847575 -32.65591868595145 -33.6006034701131 
-33.1189338413796 -33.11200094450018 -33.58398723677985 -32.58968397724745 -33.53846974691558 
-33.12302801298 -33.11383044510906 -33.58449711093127 -32.591727265097575 -33.54025280397926 
-33.13640656841325 -33.127118864095294 -33.596299124412454 -32.60498670597765 -33.55231693524176 
-33.136774972279156 -33.12754229350202 -33.59667395660516 -32.60538849638522 -33.552673257668886 
-33.16527788687503 -33.15548904911054 -33.62462616576293 -32.63497114570636 -33.58083009191394 
-33.201697705582816 -33.189867360039884 -33.66362027193277 -32.674152197109876 -33.61994731358551 
-33.18247495953398 -33.170985975021864 -33.644782962561024 -32.654202743121346 -33.60097994360804 
-33.12927372569246 -33.125181336097214 -33.59941735346381 -32.60370764033331 -33.55217476579601 
-33.07179811819542 -33.07268863811453 -33.539811399464426 -32.54319709387393 -33.49151775157445 
-33.05502940433051 -33.055689311275884 -33.5279531080556 -32.527986522876716 -33.47895221046983 
-32.98072725497708 -32.98214146123051 -33.455335093944456 -32.45081943426696 -33.405973195910846 
-32.9623346835144 -32.96515677966555 -33.44017400756577 -32.433390029769356 -33.389887244747186 
-33.02634166954124 -33.03432110726604 -33.507658050714454 -32.503566048425554 -33.45510301128208 
-32.99851713145992 -33.00394986279322 -33.47617708379043 -32.47190870767619 -33.42505436449164 
-32.99686800164821 -33.00230420765399 -33.47452437393591 -32.47017241307266 -33.423404440158265 
-33.03188360361017 -33.03383188180578 -33.50923881442584 -32.50614728515805 -33.45916033963715 
-33.03009352101681 -33.03232514405772 -33.507686255631356 -32.50444239532857 -33.45748597130293 
-33.021172534640286 -33.025482961406084 -33.49973528423652 -32.49597383484138 -33.448760454190904 
-33.046221560551615 -33.04864124471689 -33.526317261944996 -32.52272576484188 -33.475614968971826 
-33.04612265135921 -33.04862974795866 -33.52623066591363 -32.52264568262909 -33.475499970724954 
-33.0563936634783 -33.05866778211855 -33.53535884658481 -32.53282098251046 -33.4848673483294 
-33.06469376937933 -33.07088711807728 -33.54560677065815 -32.54334463564868 -33.49358601029466 
-33.06409116680871 -33.06925789511665 -33.5467713060859 -32.54340572053428 -33.49477244217864 
-33.08522596367756 -33.0854442720117 -33.568661744412196 -32.565036886635596 -33.51799962024802 
-33.082119574228244 -33.08181810874498 -33.565021799358746 -32.561390049412466 -33.51461173623676 
-33.07243080537498 -33.07177098685129 -33.5498491026116 -32.54831058902319 -33.50047298832651 
-33.08331004151228 -33.082956105805565 -33.55711229561291 -32.55797519599196 -33.50821907862375 
-33.046328250245665 -33.04417957744255 -33.521535705343965 -32.519421628228386 -33.47302850068533 
-33.049729239015974 -33.04656395610043 -33.52414113622697 -32.52238993431199 -33.47606751916142 
-33.06332780566002 -33.06764121154306 -33.540601150594924 -32.53966942154301 -33.48975507926467 
-33.03555486063105 -33.04091979145788 -33.51333761326859 -32.51092560477005 -33.46214229688101 
-32.97434245897081 -32.97947319487331 -33.45781033651923 -32.44936367393015 -33.40586970531052 
-32.96245779539875 -32.968543563750174 -33.44816462849528 -32.43819583827272 -33.395588086193484 
-32.95281179048173 -32.95525895713837 -33.44109170964937 -32.42863231232592 -33.38921495275636 
-32.97408835639315 -32.979879397829095 -33.4632974576017 -32.45217739186826 -33.410209854905176 
-32.97973863413726 -32.98827164587895 -33.472947483710826 -32.46074341151527 -33.41835629624849 
-33.031068064379454 -33.04095374441934 -33.5229660572455 -32.514359117889896 -33.46807827943684 
-33.026265318935586 -33.03657999025954 -33.51843637617685 -32.509532858653884 -33.463382734769255 
-32.98148361552653 -32.99372301171876 -33.47638358363413 -32.46420428343107 -33.42038417631393 
-32.98150539789441 -32.99303024609263 -33.47584038747166 -32.46378996557398 -33.42015115415457 
-32.982854898025295 -32.99424351461232 -33.477575033575505 -32.46538221366961 -33.42186107376597 
-32.97267952960944 -32.97683406344295 -33.463140529585445 -32.45101301463036 -33.41034606699375 
-32.93231635979478 -32.94346046717247 -33.43479996403674 -32.41617383283899 -33.37798161184834 
-32.930327668179004 -32.94222052087946 -33.43301362950952 -32.41433524086301 -33.37593865485154 
-32.931447611151555 -32.94245366553217 -33.43359550102207 -32.415055911188446 -33.37687611073831 
-32.957010550095305 -32.970816605882774 -33.4582709071785 -32.44206553866296 -33.40079666593314 
-32.9578493617295 -32.971787292020565 -33.45936522808924 -32.443108475181305 -33.4018071837757 
-32.90526863510351 -32.921370136566495 -33.410938780158006 -32.39035556512462 -33.35214462871761 
-32.8848141562753 -32.912712192629414 -33.393677743606744 -32.37289597680862 -33.33081281036658 
-32.904294581071994 -32.93565725278667 -33.411239841671545 -32.39313486379362 -33.347595077763586 
-32.922177507534386 -32.95319005244805 -33.42965073970328 -32.41216143840714 -33.36599051095982 
-32.93687074885197 -32.97187460911273 -33.44389852806776 -32.42824024884308 -33.37906506348244 
-32.88309461386018 -32.920416589237036 -33.39224125687312 -32.373215721836274 -33.32646106726388 
-32.89901222830527 -32.93493189750153 -33.40852190886183 -32.389863304460974 -33.34307836826994 
-32.89454373900641 -32.92991833123284 -33.40449972809044 -32.385274367903705 -33.339158306975875 
-32.858162862673865 -32.900401872442885 -33.36778589928316 -32.34826901605389 -33.30047638046477 
-32.85252166615811 -32.89419807077476 -33.36241681994278 -32.34234772742025 -33.295245995325146 
-32.86501230043267 -32.90549349518096 -33.37458285392266 -32.355073792016896 -33.30780511832101 
-32.86830392996501 -32.90907708182746 -33.378016818418274 -32.358675532412875 -33.311120099731085 
-32.880945172892964 -32.92039826968099 -33.39003554167877 -32.37137996609822 -33.323618374869056 
-32.8694660621975 -32.90622296602152 -33.37934140207987 -32.359122678839455 -33.313641655792466 
-32.90272227060167 -32.9405305601216 -33.41123748045666 -32.393657453921236 -33.34537298518124 
-32.90033316684479 -32.938500453598635 -33.409132108151695 -32.391365444751685 -33.343116411724395 
-32.902136600230335 -32.939842312909335 -33.41082636226949 -32.39310903734528 -33.34496579588526 
-32.898266634322084 -32.931478629712444 -33.4069856990203 -32.38809641747764 -33.34249871271555 
-32.89738973957297 -32.93061605693701 -33.406370204979964 -32.387311651683945 -33.341837796427 
-32.960601668842884 -32.99099932708279 -33.471664730737174 -32.45435288657883 -33.40752674258354 
-32.95975496628742 -32.99015079604392 -33.470973442714126 -32.453542411831606 -33.4068122133297 
-32.95994242871596 -32.99206513809068 -33.47170580827708 -32.45438286754083 -33.40692897722563 
-32.95831431542304 -32.98114795242216 -33.462835527132825 -32.44697244391783 -33.402078057473005 
-32.897096611645736 -32.921892342458776 -33.402009453705304 -32.38313265667884 -33.34071260320454 
-32.99056213555669 -33.01972319770252 -33.49751100832752 -32.48348789158993 -33.43436471411178 
-32.99453757981266 -33.02326541532919 -33.50195320151951 -32.4878254736911 -33.43885439150476 
-32.9695052680037 -33.00409240512067 -33.47761938789293 -32.463065738159585 -33.41267026774443 
-32.939662968557045 -32.97898714682198 -33.45083732484139 -32.434243674950665 -33.38400175973503 
-32.99457244851152 -33.021093853516504 -33.49008395334407 -32.48125057503779 -33.42961001066074 
-32.92891599628288 -32.955585724747365 -33.427230038906515 -32.41361815167289 -33.36638148180383 
-32.90558401367886 -32.93014278554713 -33.399844078924644 -32.38653995506152 -33.3403503135022 
-32.91380777001322 -32.93887162864952 -33.40804714876421 -32.39529251827952 -33.348386420539455 
-32.908809579025046 -32.932794911106654 -33.411216045953594 -32.393998189684794 -33.35055393444149 
-32.914319704305385 -32.93811157153141 -33.416116393664694 -32.39944359855269 -33.35560229996442 
-32.91702224387414 -32.93934807418918 -33.41815228204315 -32.40163995262709 -33.35818857451508 
-32.97057632806067 -32.98889385626721 -33.47089025118957 -32.4567676073227 -33.41217363456718 
-32.959435541709595 -32.97678607610354 -33.458864261329154 -32.44438363244211 -33.40060944936948 
-32.94460831023832 -32.963251164316915 -33.44623396211034 -32.43017992313365 -33.38725437384356 
-32.941671161511124 -32.97618225743885 -33.4589633966104 -32.43854055379671 -33.39258962606225 
-32.93899669346767 -32.97323738371382 -33.45681175646264 -32.43594370956281 -33.39043999445366 
-32.93975111937267 -32.97303169855317 -33.459344722785076 -32.43747807148415 -33.39297217207671 
-32.96293557327394 -32.99134717083511 -33.478930219383685 -32.45899309983041 -33.414582792131895 
-32.953871985195306 -32.97431435102273 -33.4661510277526 -32.44587862585229 -33.404853995441485 
-32.96022386235917 -32.97884915374199 -33.47116761252926 -32.45149786604793 -33.41062933160141 
-32.96193088080001 -32.98030735342034 -33.47273967845065 -32.45317422418999 -33.41229573936454 
-32.97785369074947 -32.99453726341089 -33.48715298364314 -32.46880420236138 -33.42743966382426 
-32.970686389950075 -32.979512690277176 -33.47864062016879 -32.45899974202037 -33.42154623125475 
-32.966054440238 -32.97934171680001 -33.47835796560736 -32.4573027763015 -33.4192034116583 
-32.98973533483799 -33.00997828667602 -33.50297848679918 -32.484108525448605 -33.44151174994175 
-33.017574941061994 -33.03860845362017 -33.530974626057045 -32.513658249615204 -33.46918657268151 
-33.02196072783971 -33.04376313793014 -33.5384527265347 -32.52007251152179 -33.47591367781688 
-33.01700610706499 -33.040023882072944 -33.53513986553595 -32.51597279568766 -33.47197167619787 
-32.9735287333187 -32.99525531399803 -33.494166713931165 -32.47127727867873 -33.43106524778601 
-32.9562656964909 -32.97648864622015 -33.47416189896745 -32.451336852170726 -33.412002399622224 
-32.983275982482 -33.00212454299064 -33.5014386938424 -32.479651065812845 -33.43959809339432 
-32.97805691388311 -32.99836591175429 -33.49669498029262 -32.474696560546846 -33.43434362398405 
-32.98579647366479 -33.003520775481036 -33.50490032566823 -32.48258936373162 -33.44324049872668 
-32.98547401896704 -33.0079309514429 -33.50700373550801 -32.484477621410605 -33.44351004662133 
-32.9688191924529 -32.99216555281416 -33.49074640853067 -32.46732775967513 -33.42695086050338 
-32.96900974107011 -32.98930870912628 -33.48983129548323 -32.46633633672104 -33.42714163977699 
-33.00754017522419 -33.03111515280945 -33.53175780795763 -32.5093775043498 -33.46743848987013 
-33.009992588445144 -33.037648951774344 -33.535528308393566 -32.51347310486942 -33.46974898511564 
-33.0141241407793 -33.04472208409122 -33.540252860219 -32.518726683534354 -33.47347470685358 
-33.03823336650912 -33.0715152259619 -33.56425399304875 -32.544589988014906 -33.49662996934505 
-33.0309579105668 -33.06367073912956 -33.55826920966528 -32.537508995456776 -33.4906207843281 
-33.02913704967267 -33.061694105642644 -33.556385423296945 -32.535526855874565 -33.4887982934967 
-33.038360535203594 -33.06959886084566 -33.56200820285804 -32.54304209043865 -33.495394482511756 
-33.03491977987659 -33.06525614512036 -33.55817759099958 -32.539030140244904 -33.49190882490019 
-33.02909874951018 -33.059801083744276 -33.5526049845796 -32.533108015978655 -33.486195848488535 
-32.99041628254538 -33.023372332991315 -33.51604381205304 -32.49396789202159 -33.44867892303141 
-32.96727355576189 -32.996102614542366 -33.49560712187973 -32.470225542498 -33.429097713825016 
-32.99537562937233 -33.029124123041356 -33.52835178740628 -32.503302991323494 -33.45953016318181 
-33.0153551903214 -33.0540210272476 -33.550830282546855 -32.526676627131465 -33.480065020204194 
-32.98992540297789 -33.02172250125362 -33.51973782822631 -32.49546653389689 -33.452039059725195 
-33.00930421743708 -33.040231662000096 -33.539611197808014 -32.515968144271156 -33.47205635388431 
-33.10025596823415 -33.13322372193656 -33.63121347138268 -32.612487250552306 -33.5627504423057 
-33.03505587276264 -33.06596655283555 -33.56427276771109 -32.54249211224217 -33.496850507518914 
-33.063384925368894 -33.083133951997496 -33.58725160974974 -32.56724572647836 -33.524038139371285 
-33.06743272555916 -33.08713918307356 -33.59110232404912 -32.571392647384656 -33.52792614202578 
-33.07645408808435 -33.098754335984594 -33.60000674929981 -32.58132966661154 -33.53604565787306 
-33.125026016306236 -33.14195028160178 -33.64548553408642 -32.62975204214993 -33.58356661436727 
-33.12041701555458 -33.137172596315764 -33.641369794421706 -32.62513508505624 -33.57942978310338 
-33.147541978481215 -33.16323093720453 -33.670813020473986 -32.65474604860397 -33.608759364821026 
-33.172465295096956 -33.1933237354329 -33.69781658334172 -32.68309841100027 -33.63380476957637 
-33.19022896887718 -33.21315354971645 -33.71301785892737 -32.700799223814286 -33.64876681395964 
-33.14053513915263 -33.166413678951855 -33.66650465193332 -32.6507931872066 -33.60093280518025 
-33.13560818848872 -33.162428510242236 -33.661405555682535 -32.6456973433186 -33.59558615224671 
-33.145256420698516 -33.171379716563294 -33.668784900902125 -32.6544891149354 -33.60353111549594 
-33.11981547908057 -33.14293459021532 -33.64544922572769 -32.62826470916664 -33.580810653314245 
-33.1724318678517 -33.188063709236076 -33.68800337290773 -32.67676029500345 -33.62718819815193 
-33.17351161417059 -33.189194154843065 -33.68903823644516 -32.67788221240643 -33.62821296116681 
-33.212980438921534 -33.227466640864876 -33.72624817577983 -32.717969930716706 -33.66608005414149 
-33.16823261122617 -33.18580236446665 -33.6825449670129 -32.67203881050618 -33.62135828787278 
-33.22952177240931 -33.251654749444995 -33.748438975957725 -32.7398997102941 -33.68498801222704 
-33.24846401951035 -33.2666447645732 -33.764943294780096 -32.757749367349675 -33.70305530759818 
-33.26755759596318 -33.28189572417416 -33.779710691858256 -32.77476534209288 -33.71966367338756 
-33.26538253825636 -33.27936367861669 -33.77697931790213 -32.77210889563665 -33.71713662586092 
-33.281983634719154 -33.29635909198808 -33.79334479133911 -32.78952274384656 -33.73338876923208 
-33.27263057351665 -33.285960394252484 -33.783382127939305 -32.779154293381424 -33.72386210543674 
-33.383614724758274 -33.396427985417915 -33.89074794014134 -32.89384537433719 -33.831764167471306 
-33.41760875607649 -33.42441138479218 -33.91990378158842 -32.92584634294545 -33.86347500569693 
-33.35784037407706 -33.3659383920984 -33.862612276676444 -32.8645700968208 -33.80549824448818 
-33.36082949570155 -33.369519538484 -33.865364419705855 -32.86769905301682 -33.80810435157916 
-33.36217107829326 -33.37094512822769 -33.86610350000167 -32.86880259528213 -33.808914964246696 
-33.35931674812939 -33.36764285781673 -33.86340745569943 -32.86580031722916 -33.806334070974216 
-33.38140596344164 -33.3881203617284 -33.882299629926294 -32.88700949092093 -33.82620012272099 
-33.408331373533215 -33.4148822785358 -33.90873147585222 -32.915026956393774 -33.852710577348375 
-33.41196290455194 -33.41872043299941 -33.912456647534995 -32.918934906131526 -33.85635055909721 
-33.43931582839603 -33.441242427125886 -33.93748292202412 -32.94553423720882 -33.88317197611819 
-33.41076940321631 -33.41394435944483 -33.91199775447595 -32.91739725783799 -33.85685749356733 
-33.42823639349302 -33.430341541188014 -33.92462483441783 -32.932966406960574 -33.87057601834421 
-33.44554699934754 -33.44835767192728 -33.9418858224264 -32.95127302749992 -33.88759781155804 
-33.39494277832368 -33.39912459897039 -33.89102740738673 -32.89819324145272 -33.836464582832704 
-33.39791889685108 -33.40225101119957 -33.892110135907075 -32.90034465230889 -33.83780922977263 
-33.41090538049232 -33.41515825800836 -33.90405490170224 -32.913430333406296 -33.849925081709955 
-33.36700727132889 -33.37344523535417 -33.86159581084719 -32.868459907618856 -33.80665082946865 
-33.32096599287415 -33.32013474101545 -33.810336239313685 -32.81588864723234 -33.75854845897332 
-33.30709737696634 -33.30686952012816 -33.794696555547745 -32.80048959548303 -33.74304611716717 
-33.283587215957624 -33.29758780001603 -33.77759968071054 -32.78192727331283 -33.72061620183901 
-33.34533649339775 -33.347654855174895 -33.83425753977774 -32.841885902334525 -33.781541608210986 
-33.33705392667822 -33.34389887959395 -33.82950586848578 -32.83591584585626 -33.7748489472649 
-33.322242174728046 -33.32955997697523 -33.81502655376251 -32.82060852727565 -33.76020010457282 
-33.32745360608371 -33.33504875375962 -33.82033198064643 -32.82619224563031 -33.7653956500363 
-33.28835859162494 -33.294265248986235 -33.78163457615328 -32.78495954570562 -33.72722134490796 
-33.2516376939282 -33.2614732645615 -33.75016808954581 -32.74987709461915 -33.693766817166235 
-33.31173513869035 -33.31675553632458 -33.807272361477615 -32.8105658782446 -33.75270840628275 
-33.2913120556031 -33.29899412278607 -33.7876558753979 -32.79002990225669 -33.7321913304242 
-33.289721574559294 -33.29732737201806 -33.786110174579434 -32.78836599215215 -33.73066448403381 
-33.31545782816612 -33.32076524978177 -33.80972472353889 -32.81386443796036 -33.7552764787345 
-33.297411350153595 -33.301957670432614 -33.79107012121658 -32.794417309797694 -33.736988539238325 
-33.279543700218866 -33.28269708137458 -33.77445872985608 -32.776020141149644 -33.72062671072929 
-33.32454581416526 -33.332461459490474 -33.82199292659294 -32.82561022604557 -33.76621019399357 
-33.32479527332215 -33.334951689377476 -33.82393821514431 -32.827207067227135 -33.76719508137852 
-33.316183720487274 -33.33295790013774 -33.81839878324061 -32.821076863928056 -33.75915656301346 
-33.29447857515132 -33.30970044354683 -33.80067167260644 -32.80005978896534 -33.7412872532655 
-33.2997110186636 -33.316558195195384 -33.80630012144255 -32.8060920529045 -33.74634684304554 
-33.33535614833009 -33.35539995001692 -33.84460996255156 -32.84563186051376 -33.783177018764874 
-33.30389155933061 -33.32407238491072 -33.815054585760635 -32.81358720856416 -33.75332713722159 
-33.30532739870887 -33.326039078853455 -33.81696280611368 -32.815454624263836 -33.75499353897034 
-33.340769108474134 -33.36582427147431 -33.853808685410286 -32.854338516062626 -33.79021946388525 
-33.34388040535826 -33.36851934345182 -33.85668043475539 -32.85740014325056 -33.793251003936874 
-33.286678478347156 -33.30684336972139 -33.801234073352134 -32.797300171103274 -33.73898615280599 
-33.15517108808476 -33.18191806887829 -33.67961716233802 -32.66554286958578 -33.6140034312005 
-33.11322861194107 -33.14353469699803 -33.641662534450035 -32.624251156829246 -33.57439631604561 
-33.127871461091615 -33.16102990715386 -33.658904364362115 -32.64163730867318 -33.590315967554915 
-33.17478161417952 -33.208750714583616 -33.70509487494739 -32.69078387754561 -33.63628515548487 
-33.1385962324031 -33.17994661775057 -33.67288099244821 -32.656321826671714 -33.60124854637421 
-33.13700009034535 -33.18219846426045 -33.67261825244175 -32.65614080465143 -33.599600045569375 
-33.127539444094126 -33.17081996558902 -33.66189378324573 -32.645109798696055 -33.58968492403791 
-33.19329944696028 -33.233847696677515 -33.72215592318253 -32.71079770709406 -33.651548588437976 
-33.186906237517675 -33.22833235546928 -33.716068756591255 -32.70441253114106 -33.64515680774912 
-33.15664585396155 -33.19963522882796 -33.68780576408241 -32.67396049499719 -33.616150864785496 
-33.204406683444915 -33.253147571807546 -33.73697550926765 -32.72615700972837 -33.663243780205036 
-33.18589237460819 -33.23972998905755 -33.719164326667865 -32.70810856376269 -33.64380049275968 
-33.18355281781811 -33.23792379928058 -33.718395796117136 -32.70660208768405 -33.64261734764004 
-33.16773700863014 -33.22044903985659 -33.70020582468618 -32.68833792656018 -33.62535249151476 
-33.167789540813345 -33.220469173306924 -33.70030952277061 -32.688413885074155 -33.625457610265315 
-33.15580189505897 -33.20970601416721 -33.68872859487553 -32.676272636557144 -33.61346050724303 
-33.106574224320696 -33.16081703958281 -33.63947351396274 -32.624520609198086 -33.56420433303458 
-33.129240848895236 -33.18477474366155 -33.66205314965053 -32.64860143927666 -33.58635910699766 
-33.119945125583484 -33.17265711841621 -33.65005576189438 -32.6367828822121 -33.57568234555666 
-33.13698104703235 -33.19372049957329 -33.66984077534792 -32.6570269809109 -33.59375560352284 
-33.158683503806685 -33.210579744914796 -33.69033605658022 -32.678203024942675 -33.61588283528404 
-33.15887436532651 -33.21080516572363 -33.690516292737726 -32.678405394624036 -33.616053887942414 
-33.16734700321504 -33.2203866169078 -33.70033424232649 -32.68827388478782 -33.625297089231594 
-33.152005274200235 -33.20561915600767 -33.68672771488207 -32.67318000606184 -33.61126246803116 
-33.14192921239824 -33.19860152020442 -33.67587378746734 -32.66279989556443 -33.599622332333794 
-33.11653259066091 -33.16994265439928 -33.65068530520291 -32.63549806548666 -33.575445754481464 
-33.11213546961514 -33.16552007230095 -33.64601862749224 -32.630720271358584 -33.57083960085707 
-33.114453728794444 -33.16681892580664 -33.6491351034481 -32.633375768601255 -33.574131988294766 
-33.132212896099944 -33.18790383088401 -33.67090117371187 -32.65491657766199 -33.59419432664235 
-33.1411847400838 -33.197451091127334 -33.67986044172909 -32.6644727176581 -33.60296231270284 
-33.128354144462335 -33.1840326458434 -33.67174409163515 -32.65339816478628 -33.59428103031182 
-33.1361881356861 -33.19340258604112 -33.68206808119086 -32.66331654323591 -33.60371477365224 
-33.13641320901169 -33.19524274118477 -33.68101571515095 -32.66319151610951 -33.602378229507494 
-33.13556548881033 -33.1936050106096 -33.679731732607266 -32.66189851341073 -33.60140797540477 
-33.17816545821907 -33.22711012908587 -33.71707985615511 -32.70201896829751 -33.64229998372426 
-33.17678142546056 -33.225004236110195 -33.71477652694742 -32.69991588736055 -33.64036957763729 
-33.18254680344755 -33.23062284522388 -33.72018718991971 -32.70576133844115 -33.645871505285925 
-33.18235837199006 -33.230440629436515 -33.72000004835574 -32.7055649805356 -33.64568263522135 
-33.177781339394386 -33.223914885782165 -33.71338660128154 -32.699247008931366 -33.64000477685295 
-33.18076522788685 -33.22554102758657 -33.71579084343074 -32.70179823413147 -33.642911192591 
-33.172452024351244 -33.21766913067201 -33.70763447037977 -32.69322310737927 -33.63461137192557 
-33.16539707119628 -33.21085342190494 -33.70077992794222 -32.68595489978573 -33.62766523353274 
-33.17707378663856 -33.22565438006619 -33.71543653478412 -32.70049606327194 -33.64085993107321 
-33.177116080671496 -33.22572220869522 -33.715550515145736 -32.70058473701185 -33.640954323410725 
-33.17016756189008 -33.21473450911893 -33.70987224130852 -32.69315004277824 -33.63631062233003 
-33.13032248500305 -33.177265036171875 -33.672959262723154 -32.6532842530973 -33.598274540652994 
-33.05752510027095 -33.10928373709852 -33.6050618597165 -32.58028661933264 -33.5282563312942 
-33.08289610052823 -33.13768358786645 -33.63391217458893 -32.60952455034581 -33.5555654374116 
-33.081956064678195 -33.13734746659259 -33.63267986142536 -32.608496437515214 -33.55419900947675 
-33.08360791587948 -33.138736681196264 -33.63384864352841 -32.60991735158018 -33.55552334057475 
-33.02180397663655 -33.079333956637356 -33.573619488058995 -32.54618483434794 -33.49443024252733 
-33.020080729513 -33.07881434458669 -33.57326224204823 -32.54536458794615 -33.493487024519666 
-32.98621604238032 -33.03953224228481 -33.537877723983655 -32.50775951221918 -33.46006757816869 
-32.994723710364994 -33.04709012991003 -33.54493536252809 -32.51573373390302 -33.46763395041587 
-32.99272855003386 -33.044982092846595 -33.541760270214695 -32.512963635901 -33.46469008558165 
-32.965240362931425 -33.016432517200954 -33.51797256339823 -32.48582321670571 -33.440675573242615 
-32.92672856962217 -32.97566412419175 -33.47696737432872 -32.443428964988954 -33.40084193616238 
-32.93518247585459 -32.983883067820315 -33.48562189985205 -32.45239816838095 -33.4095179454516 
-32.926662352244236 -32.9730219558913 -33.47702765443215 -32.44291261366857 -33.40166426924719 
-32.94309171471397 -32.9840711018478 -33.487507271832 -32.45589115085424 -33.414719074104994 
-32.94773698183934 -32.98988212231498 -33.494873251417374 -32.46250601418208 -33.42127582755859 
-32.967681604953654 -33.01393376963833 -33.51378933553664 -32.48377190679814 -33.439072685915264 
-32.962808944395306 -33.00825905729643 -33.50888418317096 -32.47846057880432 -33.43442640912755 
-33.06227693025953 -33.100672513705234 -33.60346969058452 -32.57914955950686 -33.531754470696654 
-33.03131451127156 -33.06077508550851 -33.57345923839557 -32.54533301895145 -33.504358592428474 
-33.071740838345235 -33.09379472739161 -33.607047796461515 -32.58273286799607 -33.541234006882945 
-33.109727099393766 -33.14057354779955 -33.64839875950207 -32.62626229914652 -33.57929218573565 
-33.09171319559937 -33.125340143836624 -33.63256532544747 -32.6090305504768 -33.56229351854287 
-33.082632323412255 -33.11640771450351 -33.62319937589082 -32.59933970402433 -33.55294763790047 
-33.176260752083195 -33.20657683360845 -33.71250341255583 -32.69487262976823 -33.64382420697555 
-33.17531615799105 -33.199868097057305 -33.70748398179681 -32.69053490119977 -33.64122414959955 
-33.118759050077216 -33.14319245111572 -33.654907615118844 -32.63315900263969 -33.5881407032263 
-33.13518198124862 -33.159590888131646 -33.67262048608278 -32.651160078906244 -33.60561548747124 
-33.11143675372418 -33.134594251424105 -33.65081537691478 -32.626996316163414 -33.58391668943182 
-33.165812441793065 -33.1853187906536 -33.69903758389246 -32.68016178304008 -33.63414944030225 
-33.182527013682645 -33.20366673706687 -33.71752543490555 -32.69904539137367 -33.651817227824395 
-33.1654719685408 -33.186395273558844 -33.70150880265493 -32.68162427590724 -33.6357287817208 
-33.17278791961522 -33.192013926601035 -33.707674705704974 -32.68837387249822 -33.642583091810536 
-33.15805741097975 -33.16601791112956 -33.68612855799056 -32.66702042687264 -33.625596294969 
-33.17153642864646 -33.17914108397237 -33.7049395522731 -32.68411514460185 -33.643604590104346 
-33.16884209720973 -33.17711054445053 -33.70326724851692 -32.68196799480596 -33.64156822518612 
-33.14036809617522 -33.14981656743841 -33.68009348529692 -32.65516558292943 -33.61721793400524 
-33.169694096113844 -33.172967068509564 -33.70372472177519 -32.68176032493203 -33.64359471340126 
-33.19667173612616 -33.20040034788663 -33.72816473159442 -32.708825841814075 -33.668264374270805 
-33.19828570210775 -33.20192165793934 -33.72926299558148 -32.7102202960626 -33.66947286684076 
-33.18560173960135 -33.19347541303179 -33.715700711529465 -32.69713110670732 -33.65480379356812 
-33.12491378475882 -33.13022269304551 -33.656342002938956 -32.63350589752912 -33.59611992361829 
-33.0866633558411 -33.09237577467532 -33.61931827690235 -32.59397581564279 -33.558848149705995 
-33.07367419455187 -33.08010670033711 -33.607514824638 -32.5810838054592 -33.54665733678959 
-33.037692464580545 -33.04063497297564 -33.571871460246896 -32.542747054557 -33.5120820591018 
-33.01988693897903 -33.02028485249849 -33.556082676495265 -32.52466833213845 -33.49676078714522 
-33.09119214658992 -33.08502292793014 -33.619601232212545 -32.59428489275189 -33.563404282306536 
-33.0960402869604 -33.09067642859756 -33.62491099110943 -32.599789219063496 -33.568385317145896 
-33.172484007228135 -33.16474197401189 -33.694864674573196 -32.676262636071286 -33.63998004412916 
-33.21584721390744 -33.20709324000012 -33.73642441190498 -32.72074011936522 -33.6820576126962 
-33.23912836612125 -33.22570526068469 -33.7543360090059 -32.741459637458235 -33.70222132563757 
-33.238229225433145 -33.22677129293932 -33.756340645129214 -32.742464267518145 -33.703153093386746 
-33.243012696318885 -33.22897623096502 -33.759704349574534 -32.74626738564427 -33.70751921773763 
-33.298466166321006 -33.28796768051876 -33.81476435981415 -32.80502763319991 -33.761470196279504 
-33.28531107965462 -33.2759967057916 -33.8032549227425 -32.792301266171776 -33.749356615341384 
-33.24516170837168 -33.23261843569918 -33.76684579389914 -32.7515711189462 -33.71337576603655 
-33.25686804994338 -33.242949816047755 -33.774336336188696 -32.7613055780331 -33.72195867110928 
-33.234372541820136 -33.22322711875323 -33.75395648867119 -32.73927765912293 -33.70043747404419 
-33.24925069969214 -33.24119179936089 -33.77145375351748 -32.756933101382444 -33.716540703531905 
-33.285719548798625 -33.27694428747894 -33.804553205323 -32.7933196203051 -33.750343762998384 
-33.311617785337276 -33.30561314629708 -33.83069207045952 -32.82119258075572 -33.775557073206286 
-33.31455814184261 -33.30806425352962 -33.83314491603241 -32.82393074821381 -33.778232489913876 
-33.29715139018022 -33.29200505247054 -33.82420884079144 -32.81058138008973 -33.76751650034532 
-33.32912438365477 -33.32344865644332 -33.854613822483515 -32.843264294239674 -33.798277967853494 
-33.32195530221081 -33.32751117011834 -33.85337381932398 -32.8409997155063 -33.79268519666732 
-33.37536620267488 -33.37916570367294 -33.90140973878816 -32.89388679372493 -33.84203642801512 
-33.3550959849951 -33.36172921229813 -33.88571174030706 -32.875618673053054 -33.824765668769274 
-33.31800847723706 -33.32240635539719 -33.848563480481275 -32.836156715902476 -33.788374964102374 
-33.31670033797607 -33.319371619517185 -33.846094533958976 -32.83382526864045 -33.78662152746628 
-33.318426422243164 -33.32100702966163 -33.845944696625494 -32.83457393678724 -33.78680698133003 
-33.30845974798436 -33.31080111198021 -33.838062114511075 -32.825210585766214 -33.77867033455958 
-33.39038878321291 -33.39363490871659 -33.91377928700548 -32.9081141089749 -33.854983413250864 
-33.35382312180499 -33.35892645061658 -33.877092959725005 -32.869902007336094 -33.81782913184149 
-33.32644436322106 -33.334509869658106 -33.848980141650244 -32.84121941300606 -33.78899785556857 
-33.328345987732774 -33.33766567156573 -33.85123353169374 -32.843643156326024 -33.79081037216561 
-33.32956785282627 -33.33863082578675 -33.852260209102894 -32.844774204783064 -33.79194450600788 
-33.313277410823915 -33.32503485164719 -33.838257374207004 -32.82938891047985 -33.77678112043549 
-33.31970379387529 -33.331827440105755 -33.844047660236726 -32.83586697332858 -33.782553247887904 
-33.330814077822566 -33.33804941202678 -33.854865215976105 -32.846506669756295 -33.7948739252585 
-33.34863604892129 -33.35583357337843 -33.872089897095336 -32.86492219823258 -33.812173722283205 
-33.354854033235284 -33.36117100708118 -33.87784163327301 -32.87104773576098 -33.818256262555835 
-33.379528151044795 -33.378820815695136 -33.89737193072078 -32.89290203065512 -33.840710608979805 
-33.33884259930316 -33.34302326429183 -33.85937759901917 -32.852456543540214 -33.800875336373025 
-33.314677665506196 -33.31749007130438 -33.83699466742395 -32.82776972570109 -33.77865757757323 
-33.272824186731384 -33.277860866646606 -33.79541054136884 -32.7842703634593 -33.736440656782676 
-33.25352123244468 -33.259543083894584 -33.777807831603965 -32.76507227868689 -33.71829719001788 
-33.2221742885141 -33.230425843828996 -33.74764995002171 -32.733138435646936 -33.687331606338745 
-33.2208742971017 -33.22614724206693 -33.74739437948945 -32.731809928312714 -33.68780459832395 
-33.26575981051897 -33.27206596878169 -33.79094812684998 -32.77850494036558 -33.7311779377125 
-33.27086154308218 -33.27770798862086 -33.796494671289906 -32.78421883499189 -33.73647757796394 
-33.25578925191445 -33.26388662498415 -33.78218311961953 -32.76900230595149 -33.72169238714066 
-33.251407386982564 -33.259778535057904 -33.77751804399878 -32.764282664048324 -33.71700027704263 
-33.25350357490163 -33.26154840988461 -33.778485158206124 -32.765804736880995 -33.71824871857439 
-33.26968125890019 -33.28342173536447 -33.79666647224539 -32.784981527782804 -33.734345639158775 
-33.300446191674695 -33.31274349802483 -33.82497366472644 -32.815735415357494 -33.76343451808023 
-33.28177867245007 -33.29396303463221 -33.80695977143519 -32.79643034280217 -33.745383645657256 
-33.36921392203533 -33.380830797058394 -33.89089889187669 -32.886399575937546 -33.82989978540077 
-33.3580768585779 -33.3678396464547 -33.88035142955745 -32.874668109292955 -33.81983711355194 
-33.20240936695457 -33.21768191850239 -33.73121045750756 -32.715458866994325 -33.668260130411895 
-33.18182599108745 -33.195755349836546 -33.708369028613845 -32.692297845229604 -33.64623894639183 
-33.20244955926404 -33.22004279112289 -33.72906591964147 -32.714732307123626 -33.665774397605546 
-33.24442130697277 -33.26303724779609 -33.766724062786565 -32.75673981466214 -33.70375150688818 
-33.28258571812823 -33.304954762063616 -33.80956028409797 -32.80016913333992 -33.74460462033802 
-33.29473396357933 -33.318936615775 -33.823018541457046 -32.81401996973413 -33.757267311196244 
-33.29750692424602 -33.321049347896405 -33.82518765188378 -32.816480687958034 -33.75973052837389 
-33.30897087790896 -33.333617802772494 -33.836815429841096 -32.828843366409856 -33.77097394499114 
-33.3131521020307 -33.337572716416105 -33.840989659055225 -32.83319594622441 -33.77520963950364 
-33.347457115191105 -33.37637366083531 -33.8783508011433 -32.87182851473972 -33.81063663388858 
-33.28122790421274 -33.3148741909461 -33.81846269944303 -32.8065438596186 -33.748401706811094 
-33.24299182760775 -33.27459375254 -33.7795577428888 -32.76554011598515 -33.710302640921384 
-33.2362377419431 -33.26744145988752 -33.77352095257285 -32.758751106107766 -33.70428194947466 
-33.28958639869168 -33.312532015738725 -33.81761983490597 -32.808226733869944 -33.75230102963657 
-33.30118848702483 -33.32950253808691 -33.83043036468776 -32.82212312020454 -33.76326236451027 
-33.28799401110581 -33.31661128574926 -33.81810276124527 -32.80877325368495 -33.75072618174791 
-33.304373942697126 -33.333440006415515 -33.83371497859787 -32.82567395315854 -33.76629627948773 
-33.28486341693366 -33.31541555525445 -33.81602202629938 -32.8064278063878 -33.747892005842985 
-33.271334210575375 -33.29990469034101 -33.79910011661492 -32.789951257309156 -33.73215639673664 
-33.282546548564994 -33.31107265830333 -33.809317777014 -32.801197571803456 -33.74252906017372 
-33.252839407039104 -33.28618276605367 -33.78395995875144 -32.773250326054495 -33.71505263245837 
-33.25262525149628 -33.28597987045923 -33.78375159864207 -32.77303033246909 -33.71484032590136 
-33.265182513298896 -33.299515508993 -33.79761567466005 -32.78715033220392 -33.72816769816906 
-33.34310135587455 -33.37796344103644 -33.871204807495175 -32.86686924259362 -33.80215382839745 
-33.4081141965372 -33.4410185888831 -33.932634228883686 -32.932914938261746 -33.864639310602186 
-33.40866788615824 -33.44131794072665 -33.932970121313375 -32.9333287987708 -33.86508720360517 
-33.4103569077795 -33.44215059800955 -33.93322876447479 -32.934158929518446 -33.86583795857662 
-33.410810209440385 -33.44477327361429 -33.935165611446934 -32.93586860272457 -33.866870795972275 
-33.41730651964998 -33.453736922334315 -33.94336481502434 -32.94411385450091 -33.87402745661274 
-33.44478174562107 -33.476755649198594 -33.96772919753673 -32.97043746341899 -33.90020377559574 
-33.41552699816023 -33.440946200972604 -33.933501924145716 -32.935692910666674 -33.868842926617674 
-33.42791972597418 -33.45011185030998 -33.94172293114757 -32.945839745527806 -33.878706742409435 
-33.41318323828766 -33.43805692310312 -33.93117569142484 -32.933131829359795 -33.86668398585837 
-33.41358199497948 -33.43805008472722 -33.93158238442807 -32.93347694600354 -33.867211691726325 
-33.34637998022784 -33.37169936676676 -33.870937814780646 -32.8665291069165 -33.80536031623183 
-33.34746746796068 -33.372766590824114 -33.87211836511166 -32.86772014765042 -33.80652953272913 
-33.345509019915255 -33.371847185499846 -33.87155078472567 -32.86662031621728 -33.80542154832045 
-33.42464152725189 -33.456008447795384 -33.953712654108244 -32.95249006314194 -33.88540328417744 
-33.41050605931231 -33.441218630347194 -33.93970838110684 -32.937568216014114 -33.87160374522412 
-33.52900105149428 -33.55587022160839 -34.054378334351156 -33.05934486976676 -33.9878374043749 
-33.55167971591236 -33.5733970279708 -34.07556573251492 -33.08139739308177 -34.01078800091244 
-33.561810902230846 -33.58375838765443 -34.084097679141664 -33.09120859450776 -34.01949454509793 
-33.55253748098934 -33.57592855756178 -34.07461904857038 -33.081616960987574 -34.00963037059357 
-33.55142275630479 -33.56729235833535 -34.07060853762755 -33.077442711870376 -34.0083788580704 
-33.54607153040955 -33.561302386521064 -34.06503861732948 -33.07157742445382 -34.00304889360001 
-33.56233846280725 -33.57605170372625 -34.08634042228579 -33.091198383382206 -34.02394468261477 
-33.54398402477611 -33.55474891496081 -34.062638694048104 -33.06839070892026 -34.002055738571755 
-33.541078232031055 -33.55191096435041 -34.059770296009276 -33.06536827707593 -33.999166313790354 
-33.538329998409864 -33.54745929247589 -34.05726663806098 -33.062304889969894 -33.99714241578202 
-33.47998539391838 -33.4872319289325 -33.99991111701158 -33.00115469360627 -33.94030608761747 
-33.48854869723887 -33.495285908127514 -34.006682274690604 -33.009075728920465 -33.947511393634215 
-33.51038970187173 -33.517533108343684 -34.027127426220446 -33.03134610926199 -33.96802242855841 
-33.5102338187487 -33.51701308159252 -34.026909794413285 -33.031082151885286 -33.96792536970787 
-33.541840386581356 -33.549059047245734 -34.06064905702726 -33.06558101668173 -34.00111644591787 
-33.54276157769134 -33.54603975967072 -34.05696034022745 -33.06328665508343 -33.99938077791258 
-33.545172622147604 -33.54887331029906 -34.06265318191873 -33.067718255633466 -34.00439667191374 
-33.58291459621536 -33.58564625679628 -34.09979252533799 -33.10689808038809 -34.04185476994611 
-33.59422462834374 -33.59632343064588 -34.110748711966636 -33.11848126755649 -34.05303862306758 
-33.61735294666204 -33.621602770196134 -34.13357504673236 -33.143010815846424 -34.07522072648277 
-33.61665420034939 -33.622992452065205 -34.13427726332392 -33.1434280878275 -34.07506114821423 
-33.6050061598242 -33.61405880015303 -34.12067414514759 -33.13058473846198 -34.06098469767896 
-33.60477469290916 -33.61403202876173 -34.12083288625713 -33.130594551873486 -34.061017333673604 
-33.58678139029006 -33.59903356448632 -34.103897895416466 -33.112809121959444 -34.04303636590045 
-33.573875104458196 -33.58660582295282 -34.092048422752654 -33.09991202245719 -34.03089231484391 
-33.54124859595548 -33.55352723386463 -34.06450982586023 -33.06834799139092 -34.00271164649865 
-33.56247958453929 -33.575003110540564 -34.0852038308288 -33.09041913987272 -34.02337903108767 
-33.576356561814166 -33.58673909069748 -34.096259715437355 -33.103053544691036 -34.03552226819929 
-33.601749794348535 -33.60794358195672 -34.11973035102744 -33.127931271881565 -34.06052760988047 
-33.59957571141784 -33.60546335325422 -34.11791234890174 -33.1257893192718 -34.058747213366956 
-33.59167956351115 -33.597388835939 -34.113275275751036 -33.1192768642712 -34.05363850550218 
-33.550120545004816 -33.55693273469002 -34.07095987240177 -33.07534655781619 -34.011197018497086 
-33.54180022255139 -33.54900255955714 -34.06183076708605 -33.0662155506824 -34.00210054024291 
-33.57783381539193 -33.58426087854829 -34.09287614502247 -33.101196293396896 -34.034136955651206 
-33.607517441804944 -33.61522425484256 -34.11842167779463 -33.1303517311504 -34.0599238257781 
-33.62729543832238 -33.63547463539447 -34.13550168007308 -33.14974692020654 -34.07726958715912 
-33.63940257430643 -33.64487848544067 -34.145282981034796 -33.160702100851154 -34.088230913428006 
-33.61663438496876 -33.62200203142301 -34.12258034853242 -33.136788240436445 -34.06559426908845 
-33.650420450515014 -33.646251706088904 -34.156566161112835 -33.17069353334401 -34.102363014455776 
-33.65069407404707 -33.646567806082246 -34.15689895606394 -33.171021329549404 -34.10267261918956 
-33.635477631345296 -33.63048700130362 -34.141611928537685 -33.154835256094586 -34.087687693255276 
-33.647404901025695 -33.64037891684379 -34.156788888849235 -33.168820816240654 -34.10291445125091 
-33.64364532583919 -33.63202599494403 -34.148772158708184 -33.161709564714556 -34.09699835743224 
-33.66974111038131 -33.65783416654682 -34.17291016324165 -33.188005437356736 -34.121498672396754 
-33.6837279019483 -33.672807476130714 -34.18698743289667 -33.202927111268366 -34.13523644599617 
-33.74407215648918 -33.734534824828614 -34.24802757901806 -33.26697222129732 -34.195626971845016 
-33.72939725095797 -33.722914592679956 -34.23450209651398 -33.252717597892 -34.181017323562216 
-33.75271529384989 -33.74540838400189 -34.25679447013749 -33.27650950183664 -34.20368403932159 
-33.731412183246334 -33.725326496130066 -34.23683916665097 -33.25508297712523 -34.18317713115334 
-33.67515500465332 -33.667757779129886 -34.18523919694438 -33.198319336960935 -34.13130607631797 
-33.67600660734166 -33.6683659361794 -34.185808171406165 -33.19901489158593 -34.131993827957004 
-33.71128076198177 -33.7040606826362 -34.22305502742235 -33.237270655938545 -34.168716801307426 
-33.71715222708433 -33.703422414868314 -34.22531292616188 -33.24031433395824 -34.173525776962734 
-33.71893142468922 -33.70585532827741 -34.227685819258596 -33.242627438429494 -34.175599416614546 
-33.72576847956363 -33.7128576308735 -34.23474044287879 -33.249964084313305 -34.18255473290236 
-33.74114377021047 -33.72977282046972 -34.251349140556044 -33.26707710085758 -34.19846435668302 
-33.74346963149961 -33.732958860411614 -34.25390419991186 -33.26979529789594 -34.20071775879427 
-33.74130986378866 -33.7313603870561 -34.2582625644783 -33.2713039729916 -34.20382389353584 
-33.75159538204184 -33.73855127926777 -34.26707858479574 -33.28077205453468 -34.21379562110347 
-33.76809233622579 -33.755755251525144 -34.28311274034918 -33.29796672676679 -34.22966247992977 
-33.815235614417574 -33.81113667840651 -34.3336384229455 -33.35080812128365 -34.27705394173458 
-33.81339469798691 -33.80942458400355 -34.332180200719094 -33.349112584257625 -34.27549671505386 
-33.80754266851014 -33.80780941782804 -34.325348427946835 -33.34312242916788 -34.26756313857247 
-33.82728646683799 -33.83153005874145 -34.34559498409719 -33.3648388465011 -34.28648857059906 
-33.82613100618222 -33.83081925630857 -34.345202496310876 -33.364132608064835 -34.28583731440864 
-33.81737154332056 -33.82259175270559 -34.33640318395052 -33.35499726135049 -34.276901053758934 
-33.81661269254137 -33.81999707090287 -34.33456429880121 -33.353272208868944 -34.27579707475776 
-33.81490079894887 -33.81965374126921 -34.333142231443546 -33.351873807455135 -34.273917220425076 
-33.81754682090609 -33.822453627711596 -34.33537020159798 -33.35444539366141 -34.27616312815479 
-33.880522590065155 -33.88298429865935 -34.39279719560513 -33.4170674068544 -34.33512921196041 
-33.87789045860974 -33.88025978046508 -34.39011193003488 -33.41425630562232 -34.33248573095868 
-33.86636318226701 -33.87083059139093 -34.380392212592895 -33.40352655170257 -34.3218542761729 
-33.82892537627609 -33.83728298281355 -34.3446552205654 -33.36583100904309 -34.28473185537439 
-33.830115603616605 -33.84127490008427 -34.345110976460106 -33.36717057500776 -34.28446024723931 
-33.86008065741743 -33.86971295350985 -34.374505039967204 -33.398059359098056 -34.31435309438656 
-33.8817398637389 -33.89291632519971 -34.397133162563094 -33.421630238370554 -34.336311959934264 
-33.82814207337249 -33.84047645012748 -34.34331954077999 -33.365410073206604 -34.282287001069406 
-33.82692442564442 -33.83817023723684 -34.340348602772934 -33.36295807407885 -34.27993837750962 
-33.84992020610022 -33.86087184780891 -34.36127175898247 -33.38591078766861 -34.30124997968586 
-33.84674557367062 -33.85784612686297 -34.358090161341025 -33.38259900839101 -34.29803057254446 
-33.842074362431234 -33.85313128036377 -34.35403026642393 -33.37802345157829 -34.293891500384035 
-33.8412563777416 -33.852728635789944 -34.3534269398621 -33.37735851122032 -34.29312848484511 
-33.8418117996862 -33.8532868085796 -34.35396385064938 -33.377932202011536 -34.293666564942754 
-33.865364376378494 -33.869016895845434 -34.369959577013006 -33.3970768900127 -34.31323714312161 
-33.86785589524874 -33.87179435178926 -34.37256245469683 -33.39980666026773 -34.31573029468203 
-33.891415718806755 -33.89710813568652 -34.395794875100876 -33.424685853973884 -34.3384414991845 
-33.9693642441204 -33.97260682926088 -34.47286155803181 -33.505617312852266 -34.41624676118563 
-33.992070237437844 -33.987903661947 -34.487906712301864 -33.5239083484159 -34.43476227977585 
-34.061376508424075 -34.05955226611579 -34.55463170692195 -33.595655840446696 -34.501077411587545 
-34.051398849122236 -34.05121430893938 -34.5461524551759 -33.58629965330047 -34.491871852729545 
-34.04137311894878 -34.04314472716156 -34.53789075051158 -33.577096911507525 -34.482744071654295 
-34.03100124264873 -34.03077082460419 -34.527768058378825 -33.5659893865851 -34.47320515948017 
-34.03583719108828 -34.035468911433554 -34.53287959547144 -33.571193639529014 -34.478303381605855 
-34.029544554417896 -34.028943947074225 -34.526749043240414 -33.56463611079438 -34.47222804410423 
-34.14701778440215 -34.1493504698652 -34.64210416523109 -33.6872855858382 -34.58682618640714 
-34.20201949700498 -34.19901416561204 -34.68893775083242 -33.73954907543056 -34.63653065273341 
-34.202023280568255 -34.19902916680026 -34.68895981009129 -33.73956506458096 -34.6365462684535 
-34.20106867368935 -34.19924453954843 -34.68757516589591 -33.73853708554101 -34.63488086129773 
-34.14079202373743 -34.13763426898939 -34.627084190903744 -33.674941645509605 -34.574942203928885 
-34.13032533695292 -34.125598024592875 -34.614837702207936 -33.66270702665972 -34.56348655390212 
-34.13427099838108 -34.133080787364534 -34.62096520358796 -33.66867313472136 -34.56817295502766 
-34.097754694627426 -34.0977558110167 -34.58661964850896 -33.63175629718714 -34.53317441748156 
-34.13877226118775 -34.14047352206239 -34.629021247313545 -33.675860856539344 -34.57475402666924 
-34.14202342492072 -34.142710356575805 -34.63165974751401 -33.67875369322178 -34.577795402456104 
-34.17490701937467 -34.17059788548606 -34.656074857846846 -33.70773550844932 -34.60507013340957 
-34.20261598614495 -34.19860654379889 -34.68306433543198 -33.736465350293685 -34.632036792527956 
-34.185284061763994 -34.18148963176276 -34.6658314689855 -33.71837761075534 -34.61475468930858 
-34.16097114170245 -34.15604954884979 -34.64027136476642 -33.6919935585494 -34.589788914843155 
-34.15067318057376 -34.1464856260489 -34.62938606453527 -33.68100688921767 -34.578798208033305 
-34.14860716027229 -34.14447494074439 -34.62542134450659 -33.67782676345196 -34.57513632534112 
-34.14744716368102 -34.14102016293225 -34.62390452633913 -33.675998528779004 -34.57437634339351 
-34.22426724562786 -34.223462405428165 -34.704023572716224 -33.7593827639661 -34.652099717595135 
-34.22558663655509 -34.22941018727708 -34.7082568124395 -33.76319450452837 -34.654442859919925 
-34.15881920472525 -34.15968378077096 -34.64732181604619 -33.69578804541331 -34.59356061154665 
-34.190584082684225 -34.192664427983814 -34.67706534041521 -33.72822997773055 -34.62321226175034 
-34.198674168139746 -34.201986519167946 -34.68634658935096 -33.73759068695907 -34.631907119118026 
-34.21123006673983 -34.21811966792757 -34.70262784216281 -33.75345148655752 -34.64646194690556 
-34.24551130421736 -34.254802787070474 -34.7350942323764 -33.788859283758654 -34.678437031501375 
-34.28166071373499 -34.290697503808246 -34.76875067943578 -33.825365842325766 -34.712516987480456 
-34.28830241122566 -34.29424795121314 -34.77611074081061 -33.832154399345356 -34.72068322775186 
-34.25798080067335 -34.26151042931487 -34.745871598879134 -33.799958534999405 -34.691219224679685 
-34.23702884605299 -34.23687078443929 -34.72051712788992 -33.7749106332607 -34.66775305079223 
