2.1498491902876135e-06 2.1062623729492223e-06 2.123859105979262e-06 1.9999355688157965e-06 2.147668550747591e-06 
2.147149978266418e-06 2.1030722141011214e-06 2.1215023990839146e-06 1.997152553425105e-06 2.1454106598029085e-06 
2.1463307954107895e-06 2.1012065799733918e-06 2.1208322057568315e-06 1.9960664134429706e-06 2.1450484503690116e-06 
2.1633714588192163e-06 2.120114519023136e-06 2.141221197860308e-06 2.0142796879356902e-06 2.1642825978500933e-06 
2.1601625058322166e-06 2.11974455485626e-06 2.139807560934276e-06 2.0121931913224806e-06 2.1616643182739812e-06 
2.1618306838414923e-06 2.1214924182177092e-06 2.141493628338103e-06 2.0138911801810542e-06 2.1633221030040005e-06 
2.1624001873501462e-06 2.1217246281993127e-06 2.141568399183795e-06 2.0142742663328864e-06 2.16358712533395e-06 
2.1639452991249164e-06 2.1241500423402927e-06 2.142845062948056e-06 2.016022856058024e-06 2.1646281266638186e-06 
2.1641858428738014e-06 2.1243663357017506e-06 2.1428743011156794e-06 2.0162181257511953e-06 2.16470041965432e-06 
2.1641906045883205e-06 2.124373155379756e-06 2.1428859690740397e-06 2.016224756280237e-06 2.1647102774820343e-06 
2.1591317932448775e-06 2.1197116664167186e-06 2.1381611440094294e-06 2.0113288759705134e-06 2.159802635346509e-06 
2.1675182511692205e-06 2.1254568498050602e-06 2.143998406501816e-06 2.0185187253724043e-06 2.166908841755248e-06 
2.1632415003836844e-06 2.12170693805387e-06 2.1395898363145213e-06 2.014357424469873e-06 2.162354150667717e-06 
2.178767957291093e-06 2.135546921612772e-06 2.155588924517607e-06 2.029531391406669e-06 2.178812275027079e-06 
2.1768293206852608e-06 2.1331233844993044e-06 2.152968724196576e-06 2.0273280932930084e-06 2.1764605573645094e-06 
2.174992768734628e-06 2.1311123772276584e-06 2.1513148705728408e-06 2.025472204229828e-06 2.174831489265589e-06 
2.1738574671041444e-06 2.130546178074319e-06 2.1507145636275637e-06 2.0245909657822466e-06 2.173960304930725e-06 
2.166433142242613e-06 2.1229412079681346e-06 2.142881856089053e-06 2.0170238833818046e-06 2.1662531249750104e-06 
2.1644654538170053e-06 2.121812858361641e-06 2.1415278914733595e-06 2.0153986738614486e-06 2.1645289846346016e-06 
2.1621219805296727e-06 2.1195865390427845e-06 2.139153144082353e-06 2.0130767576334634e-06 2.1621220371159425e-06 
2.1547809143141244e-06 2.1130155078814093e-06 2.1295963197367423e-06 2.005538340505169e-06 2.1526903222004025e-06 
2.14805158123934e-06 2.1071681186488743e-06 2.1224943695382956e-06 1.9989815150313087e-06 2.1453688357145684e-06 
2.1496204483645157e-06 2.1101021132506704e-06 2.125810500058857e-06 2.0012547592386694e-06 2.1479570551938344e-06 
2.1496280610439675e-06 2.1100724148325788e-06 2.1258008677068654e-06 2.0012485310838893e-06 2.1479622231493987e-06 
2.157057831073035e-06 2.1175921930497676e-06 2.132548538812415e-06 2.008602670692386e-06 2.154795316724411e-06 
2.1536765294384074e-06 2.114461940555041e-06 2.129392524556103e-06 2.0053257599021693e-06 2.151521309631431e-06 
2.1452650611534835e-06 2.107650999955537e-06 2.1214617745732257e-06 1.9974473686914576e-06 2.1429980860788275e-06 
2.1448287769339783e-06 2.110178469305795e-06 2.1234021300081478e-06 1.998305890365906e-06 2.143593656553944e-06 
2.1440175511655513e-06 2.109304323148994e-06 2.1224853841673122e-06 1.997455350118572e-06 2.1427145829305305e-06 
2.1419617350370016e-06 2.10632965464251e-06 2.119748244051681e-06 1.9950007071496585e-06 2.1403850879147576e-06 
2.1441738454866044e-06 2.10668350191693e-06 2.120295204983367e-06 1.9963770464298095e-06 2.1418044282477113e-06 
2.1408479565574754e-06 2.103062987688354e-06 2.1169345855970223e-06 1.9929501108198427e-06 2.138543766861886e-06 
2.1405138100057518e-06 2.1026472267951323e-06 2.1165645855350393e-06 1.9925848822798773e-06 2.1382058471167265e-06 
2.1446249164760037e-06 2.106963127027936e-06 2.121044149537609e-06 1.996830225008936e-06 2.142558630519411e-06 
2.153448820300414e-06 2.117339698554803e-06 2.1329437555825363e-06 2.0066774600681923e-06 2.1534495263731204e-06 
2.1524807497007792e-06 2.116294371389275e-06 2.1320162514121847e-06 2.005691663401514e-06 2.1525399401106866e-06 
2.150769067429546e-06 2.1153375104245602e-06 2.1312073567921825e-06 2.004361633310571e-06 2.151339216372272e-06 
2.150810889598018e-06 2.115355127282438e-06 2.1312312960889114e-06 2.004393172151066e-06 2.151373877889653e-06 
2.15063415835874e-06 2.114962532755341e-06 2.1309991800795732e-06 2.004142404334158e-06 2.151220030744796e-06 
2.1482879975783937e-06 2.111793421904083e-06 2.127965259286814e-06 2.0014240439038643e-06 2.148563716471e-06 
2.155812983213755e-06 2.1204153514811295e-06 2.13392541285939e-06 2.0090122800846667e-06 2.154433481327809e-06 
2.1602817629728415e-06 2.124697370330575e-06 2.1386809633083374e-06 2.013486530289736e-06 2.1592013574697494e-06 
2.1536695528174257e-06 2.1181577912516757e-06 2.1326108179504026e-06 2.006976073308836e-06 2.1530175258089007e-06 
2.154665685904342e-06 2.118874544959381e-06 2.1333419013315853e-06 2.007844655627999e-06 2.153882200401494e-06 
2.1581964636554937e-06 2.1237097102781817e-06 2.1386875106188755e-06 2.012095989744841e-06 2.1585084949365943e-06 
2.152073124188917e-06 2.1177501564999484e-06 2.1334822029772228e-06 2.00617342596209e-06 2.153097880302114e-06 
2.1721233321924796e-06 2.136394803530392e-06 2.154105187151823e-06 2.025964747134887e-06 2.1740761902961764e-06 
2.172105005879679e-06 2.136374506851328e-06 2.1540724175602514e-06 2.0259431030560174e-06 2.1740464536693116e-06 
2.1567883674232705e-06 2.1223581481169647e-06 2.1385058517454175e-06 2.0109249382702375e-06 2.158104813861835e-06 
2.169926559797587e-06 2.135287171416945e-06 2.1499255332788756e-06 2.023720064686331e-06 2.16987768568577e-06 
2.169688446937274e-06 2.1351361610412766e-06 2.1497397423805006e-06 2.0235167000053217e-06 2.1696552881836115e-06 
2.1659460222625423e-06 2.131676560837781e-06 2.1462768646687325e-06 2.01989984740859e-06 2.1660552015347432e-06 
2.1678249164648796e-06 2.13346243496963e-06 2.147674053397571e-06 2.0216691117748e-06 2.1675622926958437e-06 
2.1723271324682137e-06 2.137749799474272e-06 2.1522656945968723e-06 2.026133954770281e-06 2.1722081058594032e-06 
2.171990111913448e-06 2.1375108656365755e-06 2.15187725680541e-06 2.0258161501971953e-06 2.1717967695976124e-06 
2.1716653514836707e-06 2.136977414498207e-06 2.1525828631837135e-06 2.025614736811159e-06 2.172397991615498e-06 
2.171522021089965e-06 2.1367910145290558e-06 2.1520903905990507e-06 2.025394841729353e-06 2.1719773318842615e-06 
2.1694657911669576e-06 2.135536876074615e-06 2.1500567798929277e-06 2.0235763807090257e-06 2.169682943931258e-06 
2.1687241826237567e-06 2.134277926956454e-06 2.1490471533644088e-06 2.022630560422392e-06 2.16888355382958e-06 
2.171856416223968e-06 2.137266106517113e-06 2.1529177384580957e-06 2.0258613744640006e-06 2.1726777176593215e-06 
2.163278287527909e-06 2.126612160775089e-06 2.144010274275023e-06 2.0165934282633444e-06 2.164488613999248e-06 
2.159462595099809e-06 2.1224458577426073e-06 2.139313929040826e-06 2.012504721086275e-06 2.1600508568994337e-06 
2.15923609843646e-06 2.1221999170471003e-06 2.1388627165889876e-06 2.0122310014235547e-06 2.1596432925969587e-06 
2.1480213190938347e-06 2.112015666641049e-06 2.128415025517053e-06 2.001430430669525e-06 2.1487378106125886e-06 
2.1453322904702994e-06 2.1099393802249436e-06 2.125789085484851e-06 1.99892645000394e-06 2.145905244412333e-06 
2.1576450088791936e-06 2.122006182202381e-06 2.1379277472201408e-06 2.0111647926860904e-06 2.1581521285756236e-06 
2.1580941921857135e-06 2.122112731669443e-06 2.138542924148121e-06 2.011544710263061e-06 2.158849299977077e-06 
2.1597788963384826e-06 2.1225009112166846e-06 2.139623463012374e-06 2.0127445668597875e-06 2.1604450211428596e-06 
2.147029291585769e-06 2.1095847745422977e-06 2.1264116863418417e-06 1.9998315210037157e-06 2.1473628675581355e-06 
2.1477272230278686e-06 2.1103367129293808e-06 2.127156792665958e-06 2.000555432291651e-06 2.1480828862075e-06 
2.1317763484946014e-06 2.0952878186218087e-06 2.11422091431989e-06 1.9853870066055504e-06 2.134355381783071e-06 
2.131801645924669e-06 2.0953141329828455e-06 2.114229048303514e-06 1.9854094096712747e-06 2.1343660545435675e-06 
2.123421402785454e-06 2.0884205294175424e-06 2.107006213061997e-06 1.977658627724296e-06 2.1264751628760716e-06 
2.1236725456237685e-06 2.088390981362208e-06 2.107042673761119e-06 1.977788022952891e-06 2.126637047590695e-06 
2.1192350939809583e-06 2.081773568611527e-06 2.101083493798875e-06 1.9724220741800697e-06 2.121627158051824e-06 
2.1332230531594576e-06 2.0923888782921207e-06 2.1137235874918618e-06 1.985233723469267e-06 2.135568023044109e-06 
2.132101161708336e-06 2.091940857281602e-06 2.113902408538062e-06 1.9845471525156522e-06 2.1353145503846984e-06 
2.133081558341144e-06 2.092984134726757e-06 2.1150182697365927e-06 1.985573728949028e-06 2.136387793538582e-06 
2.133039301176056e-06 2.092160291829761e-06 2.1143768571207084e-06 1.9851976745924935e-06 2.13609534960111e-06 
2.1329062536314453e-06 2.0920025557176784e-06 2.1142321411561777e-06 1.985055183140001e-06 2.135960431473887e-06 
2.1324689466594767e-06 2.091508067174407e-06 2.113716768986717e-06 1.984585834481621e-06 2.135476293647577e-06 
2.1383969990285306e-06 2.097121072886036e-06 2.1192553539156315e-06 1.9903657383689274e-06 2.141180734043231e-06 
2.140171499544568e-06 2.098686242904702e-06 2.120727336829063e-06 1.9920282822628932e-06 2.14277010276153e-06 
2.1422659504585067e-06 2.1009386214542073e-06 2.1229265349839088e-06 1.9941917834486863e-06 2.144901660841695e-06 
2.144602471105921e-06 2.105095287103738e-06 2.126041557949528e-06 1.9971924840267726e-06 2.147307198252393e-06 
2.1446976385069442e-06 2.105176453025742e-06 2.1260862278491984e-06 1.9972742788158494e-06 2.147364778018813e-06 
2.144253903626026e-06 2.1046506714766096e-06 2.125740311870591e-06 1.9968250892040777e-06 2.1470286057056257e-06 
2.146324397052973e-06 2.106834729761021e-06 2.1278351374925967e-06 1.998937229435993e-06 2.1490833263786485e-06 
2.137824982103359e-06 2.0968867073595786e-06 2.1191664046912124e-06 1.9899793066235726e-06 2.140903427784092e-06 
2.155946185770737e-06 2.1154227635693563e-06 2.136570331287881e-06 2.0081223318252825e-06 2.1582966247482615e-06 
2.15318826310793e-06 2.113073524552254e-06 2.136085345318791e-06 2.0059118042669714e-06 2.1573010160448203e-06 
2.1478379881568275e-06 2.1081361240133263e-06 2.13046795575107e-06 2.000611309429637e-06 2.151596599043976e-06 
2.1427854981817125e-06 2.102326089509481e-06 2.1237561805462835e-06 1.9950140867010778e-06 2.1454032531920157e-06 
2.1456332304318766e-06 2.1054729058656413e-06 2.1265958066031136e-06 1.99795098280411e-06 2.1481492092333312e-06 
2.1374094124477085e-06 2.097020576444373e-06 2.1194824205247564e-06 1.9898573825454015e-06 2.140922131845568e-06 
2.122655059109776e-06 2.0798935055688354e-06 2.104197788971359e-06 1.9743097204915493e-06 2.1264792536946304e-06 
2.1137996671099522e-06 2.0702664368374853e-06 2.0942967637607887e-06 1.965017584800083e-06 2.1169980966821746e-06 
2.110967107009897e-06 2.068586699400532e-06 2.0918878319421825e-06 1.962575418733909e-06 2.114151827251345e-06 
2.1044493107430182e-06 2.0620185573077353e-06 2.0858593158327267e-06 1.956122954370813e-06 2.1080566605347096e-06 
2.1023047975842047e-06 2.061510194283349e-06 2.0840215509873265e-06 1.9544837372512366e-06 2.105647498594205e-06 
2.1015106158755544e-06 2.0608365391985537e-06 2.083403408931986e-06 1.953755203162705e-06 2.104961475278941e-06 
2.111355023675201e-06 2.0705615888092156e-06 2.0930067828435054e-06 1.9635443872618743e-06 2.1146439004776305e-06 
2.1153866974542227e-06 2.074816520870942e-06 2.097321456892138e-06 1.9677030804422033e-06 2.1188404509143457e-06 
2.118250339093002e-06 2.077255439292598e-06 2.099379492890833e-06 1.9702998594180053e-06 2.1211687383545146e-06 
2.1118716689369813e-06 2.0702835256141533e-06 2.0939189383535552e-06 1.9639198870463553e-06 2.115742325518931e-06 
2.111887711162141e-06 2.0702980986109013e-06 2.093936842059484e-06 1.9639359308386876e-06 2.1157603848251486e-06 
2.1039986355124273e-06 2.0626149667424517e-06 2.085996916159276e-06 1.9560737983172183e-06 2.107762977251203e-06 
2.10455446532109e-06 2.0635920319566623e-06 2.086524188672858e-06 1.9567417642317517e-06 2.108161236376063e-06 
2.0995801170420695e-06 2.058368879744189e-06 2.0819514618374883e-06 1.9517648354127068e-06 2.103599834769517e-06 
2.0981453892549528e-06 2.056843973902315e-06 2.0803427468769837e-06 1.9502674691029368e-06 2.1020488416206244e-06 
2.092781126328125e-06 2.0490260895818797e-06 2.0698887740812703e-06 1.943241172962715e-06 2.0932285961250256e-06 
2.0951691350606753e-06 2.0515364168048225e-06 2.0721282470887357e-06 1.945641582844965e-06 2.095454299809662e-06 
2.085568873422288e-06 2.0408435498842587e-06 2.0608522149128696e-06 1.935407432587117e-06 2.0848066097877505e-06 
2.0828680162738085e-06 2.0397041651713877e-06 2.058155683292914e-06 1.9331362388736282e-06 2.081612527035152e-06 
2.082199437992932e-06 2.0389074806891893e-06 2.0574017375153097e-06 1.9324146645809254e-06 2.0809136514781475e-06 
2.0820310105825323e-06 2.038724571335245e-06 2.0570714553000793e-06 1.932212791214475e-06 2.080615144163613e-06 
2.0842438965091344e-06 2.0418674748395e-06 2.0594860602963965e-06 1.9347298124554153e-06 2.0826998636890766e-06 
2.0836268409961173e-06 2.0412283145673618e-06 2.058896888496431e-06 1.9341098846278955e-06 2.082113023787151e-06 
2.0926592544939224e-06 2.050707360913525e-06 2.0677140581972135e-06 1.9432538921329043e-06 2.090824429250914e-06 
2.0869653093530267e-06 2.0419926836932557e-06 2.060272775901756e-06 1.936385065454657e-06 2.0846381119492234e-06 
2.0864874146425284e-06 2.0417070541272458e-06 2.0598544144597013e-06 1.9359702059607996e-06 2.0841485454950695e-06 
2.0805859308641096e-06 2.0355839185574264e-06 2.053033506780419e-06 1.929830871854437e-06 2.077552415637852e-06 
2.087866024606179e-06 2.0418752810787058e-06 2.059344718968598e-06 1.9366846244648137e-06 2.0843415698766274e-06 
2.0901397384177648e-06 2.043222580729852e-06 2.0609624686739007e-06 1.938592819418835e-06 2.0863645155281015e-06 
2.095517453824239e-06 2.047771417970657e-06 2.0659021049108107e-06 1.9436788004257047e-06 2.091641737615488e-06 
2.0964704763948823e-06 2.0486635790852828e-06 2.0666285372926917e-06 1.9445783966177e-06 2.0924257403149792e-06 
2.0960477894549015e-06 2.0481182204294554e-06 2.066113505075897e-06 1.944104916124641e-06 2.091965239740352e-06 
2.09658965882069e-06 2.047986602249404e-06 2.0661782190232694e-06 1.9443806474113626e-06 2.0923244419062083e-06 
2.096959507594134e-06 2.0486310934059717e-06 2.06681795982091e-06 1.944873290537918e-06 2.092831431893333e-06 
2.0989796337363167e-06 2.050359479478355e-06 2.0686473703582577e-06 1.9467853753042014e-06 2.094785798494812e-06 
2.097544060750209e-06 2.048890386949972e-06 2.0669693141117564e-06 1.9452955309961352e-06 2.0931592029825685e-06 
2.0948481371671385e-06 2.047552046247328e-06 2.064428961290427e-06 1.942995472756977e-06 2.0901608605997165e-06 
2.083760887526086e-06 2.034802354914876e-06 2.0529413773884056e-06 1.9313525956632153e-06 2.0792687064540426e-06 
2.0845349255350958e-06 2.0356170156023662e-06 2.052909854888205e-06 1.932003282846239e-06 2.079360204966499e-06 
2.0835483168657985e-06 2.034686643439304e-06 2.0516557843871283e-06 1.930984891324232e-06 2.0781333233176356e-06 
2.0914087491187408e-06 2.0428711790163347e-06 2.060186529244231e-06 1.939067142263736e-06 2.0864483764504477e-06 
2.0933426296760677e-06 2.0446998896895873e-06 2.0631461304915667e-06 1.9411515811439073e-06 2.0892685506395066e-06 
2.094622419769729e-06 2.0459942730390955e-06 2.0645178757501926e-06 1.9424543653484723e-06 2.09062022032952e-06 
2.0936577409651042e-06 2.045073379527162e-06 2.0642566060701405e-06 1.9416211199574465e-06 2.090226366411075e-06 
2.090630827282224e-06 2.042416863541801e-06 2.061006477302599e-06 1.9386495490105418e-06 2.086896066495271e-06 
2.089306481041049e-06 2.041296785776598e-06 2.0597974369784283e-06 1.9373980529161153e-06 2.085602619174685e-06 
2.0815883365405757e-06 2.028600069613294e-06 2.046813347852015e-06 1.9274129874433194e-06 2.0750881538782672e-06 
2.0574512524400357e-06 2.0032672393519716e-06 2.0231470170163456e-06 1.9029743566008794e-06 2.0517196605936082e-06 
2.058204835925696e-06 2.0039631597195444e-06 2.024099201629255e-06 1.9037480943480165e-06 2.0526564375896464e-06 
2.055855575059547e-06 2.0026583573003887e-06 2.0213344707630305e-06 1.901601871030456e-06 2.049631246487867e-06 
2.0577071306621604e-06 2.0042620020939665e-06 2.0231705369906565e-06 1.9033890092337878e-06 2.0515485929686252e-06 
2.0575191831534616e-06 2.004225571332046e-06 2.0225171724163965e-06 1.9031640318810478e-06 2.050926097935171e-06 
2.063516450452386e-06 2.0104024471618556e-06 2.0294608128376545e-06 1.90938213743608e-06 2.057652722104755e-06 
2.0518908733540615e-06 1.997853003449477e-06 2.0172852242340732e-06 1.8973881392581529e-06 2.045862438066654e-06 
2.041796073764243e-06 1.9894493943193147e-06 2.007410721907554e-06 1.8877584523580245e-06 2.03541415897629e-06 
2.043163510525923e-06 1.990050285622806e-06 2.008381565810432e-06 1.8888568305717038e-06 2.0366953019110675e-06 
2.049063442924883e-06 1.9962938670368105e-06 2.015661773661594e-06 1.895094944827333e-06 2.043632931925194e-06 
2.0512550331708114e-06 1.9984745302889925e-06 2.0181729117617953e-06 1.8973433404780403e-06 2.0460934887573926e-06 
2.0550772878385583e-06 2.002706894098305e-06 2.024204176413989e-06 1.901666310499392e-06 2.0516207015854497e-06 
2.0509694668224854e-06 1.997238191724044e-06 2.0200820846702213e-06 1.8971871938055133e-06 2.047931136716547e-06 
2.0507823104653064e-06 1.9970044772026325e-06 2.01988813908475e-06 1.8969861858639261e-06 2.0477530440085652e-06 
2.0475254499131136e-06 1.9929960518730305e-06 2.0150227469649182e-06 1.8932412373985848e-06 2.043398146524301e-06 
2.0563615889045464e-06 2.001247604359188e-06 2.022646562562404e-06 1.9017369439651375e-06 2.0514133061057997e-06 
2.055424226411273e-06 2.0002993672502394e-06 2.021456536998243e-06 1.9007510531819112e-06 2.050269588187436e-06 
2.0585927457918965e-06 2.0037420937708962e-06 2.0243455123376203e-06 1.9039520167899231e-06 2.0531195123004205e-06 
2.0767867938887413e-06 2.0233726201020245e-06 2.0435391951476188e-06 1.9227420873777196e-06 2.0716899752538267e-06 
2.0830888534841858e-06 2.029806698051236e-06 2.049604144900388e-06 1.929054584304327e-06 2.0777536413007108e-06 
2.0856016363266138e-06 2.03256199521342e-06 2.0522605001092335e-06 1.9316626973823983e-06 2.080308975707556e-06 
2.0736681483278863e-06 2.0201505893780926e-06 2.0407280106024305e-06 1.919640816389201e-06 2.068859225797579e-06 
2.0576475701244854e-06 2.0074084777973517e-06 2.025482365365993e-06 1.9045944405168482e-06 2.052442235886821e-06 
2.057530433773534e-06 2.0073075006787575e-06 2.0253674478756486e-06 1.9044817950982872e-06 2.0523218081935336e-06 
2.05788175889628e-06 2.0075744758045868e-06 2.026406750429236e-06 1.9049277337319153e-06 2.053271596560754e-06 
2.062069585004893e-06 2.0119336443588144e-06 2.032173591128438e-06 1.909445620038909e-06 2.0587173697006615e-06 
2.0615462384882077e-06 2.0113283993469226e-06 2.0315236238998643e-06 1.908876687587696e-06 2.0581147443511654e-06 
2.0611870205636227e-06 2.0110989494145583e-06 2.0310638738636255e-06 1.9085340634949747e-06 2.0576308267880657e-06 
2.0557248861645975e-06 2.005402826229304e-06 2.024960534484605e-06 1.9028834002966745e-06 2.0517097814764933e-06 
2.039913957438516e-06 1.9897205867576156e-06 2.0085547352676056e-06 1.8869644857083854e-06 2.035362872889685e-06 
2.044602832065214e-06 1.9967331467319424e-06 2.0167074653406427e-06 1.8929014547037996e-06 2.042193390787732e-06 
2.03905750910716e-06 1.989362288768213e-06 2.0105423892118044e-06 1.886736876131805e-06 2.036711472491529e-06 
2.037007331969158e-06 1.9875244929782226e-06 2.0086622755608895e-06 1.8847688061581915e-06 2.0347351656756987e-06 
2.0336685784484555e-06 1.9840288288488337e-06 2.0052944618737808e-06 1.8813739020655424e-06 2.0314217502064423e-06 
2.0364007262439916e-06 1.986226585897837e-06 2.0075614628028392e-06 1.8838868265923737e-06 2.033936915865461e-06 
2.034998367173952e-06 1.9849176345400263e-06 2.0065855982605063e-06 1.8825819883641836e-06 2.0328591859056067e-06 
2.051355428245073e-06 2.001854556955465e-06 2.0222013552238533e-06 1.8990058927939728e-06 2.0484176970379592e-06 
2.0451347747581003e-06 1.996123069526075e-06 2.0159170019371405e-06 1.8928906282719393e-06 2.0419886000400344e-06 
2.045774241691592e-06 1.996904281917096e-06 2.016602291000324e-06 1.8935783468622245e-06 2.04262122338229e-06 
2.051204577625459e-06 2.00259759498612e-06 2.021599304663534e-06 1.8990190118336047e-06 2.0476082973897745e-06 
2.046529137910243e-06 1.998349491239165e-06 2.017418960053327e-06 1.894534565726217e-06 2.0432084471479563e-06 
2.050895170699977e-06 2.0007573550271673e-06 2.0228993564373014e-06 1.898579872403143e-06 2.0491215802132252e-06 
2.056521666278834e-06 2.0065805004777037e-06 2.028885001046405e-06 1.904338309751227e-06 2.054984599094619e-06 
2.07128741829264e-06 2.0218168379782687e-06 2.0445396758691398e-06 1.9194293335459214e-06 2.0703410102206455e-06 
2.077094913291487e-06 2.0277331472398392e-06 2.0510508850118353e-06 1.925410100658845e-06 2.076699244913598e-06 
2.0742564439867365e-06 2.0249910417864062e-06 2.048145156998061e-06 1.9225776648224015e-06 2.0737741617321204e-06 
2.0765839151641943e-06 2.0271374962980435e-06 2.0507206812995126e-06 1.924908833058863e-06 2.07636524028572e-06 
2.079213101940322e-06 2.0299264280651207e-06 2.0535940697197977e-06 1.9276324932507827e-06 2.079146985500825e-06 
2.078655574025503e-06 2.0291417309281263e-06 2.054538768153793e-06 1.92729683975602e-06 2.0799095263569797e-06 
2.066320809987485e-06 2.0152592822716544e-06 2.0399068530582716e-06 1.9140913061298756e-06 2.0661546746200014e-06 
2.0662924782289204e-06 2.0148105309809125e-06 2.039441139025107e-06 1.913871422914101e-06 2.0658959363797186e-06 
2.0832266099765897e-06 2.0324702512339376e-06 2.0556824821547214e-06 1.9309112234555756e-06 2.0820264182367182e-06 
2.0939906794772763e-06 2.0412996911548055e-06 2.065942905306088e-06 1.9411021461765186e-06 2.092984755453749e-06 
2.096662038221566e-06 2.0421172733772907e-06 2.0680899165396333e-06 1.943205072760549e-06 2.095806310666683e-06 
2.0768168990019644e-06 2.022159594983895e-06 2.0484500736828695e-06 1.9233203563138545e-06 2.0761654046287864e-06 
2.0734744122041397e-06 2.0188081130819214e-06 2.044575802121604e-06 1.919868318310003e-06 2.072384049578952e-06 
2.0724332215849724e-06 2.0179935630435147e-06 2.0438553921946435e-06 1.9189419702023277e-06 2.0715375488809903e-06 
2.0644210734402536e-06 2.008146146015807e-06 2.036206306521076e-06 1.910513692639061e-06 2.064404316649947e-06 
2.0703162628221097e-06 2.014230859360648e-06 2.0421532133759044e-06 1.91648095169485e-06 2.0702833149472824e-06 
2.0659220890535905e-06 2.0101529481065405e-06 2.0382530908550687e-06 1.9122488398610335e-06 2.066199090824888e-06 
2.0721459922354205e-06 2.0172820325813875e-06 2.0447190459246885e-06 1.918762239794185e-06 2.0723393416903805e-06 
2.074968755227226e-06 2.0202956589847754e-06 2.0478545678285646e-06 1.921699793421705e-06 2.075361808095225e-06 
2.064372164987965e-06 2.009688833903306e-06 2.038075543860031e-06 1.911230530829078e-06 2.065445973530961e-06 
2.0525525443834686e-06 1.998689383512072e-06 2.0267838135997877e-06 1.8996893200497151e-06 2.0538049840969925e-06 
2.0298678355634532e-06 1.9763877888357005e-06 2.006122685964863e-06 1.8774377054762901e-06 2.0326767377141447e-06 
2.021489780982073e-06 1.9663120875736755e-06 1.9966793679235138e-06 1.8684038345621102e-06 2.023947736460819e-06 
2.016561656415445e-06 1.9612825605648393e-06 1.9913048412397997e-06 1.8633494821358867e-06 2.018680622113544e-06 
2.037601471556349e-06 1.983607097281467e-06 2.0141658674272723e-06 1.885124911273395e-06 2.04082988591795e-06 
2.0447448131056855e-06 1.991008442674245e-06 2.0206773700987482e-06 1.8922256388192735e-06 2.047368513496766e-06 
2.052860257694149e-06 1.9998522655167567e-06 2.026187287517675e-06 1.9000430245444093e-06 2.053092535777805e-06 
2.0514161338692052e-06 1.997826691426081e-06 2.0242842130627758e-06 1.898359566482301e-06 2.0514506847818186e-06 
2.055425134943037e-06 2.002466669962247e-06 2.0285360638471865e-06 1.902586456440986e-06 2.0554626070597684e-06 
2.062807286548568e-06 2.0081216974771207e-06 2.0349568055253136e-06 1.909365090907525e-06 2.0625920414285874e-06 
2.055862643727638e-06 2.002144594166702e-06 2.026439780956784e-06 1.9023598284906965e-06 2.054036353629942e-06 
2.051218683082125e-06 1.999797720140522e-06 2.0218743071468943e-06 1.8983205532619983e-06 2.0487310500032553e-06 
2.0539903039916518e-06 2.002406927740121e-06 2.0245543032210557e-06 1.9010398388413726e-06 2.0514781600379887e-06 
2.042521162803257e-06 1.9914325330227537e-06 2.0141387858964072e-06 1.8898615775478638e-06 2.0407267737792515e-06 
2.02742530310794e-06 1.977571200162565e-06 1.99975752488987e-06 1.8751836986115843e-06 2.0258327101927064e-06 
2.0263283839538134e-06 1.9772510432223483e-06 1.997743219366056e-06 1.8741285415879119e-06 2.02372749850146e-06 
2.036765220853793e-06 1.9861465119938007e-06 2.009133737677613e-06 1.884351421312404e-06 2.035445430504799e-06 
2.04006368191291e-06 1.9895368317107628e-06 2.012196630237311e-06 1.8876400191509167e-06 2.0385194064603763e-06 
2.0378949060647438e-06 1.98728545987066e-06 2.009440955437353e-06 1.8853375847935616e-06 2.0358891003170894e-06 
2.03948597797875e-06 1.989089426620052e-06 2.010557174233244e-06 1.8869046191329528e-06 2.0370184304277176e-06 
2.038958437224919e-06 1.988787339391718e-06 2.0104759934138477e-06 1.886515756754956e-06 2.036790266287948e-06 
2.037694235554935e-06 1.9872652276280654e-06 2.0088742604416283e-06 1.8851189320354505e-06 2.0353272466418297e-06 
2.0372330629250324e-06 1.9865202251081885e-06 2.00834910070957e-06 1.884569351898574e-06 2.03490274713258e-06 
2.05051624879657e-06 1.9989511288778074e-06 2.023514416381893e-06 1.8980050627264913e-06 2.0500197138623864e-06 
2.0569389220570906e-06 2.005296227123131e-06 2.029930716255413e-06 1.9044228195603847e-06 2.0564621336003718e-06 
2.0554727285796516e-06 2.0021458732145117e-06 2.0270868164912364e-06 1.902260214239742e-06 2.0543837677560526e-06 
2.057505844696195e-06 2.0043865112411614e-06 2.0291061762080247e-06 1.904349706807682e-06 2.0563401060501186e-06 
2.0591389009533063e-06 2.005955022181609e-06 2.0307858712831167e-06 1.9059788011596548e-06 2.058032399948467e-06 
2.0650437835300536e-06 2.011468007543866e-06 2.0364227171606515e-06 1.9117479453548467e-06 2.063838967000475e-06 
2.064355853234146e-06 2.0107427696259176e-06 2.035735827611504e-06 1.9110488321107967e-06 2.0631636226170728e-06 
2.05927964958166e-06 2.0059666493943302e-06 2.0313212318488193e-06 1.9061595596570617e-06 2.0585415470956435e-06 
2.0632670211207754e-06 2.0105362576243194e-06 2.036246767190094e-06 1.9104823929922443e-06 2.063124398109004e-06 
2.061860987580897e-06 2.0088912157121e-06 2.034607193491381e-06 1.9089673705276192e-06 2.06159977988657e-06 
2.0618536691545603e-06 2.008879819163021e-06 2.03459872046436e-06 1.908958766071426e-06 2.061592789377445e-06 
2.0627230352584005e-06 2.0105857727931967e-06 2.0367851122079634e-06 1.9102943499141276e-06 2.0632917301829173e-06 
2.0609958223594987e-06 2.009006106303429e-06 2.034986371462496e-06 1.908587274855193e-06 2.061458392387523e-06 
2.05885549855301e-06 2.0070296961000187e-06 2.0335977951175483e-06 1.9066268133048032e-06 2.0598903859165787e-06 
2.052265310115659e-06 2.000659029481181e-06 2.02721559242344e-06 1.9001160656464185e-06 2.053403024681544e-06 
2.047558447114426e-06 1.9963465125822026e-06 2.0224364330918093e-06 1.8954851937520919e-06 2.048511220020575e-06 
2.054285926997172e-06 2.004190203925041e-06 2.030555558986298e-06 1.9027868826087684e-06 2.0560426602723106e-06 
2.0562782561930676e-06 2.005576907388758e-06 2.031944351195404e-06 1.9045108181796464e-06 2.057725130464203e-06 
2.0550083805604717e-06 2.0045987730432067e-06 2.0311618555243167e-06 1.9034072279103725e-06 2.056767821574153e-06 
2.0594891348988867e-06 2.008074732800714e-06 2.0360523606603315e-06 1.907720225949614e-06 2.061906377394411e-06 
2.048251648752131e-06 1.99807464524881e-06 2.027231026855935e-06 1.897249524749169e-06 2.052284043579482e-06 
2.0505359618606134e-06 2.000443964817819e-06 2.0296469928286763e-06 1.8995880043998985e-06 2.054651131886101e-06 
2.041271407783642e-06 1.9937458403730578e-06 2.0222740002284205e-06 1.8913423171386922e-06 2.046147273366538e-06 
2.044477007593426e-06 1.9971767778939247e-06 2.0258060421761945e-06 1.8946811726995013e-06 2.0495533028460674e-06 
2.0513077587802666e-06 2.00345114689132e-06 2.032811874113655e-06 1.9014215200352053e-06 2.056705831533796e-06 
2.040446568505416e-06 1.993049886259793e-06 2.022618686482201e-06 1.8907874562024718e-06 2.0462533866975264e-06 
2.0383018977032597e-06 1.987670435335449e-06 2.0179404731678175e-06 1.8872913324521494e-06 2.0430238226137444e-06 
2.03734389568116e-06 1.988843282898563e-06 2.0183146272894854e-06 1.8871459432779422e-06 2.0425005275309603e-06 
2.0326644446535107e-06 1.984171373459508e-06 2.0137000849715046e-06 1.8824692205081515e-06 2.0378721140790293e-06 
2.030067865490624e-06 1.9817371039939724e-06 2.011118433645604e-06 1.8799104898398857e-06 2.0352364725709715e-06 
2.02409997577911e-06 1.9748926317666364e-06 2.0031139645494527e-06 1.8732899077617874e-06 2.02785282882213e-06 
2.026673316400275e-06 1.976878494165507e-06 2.0050118360766887e-06 1.8755842899317802e-06 2.0300507498996763e-06 
2.0187721773398277e-06 1.9686809137870838e-06 1.996161353813794e-06 1.8673983060382756e-06 2.0214539350435747e-06 
2.018508821764061e-06 1.968497704138391e-06 1.9959329722441344e-06 1.8671618049280631e-06 2.0211943134316923e-06 
2.0282418889352394e-06 1.978964873891465e-06 2.0066647979883984e-06 1.877307505366639e-06 2.0315262095684866e-06 
2.0194248560892104e-06 1.9713655688160785e-06 1.9973560852523413e-06 1.868688289164397e-06 2.021915355286086e-06 
2.0074061277245993e-06 1.9593173737243985e-06 1.984786403839964e-06 1.8565225810176503e-06 2.0094471079050734e-06 
2.008983877267177e-06 1.9613335504035745e-06 1.9868796920782413e-06 1.8583199940473406e-06 2.0113147359409082e-06 
2.007399500788856e-06 1.9610256140981083e-06 1.985320637446657e-06 1.8570757786743996e-06 2.009347529375927e-06 
2.0053869402405264e-06 1.9589672268651973e-06 1.983427676513138e-06 1.8550683832896925e-06 2.0074486906379033e-06 
2.002848415761775e-06 1.9556770500686704e-06 1.98110408402382e-06 1.8523642203810876e-06 2.005326285549891e-06 
2.0000355845451854e-06 1.953106729578887e-06 1.9776139559378686e-06 1.849477675462988e-06 2.001873731385191e-06 
1.9996445920422338e-06 1.952504443376852e-06 1.9771125877099382e-06 1.849008147973245e-06 2.001457827730448e-06 
2.001670262249143e-06 1.954216393037341e-06 1.9787808837403125e-06 1.8508875332849935e-06 2.003285966222383e-06 
2.0024105300225315e-06 1.9548524243639352e-06 1.9792377183906184e-06 1.8515480646587156e-06 2.003823773323194e-06 
2.0024348103138824e-06 1.9548753325870358e-06 1.979257867095511e-06 1.851571260055813e-06 2.0038450569452233e-06 
2.006275259554599e-06 1.9581155073598386e-06 1.98322089956372e-06 1.8552863515144001e-06 2.007977499558681e-06 
2.0165840342867653e-06 1.9693138227264674e-06 1.995106306274737e-06 1.866162924624694e-06 2.0193159422604456e-06 
2.0252749450251755e-06 1.9780431955923865e-06 2.000934688517554e-06 1.874341818561902e-06 2.0256166727259166e-06 
2.0224294059238865e-06 1.974825886338351e-06 1.9974832227239153e-06 1.8712760329910015e-06 2.022385106973053e-06 
2.0233884008276654e-06 1.97587107226098e-06 1.998320832659292e-06 1.8722383426085726e-06 2.023216000330174e-06 
2.0232010487436606e-06 1.975723629210458e-06 1.99813920663022e-06 1.872062302757093e-06 2.023020750194801e-06 
2.0268661609057295e-06 1.978968810358097e-06 2.001441783248802e-06 1.8755572279675404e-06 2.026517882988589e-06 
2.0120808979674067e-06 1.9642609181147068e-06 1.985576679092695e-06 1.8605559581839401e-06 2.0108096712246093e-06 
1.996340333744842e-06 1.9495125437110583e-06 1.9708921366861716e-06 1.8452336912497373e-06 1.9956310853123116e-06 
1.994181785935773e-06 1.947057202090201e-06 1.9683993486954613e-06 1.8429276607149006e-06 1.9932886763217176e-06 
1.9946547282424507e-06 1.9477215054894093e-06 1.9690664447388827e-06 1.843489246382633e-06 1.993862352552969e-06 
1.9978402052678642e-06 1.950238288840999e-06 1.9721493565104433e-06 1.8464835508617098e-06 1.9971747139926326e-06 
2.0056117202294854e-06 1.958999666629655e-06 1.9805648447638133e-06 1.8546625044677934e-06 2.005168315233761e-06 
2.015228216994111e-06 1.968314989025694e-06 1.9901465900327726e-06 1.8642169308950352e-06 2.0148521044510305e-06 
2.0147924992239256e-06 1.9673936616955523e-06 1.9903464374425586e-06 1.8637665495630638e-06 2.0150983862862538e-06 
2.019028996264117e-06 1.9701817407251598e-06 1.9930749819979643e-06 1.867346900747112e-06 2.018540796584387e-06 
2.0185566092420893e-06 1.9696230544454853e-06 1.992348625846379e-06 1.866803464733837e-06 2.01788469086016e-06 
2.0229438091289202e-06 1.9732397888668234e-06 1.995339320167955e-06 1.8707418751977524e-06 2.021355952345818e-06 
2.0221230202565724e-06 1.970488039123406e-06 1.9924777628465167e-06 1.8690386210294385e-06 2.019451154421131e-06 
2.0170787113261035e-06 1.9658729272923062e-06 1.987442123793393e-06 1.86409654578455e-06 2.0142778910036887e-06 
2.0141465310728366e-06 1.962760960987239e-06 1.9841890468343832e-06 1.8610518922597825e-06 2.0111359058121244e-06 
2.014823925071228e-06 1.963124009950784e-06 1.983879228100018e-06 1.8614740629742027e-06 2.0110930179327024e-06 
2.0169554114008063e-06 1.9654345804765453e-06 1.9868348161524577e-06 1.8638034353782774e-06 2.013852329784381e-06 
2.0235223134695397e-06 1.9696794280320143e-06 1.992835058988408e-06 1.8696754470221699e-06 2.0206833435500524e-06 
2.0248494234409813e-06 1.971193547066165e-06 1.9941331605526108e-06 1.8710496635137215e-06 2.0219274030901316e-06 
2.0259991422640738e-06 1.9726691589963897e-06 1.995542001233435e-06 1.8723337785025275e-06 2.023189347045028e-06 
2.024561060944624e-06 1.971251539146254e-06 1.994034022076185e-06 1.8708848244100302e-06 2.0216866675815386e-06 
2.0223870141763603e-06 1.96902403146116e-06 1.9923059063116632e-06 1.8687707938163562e-06 2.0198995258805816e-06 
2.016578535994628e-06 1.963744259438341e-06 1.98759790237063e-06 1.863283635705856e-06 2.0148371326839204e-06 
2.027125903799276e-06 1.9759882317667927e-06 1.9986071658504396e-06 1.874388397293333e-06 2.0252326278656833e-06 
2.002415988869223e-06 1.9504995158395382e-06 1.9741636877680596e-06 1.849455696605461e-06 2.0009881915249e-06 
1.9987838373207053e-06 1.94725728467634e-06 1.9686948920691018e-06 1.8455872287003847e-06 1.995707575057514e-06 
1.9915499993258698e-06 1.9403322643135394e-06 1.9631067034595642e-06 1.8387094277211046e-06 1.9897419559714274e-06 
1.988187170876736e-06 1.936623824817391e-06 1.9586030219480273e-06 1.8350413842706404e-06 1.9855409078992065e-06 
1.9856287342864648e-06 1.9339169781903166e-06 1.9560737957149264e-06 1.8324418245133415e-06 1.9830534532045997e-06 
1.984261444033675e-06 1.933405231063409e-06 1.9544196275263162e-06 1.8312476476539982e-06 1.9811772615699767e-06 
1.984819180257295e-06 1.933922908690403e-06 1.955166212398893e-06 1.8318294991359079e-06 1.9819045296558786e-06 
1.9848573252173808e-06 1.933961742964362e-06 1.9552044427304763e-06 1.8318679480919422e-06 1.9819425301240814e-06 
1.9781478587301317e-06 1.9273824690809698e-06 1.947923783222503e-06 1.8250745287108483e-06 1.974717083688565e-06 
1.974538899502646e-06 1.9228278547420268e-06 1.945058740363795e-06 1.821334924440344e-06 1.972024628749269e-06 
1.9704930890973853e-06 1.917728435600386e-06 1.940350445671998e-06 1.8168821423166575e-06 1.967761499606675e-06 
1.9681030172990595e-06 1.9166273675849722e-06 1.9392218483723045e-06 1.815050581324658e-06 1.9660111008084137e-06 
1.968691225468737e-06 1.9169733843400833e-06 1.9397470959281534e-06 1.8155651953386161e-06 1.966623615566404e-06 
1.972008041176945e-06 1.9208690892739005e-06 1.9438720208491237e-06 1.8191899462753126e-06 1.970428648793135e-06 
1.9713721747364176e-06 1.921236948196065e-06 1.944693948451014e-06 1.819083832681246e-06 1.9706859191179395e-06 
1.9716508800822903e-06 1.921536908010396e-06 1.9449574760548864e-06 1.8193661487507847e-06 1.970945328394335e-06 
1.9628988969525962e-06 1.9123161496464716e-06 1.9373111571135e-06 1.8106717908336238e-06 1.9632586043848648e-06 
1.976877930139526e-06 1.926341710019273e-06 1.951439499469156e-06 1.8247303443365031e-06 1.977348206111462e-06 
1.977575719943537e-06 1.9270855603642037e-06 1.952151351493516e-06 1.8254447704009432e-06 1.978043195181374e-06 
1.9754280485001804e-06 1.9245444217771003e-06 1.949431568784899e-06 1.8230808432402846e-06 1.9755445535164658e-06 
1.975020753346544e-06 1.924427782961188e-06 1.948390405498266e-06 1.8226306881980552e-06 1.9745191865474406e-06 
1.9749339448040166e-06 1.92432545218311e-06 1.9483177651098547e-06 1.8225421737927495e-06 1.9744490368512013e-06 
1.9634978801552877e-06 1.9138925533619973e-06 1.9370376214911883e-06 1.8113679009474813e-06 1.9628244715941e-06 
1.9787040451076456e-06 1.9280330722261736e-06 1.952726013986902e-06 1.8264250464821968e-06 1.9787690287406095e-06 
1.9787377113048593e-06 1.9280763678458273e-06 1.9528033239403354e-06 1.826469489525989e-06 1.9788358927271627e-06 
1.976799931428142e-06 1.9265127757775758e-06 1.951217640108371e-06 1.8246903165064862e-06 1.977072121461684e-06 
1.9794123772466695e-06 1.9290745691973623e-06 1.953904629849596e-06 1.8273107492391945e-06 1.9797626921422535e-06 
1.9803627348588794e-06 1.929212275867731e-06 1.9547940281732477e-06 1.8280401836206129e-06 1.9809190294861735e-06 
1.984623150761246e-06 1.931854807587319e-06 1.9584752659439707e-06 1.831785172326252e-06 1.9852092794326775e-06 
2.001416814322397e-06 1.948287135224441e-06 1.9758221741166855e-06 1.8486381207955064e-06 2.002577582627427e-06 
2.001921864791494e-06 1.9478696878873096e-06 1.9751865821455253e-06 1.8486921332571896e-06 2.0024267098009115e-06 
2.002286258858778e-06 1.948281714969905e-06 1.975606646379424e-06 1.8490801873348614e-06 2.0028223319717746e-06 
2.012181299451999e-06 1.95959934623476e-06 1.9864205632898787e-06 1.8595396978067216e-06 2.0130326874942655e-06 
2.0099531169636685e-06 1.958639764212286e-06 1.9839041937487983e-06 1.8575786348454761e-06 2.010164856844154e-06 
2.0058360389596184e-06 1.95346261200143e-06 1.9798659362294155e-06 1.853191053543775e-06 2.006447290389393e-06 
2.0065112640960743e-06 1.9541436107256634e-06 1.9806040398928833e-06 1.8538815263047928e-06 2.0071729520668065e-06 
2.0051984443967737e-06 1.952789853288846e-06 1.9800444337035606e-06 1.852698616210405e-06 2.006498101358284e-06 
2.0073806272776898e-06 1.9555649491853352e-06 1.982487654155819e-06 1.8550888846432808e-06 2.0087102814860574e-06 
2.0181884954508476e-06 1.9652575816741635e-06 1.9926634858450856e-06 1.8655188838466477e-06 2.0193461108614347e-06 
2.0234766229275183e-06 1.9701768890371637e-06 1.9976399250646397e-06 1.8706673197640621e-06 2.0244922801755453e-06 
2.0223844329103272e-06 1.9683530829079587e-06 1.995505684529958e-06 1.8691874100952947e-06 2.022765682150578e-06 
2.020548764115371e-06 1.9668753417639716e-06 1.9940455793074392e-06 1.8675092770014018e-06 2.0211287387423607e-06 
2.018344980256254e-06 1.9640956127269433e-06 1.9917323922488923e-06 1.8651326686149888e-06 2.019015366044851e-06 
2.019091175117019e-06 1.9649868256040346e-06 1.99252524745536e-06 1.8659264625617953e-06 2.0197546844259577e-06 
2.0175467107553357e-06 1.961496702509669e-06 1.9897253576468555e-06 1.8636491849330192e-06 2.0177809007089193e-06 
2.0178116229143987e-06 1.9596326933345854e-06 1.988910265169159e-06 1.8631819025051588e-06 2.017819358595663e-06 
2.0198279816756526e-06 1.9616189715746783e-06 1.9911726532034225e-06 1.8652431623162637e-06 2.0200493659075725e-06 
2.019950207086729e-06 1.9607259619675837e-06 1.9896930844967714e-06 1.8648130981037262e-06 2.0191624661124933e-06 
2.011505683970429e-06 1.9520554101922135e-06 1.9821276194130967e-06 1.8564580905637192e-06 2.0115166366427154e-06 
2.0046674978945796e-06 1.9451229008772118e-06 1.9747450463443397e-06 1.8494752277659444e-06 2.0042560839457623e-06 
2.0059458358086417e-06 1.94599744474726e-06 1.9748498426486505e-06 1.8504376423925327e-06 2.004688649643043e-06 
1.996446322492911e-06 1.9348116994356962e-06 1.9645878646048665e-06 1.840362058651811e-06 1.9950852215502362e-06 
1.9975934203808205e-06 1.936051285521399e-06 1.9657376429422255e-06 1.841534940620661e-06 1.9962056760776597e-06 
1.996459331563579e-06 1.934419325098523e-06 1.963852521677621e-06 1.8401381014843476e-06 1.994605353760339e-06 
2.0002421135185723e-06 1.9365235268464083e-06 1.96621231610462e-06 1.8432663125583694e-06 1.997735880188631e-06 
2.0144164452899063e-06 1.9511253471015495e-06 1.9800592836358788e-06 1.8575196056781874e-06 2.011506622549192e-06 
2.020224697501039e-06 1.959089146114763e-06 1.9849842365882835e-06 1.8637088817085051e-06 2.0159068792524566e-06 
2.020490527491187e-06 1.9596770741246935e-06 1.9853939555457224e-06 1.8640805513007373e-06 2.016190721633868e-06 
2.0281310117567846e-06 1.9683777420353734e-06 1.994899264354236e-06 1.8723364914718456e-06 2.0250443316420947e-06 
2.026521605320446e-06 1.9663657974127285e-06 1.9923791654765127e-06 1.8704596835821163e-06 2.0228064030691064e-06 
2.0210195122599513e-06 1.963212108134169e-06 1.9889777023880933e-06 1.865907474470174e-06 2.01830662141481e-06 
2.025088661409054e-06 1.966603615361313e-06 1.9923225217536203e-06 1.869686420992375e-06 2.0219887669871326e-06 
2.0225784546713663e-06 1.9632273365629027e-06 1.989240990400355e-06 1.8668505435712802e-06 2.019277151874398e-06 
2.0223404952241124e-06 1.963710337694228e-06 1.9879419381068836e-06 1.8666048789816391e-06 2.017932383784179e-06 
2.0247265750696865e-06 1.965839488039551e-06 1.9905192495760227e-06 1.8689658595133163e-06 2.0205581526663134e-06 
2.022497348929821e-06 1.964048381232223e-06 1.9881277760093322e-06 1.8668130958793528e-06 2.018056202691434e-06 
2.0240408147558186e-06 1.9659611094859853e-06 1.989942477588658e-06 1.868501760798645e-06 2.0197083740732645e-06 
2.0269538492409843e-06 1.969282266680344e-06 1.9931391449922717e-06 1.871575900057813e-06 2.022728242892626e-06 
2.0261428562802624e-06 1.968704577579712e-06 1.9923687507480954e-06 1.8708294381242201e-06 2.0218773110413844e-06 
2.02671751820999e-06 1.9694125851683838e-06 1.994889387612945e-06 1.8717856167532142e-06 2.0240241160511145e-06 
2.0225291862582408e-06 1.9649432396242826e-06 1.990117555127762e-06 1.8674103448201883e-06 2.0194399758700447e-06 
2.0231232378914036e-06 1.9647482711125083e-06 1.989605780681522e-06 1.8676094414931197e-06 2.0193654812345685e-06 
2.0196516535061324e-06 1.960521247583071e-06 1.9865276693020734e-06 1.8640095195263346e-06 2.016457654660946e-06 
2.0172999174739566e-06 1.9593029095250998e-06 1.984678876568244e-06 1.862026127561973e-06 2.0141660412568637e-06 
2.008175020966738e-06 1.9517453650556492e-06 1.977123138324968e-06 1.853556610806075e-06 2.0058481776394325e-06 
2.017975501060233e-06 1.961501049618233e-06 1.9874720576049753e-06 1.8634716077442642e-06 2.016118559962519e-06 
2.0134291055977652e-06 1.9531216746948394e-06 1.980565794779906e-06 1.8575264375241896e-06 2.010820646940887e-06 
2.0089744833956584e-06 1.949238590466829e-06 1.9754318926198657e-06 1.8530785235880192e-06 2.005622941064196e-06 
2.0044040838582467e-06 1.9444932145343655e-06 1.9705087152472633e-06 1.8483894832543615e-06 2.000814729134724e-06 
2.0048238788197994e-06 1.9467233034920765e-06 1.97074486001121e-06 1.8492326339040676e-06 2.000512541224144e-06 
2.0045730605289775e-06 1.94642345223298e-06 1.9703974284905013e-06 1.8489517869538563e-06 2.000197034462317e-06 
2.0080056819843233e-06 1.950170107477657e-06 1.9739889921133207e-06 1.852501116867014e-06 2.0036627829116644e-06 
2.007074324346779e-06 1.949519788420073e-06 1.9733614393923643e-06 1.8516921151484352e-06 2.002894741775068e-06 
2.0063890650781545e-06 1.9491029271197038e-06 1.9727386761612377e-06 1.8510844986692283e-06 2.002176664848429e-06 
2.00609444352277e-06 1.9489792212787363e-06 1.9722552348889935e-06 1.8507998443823356e-06 2.001671524431198e-06 
2.003088983569516e-06 1.945870384866949e-06 1.969034319926962e-06 1.847722419964599e-06 1.9985197314460117e-06 
1.9985195866024777e-06 1.9417922499197227e-06 1.965616669955815e-06 1.8434684127320933e-06 1.9947503885083616e-06 
1.998361168846335e-06 1.9398781561351435e-06 1.965015774071937e-06 1.8427856485006132e-06 1.994778036334999e-06 
1.9970178480055405e-06 1.9392738050835077e-06 1.9646588585498634e-06 1.8418012263873896e-06 1.9940198854612945e-06 
1.999200521372455e-06 1.9414266568746635e-06 1.9665916551470393e-06 1.8439373999606407e-06 1.9960049340781696e-06 
1.996231653574271e-06 1.9386831737045967e-06 1.9637478146387356e-06 1.8410399307377922e-06 1.993068525245956e-06 
2.0025960222214435e-06 1.944127037732793e-06 1.9703909603367155e-06 1.8472400639537168e-06 1.9999543046651125e-06 
2.0063206488559824e-06 1.9471590417510245e-06 1.973648867526365e-06 1.8507173599085029e-06 2.0035101651254616e-06 
2.0158091302785706e-06 1.9582638691396894e-06 1.982249964952126e-06 1.8604792448073095e-06 2.011754797773929e-06 
2.0171551822235534e-06 1.96072085909585e-06 1.9839058604811336e-06 1.862167622019448e-06 2.013007663566922e-06 
2.017038290888736e-06 1.9604275817452885e-06 1.9831315976105006e-06 1.861890456791019e-06 2.012401055327529e-06 
2.0139789619577257e-06 1.957121923055715e-06 1.9799718657629285e-06 1.8587422385689105e-06 2.009335933829212e-06 
2.015385223906014e-06 1.956894696950649e-06 1.9813064207693062e-06 1.8597229519226864e-06 2.011197737982954e-06 
2.014920801093215e-06 1.956421260499018e-06 1.9808262971919967e-06 1.8592522758119987e-06 2.010723097571118e-06 
2.013576440679598e-06 1.9556482367342963e-06 1.9795046696008527e-06 1.8580532967789663e-06 2.0092174827316436e-06 
2.010686192289818e-06 1.953927672370589e-06 1.978014788298926e-06 1.8557002747805252e-06 2.0071198235439153e-06 
2.0193873171282964e-06 1.962612381615272e-06 1.9873801263661316e-06 1.8645384612898409e-06 2.016377794538504e-06 
2.0190859582236992e-06 1.962959205137685e-06 1.9868740217225103e-06 1.8643654023970915e-06 2.0157022129824727e-06 
2.0134250712178925e-06 1.957150912868883e-06 1.981610899743867e-06 1.8587227986504343e-06 2.0104173367735143e-06 
2.0103097064466683e-06 1.9541115396713313e-06 1.979118340146447e-06 1.8557305698462667e-06 2.007794410290566e-06 
2.014384808791021e-06 1.9585768150275024e-06 1.983278059468569e-06 1.8599313006877704e-06 2.011817076986348e-06 
2.0126126608180337e-06 1.9569073202697623e-06 1.981438833625201e-06 1.8581686575838937e-06 2.00995676760848e-06 
2.0032220344468504e-06 1.947357977484039e-06 1.9723577204099672e-06 1.8487683631634798e-06 2.000872148077387e-06 
2.0023623595051836e-06 1.946685628381562e-06 1.9714717807593864e-06 1.8479494846436322e-06 1.9999315729200212e-06 
2.015627584144415e-06 1.9594299307048057e-06 1.983860950523302e-06 1.8609591772970692e-06 2.012635348547937e-06 
2.0153193509358982e-06 1.959096922721258e-06 1.983520899398653e-06 1.8606381045903351e-06 2.0123085047930157e-06 
2.012065321177244e-06 1.9574691347730475e-06 1.9813602907607647e-06 1.857989503388079e-06 2.0094485163224036e-06 
2.0095118150903617e-06 1.954631196973346e-06 1.978826173673309e-06 1.855359298709177e-06 2.0070006293378747e-06 
2.009931472113861e-06 1.9544662836706225e-06 1.9779583504580105e-06 1.855399383738922e-06 2.006536463223006e-06 
1.989825788814086e-06 1.9358312331517666e-06 1.9568011668057327e-06 1.8354401477374465e-06 1.9850923513740105e-06 
1.994054087385949e-06 1.9395677256470427e-06 1.960718827615037e-06 1.8394970232649386e-06 1.9892185728149194e-06 
1.9919917912712607e-06 1.937171801795421e-06 1.9583770313421873e-06 1.8372936369528978e-06 1.987029621215391e-06 
2.00299665059085e-06 1.9490171737912425e-06 1.9728977728376658e-06 1.84916532475871e-06 2.000687521216007e-06 
2.003767183171117e-06 1.950214665439898e-06 1.9744003712188774e-06 1.8501811264070004e-06 2.001930927853e-06 
2.004877328165258e-06 1.9517983088664955e-06 1.9759096094996106e-06 1.8514897992123557e-06 2.003222958596043e-06 
2.006339560518399e-06 1.9535485909072e-06 1.9774089941490686e-06 1.853037713365572e-06 2.004625209185486e-06 
2.0103839167088954e-06 1.958175601260296e-06 1.9816664272953014e-06 1.857283919410946e-06 2.008662753189146e-06 
2.0052891257721437e-06 1.9537728281295528e-06 1.976564955887314e-06 1.8523562529089641e-06 2.003343320705466e-06 
2.0081593353114765e-06 1.9575416693231826e-06 1.980618289611298e-06 1.8556863388463046e-06 2.0069121050751238e-06 
2.009529392575091e-06 1.9588087345064456e-06 1.981872367573997e-06 1.8570116853993128e-06 2.008218519473762e-06 
2.012780965516987e-06 1.9611649596694644e-06 1.9841666449683985e-06 1.859861735888593e-06 2.010958471906645e-06 
2.012761231378178e-06 1.9614780902097327e-06 1.9841499719109495e-06 1.8599303859973154e-06 2.010836040568629e-06 
2.0127953925880097e-06 1.961489409947503e-06 1.984214064800899e-06 1.8599639994846453e-06 2.010902282231324e-06 
2.0085056690773515e-06 1.9578340815630253e-06 1.979650201299599e-06 1.8557819624960505e-06 2.0061839087636087e-06 
2.0145134797290246e-06 1.964042829925004e-06 1.985986483881081e-06 1.8619182453881373e-06 2.012401379150792e-06 
1.9965733609620126e-06 1.946136115401311e-06 1.9666847801194486e-06 1.8436973430694383e-06 1.9933185613927916e-06 
2.0190098556494273e-06 1.9662990644723946e-06 1.988777683492629e-06 1.8655286289867344e-06 2.0161906230003137e-06 
2.023868962909623e-06 1.971401591342409e-06 1.9939485287074037e-06 1.8705201834341918e-06 2.021231961893146e-06 
2.0240019943709427e-06 1.9713487690646403e-06 1.994026152352649e-06 1.8705947799825817e-06 2.0213777500317e-06 
2.02493722644831e-06 1.9727434110268618e-06 1.994513771468759e-06 1.8715741867204519e-06 2.0217961269934007e-06 
2.0141459557309838e-06 1.962250993192654e-06 1.9841550051598742e-06 1.8609100697165522e-06 2.0112686944606723e-06 
2.0157448522488944e-06 1.9640525238276077e-06 1.986122591098862e-06 1.8626324330263688e-06 2.013109761690467e-06 
2.0159621052761886e-06 1.9646062535692133e-06 1.9869836152970013e-06 1.8630544889639924e-06 2.01375519719723e-06 
2.015959679038483e-06 1.964607432863583e-06 1.9869821286302715e-06 1.8630531799081162e-06 2.0137524106874266e-06 
2.0195669834278676e-06 1.970160677242218e-06 1.9920585584302624e-06 1.8674531178860413e-06 2.0179644280568144e-06 
2.0127708799159102e-06 1.9632830613201397e-06 1.9853249855299616e-06 1.8606282931067864e-06 2.011245576269022e-06 
2.0238920791809775e-06 1.9738723850385366e-06 1.996945194581776e-06 1.871728295586333e-06 2.022950448145771e-06 
2.025254852096067e-06 1.9748236366301924e-06 1.9980669403571386e-06 1.8729414431894213e-06 2.024243294034629e-06 
2.023617660281689e-06 1.973146116443335e-06 1.9963529660192674e-06 1.8712751727810075e-06 2.022554954742035e-06 
2.023595982091649e-06 1.973127687213076e-06 1.9961951983733376e-06 1.8712294114489034e-06 2.0224192162384005e-06 
2.0244493690599004e-06 1.9761912565427654e-06 1.9969320949845124e-06 1.8726565312867743e-06 2.0224760327369305e-06 
2.0294746826824596e-06 1.9792395697720713e-06 2.0015765676111985e-06 1.8770952052533125e-06 2.027811497675949e-06 
2.031736955105552e-06 1.981686828770788e-06 2.0043842345263963e-06 1.8795116818207022e-06 2.0304684429157883e-06 
2.031032533053503e-06 1.980943309533083e-06 2.0036839542288543e-06 1.8787957599816204e-06 2.0297797797289807e-06 
2.0251475881284925e-06 1.973908460221515e-06 1.997120257918666e-06 1.8724671267218879e-06 2.0236943469883335e-06 
2.0285466997037635e-06 1.9768443038591304e-06 2.0003697298213167e-06 1.8757260041091766e-06 2.027115907113339e-06 
2.036129414875099e-06 1.9858066186676214e-06 2.0107220812286193e-06 1.8842040449034576e-06 2.0365633805272563e-06 
2.0322746644096078e-06 1.9824666726215425e-06 2.006486537443393e-06 1.8804032965301777e-06 2.032229275060294e-06 
2.0381257478278124e-06 1.988203732077944e-06 2.0133600896573954e-06 1.8864319452763839e-06 2.038966216046018e-06 
2.04142583998912e-06 1.9919351167562817e-06 2.0159372478891764e-06 1.8897183095241473e-06 2.041529686969263e-06 
2.0429485220888724e-06 1.9935240604411005e-06 2.017782843883939e-06 1.8913229446593385e-06 2.043299802552922e-06 
2.042444516439762e-06 1.9942169048851526e-06 2.0186427081753887e-06 1.8913919514863347e-06 2.0435503399859266e-06 
2.0260083552377944e-06 1.9783753877848977e-06 2.003655727040224e-06 1.8753470465471859e-06 2.028128842138558e-06 
2.0309887161362146e-06 1.9852626123035925e-06 2.011216427923139e-06 1.8813503436808572e-06 2.034650967812331e-06 
2.0334441759196776e-06 1.987536772554929e-06 2.013930038470583e-06 1.8838153178438037e-06 2.0373785737242893e-06 
2.03018364515704e-06 1.9848326527617692e-06 2.0122245705439954e-06 1.8810046798527767e-06 2.0352343498265233e-06 
2.0332763130054587e-06 1.9877460933277546e-06 2.016758235934555e-06 1.8843529976246374e-06 2.039581661991295e-06 
2.032037127140619e-06 1.9857135721684588e-06 2.014635651688104e-06 1.8827215580417022e-06 2.0378586886077775e-06 
2.033751062834045e-06 1.987574251742503e-06 2.0179348068511458e-06 1.8848070690173731e-06 2.040843791523245e-06 
2.037616966386917e-06 1.990634094326088e-06 2.0214402554750583e-06 1.8884000853995685e-06 2.0446648325190936e-06 
2.035405299954112e-06 1.989418405561207e-06 2.0195850678783726e-06 1.8865140342152952e-06 2.042434988308515e-06 
2.037699604067018e-06 1.9924568607764075e-06 2.022586948809013e-06 1.8891559873671366e-06 2.0450827491815608e-06 
2.0401926106062855e-06 1.994033421506116e-06 2.024669925807218e-06 1.8913320865240766e-06 2.0475244433015955e-06 
2.0443912161874054e-06 1.998224137070518e-06 2.028871326228842e-06 1.895540422718525e-06 2.05172832389773e-06 
2.0355818749936393e-06 1.988265440961808e-06 2.020240437659062e-06 1.8864509179551052e-06 2.043428569931463e-06 
2.0363283079208144e-06 1.987139401418062e-06 2.0201038122180727e-06 1.886538316929991e-06 2.0440311099645028e-06 
2.040541594596049e-06 1.992752638772532e-06 2.0249339006525923e-06 1.8912471650449187e-06 2.048316525326861e-06 
2.03569070108549e-06 1.9881437153883184e-06 2.0198000821430243e-06 1.8863847497193238e-06 2.043153819732803e-06 
2.0369756966059327e-06 1.9894965921822545e-06 2.021502735630042e-06 1.887779100820444e-06 2.0447645369408634e-06 
2.0400431899776465e-06 1.991603689608361e-06 2.0226594741873907e-06 1.890207680286857e-06 2.04654773185915e-06 
2.0469217281677836e-06 1.999552267522298e-06 2.02974165204129e-06 1.8974206947241178e-06 2.0532588851079058e-06 
2.068478459094347e-06 2.02082125268952e-06 2.0517619883516573e-06 1.919056647927263e-06 2.075293899452468e-06 
2.075561553519153e-06 2.0268390398769634e-06 2.0581192255632354e-06 1.925734455717048e-06 2.082110560824984e-06 
2.0808851004676405e-06 2.033716213735413e-06 2.063977553037713e-06 1.9315806174743035e-06 2.08738905686688e-06 
2.071456193979786e-06 2.0243161919989947e-06 2.054672132970504e-06 1.922160661635488e-06 2.0780526572634304e-06 
2.0676942131876184e-06 2.0224080495260754e-06 2.050098365476171e-06 1.9187050396012262e-06 2.0730299900262547e-06 
2.0741032162060924e-06 2.030224956553443e-06 2.057973692647251e-06 1.9258026502061703e-06 2.0802134492422328e-06 
2.0755238138685986e-06 2.0313720869615254e-06 2.0588514728044713e-06 1.92704324070302e-06 2.08126932179026e-06 
2.082788542575873e-06 2.040069447384143e-06 2.0664466448486936e-06 1.934776878165373e-06 2.08835589617534e-06 
2.0906904121237304e-06 2.0475722154051323e-06 2.0745836432135036e-06 1.942639683144324e-06 2.096580486840217e-06 
2.090805919280749e-06 2.047655181817931e-06 2.0746677626372097e-06 1.9427403722375055e-06 2.0966802027048133e-06 
2.091096310963473e-06 2.047915106028099e-06 2.0749185177062145e-06 1.943015265907414e-06 2.0969473009252732e-06 
2.0924910793299886e-06 2.0492055376219008e-06 2.0764964744664416e-06 1.94442312547853e-06 2.0985276088465604e-06 
2.0920208870288907e-06 2.04943869253156e-06 2.0757265317810695e-06 1.9440793270578166e-06 2.097585216442406e-06 
2.0922117470330445e-06 2.049654774669184e-06 2.076183997828813e-06 1.944331591851817e-06 2.097989890662885e-06 
2.0938362423931674e-06 2.0509069031108714e-06 2.077815471998088e-06 1.945861645323401e-06 2.0997383134564177e-06 
2.093956781125172e-06 2.0508123912969554e-06 2.0780028876685714e-06 1.945938591049682e-06 2.0999826068426343e-06 
2.094021923412859e-06 2.0509134026385056e-06 2.0782340620892607e-06 1.9460474829287883e-06 2.1001745000546896e-06 
2.093014609377255e-06 2.0499806500893422e-06 2.077155521949716e-06 1.9450429501825154e-06 2.0990842356709107e-06 
2.104109229164817e-06 2.06048297060628e-06 2.0876392384316924e-06 1.9558826063746727e-06 2.1098592939412585e-06 
