2.990760147505061e-06 3.00033810590792e-06 3.0877634871489534e-06 2.8947677749957567e-06 3.074341108434674e-06 
2.985037298102282e-06 2.995226141072389e-06 3.0819737101995737e-06 2.889140743223347e-06 3.0683705720328743e-06 
2.983227897430065e-06 2.9948245079939036e-06 3.080634857829393e-06 2.887860820694038e-06 3.0665101846579475e-06 
2.9840244839794235e-06 2.995999215491942e-06 3.082084430524472e-06 2.889048081742726e-06 3.067731956736812e-06 
2.982769049357541e-06 2.994937361328279e-06 3.080888986831845e-06 2.887862521026461e-06 3.0664656272446597e-06 
2.985253547861285e-06 2.998098765438848e-06 3.0846622758044563e-06 2.8911067919522322e-06 3.069811103681356e-06 
2.9855312172822027e-06 2.9962282173612235e-06 3.08449201123324e-06 2.890700748107962e-06 3.0703916803056224e-06 
2.9753265674808124e-06 2.9864497747846856e-06 3.075008229710724e-06 2.8809203350431445e-06 3.0606543588706584e-06 
2.9757958119722673e-06 2.9868849197623015e-06 3.075212964819313e-06 2.8812566872395235e-06 3.0609138691774183e-06 
2.9767565927562286e-06 2.987756744765685e-06 3.0759530705725025e-06 2.8820942562053977e-06 3.061718666818736e-06 
2.9845047530592637e-06 2.9944777462244606e-06 3.082975769726008e-06 2.8892840505718336e-06 3.0691848586879908e-06 
2.9724358947573924e-06 2.982678232752171e-06 3.072169003437905e-06 2.87786151186665e-06 3.058083690185598e-06 
2.9707923039325834e-06 2.981602535819881e-06 3.0704620588750467e-06 2.876307751152128e-06 3.0562088968982574e-06 
2.9722156046623615e-06 2.9831889521852218e-06 3.0721917818474744e-06 2.877914240282529e-06 3.0578361530554946e-06 
2.9722691206513803e-06 2.983333215189571e-06 3.072313730661728e-06 2.878020117001292e-06 3.0579181558713545e-06 
2.964496615079112e-06 2.9751515989220312e-06 3.063650015261826e-06 2.869725413113833e-06 3.049532151852782e-06 
2.9645164212772063e-06 2.975173566059061e-06 3.0636742689234597e-06 2.869747825222217e-06 3.049554983446439e-06 
2.971735719218994e-06 2.9824248555807445e-06 3.0707003863222706e-06 2.876890194478497e-06 3.0566027682710204e-06 
2.972323344746204e-06 2.9815365077434274e-06 3.0705223431852325e-06 2.876796837862475e-06 3.057016395869175e-06 
2.970132813497613e-06 2.979434553747417e-06 3.0682698169168946e-06 2.874593395742738e-06 3.0547465021100195e-06 
2.970335547552001e-06 2.979973165258297e-06 3.0687773212064892e-06 2.875013170781776e-06 3.055097591798873e-06 
2.9806667246427266e-06 2.9898199422274977e-06 3.0798745206724445e-06 2.8856180525292103e-06 3.0662185557263346e-06 
2.9758931948366443e-06 2.983604881226245e-06 3.073484541996195e-06 2.8797629467875335e-06 3.0605514825282974e-06 
2.9744943691942487e-06 2.9824457459768673e-06 3.072094035654828e-06 2.8784170953652983e-06 3.059084394795836e-06 
2.9526499720914634e-06 2.9614874212251735e-06 3.05135046578855e-06 2.85726071980519e-06 3.0378800340470344e-06 
2.9472059259468788e-06 2.9570227187591544e-06 3.0464245195100327e-06 2.8522664363058234e-06 3.032560356897567e-06 
2.914724045536374e-06 2.9251740010499186e-06 3.013796928301114e-06 2.8198140592330683e-06 2.9997602007513747e-06 
2.879188707918393e-06 2.8892455299699854e-06 2.977803108176684e-06 2.7839344680373463e-06 2.963968643239011e-06 
2.8832728926149945e-06 2.89353806488706e-06 2.9821901905953e-06 2.7882124948822175e-06 2.9682395400758345e-06 
2.8836016809511083e-06 2.8939373730408565e-06 2.9827495319860667e-06 2.7886667574459896e-06 2.9687382954657217e-06 
2.8865351292353948e-06 2.8981877731390104e-06 2.9858777554576514e-06 2.791981949062882e-06 2.9714199581882114e-06 
2.8850187413352692e-06 2.8964631523331646e-06 2.9839944881241632e-06 2.790244124405294e-06 2.9696633298685357e-06 
2.8861200044688094e-06 2.8973692757296423e-06 2.985108631444135e-06 2.7913101534913907e-06 2.970836613754999e-06 
2.8855387447928505e-06 2.8970886043071243e-06 2.984509102885758e-06 2.790785274525316e-06 2.97014564233482e-06 
2.8939436827584975e-06 2.9053357285903006e-06 2.9927509928406138e-06 2.799088255755227e-06 2.978463706550356e-06 
2.8927420028969066e-06 2.9057555034529266e-06 2.9915763873943835e-06 2.7982570511964635e-06 2.9767743747979237e-06 
2.8846858276276053e-06 2.8979424330726486e-06 2.9832890938173834e-06 2.79013744662297e-06 2.9684494948729035e-06 
2.8932777338629355e-06 2.90400712539288e-06 2.990673941557884e-06 2.7976107820503367e-06 2.9768299148270374e-06 
2.892986749269535e-06 2.903708755732264e-06 2.9906197952151363e-06 2.7974291281125096e-06 2.9767387072666944e-06 
2.900987593961468e-06 2.91278004234738e-06 2.9995988039092603e-06 2.8061357300567727e-06 2.985217684848797e-06 
2.8987760301749294e-06 2.9106216881914985e-06 2.9972825021287887e-06 2.8038839452030283e-06 2.9829022124704377e-06 
2.8975006919014263e-06 2.9090421272058134e-06 2.995480617329421e-06 2.8022920174360386e-06 2.981283716598313e-06 
2.8974001124267157e-06 2.908872616421218e-06 2.995308990146253e-06 2.802142686830585e-06 2.9811456038120904e-06 
2.902819824535703e-06 2.914296541163568e-06 3.000635053744813e-06 2.8075256938766737e-06 2.9864855455647017e-06 
2.897699286433361e-06 2.909049511197609e-06 2.99523822326843e-06 2.8022415458159636e-06 2.9811748149875683e-06 
2.904093873317722e-06 2.916292701985275e-06 3.0015677939814725e-06 2.8088024257758516e-06 2.987247563025336e-06 
2.9040062841060663e-06 2.9161689598533724e-06 3.001461808331938e-06 2.8086980414850596e-06 2.987156027247501e-06 
2.8997747921204373e-06 2.911781099350724e-06 2.9975177866132324e-06 2.8045609536009723e-06 2.983213777780967e-06 
2.9026103553114806e-06 2.913720981833565e-06 2.9996375458125733e-06 2.806865783902255e-06 2.985734313275908e-06 
2.8926164691991696e-06 2.9042543194724338e-06 2.9899660772216514e-06 2.7971280468439635e-06 2.975843947571446e-06 
2.8839495576460093e-06 2.8958933158346016e-06 2.9817559738452286e-06 2.7887328133664273e-06 2.967462222282103e-06 
2.8823476156322876e-06 2.894441213754007e-06 2.9796514296596217e-06 2.786927529806438e-06 2.9653941124810925e-06 
2.8793106175490976e-06 2.889013669747139e-06 2.9762507696648296e-06 2.783188314041313e-06 2.9628062772210913e-06 
2.878810729104237e-06 2.887821290077685e-06 2.975509972202502e-06 2.7824243151969017e-06 2.9623232579467143e-06 
2.8875599147808277e-06 2.8956458581505025e-06 2.9834707392816365e-06 2.7906140401117716e-06 2.970705351782431e-06 
2.8775068521660636e-06 2.887254970524633e-06 2.9750882912356205e-06 2.7816943406235977e-06 2.961522976132028e-06 
2.8765875838539003e-06 2.886540044512903e-06 2.97457037171261e-06 2.78100800806034e-06 2.9608740678278404e-06 
2.8768780640129155e-06 2.886880822377326e-06 2.9749276754796297e-06 2.7813413557195474e-06 2.961204419578882e-06 
2.875121936623126e-06 2.885097099217281e-06 2.9730355508475384e-06 2.7795127969144966e-06 2.959343727569971e-06 
2.883657489093307e-06 2.8929165351569796e-06 2.9800399624230427e-06 2.787181953955631e-06 2.9668276152337002e-06 
2.8844072223901696e-06 2.893250232939587e-06 2.9802602558063584e-06 2.7875942269464134e-06 2.967266787519433e-06 
2.8817320333933506e-06 2.890525942194655e-06 2.977623806841725e-06 2.7849233062936988e-06 2.964639476644254e-06 
2.872555196889584e-06 2.880797330512797e-06 2.9681527229604664e-06 2.7754783018314817e-06 2.955391308894054e-06 
2.8719539965165975e-06 2.8802107534531536e-06 2.9675432786414124e-06 2.7748756842651656e-06 2.9547786774055417e-06 
2.860561846252279e-06 2.8689810516705494e-06 2.9560848956692355e-06 2.7634740157550644e-06 2.943280933869335e-06 
2.8629422123600394e-06 2.870949739704772e-06 2.9580465239102536e-06 2.7655725536631837e-06 2.94544149987314e-06 
2.8626354126452714e-06 2.870782391054837e-06 2.9579169400714164e-06 2.765378288541659e-06 2.9452386088555376e-06 
2.8622406045106035e-06 2.870234182455118e-06 2.957353556872792e-06 2.764871112466419e-06 2.9447515150312946e-06 
2.8655505206474286e-06 2.8728697097672155e-06 2.9604813196224243e-06 2.7679546297765514e-06 2.948121262890082e-06 
2.845915959524597e-06 2.854041151550318e-06 2.940580223245605e-06 2.7483461768175213e-06 2.928012441801905e-06 
2.8430173257596532e-06 2.85090603605431e-06 2.937347627384246e-06 2.745237423292164e-06 2.9249099003028978e-06 
2.842452398414017e-06 2.850267460406615e-06 2.9367325201779625e-06 2.744632495858992e-06 2.92432631702757e-06 
2.8486799269554686e-06 2.85679258795907e-06 2.943266230024089e-06 2.7510745755279857e-06 2.9307152088398203e-06 
2.843171188825623e-06 2.851645021888355e-06 2.9382798967913857e-06 2.745880731808655e-06 2.925528745124121e-06 
2.8431352879880526e-06 2.8515963659636336e-06 2.93823580665734e-06 2.7458381954229657e-06 2.9254900280355907e-06 
2.844811118136428e-06 2.8528536911793796e-06 2.9396583585715824e-06 2.7473071605940577e-06 2.9270861377818113e-06 
2.8426249382936055e-06 2.8504164050508257e-06 2.936838658529695e-06 2.7447693108061088e-06 2.924450912560226e-06 
2.8341722486766184e-06 2.8413722534365778e-06 2.9274077971650464e-06 2.7357249303692686e-06 2.9153691477307447e-06 
2.8303507465433004e-06 2.8365150514872798e-06 2.922187446761366e-06 2.7310299986890303e-06 2.9107072139269888e-06 
2.834814751794042e-06 2.8406997271403836e-06 2.9263433674198794e-06 2.7352977532685705e-06 2.9150019693544815e-06 
2.837404267823981e-06 2.843615738059041e-06 2.9296714394655555e-06 2.73830017089862e-06 2.9181043901943777e-06 
2.8421425909679405e-06 2.8477426550101937e-06 2.9340884132858493e-06 2.7427644457767854e-06 2.922766686115734e-06 
2.874102366983467e-06 2.8778718892125354e-06 2.964692012975935e-06 2.7737486203890774e-06 2.954169740783764e-06 
2.8737994003554145e-06 2.87755208514617e-06 2.9644217693444854e-06 2.773456701979204e-06 2.9538993340323847e-06 
2.880078248058036e-06 2.884210220407108e-06 2.971201023853757e-06 2.7800535962441027e-06 2.96047583632779e-06 
2.8918709897374213e-06 2.8949945525045267e-06 2.983843722741774e-06 2.792040970910135e-06 2.9732925304753623e-06 
2.8969526643163776e-06 2.900140314830148e-06 2.989127970529789e-06 2.7972362215812227e-06 2.97852265561244e-06 
2.896434823299939e-06 2.8996036325350967e-06 2.988899122944109e-06 2.7968485172239117e-06 2.978251436024253e-06 
2.897186681941688e-06 2.9001496010664152e-06 2.9896280829876465e-06 2.797547966727863e-06 2.979048726658902e-06 
2.9032956519886156e-06 2.9059537604338297e-06 2.9957277348637974e-06 2.803596922925291e-06 2.9852452398095955e-06 
2.9037062236475216e-06 2.9054217880932414e-06 2.9949019043199523e-06 2.803237882423672e-06 2.9849214956923246e-06 
2.902576460318357e-06 2.904154021015704e-06 2.9935517483578713e-06 2.8019760578731824e-06 2.9836514731218503e-06 
2.9026723537389936e-06 2.9047137779363392e-06 2.9939309239257514e-06 2.8022991088396858e-06 2.983837925630268e-06 
2.9098974356198252e-06 2.911813171157058e-06 3.0013350096815064e-06 2.809589999634559e-06 2.9912512360049426e-06 
2.9154807887672548e-06 2.9175408886774045e-06 3.0080058533798665e-06 2.8157173834931757e-06 2.9976947319380087e-06 
2.9146905407063334e-06 2.9170455390891827e-06 3.007275481137378e-06 2.8150144939022744e-06 2.99686199480583e-06 
2.907502909517248e-06 2.909364234586867e-06 3.000553031899153e-06 2.807936787900424e-06 2.990216515105196e-06 
2.907656176262538e-06 2.9090766019193267e-06 3.000459987289337e-06 2.8078852167061235e-06 2.9903027131033926e-06 
2.907265620185664e-06 2.9084189484733954e-06 2.999279770180776e-06 2.807069016374331e-06 2.9893383511846572e-06 
2.905891330243554e-06 2.9073500434700457e-06 2.998052108638044e-06 2.80582368096283e-06 2.987990580301827e-06 
2.906786179323037e-06 2.90764146162629e-06 2.9984707710731245e-06 2.8063743602855506e-06 2.9886778445594762e-06 
2.895481060890818e-06 2.8953239159917016e-06 2.9856759780550592e-06 2.7941563794238016e-06 2.9764496786288025e-06 
2.9020803460370117e-06 2.901952039202662e-06 2.9924823230419473e-06 2.800865633236227e-06 2.983212165701408e-06 
2.9064625807232076e-06 2.9059750105476754e-06 2.996836801068049e-06 2.8051678866897457e-06 2.9876836096942256e-06 
2.9084773724346137e-06 2.906548351914175e-06 2.9980510267667763e-06 2.806524759195607e-06 2.9894828187767204e-06 
2.909680569799593e-06 2.907669545876758e-06 2.9992133122722622e-06 2.8076940832453876e-06 2.9906775828968315e-06 
2.9087303053956613e-06 2.906670607626107e-06 2.998403713399071e-06 2.806798733715476e-06 2.9898596192521114e-06 
2.911534370407857e-06 2.9081890645987884e-06 3.000055436542337e-06 2.8088165187868475e-06 2.9921064491436857e-06 
2.911367815356021e-06 2.9079881554444207e-06 2.999945498840587e-06 2.8086694021962186e-06 2.991997742882924e-06 
2.9119608280773905e-06 2.9089700720337008e-06 3.000638588304887e-06 2.8093858633410907e-06 2.9925525054586805e-06 
2.9133263688601137e-06 2.910444031724455e-06 3.001676227303224e-06 2.8106220897174435e-06 2.99361125764958e-06 
2.9191209664640836e-06 2.9159773375328887e-06 3.007492172691846e-06 2.8163819052797264e-06 2.999505225981129e-06 
2.913970149956498e-06 2.9106183690864628e-06 3.002089712939077e-06 2.811067387040526e-06 2.9942101100269688e-06 
2.913268631173194e-06 2.9100638697347045e-06 3.0014348988206173e-06 2.8104156109304817e-06 2.9935015166777134e-06 
2.9131390498578845e-06 2.9099337247153056e-06 3.0012790419440238e-06 2.810273585953371e-06 2.9933502464134014e-06 
2.914276306284796e-06 2.9114437154851403e-06 3.0026252186517004e-06 2.811582529377614e-06 2.994544844198739e-06 
2.9353036363500484e-06 2.9306528249940327e-06 3.0227199954341638e-06 2.83184601041097e-06 3.0153641672681326e-06 
2.933763259242658e-06 2.929034296441871e-06 3.021199603666658e-06 2.8302979673096263e-06 3.0138648383288137e-06 
2.919278325121372e-06 2.9161668520499565e-06 3.0087409114158813e-06 2.81705460139268e-06 3.0005607048647523e-06 
2.9207280644868707e-06 2.917311503696919e-06 3.0098809618519077e-06 2.818301823640439e-06 3.001848044139824e-06 
2.920767684059863e-06 2.9167996131762836e-06 3.0101628482840045e-06 2.8183486416077757e-06 3.0022614413103523e-06 
2.922348874924588e-06 2.9175486893392968e-06 3.0101381185856138e-06 2.8190205719995944e-06 3.002766365619779e-06 
2.9180943468164107e-06 2.911968116425077e-06 3.0061505068731715e-06 2.8146334194095005e-06 2.999147638546139e-06 
2.9011571337088244e-06 2.895266306155333e-06 2.989138472178997e-06 2.7976856755193046e-06 2.9820748217074417e-06 
2.887780572541165e-06 2.8815915653358315e-06 2.975804916124178e-06 2.7842573450357426e-06 2.968827017165367e-06 
2.8749617631429956e-06 2.8679437475849754e-06 2.9617280767831312e-06 2.770678563921715e-06 2.955220254789841e-06 
2.8812506225338528e-06 2.8751650589452423e-06 2.9689585529323333e-06 2.7775907268229737e-06 2.9620016525825387e-06 
2.8708189803195126e-06 2.8650606417826493e-06 2.9582496959620192e-06 2.767079033955897e-06 2.9512374019562314e-06 
2.868927304772766e-06 2.863207055979287e-06 2.9564548303425522e-06 2.765237507844088e-06 2.9494143859277697e-06 
2.8693105923771466e-06 2.863485535654338e-06 2.9568470764373255e-06 2.7656055200846033e-06 2.9498378077333024e-06 
2.873649445199748e-06 2.868148997553348e-06 2.9627730069479336e-06 2.7707564067090587e-06 2.9553955760520347e-06 
2.8718075216233238e-06 2.8664041313350825e-06 2.96113499655357e-06 2.7690268795178186e-06 2.953693016227688e-06 
2.895550841696614e-06 2.890513843129435e-06 2.9849901498160785e-06 2.7929199895524645e-06 2.977415007744617e-06 
2.8946700765649924e-06 2.889888388912267e-06 2.9845819839040405e-06 2.7923098629353784e-06 2.9768477371427846e-06 
2.894460591300333e-06 2.889586666818167e-06 2.984187697832895e-06 2.7919952650477686e-06 2.976513300804382e-06 
2.8984471996454504e-06 2.893314910770558e-06 2.9873776814007777e-06 2.7955617805557754e-06 2.9799178299917687e-06 
2.8954507624272074e-06 2.888920981114106e-06 2.9838235636216067e-06 2.792036901105055e-06 2.976893200879997e-06 
2.896226609283464e-06 2.889269726776474e-06 2.9834981646044122e-06 2.792216407337915e-06 2.9768863013279085e-06 
2.8976531922481153e-06 2.8916625207053474e-06 2.9865544442079113e-06 2.7945918076723438e-06 2.9793671151442256e-06 
2.8958510045956164e-06 2.890495728103954e-06 2.984733576762853e-06 2.7928978595952142e-06 2.9773513330641408e-06 
2.9028403377669905e-06 2.8968968027022003e-06 2.991516228081386e-06 2.799687464515088e-06 2.9843521296108315e-06 
2.898610134198304e-06 2.8927254326973264e-06 2.9871526345228276e-06 2.795400476981381e-06 2.9799926583181885e-06 
2.886423575397406e-06 2.8806861099821852e-06 2.974794624253779e-06 2.783146566449134e-06 2.967617633203214e-06 
2.883828224532708e-06 2.8785733997819004e-06 2.9725218798773603e-06 2.7807909335901483e-06 2.965140151387704e-06 
2.8898621443237177e-06 2.884114398036338e-06 2.9778376973054527e-06 2.7864016891063422e-06 2.9707304308561913e-06 
2.8877730683087967e-06 2.882139742980353e-06 2.975989818693299e-06 2.784444862142422e-06 2.9688063096309207e-06 
2.8877250790231582e-06 2.8821169347130752e-06 2.9759428027885417e-06 2.7844020352680845e-06 2.968751278209116e-06 
2.889232144392069e-06 2.8836982083502374e-06 2.9777477578295292e-06 2.786064800458677e-06 2.9704829812266454e-06 
2.89071625528058e-06 2.885260823777536e-06 2.9792420633176945e-06 2.7875702867187894e-06 2.9719510873621924e-06 
2.910873153060079e-06 2.9052436107764626e-06 3.0000651025135253e-06 2.808032048963962e-06 2.992716235132952e-06 
2.91182154412805e-06 2.90608996031279e-06 3.0014283789604943e-06 2.809159025018057e-06 2.9940414622808193e-06 
2.909991579106066e-06 2.904452350118035e-06 2.9995098661287116e-06 2.807320779928505e-06 2.992077916837495e-06 
2.910953087010736e-06 2.9053268426655884e-06 2.9993844522624074e-06 2.807754242902702e-06 2.992162551430961e-06 
2.910199901218389e-06 2.904484280141772e-06 2.9985536876096416e-06 2.806946869583906e-06 2.9913727142468044e-06 
2.9099167249797003e-06 2.9043446189067053e-06 2.9984518500296633e-06 2.806775652443823e-06 2.9911956126374224e-06 
2.921059277988225e-06 2.915285414265212e-06 3.00979455452328e-06 2.8179873840842115e-06 3.0025675098308043e-06 
2.919201611293973e-06 2.9138165711380304e-06 3.008492761510885e-06 2.8164628538146368e-06 3.0010509313609537e-06 
2.9174546514101346e-06 2.9121343264470007e-06 3.0067868305924856e-06 2.814745412271011e-06 2.99931792598854e-06 
2.916298593350481e-06 2.9108113219866892e-06 3.005349226750844e-06 2.813423709311615e-06 2.9979797649777558e-06 
2.913306828441208e-06 2.907754854460304e-06 3.0026639972896465e-06 2.8105612001325235e-06 2.9952631277066153e-06 
2.91319734624729e-06 2.9076632096285183e-06 3.0025844629964733e-06 2.8104690988963548e-06 2.99517299231748e-06 
2.916289204992864e-06 2.9108977242582774e-06 3.0059390457925424e-06 2.813715630222597e-06 2.998438863773458e-06 
2.901504122036926e-06 2.8974642580597988e-06 2.9920113822590247e-06 2.799574099598627e-06 2.9839456030590287e-06 
2.8988491036589514e-06 2.8950121693514448e-06 2.9893666869991353e-06 2.7969593257521934e-06 2.9812359055732673e-06 
2.8979485587394136e-06 2.8940978750459994e-06 2.988598871069212e-06 2.796118079410792e-06 2.980450069584641e-06 
2.8964942724523775e-06 2.891807940317881e-06 2.9868880782886425e-06 2.794382813375445e-06 2.979043005162015e-06 
2.90152590759795e-06 2.8965404525204318e-06 2.991813404979931e-06 2.7993138158573704e-06 2.984079419710902e-06 
2.9143775481068154e-06 2.9097752367888427e-06 3.004763962163525e-06 2.8122990968681307e-06 2.9968937847108067e-06 
2.91556955539466e-06 2.9107903825920627e-06 3.0057890520124253e-06 2.8133800154232883e-06 2.998002099525269e-06 
2.9151075221196635e-06 2.910407941191668e-06 3.005529952309128e-06 2.8130287902202083e-06 2.9976840349382186e-06 
2.9139126243242686e-06 2.9089795074395143e-06 3.0042225057165596e-06 2.8117353055679248e-06 2.996468346545197e-06 
2.9149638760183314e-06 2.9099539564133944e-06 3.005194028536735e-06 2.8127355142740415e-06 2.9974772239756254e-06 
2.920929986332904e-06 2.916141302483069e-06 3.010788187872912e-06 2.8185735375553153e-06 3.0030649575453972e-06 
2.918779050443183e-06 2.914316549787031e-06 3.0088093309161293e-06 2.816563111964874e-06 3.0009554333654225e-06 
2.91851173432105e-06 2.9140654978185073e-06 3.008500986626027e-06 2.816279142741763e-06 3.000648919951785e-06 
2.9219960529468365e-06 2.917597246241592e-06 3.0118168298857293e-06 2.8196968030465155e-06 3.00397827437856e-06 
2.9286486223921083e-06 2.9238492362443493e-06 3.017730690762174e-06 2.8259327654700885e-06 3.0101413071944265e-06 
2.9280623297534722e-06 2.9234109735785342e-06 3.0174610877592688e-06 2.8255230222474257e-06 3.0097722566536525e-06 
2.925340845854667e-06 2.9207187901221905e-06 3.014714042661969e-06 2.8227919215282882e-06 3.0070203894902113e-06 
2.9196475916220363e-06 2.9146702989702617e-06 3.0089128769908988e-06 2.816973931971687e-06 3.0013482364688417e-06 
2.9048117751693564e-06 2.8999388001821605e-06 2.9935471352618024e-06 2.8018913146426133e-06 2.986039172909623e-06 
2.90164677769201e-06 2.897173570926332e-06 2.990550891379192e-06 2.79887809410877e-06 2.9828898461991756e-06 
2.899249391022548e-06 2.894567000206749e-06 2.9882653219828624e-06 2.796490488524122e-06 2.9806507651899883e-06 
2.901263662126363e-06 2.894416683259499e-06 2.988656253832233e-06 2.7973366587580696e-06 2.9819897701426623e-06 
2.9018249473083686e-06 2.8943791368095516e-06 2.9886416036950514e-06 2.7975171290763826e-06 2.982258714323462e-06 
2.90772628019733e-06 2.9017535527539258e-06 2.9949830886436165e-06 2.803908363479552e-06 2.988066839668671e-06 
2.9224073077030764e-06 2.9170408028970585e-06 3.008965453938175e-06 2.8183987016080763e-06 3.001977394781577e-06 
2.9246315117912266e-06 2.9193201219543433e-06 3.0114108219761083e-06 2.820738438732143e-06 3.0043683853280105e-06 
2.9254647961323328e-06 2.920662188019318e-06 3.012744293842624e-06 2.8219028520526463e-06 3.005458925676079e-06 
2.9304612722991905e-06 2.925076066402488e-06 3.0178493333366188e-06 2.8268432170508276e-06 3.010727614052611e-06 
2.9336647000027772e-06 2.928593766849389e-06 3.021337404289195e-06 2.8302431607021576e-06 3.0140697110401557e-06 
2.921518294720426e-06 2.9176781747635988e-06 3.00962856036257e-06 2.818524462332896e-06 3.00190303648644e-06 
2.9202889921249163e-06 2.9163520010685334e-06 3.0085387387577347e-06 2.817339733036519e-06 3.000820065949275e-06 
2.92790300250996e-06 2.9235948728085644e-06 3.015448046241282e-06 2.824563069885037e-06 3.0079635998057693e-06 
2.9283260140978074e-06 2.923968184953718e-06 3.0158284728844463e-06 2.8249571566547197e-06 3.0083667019954328e-06 
2.922452638345974e-06 2.9196833110013437e-06 3.010817897319681e-06 2.8197885178970048e-06 3.0027148972723497e-06 
2.9273013456630566e-06 2.9237042706608683e-06 3.0148112096077637e-06 2.8240837462091256e-06 3.0071104593232395e-06 
2.9351196461367945e-06 2.9321280125337703e-06 3.0235398107614315e-06 2.8324518265176226e-06 3.0154969449152764e-06 
2.9421999316200013e-06 2.940815319227431e-06 3.030873708704259e-06 2.8399778200299434e-06 3.0222854733403984e-06 
2.9399895575007756e-06 2.9386865622382654e-06 3.0287537356279874e-06 2.8378230618655993e-06 3.02012484189649e-06 
2.9571904132505486e-06 2.9579149058444955e-06 3.0473373980933777e-06 2.8560946021705947e-06 3.0378415278464315e-06 
2.958465226413975e-06 2.9590038084587867e-06 3.0484427478203964e-06 2.8572544482231374e-06 3.0390334716739646e-06 
2.958828055022956e-06 2.95947915070932e-06 3.0487932048254944e-06 2.857635019699749e-06 3.0393507303905833e-06 
2.9702246272844773e-06 2.970713624247418e-06 3.0596641000065487e-06 2.8687688807370857e-06 3.050360138752241e-06 
2.9596889133515256e-06 2.9601190618047807e-06 3.049380994807345e-06 2.8583255020511864e-06 3.040053449001596e-06 
2.959690013943056e-06 2.958750855937869e-06 3.0489749436553555e-06 2.857860161629336e-06 3.0401445201504073e-06 
2.9597425513084044e-06 2.9592507736599334e-06 3.050145588562332e-06 2.8585219610322137e-06 3.0409877167754202e-06 
2.9717555324571506e-06 2.9715697194617312e-06 3.0642299306013995e-06 2.8715820522089608e-06 3.0546286615790313e-06 
2.9720481242873828e-06 2.9718591710553884e-06 3.064359434965409e-06 2.8717972229677767e-06 3.0547865056998657e-06 
2.9835044895471926e-06 2.982209291220037e-06 3.0747131244507534e-06 2.882528344597148e-06 3.065671018226328e-06 
2.988835976348686e-06 2.98509730626568e-06 3.0791285724953463e-06 2.8869605446696546e-06 3.071003942590927e-06 
2.9903164321943185e-06 2.9864830754442898e-06 3.0804735225444286e-06 2.8883605691783116e-06 3.072401236914193e-06 
2.9895816695214123e-06 2.9854085506801854e-06 3.0793374063049724e-06 2.887370873612855e-06 3.0714387359043254e-06 
2.994038550835013e-06 2.9896282378972086e-06 3.0837704582458558e-06 2.891776278408065e-06 3.075949820771867e-06 
2.9801760966183438e-06 2.975417598141148e-06 3.0703343075774237e-06 2.8780343283195773e-06 3.062550715109008e-06 
2.980187174119385e-06 2.9754310160394495e-06 3.0703750630773876e-06 2.8780599307046244e-06 3.0625857442344347e-06 
2.981854519325715e-06 2.9768931411158087e-06 3.071880349817106e-06 2.879613746110651e-06 3.0641823310510856e-06 
2.982350695090563e-06 2.977147023665255e-06 3.072335796134669e-06 2.880045774981533e-06 3.064720219349317e-06 
2.9865116401755607e-06 2.9809229727492553e-06 3.07644395037139e-06 2.8841144708223587e-06 3.0689573221916147e-06 
2.9886950788397747e-06 2.9832349393611167e-06 3.0786349537959976e-06 2.8863278180649718e-06 3.0711069550154817e-06 
2.984274855187259e-06 2.978292026674281e-06 3.07389788125959e-06 2.8816552006843446e-06 3.0665862820772507e-06 
2.978364632255254e-06 2.9718109500549277e-06 3.067558570922094e-06 2.8754293046799002e-06 3.0604972607654543e-06 
2.9823021879482333e-06 2.9766365968285767e-06 3.0718958410719057e-06 2.8797253821176322e-06 3.064490269441204e-06 
2.9865760305147936e-06 2.982422348635906e-06 3.077216605063167e-06 2.8847840893352003e-06 3.069163022486547e-06 
2.989915341036477e-06 2.9856670430635356e-06 3.0803220943250754e-06 2.8879982985165513e-06 3.0723373613723266e-06 
2.9855412986648693e-06 2.9810590442432927e-06 3.0760266371501284e-06 2.883612599348141e-06 3.0681017346674095e-06 
2.9827270549131654e-06 2.978619137060862e-06 3.0737245791745995e-06 2.8811091589773483e-06 3.065596676309802e-06 
3.0005284840407252e-06 2.9964689566560915e-06 3.091528416116072e-06 2.8989403250156713e-06 3.083384817538497e-06 
3.0067036914670827e-06 3.002252417530656e-06 3.0973625774389484e-06 2.9048863697400352e-06 3.089398600313425e-06 
3.019181521189106e-06 3.0144268409351945e-06 3.1096126917227023e-06 2.917212539135142e-06 3.101781645002764e-06 
3.016641505589791e-06 3.0112390113968004e-06 3.106547935900257e-06 2.914299542547362e-06 3.0990074392650403e-06 
3.020830334327853e-06 3.0157592756875097e-06 3.1107909656544e-06 2.9185805904559824e-06 3.1031378891559986e-06 
3.018105116067467e-06 3.013099904097162e-06 3.1080573520192986e-06 2.9158608154189435e-06 3.1003851561169345e-06 
3.0139214412781277e-06 3.0090425213283065e-06 3.103738760862485e-06 2.911632526623561e-06 3.0960498898978406e-06 
3.0145580617064544e-06 3.0096943533789315e-06 3.104461383405686e-06 2.912313381557234e-06 3.096753280755365e-06 
3.0258633968468414e-06 3.021618301405779e-06 3.116621099109872e-06 2.924152472278081e-06 3.1085759478130194e-06 
3.0253002967293164e-06 3.021194940347154e-06 3.116383523546776e-06 2.9237698720719926e-06 3.1082399473358218e-06 
3.0259505669766954e-06 3.0220218013424053e-06 3.1168349263571504e-06 2.9243596070930114e-06 3.1086696870454232e-06 
3.019180532489458e-06 3.0156226097588565e-06 3.1104375452507163e-06 2.917829583714542e-06 3.1020938655302367e-06 
3.0177063318815022e-06 3.014508853240231e-06 3.1093128825650484e-06 2.916588464676959e-06 3.100797842755155e-06 
3.0201196876533547e-06 3.0176793488454663e-06 3.1119233306824514e-06 2.91924261588986e-06 3.10313858441666e-06 
3.020476717088892e-06 3.018611217324764e-06 3.112475336234643e-06 2.9198032574179822e-06 3.103478151859963e-06 
3.0216653825743894e-06 3.019971503687015e-06 3.1135552054812013e-06 2.9209748094246444e-06 3.1045226318854147e-06 
3.022690025823156e-06 3.02095512261812e-06 3.1144810599778818e-06 2.921945796302871e-06 3.1054778944969435e-06 
3.0299851863299346e-06 3.0284239529690935e-06 3.122204221667733e-06 2.929485402065071e-06 3.113074693339133e-06 
3.032997201846783e-06 3.031060265982322e-06 3.1259090553018333e-06 2.9327585542927527e-06 3.1167804087610024e-06 
3.040429662740944e-06 3.0378600138516593e-06 3.1323351992682066e-06 2.939597949675879e-06 3.1235733967685245e-06 
3.041031190967076e-06 3.038580245297306e-06 3.1333769564204983e-06 2.940432529424351e-06 3.1245039966899515e-06 
3.0375152380232804e-06 3.0354858255208017e-06 3.130330933517453e-06 2.9372177340445956e-06 3.121247272932265e-06 
3.048251416573745e-06 3.046833361931975e-06 3.141659304912037e-06 2.9483655321811117e-06 3.1322847773770485e-06 
3.0507427515686183e-06 3.049198290719886e-06 3.1439820966374365e-06 2.9507545639888663e-06 3.1346753740589214e-06 
3.046045366347623e-06 3.044721854980338e-06 3.139621755110004e-06 2.9462560278428388e-06 3.130189384885003e-06 
3.052718022781831e-06 3.0508277599473162e-06 3.145531859033227e-06 2.952462232489584e-06 3.136404747476348e-06 
3.054036520988516e-06 3.0512092815398287e-06 3.146032025158364e-06 2.9532128595782903e-06 3.1373353634676105e-06 
3.050936791545907e-06 3.0481773576769036e-06 3.1428983073945326e-06 2.9501065916202177e-06 3.1341862259980135e-06 
3.0619906658926507e-06 3.058820117863796e-06 3.1531269160508683e-06 2.960701522983375e-06 3.144681999179776e-06 
3.0500046764872706e-06 3.047553621005271e-06 3.140330953092818e-06 2.948459752958988e-06 3.1317974285974668e-06 
3.0562478785642094e-06 3.053708826563675e-06 3.146338615618212e-06 2.954581945393763e-06 3.1378721045684735e-06 
3.052714583879293e-06 3.0498218087215174e-06 3.1429945928857314e-06 2.9510649428722712e-06 3.134606957892749e-06 
3.050033212868346e-06 3.046633256390991e-06 3.139891470395013e-06 2.948084465544974e-06 3.131733354508805e-06 
3.059430324592484e-06 3.0562627447002284e-06 3.1494110865377982e-06 2.957593980603704e-06 3.141159605535561e-06 
3.0572026000099415e-06 3.0541695073695316e-06 3.1470358305224925e-06 2.955320772147997e-06 3.138767117321087e-06 
3.0641238150313924e-06 3.060950451231601e-06 3.153103923070343e-06 2.9618233937350524e-06 3.145022369952096e-06 
3.0632734142954026e-06 3.0596067961165437e-06 3.152016798883758e-06 2.960765554917635e-06 3.144129346323993e-06 
3.0477291906601286e-06 3.0437272434020603e-06 3.135656493528883e-06 2.9447601140111915e-06 3.128011209303301e-06 
3.0475672812336977e-06 3.043555800759013e-06 3.135478374543586e-06 2.9445886545458774e-06 3.127838797249406e-06 
3.0521446740908075e-06 3.048096804889515e-06 3.141757584996501e-06 2.9499582795175813e-06 3.13384323454439e-06 
3.0537024786133073e-06 3.049703117758873e-06 3.1433638468843864e-06 2.9515498100012177e-06 3.1354261703772197e-06 
3.0533032286503527e-06 3.049321694521443e-06 3.1430152558138074e-06 2.9511773729561214e-06 3.13506348996281e-06 
3.0653029483676985e-06 3.0630411053385325e-06 3.156678074308368e-06 2.964305044705512e-06 3.147908852959779e-06 
3.0589556047697676e-06 3.055690637151979e-06 3.148323950077996e-06 2.956812965121512e-06 3.1402058738684697e-06 
3.059032452002483e-06 3.055772530005005e-06 3.148388286637773e-06 2.9568850285039773e-06 3.1402707339393784e-06 
3.058812014180086e-06 3.056124628281088e-06 3.148017842464052e-06 2.9567064052422233e-06 3.1397463614639434e-06 
3.058839248639293e-06 3.0561513434913823e-06 3.1480522595494712e-06 2.9567369105318133e-06 3.139779734381458e-06 
3.042639513976964e-06 3.0407190829643812e-06 3.1317285177828046e-06 2.9406141622790903e-06 3.123236782213942e-06 
3.0414290678476067e-06 3.04073640205531e-06 3.1302648422491264e-06 2.9395327315100932e-06 3.1214309152550356e-06 
3.0418101381070175e-06 3.041450297983749e-06 3.1302290442658443e-06 2.9397909639511275e-06 3.1213605752597174e-06 
3.0326405559973697e-06 3.031528528018531e-06 3.121191020273329e-06 2.9305182235426375e-06 3.11253650828165e-06 
3.0253586130296745e-06 3.0232043836810895e-06 3.1138326111161612e-06 2.922983293576396e-06 3.1055175186027562e-06 
3.0157948629162925e-06 3.0130730927546206e-06 3.10378028294207e-06 2.9130703766253236e-06 3.0957249686453394e-06 
3.01551889578445e-06 3.0130820647156515e-06 3.103388922286862e-06 2.91279780898113e-06 3.095263761125808e-06 
3.0198355463856336e-06 3.01815621562556e-06 3.1081050325443207e-06 2.9174552145231754e-06 3.099675581442184e-06 
3.0091130436972395e-06 3.0084627169983337e-06 3.098702009969107e-06 2.907537589259961e-06 3.089729213904533e-06 
3.0098761812371824e-06 3.0092821435665205e-06 3.099438877036898e-06 2.90830078374785e-06 3.0904528339722005e-06 
3.0097753122100534e-06 3.0092068822022343e-06 3.0995174823315615e-06 2.908288088383014e-06 3.0904933393415995e-06 
3.010696952692564e-06 3.010366993733984e-06 3.0999889361586697e-06 2.909050981063934e-06 3.0909654842382033e-06 
3.0105961210804735e-06 3.0101958843180485e-06 3.0998477572313885e-06 2.9089171270841906e-06 3.0908530921286046e-06 
3.0108150785239436e-06 3.010117929418655e-06 3.1000887847638147e-06 2.909086242847924e-06 3.091183459185824e-06 
3.013161933579493e-06 3.0118197640271303e-06 3.1017662174503914e-06 2.9109964394386848e-06 3.093175128107635e-06 
3.0189762768515664e-06 3.0172058732372295e-06 3.1076603220762044e-06 2.916767801788952e-06 3.0991898992853495e-06 
3.0216086030710406e-06 3.0201674552559705e-06 3.1099965106136484e-06 2.9193327892398378e-06 3.1014725601639105e-06 
3.021313686706568e-06 3.0199185535039426e-06 3.1097632922348535e-06 2.919075239077116e-06 3.1012145879324174e-06 
3.025902161518687e-06 3.024497010005021e-06 3.1144390176490197e-06 2.923706884337765e-06 3.1058787517847196e-06 
3.0254014223868198e-06 3.0240572643498953e-06 3.1138385288241154e-06 2.9231720148900492e-06 3.105275880512391e-06 
3.038340256971951e-06 3.036386611967043e-06 3.1254932470276422e-06 2.935413011206742e-06 3.117336628694725e-06 
3.0447139989959015e-06 3.042483767410107e-06 3.1320630331921377e-06 2.9418272585214287e-06 3.1239601504445e-06 
3.0442667833275092e-06 3.0418199640315052e-06 3.1316068138320005e-06 2.9413317607086054e-06 3.1235733085995932e-06 
3.0435089989574826e-06 3.0409635578668806e-06 3.1306950615714814e-06 2.940482791875673e-06 3.122718282862416e-06 
3.0420043216308318e-06 3.039519158619631e-06 3.129438288466803e-06 2.9391021846783373e-06 3.1214010696276466e-06 
3.0434204301529315e-06 3.0407625196352305e-06 3.130803124543282e-06 2.94046162733935e-06 3.1228286013580682e-06 
3.050423129629737e-06 3.048411740222746e-06 3.1381241616952556e-06 2.947748011992677e-06 3.129893610170482e-06 
3.0558598255017943e-06 3.0548297976653117e-06 3.1439233793223967e-06 2.9535559187035603e-06 3.135324357314711e-06 
3.0547121396266407e-06 3.053964533239123e-06 3.143187532438912e-06 2.9526533890042868e-06 3.1344309700083224e-06 
3.053774562559974e-06 3.0531348219136305e-06 3.142622931488306e-06 2.9519081197970758e-06 3.133770071995614e-06 
3.060902804688152e-06 3.0609828021221914e-06 3.1499540687867604e-06 2.9592845112547765e-06 3.1408413555068415e-06 
3.063908921232559e-06 3.0637037049240654e-06 3.153066931666089e-06 2.962284445984706e-06 3.1440257390026213e-06 
3.063906670392548e-06 3.0637014980234778e-06 3.153064497264073e-06 2.9622821172657966e-06 3.1440233216174164e-06 
3.0701444869722497e-06 3.068553380054938e-06 3.1591883044060177e-06 2.9681934121249438e-06 3.1506005717572326e-06 
3.083918611749442e-06 3.082181962150833e-06 3.17313025858756e-06 2.9820306436992065e-06 3.1645597481166477e-06 
3.0830174276120408e-06 3.0808407168835796e-06 3.1718467065140936e-06 2.980863661346785e-06 3.163478231794212e-06 
3.080786273728566e-06 3.0783873888244663e-06 3.168699580666909e-06 2.978163120679684e-06 3.160554446933732e-06 
3.0857665407768147e-06 3.0835575726993e-06 3.17351759837965e-06 2.983112246615799e-06 3.165340106795268e-06 
3.0855480075278495e-06 3.083341522499572e-06 3.1732991752322673e-06 2.9828940333191494e-06 3.165120889791059e-06 
3.085552012878497e-06 3.0831949247052568e-06 3.1736735715177224e-06 2.983038107576474e-06 3.165480339656871e-06 
3.0914573496193646e-06 3.0886354625257144e-06 3.1791592932071788e-06 2.9886636216020875e-06 3.1711820273655175e-06 
3.091477886927475e-06 3.0884527936337466e-06 3.17889656751393e-06 2.988513423704251e-06 3.171030502881364e-06 
3.0929319466103886e-06 3.090622949778403e-06 3.1796575188388723e-06 2.9897962463723945e-06 3.1716832615006983e-06 
3.0920591550399107e-06 3.0895682374249466e-06 3.1791608807329295e-06 2.989057277539719e-06 3.171180594912274e-06 
3.087755035131312e-06 3.085991219751026e-06 3.175415489986013e-06 2.9851512810209675e-06 3.1671136204120235e-06 
3.086211367442612e-06 3.0843911980610657e-06 3.1736853886838234e-06 2.9835092795902373e-06 3.1654324651741616e-06 
3.0828296709607105e-06 3.081261664694399e-06 3.1705406839110655e-06 2.9802836145849797e-06 3.1621690124901697e-06 
3.072001767146843e-06 3.0708834818002664e-06 3.1604584916258163e-06 2.969877452349659e-06 3.1518209851796085e-06 
3.081246757854971e-06 3.082019390971629e-06 3.1708690439443283e-06 2.9800551175941235e-06 3.161442934507816e-06 
3.065936166254327e-06 3.0668618599624044e-06 3.1556261806175285e-06 2.964791039341943e-06 3.1461410531074936e-06 
3.058393190141083e-06 3.059086159046192e-06 3.1477332365004324e-06 2.957031122806609e-06 3.1383799017040806e-06 
3.0572043803240015e-06 3.0581842645660805e-06 3.1464537075005086e-06 2.955858919084794e-06 3.1370255344104403e-06 
3.0599247360140955e-06 3.0607756178178166e-06 3.149012502182396e-06 2.958481422668511e-06 3.139651794578121e-06 
3.054615820209538e-06 3.0555812564904975e-06 3.1436742188835997e-06 2.9531771831965064e-06 3.1342825888758305e-06 
3.052056144096395e-06 3.053448729397823e-06 3.1411824515899916e-06 2.9507349454561073e-06 3.1316454146655816e-06 
3.0440422914808413e-06 3.0455956880698486e-06 3.1336375931119242e-06 2.942960581680965e-06 3.1239718246555712e-06 
3.046249104097129e-06 3.048089612990101e-06 3.136742088826714e-06 2.945642129493086e-06 3.1268359618585197e-06 
3.042965857785362e-06 3.0449884199279463e-06 3.133391761952113e-06 2.9423623339116807e-06 3.1234398008713953e-06 
3.046317143541075e-06 3.047782255394277e-06 3.1364149794515274e-06 2.9454502877636906e-06 3.126692791317903e-06 
3.0374488086487637e-06 3.0384880002673692e-06 3.1272827339857876e-06 2.9363626841532407e-06 3.117738589618384e-06 
3.0350083308856095e-06 3.036425783198615e-06 3.1252447382998374e-06 2.934183175198567e-06 3.1155146112634427e-06 
3.037703376763767e-06 3.039749627377029e-06 3.1281737885352094e-06 2.937119582331036e-06 3.1182070933411945e-06 
3.041263296971004e-06 3.0447038709804878e-06 3.1321982132763183e-06 2.9411899341921126e-06 3.121715861554602e-06 
3.043967849539084e-06 3.0469538652066447e-06 3.13384129262006e-06 2.943315074092752e-06 3.1236790349019967e-06 
3.0483752921540207e-06 3.0513274753842037e-06 3.1380863998134273e-06 2.947646085574505e-06 3.1279617618948764e-06 
3.049934890632695e-06 3.0530843565940226e-06 3.139835217843428e-06 2.949335634394748e-06 3.129616917770211e-06 
3.049157306363707e-06 3.0520646274854906e-06 3.138779522012681e-06 2.948378902532715e-06 3.1286838102720235e-06 
3.0429592895416936e-06 3.0456843661641988e-06 3.1328444096166365e-06 2.942255385755888e-06 3.122762226572674e-06 
3.037535630455635e-06 3.040464823814727e-06 3.126696172811373e-06 2.936539351648565e-06 3.116671031094051e-06 
3.0441834081844795e-06 3.0470666027407292e-06 3.1350911532789663e-06 2.9439831427427015e-06 3.1247883432777784e-06 
3.055402078843228e-06 3.0574546209200655e-06 3.146813133184533e-06 2.955273385863327e-06 3.1366865665704895e-06 
3.045805354040846e-06 3.0458161274404168e-06 3.1354178352492107e-06 2.9444149872461583e-06 3.126233147476701e-06 
3.050183390804284e-06 3.049333771705651e-06 3.1386207272243018e-06 2.948081484802841e-06 3.1299026084201402e-06 
3.0473842868120532e-06 3.0465204666748035e-06 3.135690202585612e-06 2.9452161876902177e-06 3.126998604220845e-06 
3.0334710061886676e-06 3.031564864564684e-06 3.1215858855071007e-06 2.930988772429336e-06 3.113253205590693e-06 
3.0508588644784006e-06 3.049509620098699e-06 3.139558653649704e-06 2.948777008191095e-06 3.1309531449889326e-06 
3.0594839877501245e-06 3.058439955849284e-06 3.1480685913658853e-06 2.9574201597517627e-06 3.1393865836226278e-06 
3.05611134154911e-06 3.055163369287114e-06 3.1445794879539155e-06 2.954009920905876e-06 3.1358869398216568e-06 
3.0477712434341936e-06 3.0471241180660174e-06 3.1360781480397113e-06 2.945648324879881e-06 3.127318426070311e-06 
3.050321369224148e-06 3.049522748956817e-06 3.1384310906952872e-06 2.9480799303548314e-06 3.12975186197908e-06 
3.0483485665302205e-06 3.047383205515877e-06 3.1366585481762484e-06 2.9461626611901685e-06 3.127998088869386e-06 
3.0327236910947515e-06 3.0321929124221782e-06 3.1213677116484124e-06 2.9307627900409137e-06 3.1125153186607345e-06 
3.0365339566961353e-06 3.035651427274901e-06 3.1248960997201926e-06 2.934376045422345e-06 3.116201138093588e-06 
3.0404764884600827e-06 3.0392372093062924e-06 3.128509384061185e-06 2.938099238708771e-06 3.1199813590677766e-06 
3.027850615583567e-06 3.026577702672604e-06 3.1155669656963464e-06 2.9253078436596637e-06 3.107102723265047e-06 
3.0262986835472393e-06 3.025077380496044e-06 3.1142948944836536e-06 2.9238928011077546e-06 3.105767613061874e-06 
3.0242233893913307e-06 3.022467731674791e-06 3.111688194191527e-06 2.9214633422498744e-06 3.103417465650191e-06 
3.0144728560528522e-06 3.012685494977299e-06 3.1020846694957033e-06 2.9117628867539403e-06 3.093799380799703e-06 
2.9890593891199173e-06 2.98811419821413e-06 3.077005987086848e-06 2.886645743895619e-06 3.068401105008169e-06 
2.9892290514403014e-06 2.987784051605717e-06 3.0769149813848174e-06 2.886594368406653e-06 3.0685103836690984e-06 
2.990203071613821e-06 2.988627884889671e-06 3.077820515935111e-06 2.8875116683452026e-06 3.069468166779801e-06 
2.9864556998526374e-06 2.984739918563926e-06 3.0742838693172437e-06 2.8838281199709347e-06 3.0659403144727724e-06 
2.9946914790053782e-06 2.9932313139140358e-06 3.083210837644239e-06 2.8924425465086683e-06 3.0746712507979957e-06 
3.0010460761695442e-06 2.9985880063412025e-06 3.0887488438469504e-06 2.89822776603851e-06 3.0806585688000633e-06 
2.9993728903233605e-06 2.9966273649162753e-06 3.087208567812866e-06 2.896556460316541e-06 3.0791860092669336e-06 
3.0012612605314704e-06 2.9984462233568016e-06 3.0891243525180293e-06 2.898445728748989e-06 3.0811189290073052e-06 
3.0038553673111035e-06 3.0009296549617764e-06 3.091132926955723e-06 2.9007512423509276e-06 3.0832603447878985e-06 
2.9946185064197553e-06 2.9913247949285633e-06 3.0825510114391605e-06 2.8917327909213613e-06 3.074683792994535e-06 
2.993758247236251e-06 2.989919720233407e-06 3.08104428644467e-06 2.890465633494311e-06 3.073456023460167e-06 
2.999833522591636e-06 2.9953980353431715e-06 3.086551216989808e-06 2.8961684362491172e-06 3.079245053358461e-06 
3.0105830156478e-06 3.0056993832126708e-06 3.0974078019691734e-06 2.906891539723861e-06 3.090223729640247e-06 
3.0222993811544624e-06 3.018190937174708e-06 3.1091574134994786e-06 2.9187880591317986e-06 3.1017252359899897e-06 
3.0212544931638045e-06 3.017385387962477e-06 3.1083294680458136e-06 2.9178890609837137e-06 3.1007859863999433e-06 
3.026855425610087e-06 3.0232944918949644e-06 3.1141593394245704e-06 2.9236624416308363e-06 3.1064809400195268e-06 
3.0269715237586096e-06 3.0232140551448473e-06 3.114084129340215e-06 2.9236517328733772e-06 3.1064993505925023e-06 
3.020437755165329e-06 3.0181475779717662e-06 3.1083864988969902e-06 2.9177876826035197e-06 3.1002021472939397e-06 
3.0199647019748427e-06 3.0177695885535643e-06 3.1073811631770134e-06 2.9170888584727782e-06 3.0992562934551835e-06 
3.004208799278523e-06 3.0026287716863776e-06 3.091661978496795e-06 2.9014569814472806e-06 3.08333845223393e-06 
3.0023385609260393e-06 3.000609769261739e-06 3.089667521080024e-06 2.8994976275047113e-06 3.0814114516994446e-06 
2.9991575733551793e-06 2.99759822504491e-06 3.0866836592469776e-06 2.8964376464685726e-06 3.0783415154414513e-06 
3.0017834316034334e-06 3.000574655898667e-06 3.0892988288681726e-06 2.8991330943067164e-06 3.0808485603039135e-06 
3.004347353576167e-06 3.0033060156263474e-06 3.0917873146466336e-06 2.901699790097566e-06 3.0832971450025274e-06 
3.0098294565856522e-06 3.0100857697331533e-06 3.0982568168694756e-06 2.907906121836169e-06 3.0891943049904383e-06 
3.0097297998825892e-06 3.009809613595493e-06 3.097944352828712e-06 2.907672645121854e-06 3.088972820732563e-06 
3.022294777982837e-06 3.0219566059077195e-06 3.1104839240873323e-06 2.9201536145202515e-06 3.1016475030596643e-06 
3.015192353532469e-06 3.0148844429579454e-06 3.1037657333232802e-06 2.913225440114481e-06 3.0948556300525385e-06 
3.013700960119201e-06 3.0132725460910177e-06 3.102024046879476e-06 2.911593009553052e-06 3.093193665867688e-06 
3.011033591568001e-06 3.01053561737139e-06 3.0991875729081236e-06 2.9088310305564737e-06 3.0904073672335463e-06 
3.008655728612923e-06 3.008257418488754e-06 3.096632247014572e-06 2.9063899638245725e-06 3.087850540835899e-06 
3.0090477942957228e-06 3.008861193505192e-06 3.0973383634207254e-06 2.9069695555228744e-06 3.088437686681234e-06 
3.0075386542856744e-06 3.0067821878487334e-06 3.095236862317386e-06 2.9050709256423616e-06 3.0866140804753435e-06 
3.0099956716217896e-06 3.0090412303685294e-06 3.097477621491806e-06 2.9073913890315057e-06 3.08895308106242e-06 
3.010026519580402e-06 3.0090488366576237e-06 3.0974948635731945e-06 2.9074112958212568e-06 3.0889798882342413e-06 
3.0091656419729187e-06 3.007867864577071e-06 3.0960997710000546e-06 2.9062405809698418e-06 3.0877746210439865e-06 
3.003777651834747e-06 3.0034755922779912e-06 3.0916936983785125e-06 2.90149872014315e-06 3.0828920202240483e-06 
3.0029820564941912e-06 3.002623867412055e-06 3.090929910866813e-06 2.9007051585882677e-06 3.0821405280601615e-06 
3.0004008465795027e-06 2.9995860067169354e-06 3.0880126196729783e-06 2.8978737251815896e-06 3.0794227371385012e-06 
3.000706644438658e-06 2.999982205282673e-06 3.0883912982489637e-06 2.8982316914794625e-06 3.0797608644074233e-06 
2.997723467241941e-06 2.9971142069017578e-06 3.085222876313921e-06 2.895184510311792e-06 3.07658738465264e-06 
2.998859342986845e-06 2.998797856336771e-06 3.086869890505489e-06 2.8966677457525336e-06 3.0779770391411634e-06 
2.996172019906694e-06 2.996343375559828e-06 3.0843027845601317e-06 2.89408047684394e-06 3.0753168360466818e-06 
3.001327665476966e-06 3.0021101164733833e-06 3.089726766228258e-06 2.899491397537565e-06 3.0805040831938508e-06 
3.0002549838034317e-06 3.00131284775709e-06 3.088543757551155e-06 2.89842496433915e-06 3.0792531013358942e-06 
3.0024102425890944e-06 3.003575723915784e-06 3.09066739773905e-06 2.900590879837151e-06 3.081348190796174e-06 
2.995152271298457e-06 2.996082468731951e-06 3.083139074201033e-06 2.8931525559665388e-06 3.0739390903767823e-06 
2.9943830753393695e-06 2.995542957559531e-06 3.082248662543156e-06 2.892375911171582e-06 3.0729968435930274e-06 
2.9953940581249585e-06 2.996504330028719e-06 3.0830508043737774e-06 2.8932830552051903e-06 3.0738494354680827e-06 
2.9935209725087975e-06 2.994829035986867e-06 3.080801846037427e-06 2.8912801633142085e-06 3.0716011882663716e-06 
2.9938272386054193e-06 2.9947196307421886e-06 3.0811461926018494e-06 2.8915158091157435e-06 3.0720697179550317e-06 
2.983036613419029e-06 2.9838418256042023e-06 3.069696435572055e-06 2.880397642071626e-06 3.0607576860816044e-06 
2.9909634884044412e-06 2.989518889370953e-06 3.0757413438221867e-06 2.8870157674121025e-06 3.0678233004616773e-06 
2.982050656596904e-06 2.981536586807141e-06 3.0675479373545523e-06 2.8786100676243086e-06 3.0592176893112833e-06 
2.9807018818483853e-06 2.9795248583975013e-06 3.065902693602753e-06 2.876987691813837e-06 3.057830101338484e-06 
2.981553179760175e-06 2.9800760225579437e-06 3.066782155994653e-06 2.877789878701781e-06 3.0587990116184024e-06 
2.9813659708371646e-06 2.9798891038267457e-06 3.0665555245871438e-06 2.8775848328025864e-06 3.058578885314946e-06 
2.974614520634601e-06 2.9734614425138395e-06 3.0605665801244163e-06 2.8712358659868227e-06 3.0523609296683215e-06 
2.9737864368183085e-06 2.9720620167792815e-06 3.05916672945948e-06 2.8700307794798005e-06 3.051235933237382e-06 
2.9720796867687236e-06 2.9703373213520548e-06 3.0575797730536235e-06 2.868372252665659e-06 3.049634583468462e-06 
2.9660265173551457e-06 2.964562716036098e-06 3.052880813387264e-06 2.8629822605513617e-06 3.0446217346683e-06 
2.9624170047116246e-06 2.960552637563333e-06 3.0490394258002836e-06 2.859181164167775e-06 3.0409447449549704e-06 
2.960978727231492e-06 2.9593947000195316e-06 3.0474884237008318e-06 2.8577474678366836e-06 3.0393247856749864e-06 
2.9596607578875788e-06 2.9583137398624317e-06 3.046405061182833e-06 2.8565831796605853e-06 3.0381278902486134e-06 
2.9603958542392776e-06 2.9591122855277716e-06 3.0472661980532373e-06 2.857389424551304e-06 3.038948032760154e-06 
2.9693934694721982e-06 2.9690388541135464e-06 3.057832087185687e-06 2.867303820347782e-06 3.0489600963221533e-06 
2.9638410710478175e-06 2.96367167134094e-06 3.0520416823650614e-06 2.8616742516336293e-06 3.043151577187272e-06 
2.954642518393284e-06 2.9543965761264518e-06 3.043797051495176e-06 2.852887243319285e-06 3.0347714569960976e-06 
2.953052458481739e-06 2.953180241857469e-06 3.04259277534349e-06 2.8515495579930367e-06 3.033385536405672e-06 
2.9535952739516636e-06 2.9537108422196546e-06 3.04313540415212e-06 2.85209041439445e-06 3.0339320113737326e-06 
2.9446527727571803e-06 2.944435733650017e-06 3.0344404872724504e-06 2.8431844475266683e-06 3.025300022540875e-06 
2.9346290740510452e-06 2.933995984801022e-06 3.024533121762833e-06 2.8331191573266133e-06 3.015503641573207e-06 
2.9337451225042323e-06 2.9340898885851864e-06 3.0244077975694963e-06 2.8327843062422568e-06 3.014945124339678e-06 
2.9322603516764474e-06 2.93296311668452e-06 3.023573733126666e-06 2.8316736833997223e-06 3.0138900258272765e-06 
2.9329552045054155e-06 2.93350935816816e-06 3.024222567411075e-06 2.8323178092087243e-06 3.0145930779393037e-06 
2.933718086653606e-06 2.9338533588460004e-06 3.0246638636885305e-06 2.8328469189891417e-06 3.015219356832884e-06 
2.941367903943132e-06 2.941705931364865e-06 3.0325014905239037e-06 2.840634080625607e-06 3.022961857976863e-06 
2.9363145645844786e-06 2.937575422469556e-06 3.028067243567779e-06 2.836050967357012e-06 3.0181350966871747e-06 
2.926996000990336e-06 2.9254763037934834e-06 3.0163930749621736e-06 2.8250641198364957e-06 3.0077261484677185e-06 
2.9274132454276625e-06 2.9258417568150543e-06 3.0166552173978682e-06 2.8253994903574896e-06 3.0080304884179746e-06 
2.9221020797563458e-06 2.919065727498019e-06 3.0105867393655497e-06 2.8194402732788483e-06 3.0025471874798253e-06 
2.922460475562342e-06 2.9192127219378084e-06 3.0106177223990768e-06 2.819605578767862e-06 3.0026991886901308e-06 
2.9369537220190507e-06 2.935638568116703e-06 3.024815425318443e-06 2.834366101750467e-06 3.0163415656615972e-06 
2.9256827387425367e-06 2.9238864509209974e-06 3.013835720106167e-06 2.823118453570646e-06 3.0054638812393957e-06 
2.915622360225828e-06 2.9139678181427525e-06 3.0039024860659183e-06 2.8131333634640565e-06 2.9954651441457703e-06 
2.9232682265142216e-06 2.920595416965343e-06 3.0105418724361094e-06 2.8201208028410764e-06 3.002591723337149e-06 
2.9304228080568974e-06 2.927459733060184e-06 3.0177789807871898e-06 2.827263670820201e-06 3.0099057205640936e-06 
2.9207367397648943e-06 2.9183021941222415e-06 3.0091005125525216e-06 2.818136307412344e-06 3.0008930963243805e-06 
2.920171873696593e-06 2.917788287048893e-06 3.0086642826887012e-06 2.8176404497721116e-06 3.0004193656501134e-06 
2.9413883183945087e-06 2.9387328799608258e-06 3.0286616976486034e-06 2.8382654073302814e-06 3.0207059378397874e-06 
2.9397933606441574e-06 2.937147707353359e-06 3.0270090443276766e-06 2.8366440896214476e-06 3.0190599131042615e-06 
2.934663794937149e-06 2.933029849808801e-06 3.0226031787088984e-06 2.8320445065886464e-06 3.0142161679726396e-06 
2.935802296255993e-06 2.9341479797670896e-06 3.023844794068706e-06 2.833227599450137e-06 3.0154468678823036e-06 
2.9364385647510955e-06 2.9342285477564937e-06 3.0238747803896504e-06 2.8334741305694967e-06 3.015752384820139e-06 
2.938352518139502e-06 2.9361096092637137e-06 3.0258858104893175e-06 2.8354282295632437e-06 3.0177574160327804e-06 
2.9526487527859616e-06 2.9504182263360404e-06 3.039931100607226e-06 2.849628450167861e-06 3.0318406904824314e-06 
2.9590469743185707e-06 2.9562667361015546e-06 3.0464254877934755e-06 2.855967712042899e-06 3.0384909466673364e-06 
2.9592676708866013e-06 2.956536109639399e-06 3.046642378077244e-06 2.8561966495783836e-06 3.0386932389382623e-06 
2.963182975096589e-06 2.9611460461948526e-06 3.05117298530139e-06 2.860538612765198e-06 3.0429032158240055e-06 
2.97323758151772e-06 2.970040544801911e-06 3.0612128218813245e-06 2.870366723425766e-06 3.0533084171878173e-06 
2.971080093831182e-06 2.9676791622917435e-06 3.0590520633179198e-06 2.868165087178141e-06 3.0512119985008178e-06 
2.9712858128924915e-06 2.9677601009240806e-06 3.0591421033173625e-06 2.8682929457993927e-06 3.051360475790203e-06 
2.969891791202456e-06 2.9665629445669585e-06 3.05818209704031e-06 2.8671371492251913e-06 3.0502660636383516e-06 
2.972526461077626e-06 2.9689944372112592e-06 3.060546487261422e-06 2.8696095766582353e-06 3.0527393331089435e-06 
2.9763517862860505e-06 2.9743379879417044e-06 3.065505467770117e-06 2.874264919769674e-06 3.0570331248572062e-06 
2.9762577409862786e-06 2.9742596400490434e-06 3.0653777883712594e-06 2.874158269440662e-06 3.056906177397414e-06 
2.9738028570089666e-06 2.9706534337145987e-06 3.0631148290988833e-06 2.8715635206112346e-06 3.0549710964022426e-06 
2.9804330555402288e-06 2.9780727453452003e-06 3.07127190169449e-06 2.8790713675799487e-06 3.0626249497063195e-06 
2.9794600218100097e-06 2.9769833080954454e-06 3.070873528113684e-06 2.878346469737375e-06 3.0621663958408033e-06 
2.9682255861175373e-06 2.9658582647325294e-06 3.0593003124208203e-06 2.86696030139749e-06 3.050616117903608e-06 
2.9700319812530056e-06 2.967713257023043e-06 3.0610128122973055e-06 2.868733771065738e-06 3.052329178620943e-06 
2.971713273570802e-06 2.968314600094444e-06 3.0624470613943413e-06 2.870092432806591e-06 3.0541422668737644e-06 
2.971763282017189e-06 2.9683668445890206e-06 3.0624975905484765e-06 2.8701431703611994e-06 3.0541920096276773e-06 
2.971811133440057e-06 2.9687415201291195e-06 3.0630705532881845e-06 2.8705024169995257e-06 3.054574617991198e-06 
2.9758953183707314e-06 2.9727339202702625e-06 3.0671199833602452e-06 2.874557125717563e-06 3.058658494714127e-06 
2.976122128319577e-06 2.9733354901000907e-06 3.0676308738955215e-06 2.8749906490833847e-06 3.0590045860288544e-06 
2.9810481188666974e-06 2.9784786765788993e-06 3.072254536638916e-06 2.8798203758082565e-06 3.0636111559698444e-06 
2.9738355723885083e-06 2.971673506323557e-06 3.0652484923411493e-06 2.872776180084616e-06 3.056443246760058e-06 
2.9848845643085812e-06 2.983280342509052e-06 3.0762541995490096e-06 2.8839253153045715e-06 3.0672816677961914e-06 
2.9767345673861623e-06 2.9744828973729763e-06 3.068847535275008e-06 2.875993544542228e-06 3.0599525722548047e-06 
2.979063724349493e-06 2.977512402784678e-06 3.0709995828273617e-06 2.8783761567767713e-06 3.0619155239368565e-06 
2.979518971629689e-06 2.977686376760852e-06 3.0708782778535458e-06 2.878504413939928e-06 3.0619789725186044e-06 
2.974403792708148e-06 2.9732027270531636e-06 3.0654465857709755e-06 2.873358052561224e-06 3.056403052460863e-06 
2.9708342073768955e-06 2.969267490532573e-06 3.062075303080066e-06 2.8698060410052836e-06 3.0531128946200044e-06 
2.9728962853698518e-06 2.9708646104406117e-06 3.064494062801806e-06 2.871948604559182e-06 3.055617030844556e-06 
2.974772494076599e-06 2.97268933811678e-06 3.0663683958047726e-06 2.8738160598840786e-06 3.0575077315253617e-06 
2.9779330966340115e-06 2.9754553791402116e-06 3.0687109662630454e-06 2.876517119977943e-06 3.0601109899781046e-06 
2.975777116458099e-06 2.9738468797708475e-06 3.066744381572268e-06 2.8745544233120198e-06 3.057941509347107e-06 
2.977539056834419e-06 2.9756989607475686e-06 3.0685403732980486e-06 2.8763519535774022e-06 3.0597035720510167e-06 
2.9824613777271225e-06 2.980174275850494e-06 3.0730486179155174e-06 2.880997662380757e-06 3.064421016784588e-06 
2.9849358174445807e-06 2.982295823469958e-06 3.075569169886123e-06 2.8834280489968755e-06 3.0670440814114087e-06 
2.9838249272807593e-06 2.981007507731707e-06 3.074491323779644e-06 2.8822972292404548e-06 3.066016140311094e-06 
2.986489123893335e-06 2.9827592688387673e-06 3.076983480928745e-06 2.8847081722781056e-06 3.068822189170828e-06 
2.984921246453217e-06 2.980892445574687e-06 3.07517106706739e-06 2.8829660188335176e-06 3.0671442670896538e-06 
2.988964649903845e-06 2.984486497572492e-06 3.0791689038381603e-06 2.8869072003993766e-06 3.071290003010431e-06 
2.992877213127494e-06 2.9881415026045187e-06 3.0825430756816593e-06 2.8905208088042144e-06 3.074835146036389e-06 
2.99243979238265e-06 2.9877281687155047e-06 3.082070598879991e-06 2.8900709178355175e-06 3.0743610531750828e-06 
