58.98023411314197 -49.88038512775604 10.206079389276091 
58.9799660725824 -49.881112585930374 10.20640399139218 
59.13316409382498 -47.67294968099017 7.254973233129739 
59.768231802102505 -50.93904269546444 11.06961274968836 
60.549973418861015 -51.58827681765214 12.422995334049594 
58.28373511633548 -52.38813265677173 18.11501918696853 
58.33311430700629 -51.992770018149315 19.739287237853908 
57.71241530914379 -53.446515465543804 21.315185140928396 
57.58638006778832 -53.30265261986602 21.31880967816498 
57.6991605267449 -53.37251703308976 21.499263085093016 
58.217643404124075 -52.00188265899214 22.40801162529481 
58.265754734763014 -52.006417914996945 22.637754842068748 
58.005957885315055 -50.13298832116347 23.671576803647834 
57.88607663095132 -48.704887792568705 22.768003794820952 
60.538395350116794 -47.852263434078736 20.74063478334093 
61.44581925522541 -47.1866247411549 20.82978262802493 
61.06107097586137 -48.21582438022867 19.26311627452818 
60.31366831577698 -48.33214097345321 18.237978677928513 
59.561810633349 -44.70541293863419 17.455510593959524 
57.37519628005133 -43.03707851208452 15.26596362706703 
59.460421819532584 -41.87547501533998 16.60559219443194 
59.37510737070278 -40.662438291194306 13.006820855114974 
58.85352041007022 -39.12085888533013 12.653994425498603 
56.89575491700147 -40.14268567226271 12.96902919390419 
57.07857701555163 -39.98821512657229 13.255584336963558 
57.52723502531052 -40.687523974150146 13.623924371576217 
63.094818184235166 -39.637619937972396 16.108277933560117 
64.19889094576028 -37.951428129098694 15.795565899870557 
63.479596903696695 -38.040653769506754 17.481769168500886 
63.085833579948925 -40.13052816067532 15.321018869121069 
61.849778459019525 -38.19645731811982 18.2997256915367 
61.730478983405305 -39.25812721564244 18.996155476640247 
59.643184082426856 -40.14244993366478 16.936403093884767 
59.914302279005994 -40.98090554879746 17.1548268309565 
59.97828311274984 -40.9867420360778 17.247173691908255 
60.492786550043036 -41.07241164037639 17.0724664483644 
61.62956430794352 -41.82143081939813 18.518802222491946 
61.33846965098534 -41.161971052098096 18.42948080390773 
65.15279504044793 -39.605176024854174 19.694560902645 
66.93310702321638 -43.712052386525784 19.089022082730065 
64.37022308406695 -43.21891541990628 19.975008837410055 
64.21222031473975 -42.97904325823048 20.335612452456235 
63.76098266639415 -41.608621306856755 19.85206815155886 
63.17970653102819 -44.68526433480914 23.39168853176854 
63.60586208633233 -42.541514328623926 21.603282992943036 
64.51064413397407 -41.760264488512675 18.50822275121636 
64.00610749954015 -41.763490482042265 18.31236922639476 
64.37486595232564 -41.77908646505015 18.00382479878342 
64.27256723534934 -42.33345750605702 22.173817892112503 
64.4596823032272 -42.13146949823336 22.572048837199404 
61.81892987781888 -46.88224284991953 26.07143934099793 
55.190766520667864 -45.057556538561734 23.655904139384063 
55.72432239636707 -44.64123823909754 22.535770603460698 
53.80706777544856 -44.39390488468254 25.1450646493534 
53.96772778046447 -43.00864980049019 24.806585923439158 
60.276551498231534 -47.9601720565136 25.09991615604737 
60.65477968566388 -47.87319337064851 24.357423888308467 
61.64383667534631 -46.91214160058246 26.495606532852335 
66.12750934297328 -45.5567780585157 31.150777478184672 
66.11645402557895 -45.55915043571745 31.133814422209674 
70.87264703708229 -47.74696213091499 28.440856606155556 
73.38666673059022 -47.96196587303036 30.370115174804155 
73.06294113770495 -47.03437109519376 30.3672292944313 
70.95930635713948 -53.01189440504838 29.22832345195548 
71.40138744503737 -53.44061417355839 28.684796851299893 
80.49031762560652 -55.274235590143675 26.380789432852666 
76.59925550682107 -57.45573664087405 27.715082463691033 
80.66759953574726 -54.36188056266965 28.741178581263483 
82.40964934436961 -54.03049272435452 33.07629919684072 
79.85681160078391 -55.90427183682418 28.442703602536035 
78.77698186728938 -53.71540526545772 25.766874320844977 
76.18747108638075 -52.48014588146972 25.484827061361802 
78.00424668607124 -54.65270965284471 26.003846699016027 
76.59181286250006 -52.01337077633703 23.58468673179522 
77.81216989241777 -50.800230737596934 21.558647270272072 
77.39835896762061 -48.044846266972726 23.079866444019434 
83.53173021268243 -43.96292419388908 25.154129528502835 
80.6360019068327 -45.06430642055035 24.16906783229059 
80.94230236285551 -44.995880310246505 24.46247398107836 
80.81598820660244 -36.63254970669393 25.55830346769035 
80.8860404731861 -37.36633035768594 24.153985513513433 
76.63482602298801 -40.542588831853564 24.233349857659437 
78.2535674577899 -41.61689178451755 22.62794245703915 
77.69139799452822 -41.60240455137056 24.33831221756557 
78.93903787672535 -40.77794868205218 23.81521951564924 
81.33486062774827 -43.13363064691061 23.94391968530684 
79.53956670798226 -43.12727334267189 24.29903455021074 
80.89975738805694 -43.116232807457976 25.270695116814647 
78.54861720676246 -41.86852197104911 24.064623143294924 
78.18835453839777 -41.142580389585426 25.363921217362538 
79.23758919496886 -37.633333772057945 25.96401163864865 
80.26420710613864 -37.98048063309745 24.529849416468494 
79.47493392229487 -34.91634424880533 24.733192095747313 
78.93234593872806 -35.21202888142681 23.049336503487858 
77.10650687054837 -34.19951435717521 23.880006996782683 
77.09908349877921 -34.28315488457536 24.021226531923386 
77.19642825355531 -34.37352247205565 24.070993990624295 
81.42576597957506 -31.429085600978475 23.518337340210387 
83.0330304349872 -34.5869473095317 17.83904208789766 
83.64121147142033 -34.0700522424564 15.912101407783162 
84.1581188399106 -33.37811762636702 15.842136055320635 
86.18347787350444 -35.974462094707675 18.81740829716886 
86.30183971868985 -36.11541925347509 18.71394725097444 
86.89902048698852 -35.40472161743603 19.187607954592178 
86.78290665930241 -35.48236758578178 19.86692994603358 
84.20304330546521 -34.705485733611425 21.786086409685147 
84.81769152738755 -32.327536240177146 23.87988822912672 
84.20819314891546 -32.30594289717951 22.920469342331206 
85.77329841929223 -29.55811441835671 19.918335720505787 
85.21688171348576 -23.41796847625794 19.440552738848385 
86.7293104349738 -28.73450560565131 22.696112886821542 
89.39370999630856 -26.753006633518243 23.095665200878077 
94.42345122029808 -28.302336358185876 23.709283724911508 
98.9253590326514 -29.1418646345751 19.934647223759583 
98.18135050428526 -25.451350451164377 18.89076434006878 
97.34240073391872 -25.951770578013377 18.30565249498339 
96.75042284415231 -26.197459203725316 19.258381423768416 
96.11321847608974 -27.22740533696481 19.308401721253276 
96.21767083022995 -19.14089568918881 17.72960357885206 
96.06232427954758 -19.788382503006336 16.36927231603784 
95.4425725105026 -17.666987490270625 21.286022978442766 
95.58063230956107 -17.639122701370077 21.26954123472206 
100.81790991041878 -15.571873630788186 18.616542851851744 
101.34688874912378 -16.2439398127078 19.81318792137111 
102.87431628075406 -16.957438902299263 24.97918557135424 
103.86425295105019 -17.248478179698353 25.367139725990057 
103.65070938109439 -20.565155839870265 27.804153004899447 
103.3462117465012 -18.92582851943777 25.16345723834189 
101.48320542021578 -18.8077075501082 29.577993129036344 
101.68454968169785 -18.7107729348619 29.61030858112273 
103.40201474281349 -19.252093003594943 27.96647190225235 
103.69887296227789 -19.212344555421105 26.782426723253238 
103.83099815688685 -16.806616855171765 26.78632140364816 
106.30732655703326 -15.179925286972358 24.83894420961272 
106.74589709060211 -15.035703226131453 24.906951778750134 
103.55178814002113 -15.879160528158875 23.67961010684695 
105.40869221111402 -14.478391182758124 24.294177719434735 
106.36260036255217 -15.368187245357328 24.812463912759856 
108.02425743369021 -19.658210548700993 22.526402338673662 
105.53336311299617 -17.207992467680917 20.87345289549553 
104.39340143717055 -19.21683673946659 23.43932138390956 
104.86137334062077 -18.446563575750996 23.80602004304608 
103.6736336113739 -20.08365882335602 21.434817710011906 
105.42598965115282 -19.75814899769641 24.022911998878083 
106.69613603536311 -19.47325203095659 22.76027159625001 
105.30040239545359 -19.00974829894114 23.55156248632559 
106.3722337265904 -20.06375954400168 24.55403731450722 
106.07439798475886 -19.220878385123587 25.169055998865485 
106.78521801735928 -22.88410891537189 29.651512543823216 
103.27005008751797 -28.34465276115821 31.08329940609709 
104.68209438523178 -27.491365639863343 32.73240597452673 
103.4727283858515 -27.350920344864083 32.45740280150327 
103.34270958139814 -27.68428214749616 33.116006668692435 
100.98450838436806 -28.832541800289942 31.613207996362537 
104.90817764684344 -29.392483026262788 31.03585707353612 
104.23839242061332 -33.80511326812463 31.214648012168542 
107.31429970419212 -33.589301787878696 29.610947625753294 
108.72704822642218 -34.8934339298701 29.94586076776716 
110.01139411060217 -38.59217742860762 26.353142657553683 
109.9489893452689 -38.73542369323815 26.13192829734809 
109.2570936350292 -39.35382554425315 25.008808069338215 
109.00423639549825 -40.32008429857111 27.82922900291255 
108.6819764688738 -37.13806000301461 28.303350004053208 
108.60128384749393 -31.370708694554736 28.972938391984762 
112.18262106653874 -31.96986354028895 30.4094931383027 
111.84185517361702 -34.44064430625298 30.521254880891345 
114.78649056414979 -34.87840868052026 31.249307729889104 
115.31327103732053 -34.114687317562264 29.18540949187659 
117.19908712878436 -34.04036773515888 32.60117929358954 
116.1287072258489 -33.93139690238617 31.206845537145888 
114.04400329007008 -33.64574520841111 29.342580639168336 
113.32112385301686 -34.632406184589364 31.094755305322415 
114.57997222363467 -34.05596232511516 29.13305127027997 
115.31248086426065 -34.51543463785765 29.378461758575448 
115.96629999568468 -35.23058513856285 33.49960426417319 
115.14221274395223 -35.21971835204005 36.758078645561866 
114.73818686439053 -35.233816519697434 36.98210058746737 
114.37445112328271 -35.02082569127715 38.534257088062525 
114.39685880505081 -34.98323404089412 38.74227377820595 
114.89862323022403 -35.53683681400653 40.70018920219552 
116.01199046306347 -37.009183014082474 42.97301603178655 
118.58213388840416 -34.37524230101835 44.45388155764619 
120.5635635420588 -32.535170682440274 45.67402369891976 
121.26078309923045 -33.03021286045246 45.49712782803567 
122.72319297163415 -35.28104213928204 46.6556739685191 
122.32229684609068 -35.368471718038094 47.136310619502915 
124.5710833019923 -34.51839320661901 47.598140532992595 
125.32661707133889 -33.004590592243346 47.64981533970299 
126.3131365832066 -32.811312022052284 50.04622690675708 
125.34991757702787 -32.95420995047197 52.49788034702229 
124.75001594436242 -34.208062399557825 52.37617056223441 
125.50813367318584 -32.95800840622532 53.202435511767334 
124.69758988445567 -34.47655346546105 51.50326308157258 
124.36382157194153 -35.351102692741655 51.47363197300859 
124.6660360292972 -34.68372749136894 57.971869175966205 
124.96957250114447 -35.772929075380496 58.084947289997295 
125.06460808709302 -35.406625515109354 58.04002199632626 
124.95224725316851 -30.442261610087602 60.9454056523242 
124.24378306735359 -30.109262504479535 58.64576649999731 
124.12194505752036 -30.47747905068942 58.58168810998114 
126.50517194556998 -30.672798367863663 59.63103376858134 
125.16338395698743 -30.736379031510836 61.93356341703924 
123.7248759580367 -30.09081364129767 60.3714032997813 
121.63816801523858 -29.727937414312063 61.17910110134122 
121.55588601623572 -29.408992941270203 61.343268348149046 
120.4686354515692 -29.767519748470225 62.40896914623086 
118.26555012647957 -29.023024806082887 63.59333770420823 
122.72718151668624 -30.17812137639601 63.487107504106916 
121.73077638280758 -30.763683722243773 61.47955724515492 
119.65715948230392 -30.321832759386076 63.078945956968994 
119.93779414120024 -30.22753429956956 63.34522848651014 
117.4469171080015 -30.44567107609478 65.7651431450754 
123.1650706505718 -30.648395190807708 61.97988877657659 
123.71871628850919 -30.860700395965875 62.08568340250497 
123.79311314383334 -30.92134929249228 62.29941039217287 
124.89809038756694 -30.330186842087937 62.38581612110816 
119.30133702093524 -33.4839950795879 58.3009686670428 
120.87600135518956 -31.78954947530339 61.53760442860799 
122.22354833423609 -33.21244914272916 63.37406158739946 
123.58383180599184 -37.08165389049565 63.005567005846736 
125.55901136564572 -40.209297078503866 63.986299383785756 
123.84914083384997 -39.93785633207213 64.66132036527215 
125.25513645434191 -37.008118008319784 64.47864590222281 
129.01796268962946 -37.83285840106493 57.12258966462488 
129.07497481978976 -37.90392315171654 57.07009494502705 
128.25265102756336 -38.951750527243476 51.8378269894066 
128.71008688937889 -39.55778221403324 53.082650753525094 
127.5945115858014 -40.42353995836748 53.25550848916773 
127.2797398218159 -40.511828003445196 52.99431256149262 
128.77641367713161 -46.400263709184976 51.71974361834316 
131.8356779955772 -46.16471705765183 49.54023293694236 
131.8343605130364 -49.57540610828802 50.43513027805318 
132.2110969943677 -48.564373405930766 51.15970566393398 
132.06939701992766 -48.459197721395014 51.135678432092284 
131.48593480360455 -47.92694897540647 48.39493809299768 
133.66691299627072 -49.9753781045562 47.36843726155438 
133.87985198678845 -50.16890683322017 47.65140000387691 
133.69966380307753 -50.32900754862201 48.22720715881463 
135.34093650066657 -50.536872384700786 46.09425846062419 
135.80245962374858 -50.17398302807079 45.536376676622204 
135.31616757305846 -49.31391117991513 44.83867733763508 
134.5604668979438 -50.764205666504736 45.21092689878619 
138.1582457663269 -53.01779614005014 38.2777132038924 
136.9080599837093 -52.3362159797674 40.236437695246536 
136.32362307539486 -50.90137927294415 42.301053673480446 
137.14757781276026 -50.24455628414152 41.8373784198016 
133.9902801979556 -47.65943446544726 36.54311438822745 
136.09628987801798 -46.946230337359374 37.33019196307567 
135.82943544929364 -46.676202222082274 37.830665146891164 
138.25025998554844 -47.472638907298325 36.84432113867811 
137.79082378281987 -47.50641140967929 36.39539875425504 
137.07197111888073 -48.40124618039852 37.39795573914475 
136.95392192891944 -48.53329639431846 37.403902797975334 
135.55209807816436 -51.898593166278715 37.876192735390525 
135.65244431894843 -51.875935061678426 37.8041442010701 
135.264416002746 -52.10779030984906 36.29397046998976 
135.1396150831694 -48.6464270305075 36.90174255599756 
135.0876110560978 -48.62441365533249 35.324265652864646 
140.61379492186052 -53.896664170620376 34.5868800195524 
139.9407064525253 -56.56281123791741 36.30624529188791 
141.9851699192146 -55.39117805995601 35.830576897480675 
141.87579529782082 -55.15877685456945 35.60124793378704 
141.8736962875082 -55.16909188507376 35.59618036932632 
141.24876497586598 -54.850673504741955 36.36570996604841 
136.80011743412942 -55.53174248581968 36.31928340262908 
136.26299667175886 -53.17493072862984 36.18989159820023 
136.11669168650502 -52.54553401690458 36.07925849885939 
133.20582264485068 -56.932652699822285 36.246302076782534 
131.3388555878025 -58.057411190572516 40.354474407009775 
132.9343333608009 -57.89314004277013 43.2069637613321 
133.271774720804 -54.955177434830574 43.73088372190351 
136.2849815480874 -53.84714114915455 44.8783401326282 
136.92666046765885 -56.07720397654271 43.560269592322705 
133.5424881490476 -56.86823839509024 42.34702128652056 
133.51846596898702 -57.357274398919664 41.95591337528928 
142.7821890456819 -60.38347307669013 42.61321257782611 
142.76202050719874 -60.41800537988675 42.69485001272615 
140.96809417428156 -61.738816287162486 43.12426889151423 
141.58564383175147 -60.45403691521146 41.87556911483979 
144.8887111246937 -62.27875861166799 42.3313249138159 
144.63129271041694 -60.04649940728377 38.85257984513566 
142.45941532261173 -63.81351968135863 40.22077148532491 
146.30435092813073 -65.10464684457489 36.77408041098212 
146.16486075832415 -65.18176633839705 36.27252448615391 
146.90207507086782 -63.91334650702057 36.434762320259296 
148.98834987584834 -66.58662454860574 36.39729298666627 
148.82535462942462 -66.4116779630732 36.45959245101869 
148.30685055028812 -61.43359320409978 33.95740341557971 
147.24672194585077 -63.794914813026196 34.389297492905214 
148.08969404346948 -64.75262477631199 34.195587863997034 
147.95173686425667 -64.54947290301271 34.69322162085871 
148.37007511579253 -65.91885345564637 34.114814105423115 
149.66909474073452 -66.49034207066529 33.08309790888605 
148.1984192049666 -65.1923509834621 32.95563402420143 
149.59662235443122 -64.27692468941969 34.81012271085748 
152.81526564280944 -64.1082129377862 38.55062502349309 
153.46066335194914 -64.37726367060456 39.189830159028666 
154.20564806892608 -65.42650678397634 38.95647284838291 
151.48344936830352 -64.02205497264585 38.28173829545807 
151.8090784325485 -63.76437641212895 38.18137914761567 
151.60830253522064 -64.45677323678692 38.94850988408367 
152.87039672761105 -61.845364597200735 41.007891097466775 
157.02979054057238 -67.28063774805437 40.22884353432178 
156.61587139917867 -66.84677541179768 40.738954122515935 
152.3761604547959 -68.26819793724007 38.285920419645784 
152.1558263928115 -68.57412931185442 37.89085957680291 
151.6929459602601 -71.83363179075698 36.83927517532248 
145.74362342458215 -75.10881637003864 36.61612554092196 
146.48893771440672 -76.61884055013529 34.675904097594405 
147.3791288291801 -75.37557755903384 33.24762830564576 
147.7299952033518 -76.46615936544033 34.21635992465296 
142.74154805275896 -74.69799637411431 33.5227315521874 
146.5531492386921 -75.68709879279066 33.43726179203569 
148.47661831606078 -76.23997792469994 34.499040320640916 
148.01296586797665 -78.21647768133433 35.212055645857454 
150.24055311204816 -74.01615025629322 38.07975359173085 
151.73288735646634 -73.87938660949119 38.89011089533104 
151.54507595607552 -73.25102761756474 38.949457051089595 
151.27898246930113 -74.76052821128074 38.66111283212948 
151.12695449981447 -74.58474088378743 39.048386171299 
150.57642441623452 -74.60328066159953 38.860253924360805 
144.77658234775615 -70.69772325621105 30.7058519862673 
142.4070863350657 -68.28597134586134 29.644337530758463 
142.17916363392231 -69.39773552793062 29.13557576983086 
140.3942950673634 -71.80914875859186 31.23692270085587 
139.8138071199219 -72.4171679589606 32.614628983625764 
139.45496007213572 -71.79298328951704 32.35283460278813 
139.21858401865103 -70.82532581789809 29.16649934646092 
139.32379702809718 -70.72494989069935 29.171940124396006 
138.66444231821453 -71.46040759637502 29.290869394069404 
139.5944768395697 -69.87929271849683 29.609454276075425 
139.3520347685626 -69.16659952557087 27.85061896104738 
142.16264543641972 -70.00191137043474 26.196892678737452 
142.90786603750993 -67.5403587632245 27.958673998329928 
146.7471817899806 -69.2366765392374 28.15490479565411 
147.88972770942632 -69.13140808871752 27.69867162751231 
147.0943184534352 -69.46613907004294 28.81515142298204 
146.90300884981687 -67.85704005359008 29.57270810942012 
146.3819156121389 -68.1833189318466 31.240424770226426 
142.50315302933765 -73.40601546768063 27.115705587648606 
142.12316620398053 -72.96089529797194 26.360223498245 
142.13011517709498 -74.29810113116953 25.774602301638637 
141.3074892809991 -72.92407024684641 28.74369035635089 
143.82262186172397 -73.97555977178538 29.025393471956047 
145.3964891588713 -69.63665451613421 28.289784583177077 
145.90183656125853 -69.99679994928707 29.016639175288304 
144.21896861749212 -64.63468214519787 32.1654451706672 
145.08442464147853 -63.702832346842406 30.90094589884957 
147.90374057007142 -59.743098520453835 33.314014115901855 
147.79983557349905 -64.96458232260144 33.91907144737642 
148.78053924477683 -69.39604916415863 33.71139605636982 
147.30834132904695 -70.28540886218988 36.18103273950712 
145.38513858193892 -72.93933697605043 33.60192402992932 
148.94152165231444 -69.67267638582396 32.49716703674048 
148.90521400443382 -72.43253738142728 33.6840812743035 
149.73204157228827 -71.94039244577654 32.78387684761957 
149.59510324099853 -71.7062323617974 33.30597908324721 
152.78540112490572 -73.53762358046146 32.81213207437826 
154.05247340658116 -65.45599196680303 29.781411988246813 
152.52753217002206 -64.33049816796824 27.843586687024843 
150.621781216127 -64.16809532447024 25.88184312452255 
151.05960264822983 -63.96601635788018 18.855666219272806 
152.12545849068908 -64.83353618931567 19.91507670058144 
153.87450399863323 -63.722156583300155 20.163704302917914 
154.24666327673071 -63.98915382716052 20.668212211458474 
153.3367365601198 -68.08999768263831 20.730652266678398 
155.18041821651778 -67.55066533243009 21.689117900418506 
154.25368215962524 -69.35250263124524 24.043455881261597 
154.32840151637023 -68.51430276549407 24.94022512866722 
152.62620569132267 -69.17905055202311 23.40240375384983 
153.1148546600844 -68.91674269203173 23.931069969606085 
150.427183394804 -69.19826797574662 22.028781908790126 
150.91393982976138 -71.34995298799817 22.853472925730408 
150.94873489747454 -71.76211859057054 23.217199612443427 
150.26824629840888 -71.39300999505039 22.879003102764486 
157.0120686048976 -71.88138289417213 26.319588662602015 
156.87732782492924 -71.70185966365125 26.930351127706416 
157.49382132027154 -68.81450848432104 25.75207136769435 
157.63731579820976 -68.47236270918089 26.141237754919963 
157.67033720648607 -68.85727410166133 26.64697969295721 
158.44212350866366 -66.42182494839744 25.381551310061297 
156.44284541736837 -66.24921119208396 25.41040552948615 
156.21849292250005 -65.91318340399121 24.03314682674413 
157.0597254884761 -68.77358077073255 23.440955641075526 
156.58271535192443 -69.18576222854186 26.968443884501827 
156.381463832693 -69.47794339373763 27.509607087048995 
157.15347870205588 -69.07092087000625 27.79968108264003 
157.01875529559987 -69.18350669640641 28.187494885599577 
158.0311737102384 -67.79763266584375 28.468929872624166 
157.96495547362122 -67.79473210556064 28.464972501530116 
156.56306510123804 -67.31852262424272 28.76077546998154 
155.96446589830393 -71.99895367401622 29.232636916752824 
156.33035238924407 -71.50305930252246 28.19998489512065 
155.5864008510846 -70.85806462872551 27.880534489941205 
154.43082582643132 -72.45285786823588 29.66022213396425 
156.1828333981774 -72.27900935261688 27.993075463329138 
159.16828803165103 -73.07795685484442 29.484000732307877 
159.20839631790167 -73.0242183172667 28.784405037163978 
158.5501134093869 -71.93799181871252 28.072398963022355 
159.25458307735536 -72.64109573423582 27.327501957206167 
161.92803464033264 -77.05240338880255 30.95528045529654 
167.13796533692064 -76.45656686343253 30.585279905489415 
166.367142522235 -74.699673962473 34.184037245514844 
170.32715871970615 -74.78511361546583 34.82046323597932 
173.3585219081438 -71.89834725476221 38.396627933495516 
176.67574816033223 -74.63406631242364 37.282793145428144 
176.3032293071527 -74.94379327412611 36.942190361094355 
176.31179538399576 -74.91754177107217 36.96447148911246 
176.55484760786328 -74.8958584605107 37.62742688838104 
176.67652788852172 -71.78529762073026 39.31610005502233 
175.2463232667477 -71.87687182507439 41.80935442281846 
175.57603385800894 -71.70996657468838 42.44907809318609 
177.68750525079855 -71.62007525041159 41.64200598803249 
176.66129352257303 -71.77396255115465 42.454127781275766 
170.44905019822272 -75.86662757590534 38.78732395089455 
172.43784037495257 -74.53291807867618 40.229739301237146 
173.81808627564018 -72.78690734350717 43.744383201314655 
168.38768921855802 -71.8322670204415 47.94317143224452 
166.20918617123453 -69.88201084312482 47.064061853954854 
168.97426485117123 -67.5244073157371 48.373846377529006 
168.96264739570182 -67.34101674348268 48.66750197403709 
168.74463196875143 -67.72294340010136 49.61514381611961 
169.01695077819383 -67.58350038839761 49.195222681185406 
168.69013800318322 -68.55282079717986 49.070623585363336 
168.85365024998148 -68.51072246716694 49.14111913052889 
169.63407048771165 -69.89697932409129 49.6531571945825 
170.95914422174803 -71.66244572989048 48.928838538368616 
169.23295318614782 -71.51650640204947 50.04854689774439 
173.56684007101697 -74.21069054762097 47.51907180603676 
175.71024868962292 -72.04132495981068 45.191491886313486 
174.51767824190387 -68.54323856147474 44.91485403989118 
176.2164179427198 -69.3909643718696 43.807479918862335 
181.29893727073676 -65.2100169095464 40.86955163916112 
183.07072274864112 -64.89084503266265 38.93875231594547 
182.98779638078904 -64.81406992202122 39.01938134109698 
181.83740573534143 -66.21473744137242 36.80530758983134 
185.01771853710835 -68.65867050086395 36.36176971171183 
184.76278254309324 -68.74000846835855 37.117040764994066 
187.37194884958453 -68.5213993392122 34.24384867426593 
187.54630409793108 -68.40836889241525 34.254370411848704 
185.6792515015644 -68.04706597769534 35.19506053138938 
184.61072977214158 -68.7518505502337 37.04228832517437 
185.30837116561787 -67.24192066875331 38.39149916409689 
186.85718398952244 -66.97862888319003 37.24946388829001 
188.6179161551257 -68.21759204642592 40.7098848100217 
190.14372635555574 -68.66887236737924 39.448713783647854 
190.36800976241952 -66.02872332481442 39.207309652503014 
190.1729340278865 -66.02656368335344 39.397712776530746 
190.1196935595271 -66.36222535936865 38.98049619956492 
190.7004771296815 -65.4061873144425 39.085163865994865 
190.70821897275036 -66.4189295994866 37.9438488625998 
190.24527924737365 -66.45027823578818 38.07161443611362 
190.0887991728971 -66.61641873027129 38.233521732255056 
194.13245032033066 -66.09287176607833 41.69772425484683 
195.73911415456652 -68.43732561937826 44.992289836721675 
196.51147877293923 -67.71856143856057 43.544072938074265 
194.41337827299049 -65.69910276081401 42.09190283371067 
194.35387644529382 -66.00192298789165 41.68625441220553 
193.9373559586149 -67.00167241535131 39.10820260641895 
193.90226413493593 -67.20753814909146 39.605381801376836 
194.50503440102662 -70.11492711899528 39.42429260632116 
190.0805164393908 -68.29995205022857 38.42394988038123 
192.73406030520374 -71.3041432045299 40.62699078646343 
193.07525154440145 -71.75875375909222 42.704694240608816 
191.04241583273605 -71.21149355595644 44.65378413453227 
190.81382583720028 -74.85472284801583 45.46412204567444 
192.1258294063487 -78.93787914319329 45.62047283904634 
191.8239524678138 -80.0446143980666 46.009001112289546 
194.61504264872627 -81.56818425482248 51.991556658003226 
193.27499593629187 -80.44856348164137 56.99929412519902 
190.7247221660873 -80.86205148910564 55.07253019465431 
190.47919480159368 -80.86843183101387 54.742923148542985 
191.42992037624643 -80.6708924633602 56.304275602031076 
191.250869970089 -80.36139893192815 53.45414309764479 
191.0693145960738 -82.03312058782154 52.13056177945528 
192.56323948102388 -82.79530378653253 53.0218067178938 
190.9242756335832 -84.98185429296275 54.66579355882526 
189.515655521715 -82.86500160574046 57.36504979613818 
192.3081384527418 -80.39473437998332 57.47609659733905 
192.43071896983108 -81.08230526491162 58.07450906818647 
193.99177813720033 -78.29663746416546 57.73578210072147 
197.41878077098715 -75.08683065641867 58.684014376952966 
198.45975729609538 -76.267484037981 60.51495128002951 
197.76095166933985 -77.27988925230312 60.95259481593905 
197.54412935236812 -77.714758140661 60.35723458314748 
197.8650485024983 -76.30976963657251 59.40176158104053 
197.6646071150773 -76.69541303914492 58.9770042086881 
199.94822475452492 -81.58348747474936 54.86959378145723 
197.7582070290584 -81.75412586510357 54.0863690141888 
196.71691672434852 -79.93080842545886 55.20197958888752 
196.70169740734565 -79.3269136622811 54.4492531838797 
193.89798509364783 -80.91763511022789 55.95622408189355 
197.80690337201423 -79.28771384524283 54.248620938660906 
194.7327930650035 -80.39994947334237 55.34882539222944 
196.0955428082081 -80.58836700455277 55.429336550259954 
193.94959455705035 -76.14110650478771 53.60399869795459 
196.26587426301376 -81.55312492040972 55.6485013305116 
198.95067683734985 -81.22258197201434 53.34052365984844 
198.48776183511796 -80.71634434258851 52.190813971700145 
