2.4768886802817888e-06 2.5094320325693936e-06 2.589605105984473e-06 2.3931422577803036e-06 2.566405161281921e-06 
2.466298189595096e-06 2.498721687219966e-06 2.580076663014071e-06 2.383025007628165e-06 2.5567434464308025e-06 
2.467865967272254e-06 2.5020681451222037e-06 2.5829756698133166e-06 2.3856984068212736e-06 2.5588620160251146e-06 
2.4700674745820237e-06 2.5054964378022724e-06 2.586495609053391e-06 2.3888663619886572e-06 2.5617780259410633e-06 
2.4699265119544833e-06 2.5051126671073037e-06 2.5865842452817992e-06 2.3887776985352936e-06 2.5619061289019327e-06 
2.471135019777906e-06 2.5063527010087813e-06 2.5877679794941595e-06 2.389983682885284e-06 2.56308365101101e-06 
2.4811745162819946e-06 2.516510278828293e-06 2.596875110866044e-06 2.3996066800441956e-06 2.57230317866455e-06 
2.471074522082075e-06 2.5046478295873944e-06 2.5862538318096924e-06 2.388787765958854e-06 2.5623271437960148e-06 
2.4707084485227676e-06 2.504239275974478e-06 2.58593364954522e-06 2.38843319534623e-06 2.5620129874961686e-06 
2.4762557301146718e-06 2.5092580534302064e-06 2.591767529890753e-06 2.3939991767487837e-06 2.567966008801704e-06 
2.47602731630716e-06 2.509045053088059e-06 2.591559995452949e-06 2.393784633549591e-06 2.567750237895138e-06 
2.4726830689776493e-06 2.505227115170758e-06 2.587797928788415e-06 2.3901100793456987e-06 2.5642069198531106e-06 
2.468859360543752e-06 2.5033434974401754e-06 2.5844737768458096e-06 2.387013929610898e-06 2.560188317181484e-06 
2.4686042355886805e-06 2.5030885662875203e-06 2.5842338940586732e-06 2.3867660058932174e-06 2.5599459428364025e-06 
2.458852806080766e-06 2.493164554041783e-06 2.5736378236222396e-06 2.3765392989028317e-06 2.54954439746816e-06 
2.458437451527743e-06 2.492651597057942e-06 2.5731943566692272e-06 2.376084696098926e-06 2.5491365074345697e-06 
2.461815825016212e-06 2.4970193418621683e-06 2.57577279014029e-06 2.3793304352562705e-06 2.5515310656803593e-06 
2.4614624972971496e-06 2.4954054414466557e-06 2.5752307559987787e-06 2.378560849319725e-06 2.5514193065355342e-06 
2.4600870285987463e-06 2.4934234144759484e-06 2.5741029919935785e-06 2.3771505364449053e-06 2.5504434852274926e-06 
2.4717610359757947e-06 2.505690226386905e-06 2.585405426666344e-06 2.388811288348816e-06 2.561616333762529e-06 
2.4710439836564015e-06 2.5065710408076436e-06 2.5862430928587897e-06 2.3892630941573574e-06 2.5616945066480435e-06 
2.4640532228043927e-06 2.4996434077217815e-06 2.5790093484371446e-06 2.382158755071222e-06 2.554481878985872e-06 
2.46179612397362e-06 2.497699846340491e-06 2.5769650883654545e-06 2.380083288600567e-06 2.5523040784854205e-06 
2.4629585130531942e-06 2.49936501785361e-06 2.5781728464485913e-06 2.3813998305195897e-06 2.55334476053131e-06 
2.4621455972416024e-06 2.4978910258846833e-06 2.576407675715976e-06 2.379949554759421e-06 2.5519443795610016e-06 
2.4636418614400698e-06 2.4994839649174347e-06 2.5782188919941263e-06 2.381626618772677e-06 2.553673353138423e-06 
2.46345445344745e-06 2.4993007632636516e-06 2.578020471263003e-06 2.3814346423224805e-06 2.553475432281022e-06 
2.460316684115998e-06 2.4969780938213255e-06 2.5753193968275467e-06 2.3787169190344648e-06 2.550445470621109e-06 
2.4616256487179804e-06 2.498799281949416e-06 2.577067863753343e-06 2.3803761407133364e-06 2.5519596440416275e-06 
2.458683455303811e-06 2.4950409124436145e-06 2.574656298679783e-06 2.3774776464242294e-06 2.5497212967680345e-06 
2.468548976426722e-06 2.5053237941429073e-06 2.5854026676227453e-06 2.3879004447915633e-06 2.5601896848074718e-06 
2.468851174258552e-06 2.506397683193153e-06 2.5857668151852854e-06 2.3884331216192023e-06 2.5602989848244654e-06 
2.4681945510764966e-06 2.505593450429413e-06 2.5855465043106123e-06 2.3879530466513725e-06 2.560054636464051e-06 
2.4664126704593263e-06 2.5035942594174484e-06 2.583846080248195e-06 2.3861528611970064e-06 2.5584102638707787e-06 
2.4674599884376422e-06 2.5046483058504155e-06 2.5849727393544216e-06 2.387242888880515e-06 2.559521625285966e-06 
2.469448685458492e-06 2.5066757970697166e-06 2.587129166141154e-06 2.3893279151987964e-06 2.561637974661839e-06 
2.472518458258331e-06 2.5096311805728637e-06 2.5900930517725134e-06 2.3923202938628455e-06 2.5646546396373907e-06 
2.468891602622442e-06 2.505739213697297e-06 2.5862502823233616e-06 2.3885126531009864e-06 2.560931907462352e-06 
2.4693966434677623e-06 2.506249381031553e-06 2.5868075465430845e-06 2.3890457180180464e-06 2.5614789228334566e-06 
2.464038941365412e-06 2.5013715263099676e-06 2.581638591156054e-06 2.3838969383860114e-06 2.556128406262236e-06 
2.465767539088673e-06 2.503812048367835e-06 2.5837993971112654e-06 2.3860266036365903e-06 2.557992736622981e-06 
2.4684772895103524e-06 2.505868688443678e-06 2.58564299840158e-06 2.3881420538951394e-06 2.560183756019154e-06 
2.4759398516869045e-06 2.5125729763114944e-06 2.5927404646046735e-06 2.395239800519794e-06 2.5675793344466807e-06 
2.4779241215896715e-06 2.514856595152087e-06 2.5953213000956607e-06 2.3975996669213156e-06 2.5699676548858183e-06 
2.483689694279547e-06 2.52061747987792e-06 2.6014763417673776e-06 2.4035663810110534e-06 2.576059385989317e-06 
2.4833202071900845e-06 2.5198704016899586e-06 2.6007910543318443e-06 2.4029425989845386e-06 2.5755453009076277e-06 
2.471481701970047e-06 2.508287093778361e-06 2.589566505172622e-06 2.3914576661508293e-06 2.564142593272588e-06 
2.46988686319405e-06 2.506372313088525e-06 2.5880487407556985e-06 2.3898176802619536e-06 2.5627139691199236e-06 
2.4567579005312096e-06 2.4930282695879375e-06 2.5754741368016417e-06 2.376893069506403e-06 2.550120155608518e-06 
2.4814531466371635e-06 2.517873046391696e-06 2.601049488637755e-06 2.4021073294577155e-06 2.5754986997242566e-06 
2.4824149517455256e-06 2.5181709161785417e-06 2.601731914953512e-06 2.4027632252757685e-06 2.5764365491460665e-06 
2.4811057444238395e-06 2.5168642742936475e-06 2.6003721032103427e-06 2.4014270746696254e-06 2.57508449893107e-06 
2.482811704479e-06 2.51860909976627e-06 2.6021728467046728e-06 2.403193275526459e-06 2.5768570678013877e-06 
2.489039083071485e-06 2.5251443490679066e-06 2.608726384228828e-06 2.409671958379281e-06 2.5832584853555683e-06 
2.4784265863126944e-06 2.5153569746538257e-06 2.5984811258928966e-06 2.3994366485433244e-06 2.572694735627431e-06 
2.4673971304092984e-06 2.504465596407562e-06 2.58736249347234e-06 2.3883803175060636e-06 2.5615496291222564e-06 
2.4649654314043623e-06 2.5030423994237877e-06 2.5865925338563082e-06 2.387045024792493e-06 2.5601900440211038e-06 
2.463714220756669e-06 2.5019059825848945e-06 2.5854238167407653e-06 2.385863023351164e-06 2.5589718609573247e-06 
2.4606464782326453e-06 2.4989997035708714e-06 2.582944190569857e-06 2.3831330094609565e-06 2.5563459909138856e-06 
2.4625128704224577e-06 2.5014956547577546e-06 2.585254297538473e-06 2.3853883407130087e-06 2.558384028043271e-06 
2.463381092311474e-06 2.503026189060777e-06 2.586527070172296e-06 2.3866329800392167e-06 2.559380963436615e-06 
2.4642810085377782e-06 2.504274628737022e-06 2.587863110624336e-06 2.3878470689498813e-06 2.560535330582965e-06 
2.4596178013314845e-06 2.4998308194496164e-06 2.5841037642866555e-06 2.3837003025056026e-06 2.5565604367536864e-06 
2.463731678362306e-06 2.5032428565349175e-06 2.5881278615879506e-06 2.387597744756744e-06 2.5608201426237785e-06 
2.4639883218463904e-06 2.503505799109032e-06 2.5883933793736985e-06 2.3878609510477824e-06 2.5610821510713143e-06 
2.4648354202503468e-06 2.502825115491205e-06 2.588768812061785e-06 2.3880853012387832e-06 2.5620173948408144e-06 
2.45846316862331e-06 2.4956369824690093e-06 2.581831062042446e-06 2.3812089525905493e-06 2.55543146468858e-06 
2.4520302688111133e-06 2.489966942172426e-06 2.5761127692368573e-06 2.3753264161801513e-06 2.549357092315446e-06 
2.451973668607484e-06 2.485974407900239e-06 2.573825073754304e-06 2.3731543588996123e-06 2.548676425131794e-06 
2.454686448884377e-06 2.4895705026786913e-06 2.5767225809037833e-06 2.3761783406291807e-06 2.551264512961928e-06 
2.460212387867492e-06 2.4942404343374026e-06 2.582330990244514e-06 2.381551241924298e-06 2.5571279432300197e-06 
2.465181358450392e-06 2.4991002130946442e-06 2.587340967019063e-06 2.386523028415563e-06 2.5621644092732848e-06 
2.477059094274249e-06 2.510602997200134e-06 2.599579726196875e-06 2.3985188894289877e-06 2.574459226775872e-06 
2.466917993278011e-06 2.5020856171162332e-06 2.5907034016183607e-06 2.3894122970319793e-06 2.5648662712156736e-06 
2.466877463412987e-06 2.502047559366824e-06 2.5906623657283295e-06 2.3893720278237944e-06 2.564824549240457e-06 
2.466770995403036e-06 2.501748422396662e-06 2.590413095765124e-06 2.38914444435937e-06 2.564659444423846e-06 
2.4683901270765424e-06 2.502894534121607e-06 2.5900314673521515e-06 2.3896055719093936e-06 2.5647544772813127e-06 
2.4743422059148717e-06 2.508013333780829e-06 2.5951683499118212e-06 2.3949438222479414e-06 2.5702863316002794e-06 
2.480441213673077e-06 2.515297016079227e-06 2.601161958143144e-06 2.4012826440821824e-06 2.5759219590475324e-06 
2.4805264626732695e-06 2.5153179538527323e-06 2.601109672887923e-06 2.4012815927292453e-06 2.5759124713058096e-06 
2.4815360366933182e-06 2.516319061099852e-06 2.6021338167534806e-06 2.4022980750159333e-06 2.5769366658957706e-06 
2.4743122311820974e-06 2.507843804260006e-06 2.5944415057478486e-06 2.3945202276899934e-06 2.5697177100806844e-06 
2.4771397410228424e-06 2.5107160038979478e-06 2.597249627660345e-06 2.397352604268204e-06 2.5725142589229794e-06 
2.4769175038815466e-06 2.510516422228437e-06 2.5971170108654218e-06 2.3971816782955297e-06 2.57235986218467e-06 
2.4703009757074548e-06 2.5058018173846397e-06 2.5912883089462815e-06 2.391422012820559e-06 2.565803416840839e-06 
2.4702634335986525e-06 2.505769208885774e-06 2.591218369561561e-06 2.3913689450339457e-06 2.5657372271551314e-06 
2.469497907082682e-06 2.5054546945619583e-06 2.590385818678005e-06 2.390678420718675e-06 2.5647733400593608e-06 
2.473722620366967e-06 2.5095816763158676e-06 2.593843841825447e-06 2.3944928049666393e-06 2.5683865357225346e-06 
2.463693638429071e-06 2.5000473537805594e-06 2.5837712009895105e-06 2.3845494896112707e-06 2.558167038524922e-06 
2.462468764480177e-06 2.4987732592245076e-06 2.582815144584101e-06 2.3834476010113842e-06 2.5571829481790287e-06 
2.4566585395390024e-06 2.4928182739849996e-06 2.5772250908991084e-06 2.3777054013557984e-06 2.5516041121259664e-06 
2.468623766396318e-06 2.505145917600681e-06 2.5897307832661245e-06 2.390054871280059e-06 2.563904033093769e-06 
2.4687794702735237e-06 2.5054087603530313e-06 2.5898169611444896e-06 2.3902016666715107e-06 2.5639676613873035e-06 
2.457791677374321e-06 2.495439533639341e-06 2.5795683736686154e-06 2.3798300432791476e-06 2.5532790417861637e-06 
2.461376310250643e-06 2.4984768872992944e-06 2.583070899252541e-06 2.38324176332124e-06 2.556967118757075e-06 
2.4644364337321084e-06 2.5007346453271735e-06 2.585680033222446e-06 2.3858762791071263e-06 2.5599027696475677e-06 
2.468538132017867e-06 2.505584710336651e-06 2.5899055942059003e-06 2.3902326828599834e-06 2.563870524426586e-06 
2.4690632841663776e-06 2.506394476545245e-06 2.590327387395439e-06 2.3907764739571406e-06 2.5642190520519333e-06 
2.4690106177283275e-06 2.5063297838346817e-06 2.590269636603868e-06 2.3907181272034146e-06 2.564165948312735e-06 
2.4689275523133054e-06 2.5062307331571206e-06 2.590179552536627e-06 2.3906273593807755e-06 2.564082086818499e-06 
2.468216709819015e-06 2.5057068399867327e-06 2.589379838531488e-06 2.3899167016506476e-06 2.563237916076164e-06 
2.4659879069972794e-06 2.50369348163913e-06 2.5873585540864594e-06 2.387844661149053e-06 2.561115162020657e-06 
2.4743807070408532e-06 2.514339498311188e-06 2.5973894153699503e-06 2.3976575148634838e-06 2.570163452440826e-06 
2.4692018359618326e-06 2.509600421893339e-06 2.5920510666389664e-06 2.392501352865711e-06 2.564713105350333e-06 
2.475334309995834e-06 2.517111786101167e-06 2.5992048307614665e-06 2.39952017400168e-06 2.571261858186915e-06 
2.4705835467596885e-06 2.51298059298809e-06 2.5945026742085828e-06 2.394947661526589e-06 2.56635655862131e-06 
2.47059833449266e-06 2.5130071211216367e-06 2.5945259857481165e-06 2.394969883259829e-06 2.566374755180617e-06 
2.4709352927443823e-06 2.5130763154619683e-06 2.594646291788073e-06 2.3951269664036467e-06 2.5666151506984327e-06 
2.4708509527045843e-06 2.513228535731399e-06 2.595088195843588e-06 2.3953735376283434e-06 2.566896449718549e-06 
2.4706402455090552e-06 2.513006358310784e-06 2.594841404863551e-06 2.3951410288554316e-06 2.566659223721248e-06 
2.4672215992714935e-06 2.5087119938103916e-06 2.5912912540184898e-06 2.3914242111783995e-06 2.5634090897920365e-06 
2.4672955172708593e-06 2.507678567102435e-06 2.590840818515349e-06 2.390945680371741e-06 2.5633949048317093e-06 
2.4698250044354458e-06 2.5096638928235657e-06 2.593895092507969e-06 2.3936125251861887e-06 2.5665352554085646e-06 
2.4696317271082284e-06 2.5094333355490637e-06 2.593698687802514e-06 2.393407985218083e-06 2.5663512112571764e-06 
2.4690109450538944e-06 2.5094451995385438e-06 2.5934250679352468e-06 2.3931255201457e-06 2.565820882142948e-06 
2.468838037772272e-06 2.50920134430072e-06 2.5932637925138874e-06 2.3929405051966064e-06 2.565680218807695e-06 
2.4723254539837906e-06 2.512841757527413e-06 2.595826256216969e-06 2.3959939306381214e-06 2.568344041182635e-06 
2.4705273684022713e-06 2.5112805470213565e-06 2.593461969329201e-06 2.3939633176170814e-06 2.565997372316987e-06 
2.477669084634256e-06 2.51745824346712e-06 2.5991898622481844e-06 2.400147745723813e-06 2.5722591866375984e-06 
2.475534280088165e-06 2.515595265327754e-06 2.5973081588866053e-06 2.398208137268762e-06 2.570250648645673e-06 
2.4920803115073906e-06 2.531106078880265e-06 2.6136489711623658e-06 2.4144093448043486e-06 2.5869487744390407e-06 
2.4930362597431922e-06 2.5318929171711535e-06 2.6145526276796073e-06 2.415297089541436e-06 2.587914291584747e-06 
2.498203528959329e-06 2.5374470998434368e-06 2.619835036277627e-06 2.4206288338841906e-06 2.5930540507650454e-06 
2.4944574976784157e-06 2.530602066116142e-06 2.6146036565794214e-06 2.415341444244591e-06 2.5890470781604543e-06 
2.492842978842347e-06 2.5283845746389415e-06 2.613246019497485e-06 2.4137068330422902e-06 2.587838451181725e-06 
2.4924474341211236e-06 2.527919801866825e-06 2.612799636344093e-06 2.4132676745492946e-06 2.587422354094263e-06 
2.4867045218116757e-06 2.5220284208745568e-06 2.6059298911789277e-06 2.406905355891169e-06 2.5807851197772584e-06 
2.4874483609320414e-06 2.5221157902279263e-06 2.606276454057319e-06 2.4072864607900562e-06 2.5814039797921944e-06 
2.488020597984348e-06 2.5227933779020564e-06 2.607112326208964e-06 2.4080193643310882e-06 2.5821633130748885e-06 
2.490650123890047e-06 2.5263530231977687e-06 2.6104293690004804e-06 2.4112321396312747e-06 2.5850733181522635e-06 
2.4893205453281096e-06 2.525223583909399e-06 2.6091535272167905e-06 2.4099775956599483e-06 2.583725719821909e-06 
2.4990873261885753e-06 2.533565350026637e-06 2.6186016789955726e-06 2.4192451292955452e-06 2.593674130199175e-06 
2.4979513896072314e-06 2.5325845006191665e-06 2.6178046436259524e-06 2.4183186490198943e-06 2.5927728909669183e-06 
2.494446753833802e-06 2.5281711122558573e-06 2.613497585599549e-06 2.414177527903081e-06 2.58888500924208e-06 
2.49383203921053e-06 2.5275885331871854e-06 2.6129225008455323e-06 2.4135899575884625e-06 2.588293425921562e-06 
2.4813762437338943e-06 2.5164364458649936e-06 2.600496780102173e-06 2.4014507977950843e-06 2.575453741629256e-06 
2.4968924419490638e-06 2.5309504638737987e-06 2.6165127667762593e-06 2.4169989051571166e-06 2.591701020756139e-06 
2.483855662671868e-06 2.5171488012326875e-06 2.6026534472116455e-06 2.403337223115788e-06 2.57822082713894e-06 
2.469083427285527e-06 2.504211499430359e-06 2.588948240082676e-06 2.389535669803148e-06 2.563764955081587e-06 
2.473458060711366e-06 2.5086675371046697e-06 2.5934252478790802e-06 2.3939890622438796e-06 2.5681984718303404e-06 
2.4623523197056105e-06 2.4973654570015797e-06 2.582480820786285e-06 2.3829013391764378e-06 2.5572923223064256e-06 
2.4705685283008588e-06 2.5051609496782285e-06 2.5905238052214575e-06 2.3909381926394755e-06 2.565494561277633e-06 
2.4712904318855027e-06 2.5059069883503052e-06 2.5913442126028045e-06 2.3917175347603266e-06 2.5662910612409766e-06 
2.4544654850217218e-06 2.491410614826762e-06 2.574137465035919e-06 2.375249659981991e-06 2.548414637358928e-06 
2.4530355044193615e-06 2.4914782917353596e-06 2.5735277557541037e-06 2.3746119694503422e-06 2.547197452215319e-06 
2.4529599505552414e-06 2.4914056175560703e-06 2.573453179671921e-06 2.3745375303403025e-06 2.547121823855937e-06 
2.4502902835055657e-06 2.488871487669808e-06 2.571579572667265e-06 2.3723026685072153e-06 2.5450762882011267e-06 
2.4563595923674317e-06 2.4939547781448797e-06 2.5780528191478686e-06 2.3783398505643726e-06 2.551794129857897e-06 
2.463217259018713e-06 2.4990038302923854e-06 2.58471413785165e-06 2.3846604082421546e-06 2.559057392361095e-06 
2.4635081454818898e-06 2.499075521759346e-06 2.5849621175165333e-06 2.384876128261084e-06 2.5593815337573777e-06 
2.471909345370649e-06 2.5081200815769337e-06 2.5930602323990757e-06 2.3932909648738236e-06 2.567323935411566e-06 
2.480229131324034e-06 2.517266061778738e-06 2.6010849785076572e-06 2.4016765179127132e-06 2.5751336309571395e-06 
2.482231635777056e-06 2.5191520285376923e-06 2.6034004670688062e-06 2.403813033814604e-06 2.5774343745057063e-06 
2.5104000728033464e-06 2.54836776729528e-06 2.632813507461429e-06 2.432921694002075e-06 2.606305875411021e-06 
2.509111916236226e-06 2.545835468600152e-06 2.6310373028914813e-06 2.431072077275015e-06 2.6050032599143053e-06 
2.5132333970281425e-06 2.5498080591621876e-06 2.6344892888509255e-06 2.434818282115217e-06 2.6086108330702314e-06 
2.53419568411918e-06 2.5688833245204384e-06 2.6554440737927717e-06 2.4553450222542997e-06 2.630158259199915e-06 
2.521608144518856e-06 2.555968911460414e-06 2.6427384151085102e-06 2.4426000503973636e-06 2.6175780361978263e-06 
2.52024890140896e-06 2.5544515406195485e-06 2.64153537390812e-06 2.441281820767107e-06 2.616399597449254e-06 
2.5180233369058456e-06 2.5527435678044987e-06 2.6401732433187887e-06 2.439625887610172e-06 2.614733041976093e-06 
2.5179652479801638e-06 2.5526676620355965e-06 2.6400496803331384e-06 2.439529347436271e-06 2.6146258527406673e-06 
2.521995013421776e-06 2.5575467698704075e-06 2.644019846233069e-06 2.4437384285306637e-06 2.61833671697864e-06 
2.522676280064269e-06 2.5584821933885876e-06 2.6448368291992414e-06 2.444552688489726e-06 2.619051029813326e-06 
2.5222686205440426e-06 2.558092247880377e-06 2.644510610227712e-06 2.4441910056972683e-06 2.618705970446175e-06 
2.519652313597205e-06 2.555066880068381e-06 2.6408756302019287e-06 2.4409447151927295e-06 2.615367678808136e-06 
2.511512072344242e-06 2.54679425208536e-06 2.632708946651414e-06 2.432747112808279e-06 2.607249044276126e-06 
2.5228074149412326e-06 2.557372194062836e-06 2.643440300704035e-06 2.443593574026021e-06 2.6182967655915924e-06 
2.5256398454706738e-06 2.5603758871124245e-06 2.6461312231254433e-06 2.4463987914265103e-06 2.620956137235969e-06 
2.5232468359201315e-06 2.5569688735496442e-06 2.643206542030589e-06 2.4434836352621525e-06 2.618439341955268e-06 
2.5201781012496046e-06 2.5542078873156154e-06 2.639983824496452e-06 2.4404059741299978e-06 2.615145377615455e-06 
2.5210222608625916e-06 2.5548936822690846e-06 2.6407750150269614e-06 2.4411858055554136e-06 2.6159950688582887e-06 
2.5200101275710353e-06 2.5537275197903154e-06 2.63954956310053e-06 2.4400256516216797e-06 2.6148534391262866e-06 
2.515965344827754e-06 2.5508678939696756e-06 2.6368038145423255e-06 2.436929673472808e-06 2.6115214882756236e-06 
2.5134869096162135e-06 2.548251509310118e-06 2.6342497413821457e-06 2.4343752837196944e-06 2.6090239440802644e-06 
2.5113219912339436e-06 2.545380749890755e-06 2.63113765118758e-06 2.431549398997925e-06 2.6062904144151945e-06 
2.5122740110936115e-06 2.5458234935390867e-06 2.6312743104304785e-06 2.4319622179622995e-06 2.606721263185795e-06 
2.5115580937972386e-06 2.5449070705997163e-06 2.630271063908403e-06 2.431050101060385e-06 2.6058285649716827e-06 
2.5075842752082106e-06 2.5405558089204072e-06 2.626112082304359e-06 2.426884754926491e-06 2.601819965502627e-06 
2.5065915257994186e-06 2.5390057825447686e-06 2.6242789989825216e-06 2.4253284446540074e-06 2.6003007332220754e-06 
2.505583517805782e-06 2.537797741632896e-06 2.6229480196852646e-06 2.4241068496772037e-06 2.5990860437555387e-06 
2.5121405458789043e-06 2.5452953919186605e-06 2.630218980386814e-06 2.4312636025402798e-06 2.605941611172723e-06 
2.517548232401463e-06 2.55108964172578e-06 2.6350722640385618e-06 2.4364933450075485e-06 2.6107623637984137e-06 
2.5223192214389428e-06 2.5575979683671898e-06 2.6410407175995405e-06 2.4423052391559904e-06 2.6159844865006103e-06 
2.524316265309244e-06 2.5599576447284896e-06 2.6434952131916934e-06 2.444626739843155e-06 2.618249008930624e-06 
2.535770476327769e-06 2.570997181139002e-06 2.6532995403476775e-06 2.455163244833094e-06 2.628451729789357e-06 
2.532244499978091e-06 2.5687336268921826e-06 2.650468981805071e-06 2.452298900584524e-06 2.6251085191567517e-06 
2.530284913871749e-06 2.566666204821728e-06 2.648441023894526e-06 2.4502749525029574e-06 2.623126327835549e-06 
2.5269583331042626e-06 2.5631160074984363e-06 2.6458946799800178e-06 2.447279088522999e-06 2.6205241249311043e-06 
2.529729872358342e-06 2.567861177933513e-06 2.649978987793886e-06 2.4512159850961855e-06 2.6237682842826696e-06 
2.543001965854668e-06 2.5803184809851423e-06 2.6627740415414903e-06 2.4640591436428357e-06 2.6368963003000007e-06 
2.5420940080969506e-06 2.5798280402853696e-06 2.6621949771131467e-06 2.4634217954149313e-06 2.636131451873878e-06 
2.5407191348660753e-06 2.5781903808491467e-06 2.6604041458238815e-06 2.4617683590157938e-06 2.634492121479348e-06 
2.5292594024611294e-06 2.5670216710052098e-06 2.64909795965377e-06 2.450443739749687e-06 2.623071313121853e-06 
2.5400609404650433e-06 2.5794414684902685e-06 2.6612770225989558e-06 2.462369774524256e-06 2.6345100760124116e-06 
2.5458555015404874e-06 2.5851273345302285e-06 2.6671391950122073e-06 2.4681788647228676e-06 2.6403942938001506e-06 
2.5528449995908464e-06 2.5918687268577716e-06 2.6740168872531223e-06 2.475057993522348e-06 2.6473672290793702e-06 
2.5537064284407987e-06 2.5928908424248097e-06 2.6748173192873365e-06 2.475930782424937e-06 2.6481264554399104e-06 
2.549126518194647e-06 2.5891137282843127e-06 2.6697264633498784e-06 2.4712936308261586e-06 2.6428652841506927e-06 
2.5497124164458198e-06 2.5897014182157992e-06 2.670292134701528e-06 2.4718706496284423e-06 2.643433542156347e-06 
2.568222039469853e-06 2.6088872389829315e-06 2.68880012666598e-06 2.49058143396209e-06 2.6617226442735224e-06 
2.5556890027808687e-06 2.596519687529089e-06 2.6755778265912833e-06 2.477730284248346e-06 2.6485629493535673e-06 
2.5561546253614673e-06 2.5969248869143563e-06 2.6759698762697324e-06 2.478144014846072e-06 2.6489860641713855e-06 
2.5578080436905414e-06 2.5982347370423187e-06 2.676926420508713e-06 2.479363108566988e-06 2.650164811696961e-06 
2.565063251169263e-06 2.605868094083688e-06 2.684623636376112e-06 2.4869475718408256e-06 2.657668195047484e-06 
2.5705635258976094e-06 2.61276228026259e-06 2.6903855354539112e-06 2.4929561781747316e-06 2.6629428547005854e-06 
2.575846310095694e-06 2.618241857239267e-06 2.6954427707976403e-06 2.4981878100997086e-06 2.6679728330496308e-06 
2.5772635028825357e-06 2.619943561612496e-06 2.6968059479893953e-06 2.499657088526301e-06 2.669253849561443e-06 
2.572651844782141e-06 2.614986630965898e-06 2.6919374852497798e-06 2.494819452889684e-06 2.664538143235749e-06 
2.5757201324909423e-06 2.6182977079804083e-06 2.695756356370508e-06 2.498327556146721e-06 2.668157048955857e-06 
2.58014285923725e-06 2.6224955688438264e-06 2.7006336783649298e-06 2.5029214254212235e-06 2.6730309951121865e-06 
2.5806899681041954e-06 2.6234238017955867e-06 2.700290394175307e-06 2.5031313772625845e-06 2.672710936630879e-06 
2.5745287769858954e-06 2.6171614757283507e-06 2.6942902987295405e-06 2.497013726474955e-06 2.6667183528624747e-06 
2.569673524599034e-06 2.611933594418865e-06 2.6885193781787646e-06 2.491600800964477e-06 2.6612159560310055e-06 
2.5610829070479644e-06 2.6032880066682286e-06 2.6809424185446625e-06 2.4834825670797727e-06 2.6534939001983073e-06 
2.556967754841891e-06 2.5991618325943893e-06 2.677301363448296e-06 2.4795936932254783e-06 2.6497803087896695e-06 
2.5567129400821427e-06 2.5987349413040393e-06 2.676905431623082e-06 2.4792225335535036e-06 2.6494621165099448e-06 
2.5615005142765426e-06 2.603477698552274e-06 2.6818911038966497e-06 2.484103294880313e-06 2.654428683150792e-06 
2.5616296318594985e-06 2.6043336020880625e-06 2.681738402041748e-06 2.4842872986345903e-06 2.654090474773828e-06 
2.5595252213669856e-06 2.6024049092437873e-06 2.6787639427210045e-06 2.481798761240914e-06 2.651201816681648e-06 
2.562904257967274e-06 2.6068641272683654e-06 2.6834022611671358e-06 2.4860957910191462e-06 2.655290857672673e-06 
2.5675562563157035e-06 2.6108718383662663e-06 2.687716721048076e-06 2.490412823598193e-06 2.659864203011869e-06 
2.5686144626581205e-06 2.6123951670174274e-06 2.6889819360023388e-06 2.491700836401792e-06 2.6609473895493776e-06 
2.569225628511335e-06 2.6127241746837083e-06 2.689469818751622e-06 2.4921754213471426e-06 2.6615450221008743e-06 
2.5613081615212274e-06 2.605472826440026e-06 2.6829177939959717e-06 2.485103957710257e-06 2.6545611614999307e-06 
2.5615446159336485e-06 2.605690485354299e-06 2.6831179280935734e-06 2.4853175849769127e-06 2.6547731173829243e-06 
2.5550080562919008e-06 2.600226448293976e-06 2.677377194308191e-06 2.4794591831135397e-06 2.648563277067884e-06 
2.5609507879592792e-06 2.6067311615912576e-06 2.68316634870801e-06 2.4854871774550855e-06 2.6541966813528693e-06 
2.5423985229447542e-06 2.5868298565550288e-06 2.665414960896833e-06 2.466943742590136e-06 2.6367499014522243e-06 
2.544590912770255e-06 2.589469889854348e-06 2.6676593267148187e-06 2.4692856352606734e-06 2.638842770203256e-06 
2.5419418250130496e-06 2.585862554191017e-06 2.664569442687045e-06 2.4661541666980968e-06 2.6361301186107025e-06 
2.541162138560953e-06 2.5851437872086434e-06 2.6634611849254858e-06 2.4652247994563136e-06 2.6350560337864278e-06 
2.5317417489571892e-06 2.5760104411950485e-06 2.6547831310063916e-06 2.4562410202288162e-06 2.626168568404361e-06 
2.52262498152612e-06 2.567382855295521e-06 2.6464278838033665e-06 2.44762666031378e-06 2.6175364857412966e-06 
2.5217056886659032e-06 2.5664454312271898e-06 2.6454307641881623e-06 2.4466618560356062e-06 2.6165580147408942e-06 
2.519595722412887e-06 2.564564432161345e-06 2.6429941336743027e-06 2.4444454300850587e-06 2.6141021037502736e-06 
2.5223523726390366e-06 2.5705300886081744e-06 2.6477756217991445e-06 2.449099698866059e-06 2.617532513621787e-06 
2.5150325789412203e-06 2.564788438672275e-06 2.6406486891585435e-06 2.4423036437391354e-06 2.6098730527453414e-06 
2.517997232314374e-06 2.567830955282272e-06 2.6437307910530067e-06 2.4453533046946817e-06 2.612910459927191e-06 
2.5220502004221656e-06 2.5715388030710717e-06 2.647530229710297e-06 2.449188246774635e-06 2.6168598613715903e-06 
2.5173073912418044e-06 2.5667233600290142e-06 2.642337568910565e-06 2.444192640750455e-06 2.6117644507241053e-06 
2.5146341335166796e-06 2.5639812817112617e-06 2.63953176440233e-06 2.4414299591935085e-06 2.6090027992080067e-06 
2.5145159011906385e-06 2.5637174413987066e-06 2.6396587032676037e-06 2.4413939044999146e-06 2.609136627693444e-06 
2.5020770261484375e-06 2.5514782533869164e-06 2.626682902760921e-06 2.428724057759845e-06 2.59618741280002e-06 
2.5017920457754715e-06 2.55117611390987e-06 2.626532890338603e-06 2.4285013339932374e-06 2.5960211651453477e-06 
2.501213488401197e-06 2.5505452093315215e-06 2.625933835300508e-06 2.427897051737115e-06 2.595442298251405e-06 
2.502274418149672e-06 2.5515910765867927e-06 2.6262918312363187e-06 2.4286046843001753e-06 2.5959182961471803e-06 
2.498535998409909e-06 2.5466298303778905e-06 2.6226153407787615e-06 2.4245505050426214e-06 2.592623146275193e-06 
2.5065575034071293e-06 2.552213408377209e-06 2.6289279472871935e-06 2.431059757808414e-06 2.599987212915443e-06 
2.4983949773620697e-06 2.5449907545966063e-06 2.6211258510428756e-06 2.4233226345687995e-06 2.5918294611407167e-06 
2.4962823368412575e-06 2.5427913286032504e-06 2.618944277679871e-06 2.421148718235656e-06 2.5896872859900023e-06 
2.504186324867442e-06 2.551237395299214e-06 2.6270933080872966e-06 2.4293356145016595e-06 2.597621667167052e-06 
2.503855797430282e-06 2.5509406270677496e-06 2.626732044722372e-06 2.4289986524398114e-06 2.5972546992283217e-06 
2.505295543697453e-06 2.5516371907299894e-06 2.62772664289106e-06 2.4300141668461736e-06 2.598557882148115e-06 
2.5076314054661885e-06 2.5541800121638136e-06 2.6303788971117968e-06 2.432567745321704e-06 2.6010923255017937e-06 
2.5144261929500687e-06 2.561616288465534e-06 2.6378468477426804e-06 2.4398846054182455e-06 2.6082449560558918e-06 
2.508437388128004e-06 2.5557080441706317e-06 2.631513507174898e-06 2.4337377056533046e-06 2.6019433080093665e-06 
2.511935185613305e-06 2.5587755908492112e-06 2.6345286365281624e-06 2.436881614492421e-06 2.605172768787525e-06 
2.5118301964534833e-06 2.558684411080181e-06 2.63441043281067e-06 2.43677372968719e-06 2.60505232697274e-06 
2.5155988598601254e-06 2.561614117371315e-06 2.63841974647857e-06 2.440436980596178e-06 2.609289123524799e-06 
2.517626585139859e-06 2.5644682747013798e-06 2.641736358404925e-06 2.443339196135762e-06 2.612133090205346e-06 
2.5173389471480914e-06 2.564194118831397e-06 2.6414835223397925e-06 2.443072333151016e-06 2.611870401182365e-06 
2.5204772805811044e-06 2.5667313515650547e-06 2.6446193215391222e-06 2.446050199106301e-06 2.615197239933426e-06 
2.519144026848954e-06 2.565626843273647e-06 2.64324322327814e-06 2.444755622085882e-06 2.6137555901102137e-06 
2.5282719901505997e-06 2.5755803715392635e-06 2.6532148374418774e-06 2.454546919385422e-06 2.6233249503372877e-06 
2.5292187075520983e-06 2.5765002792734994e-06 2.65414838946947e-06 2.45548099718617e-06 2.6242689146741054e-06 
2.5370208416471596e-06 2.5830049931875097e-06 2.6593752023586612e-06 2.4616485305807477e-06 2.630324331797559e-06 
2.535423640744257e-06 2.581877400742184e-06 2.6583294571527574e-06 2.460452478114315e-06 2.6290399796734713e-06 
2.5340479924052335e-06 2.580959784162258e-06 2.656640420245444e-06 2.4590452806830868e-06 2.627255974082699e-06 
2.529556184268518e-06 2.5745906752789233e-06 2.6497502909336365e-06 2.4528453062000428e-06 2.6213539686453657e-06 
2.5293619257229898e-06 2.57436582704027e-06 2.6495499734218687e-06 2.4526393575476576e-06 2.6211644365699724e-06 
2.530158901549867e-06 2.5751240632834023e-06 2.650378861766501e-06 2.4534424529116543e-06 2.6220003085902946e-06 
2.510856450365061e-06 2.554156295352102e-06 2.631767114961654e-06 2.433999736470383e-06 2.6038120577701448e-06 
2.5101807491726554e-06 2.553389589448598e-06 2.6311204174137976e-06 2.433313016120376e-06 2.6031897867928914e-06 
2.5138698065437106e-06 2.5564131140636716e-06 2.6346142618495314e-06 2.4367319956277645e-06 2.6069260888822934e-06 
2.520433758231609e-06 2.5649946365031588e-06 2.6424779511507815e-06 2.4444956180072943e-06 2.6139351647603685e-06 
2.5280463848882173e-06 2.572656006378238e-06 2.6492165499188086e-06 2.4516978462835034e-06 2.620797945264015e-06 
2.5269181890100595e-06 2.571386503575591e-06 2.647953588941374e-06 2.4504628030678354e-06 2.619602134983851e-06 
2.5275417619705106e-06 2.5715177516743204e-06 2.6482897005390294e-06 2.450811108756624e-06 2.620141507916136e-06 
2.522912535080653e-06 2.567096420149825e-06 2.6435545096040815e-06 2.4461793578154077e-06 2.615358456749106e-06 
2.5201068069153383e-06 2.565302757828289e-06 2.641779366662823e-06 2.4441559437742756e-06 2.6130946110153458e-06 
2.5152419005170514e-06 2.5598643008721076e-06 2.6366667564174354e-06 2.4390047217358293e-06 2.608206132554827e-06 
2.5130684700670044e-06 2.558109735578708e-06 2.63412142483738e-06 2.4367583417008415e-06 2.6055881573455422e-06 
2.5101164425512067e-06 2.5553804520242463e-06 2.631361340087419e-06 2.4339579675221657e-06 2.6027267805459426e-06 
2.5104778604926374e-06 2.5558165761797736e-06 2.6317392552905894e-06 2.4343485690651563e-06 2.6030781186295104e-06 
2.512306807743473e-06 2.5576412426204412e-06 2.6336008503101576e-06 2.4361951348367893e-06 2.6049353107570232e-06 
2.512445866427692e-06 2.557646081197685e-06 2.633849168343956e-06 2.4363516563797783e-06 2.605208679189564e-06 
2.499939286972841e-06 2.545499083783565e-06 2.621431213920943e-06 2.4239693660542263e-06 2.5926650969064805e-06 
2.5014113534011433e-06 2.5470860100551694e-06 2.6239649135399406e-06 2.4260025733780482e-06 2.5949899437884134e-06 
2.501772662766227e-06 2.5470775421687372e-06 2.622862303485526e-06 2.4255365353967112e-06 2.594242051900759e-06 
2.5019682583754365e-06 2.5476169080320177e-06 2.6227888477481202e-06 2.4256945654719117e-06 2.594102474300283e-06 
2.4931489759223128e-06 2.539527957304495e-06 2.613992879943886e-06 2.4170764078952026e-06 2.585072127014742e-06 
2.4968501627196134e-06 2.543026144617684e-06 2.6174946720280106e-06 2.420628758877547e-06 2.588669919116061e-06 
2.4996477018785285e-06 2.5457305777779865e-06 2.6202942462809903e-06 2.4234055149861978e-06 2.5914981256987556e-06 
2.5096024997118464e-06 2.5559079533357854e-06 2.630040141649766e-06 2.433334682739435e-06 2.601204124006359e-06 
2.5094652207291394e-06 2.5557641579066544e-06 2.629850290297332e-06 2.4331696850913867e-06 2.601024884308522e-06 
2.510333310631407e-06 2.5567599313464825e-06 2.630640473694874e-06 2.4340367004275984e-06 2.601786670538479e-06 
2.513778653366848e-06 2.559418168170474e-06 2.634077004602937e-06 2.43726339953761e-06 2.60547490674499e-06 
2.5165573400885713e-06 2.5623598739430897e-06 2.636897042644323e-06 2.4401116560158375e-06 2.6082355247917683e-06 
2.512465028513762e-06 2.558304693749913e-06 2.6326799048230523e-06 2.4359626334523926e-06 2.6040277892959163e-06 
2.5127437588658682e-06 2.5592314229493493e-06 2.6334261845270952e-06 2.436651169606916e-06 2.60449162289344e-06 
2.513185696464823e-06 2.5596389730031597e-06 2.633754317782541e-06 2.4370284616869733e-06 2.6048490069737357e-06 
2.5146192098697992e-06 2.5608378163147414e-06 2.635500071188443e-06 2.4385516321981864e-06 2.606618801959207e-06 
2.5107073662522326e-06 2.556298581082215e-06 2.630857965250425e-06 2.4341018985205335e-06 2.6022959693389476e-06 
2.5106515719619954e-06 2.556238637607241e-06 2.6308078499367145e-06 2.434047648867417e-06 2.6022462738942816e-06 
2.5104423277255397e-06 2.5561242986640258e-06 2.6308167113146075e-06 2.4339712232550304e-06 2.6021896441917136e-06 
2.512229660294262e-06 2.557067032735035e-06 2.631816416115522e-06 2.4351419000007993e-06 2.603585677276141e-06 
2.5119053538073773e-06 2.556735012837449e-06 2.6314844223248364e-06 2.4348112301426957e-06 2.6032574701277442e-06 
2.5072675445477145e-06 2.5524093638024706e-06 2.626796734294774e-06 2.4302287446354993e-06 2.5984794759132383e-06 
2.522910823935924e-06 2.5685255394983307e-06 2.6422019703827043e-06 2.445910845280142e-06 2.613768284681963e-06 
2.5211789815628123e-06 2.5674249305946643e-06 2.639783188307652e-06 2.444021828058541e-06 2.611259321036971e-06 
2.529045404152316e-06 2.575618717598657e-06 2.6482040941183243e-06 2.4522597515800274e-06 2.619484091146946e-06 
2.5181809322792127e-06 2.5642368209931284e-06 2.6364053488584457e-06 2.440782909224285e-06 2.608004284077548e-06 
2.52593978538984e-06 2.572830097837033e-06 2.6451788164640338e-06 2.4492781693128435e-06 2.6163453374619102e-06 
2.5122593949989686e-06 2.5582035225063552e-06 2.6315897584888166e-06 2.435355087600517e-06 2.6030473026867436e-06 
2.5115530451964804e-06 2.5580106326320945e-06 2.6313746616429135e-06 2.435030403608034e-06 2.602589086214275e-06 
2.50618604353469e-06 2.5528288136094645e-06 2.6257424859749883e-06 2.42957892882524e-06 2.5969419881866563e-06 
2.4957353966678136e-06 2.5419353759531677e-06 2.61509874581791e-06 2.4188944629598995e-06 2.5864735673884905e-06 
2.4975749075873802e-06 2.544460553957431e-06 2.616512644810982e-06 2.4207247924303123e-06 2.587736631819716e-06 
2.500361783445246e-06 2.54734999281076e-06 2.6190864779765617e-06 2.4234424905600206e-06 2.590311311898858e-06 
2.5015692601396916e-06 2.5484332509510263e-06 2.6205430886725905e-06 2.424736342238795e-06 2.5917671310390095e-06 
2.503601795252073e-06 2.550569748981204e-06 2.6227693436139786e-06 2.4268948289934103e-06 2.593928381798758e-06 
2.503172521047113e-06 2.550159644637073e-06 2.6223072764888596e-06 2.426454542302852e-06 2.593465590380499e-06 
2.502146654815004e-06 2.548073000079766e-06 2.620647421889326e-06 2.4248212239776383e-06 2.5922472188742243e-06 
2.5071755961698423e-06 2.552489986801747e-06 2.625501369685585e-06 2.4296010928123996e-06 2.597323560154872e-06 
2.507363342830565e-06 2.552777776045459e-06 2.625869621141365e-06 2.42990431941641e-06 2.5976306647726543e-06 
2.504717068891423e-06 2.5491531144125335e-06 2.6224711742366662e-06 2.426617433441985e-06 2.5946667189727607e-06 
2.5052893121912293e-06 2.5505596368832774e-06 2.623418690267187e-06 2.4276049476027856e-06 2.595287151641914e-06 
2.507621584174282e-06 2.5528416357186654e-06 2.626284869438035e-06 2.4301844144625097e-06 2.5980825313055595e-06 
2.505388146305923e-06 2.5501358897635265e-06 2.6243106367891074e-06 2.427941801850303e-06 2.5962176745711325e-06 
2.510983988970348e-06 2.5557361472770944e-06 2.6304513831231565e-06 2.4338125491496834e-06 2.6022674496794886e-06 
2.511571005236978e-06 2.5566215067741247e-06 2.631063761525513e-06 2.4344954263051054e-06 2.602780419052254e-06 
2.511573746166538e-06 2.556651038398479e-06 2.631087983672714e-06 2.4345160789398832e-06 2.602792620262254e-06 
2.5093430316827642e-06 2.554208702763914e-06 2.6292681628703686e-06 2.4324243771306803e-06 2.600974393255862e-06 
2.50947322253207e-06 2.5542993706351094e-06 2.62938562724839e-06 2.432537622309868e-06 2.6011064851382456e-06 
2.5153868481130245e-06 2.559388240891654e-06 2.634071286617953e-06 2.4376329329584764e-06 2.606252339591953e-06 
2.5326360472436724e-06 2.5758177187320098e-06 2.650767026331298e-06 2.454412632984301e-06 2.623294781825996e-06 
2.522220914743589e-06 2.565915796003602e-06 2.6408769211641232e-06 2.4443787443937956e-06 2.6131585970218897e-06 
2.5249007824693742e-06 2.5686465109509688e-06 2.6436375163464302e-06 2.447115824564753e-06 2.6158892461222535e-06 
2.54311186764273e-06 2.5856503488010123e-06 2.661415002044385e-06 2.4648115506927254e-06 2.6341172910888377e-06 
2.550100478184767e-06 2.5928595148059265e-06 2.6687762610895944e-06 2.4720521597203852e-06 2.6413461682330664e-06 
2.55260502798616e-06 2.595012953331485e-06 2.6706206539687517e-06 2.4741426456701684e-06 2.6434089061229196e-06 
2.5527277863874785e-06 2.5945297072986627e-06 2.6703226046520683e-06 2.473895992141373e-06 2.6433721509797994e-06 
2.5542101003523118e-06 2.595902572699606e-06 2.6717689553752023e-06 2.4753332320723867e-06 2.6448588524051923e-06 
2.562374303858804e-06 2.6054180357405803e-06 2.681481791485452e-06 2.484632103787164e-06 2.653888011902324e-06 
2.5582450394543234e-06 2.60127153391918e-06 2.6774656016166652e-06 2.4805477394263827e-06 2.6498599634604907e-06 
2.5678720812463255e-06 2.6117948495188335e-06 2.6862294173680224e-06 2.4900131706919124e-06 2.6584756821793505e-06 
2.577855884098346e-06 2.6217378595173995e-06 2.69584326602994e-06 2.499820637661258e-06 2.668160111536118e-06 
2.5758924238833392e-06 2.6193389636873825e-06 2.694346631099333e-06 2.4979605824010968e-06 2.6667271830770493e-06 
2.581526009244204e-06 2.6235221287103563e-06 2.699194830521047e-06 2.5028237155437724e-06 2.6721638279804057e-06 
2.5865952165758638e-06 2.628488991027186e-06 2.704151133601559e-06 2.507817312269427e-06 2.677169911856842e-06 
2.5819285979950516e-06 2.624516331056315e-06 2.6998583952528518e-06 2.5035149843283155e-06 2.6725963984779145e-06 
2.578357076902859e-06 2.6212216073529084e-06 2.6963768749594104e-06 2.500057912918553e-06 2.669012869462815e-06 
2.5783572470894143e-06 2.621221759690889e-06 2.6963770523394314e-06 2.5000580819479983e-06 2.6690130513266403e-06 
2.581730498159212e-06 2.6245541467250273e-06 2.7001106878784525e-06 2.5036001686016244e-06 2.672700459090061e-06 
2.5977777463461467e-06 2.642542482631269e-06 2.717137635410083e-06 2.5206806830024625e-06 2.688945630764303e-06 
2.600965248877695e-06 2.6452698432531615e-06 2.7202085500763995e-06 2.5236885646710556e-06 2.6921815176372703e-06 
2.6053385140296474e-06 2.6489403812301736e-06 2.7243007574361487e-06 2.5277374876109167e-06 2.6965424426047438e-06 
2.5991288294420806e-06 2.64268843404294e-06 2.7179425448056647e-06 2.5214352902766782e-06 2.690223260046129e-06 
2.625830064829307e-06 2.668450006921508e-06 2.7446475686164385e-06 2.547918115599433e-06 2.717221083671795e-06 
2.6323432082780638e-06 2.6752535764300685e-06 2.751177418476038e-06 2.5545271910517655e-06 2.7236541612587465e-06 
2.6314030058164946e-06 2.6740022058247306e-06 2.7500205094545557e-06 2.553395197384013e-06 2.72263187126698e-06 
2.6329070490264277e-06 2.6761324710115123e-06 2.7518153047233383e-06 2.555213923644452e-06 2.7241794366270247e-06 
2.6246302763545053e-06 2.6675747585149336e-06 2.7441021060638476e-06 2.5471253999325376e-06 2.7164661368537695e-06 
2.6189622046739332e-06 2.662042316077828e-06 2.7389179201869613e-06 2.541724444856079e-06 2.7111614098611776e-06 
2.6220599917957143e-06 2.6652711288500344e-06 2.741916614478026e-06 2.544813111027618e-06 2.7141337333274793e-06 
2.639141104123605e-06 2.6820675126582704e-06 2.7586652027622955e-06 2.5616763553830193e-06 2.7310231687674537e-06 
2.6449490213908398e-06 2.6874505579299526e-06 2.7643850825632244e-06 2.567333738996826e-06 2.7368914356303534e-06 
2.6360446363730523e-06 2.6792271425130484e-06 2.7554626567551047e-06 2.5585933002659753e-06 2.7277569408118324e-06 
2.635260708912745e-06 2.6788536349465433e-06 2.7547068547041755e-06 2.557934046038886e-06 2.7268658897986707e-06 
2.632781572480591e-06 2.6761323800397693e-06 2.751886181306833e-06 2.555218422216003e-06 2.724178467149365e-06 
2.6304335315489523e-06 2.672928261306632e-06 2.749877050502293e-06 2.552800799121135e-06 2.7223876573262665e-06 
2.6345151739672623e-06 2.6766265735970215e-06 2.7536780355248306e-06 2.556646557710979e-06 2.7263554704973336e-06 
2.632641342955689e-06 2.674880985910936e-06 2.7516811268077897e-06 2.5547443893402534e-06 2.724338148302113e-06 
2.635200459560871e-06 2.6778066566573696e-06 2.754472875921911e-06 2.557520168002904e-06 2.726974700862327e-06 
2.6334728032848474e-06 2.6763109688280777e-06 2.752732658401034e-06 2.555846922690688e-06 2.725162993818698e-06 
2.634508492852121e-06 2.6771129536546e-06 2.7531818551141547e-06 2.5565335490249536e-06 2.725781762098829e-06 
2.6377203216031003e-06 2.6810781031566756e-06 2.756710396704303e-06 2.5601097555386373e-06 2.729017932456374e-06 
2.638686840832444e-06 2.681336534689809e-06 2.757395811120507e-06 2.5607471707310455e-06 2.7299745710932815e-06 
2.636417410157083e-06 2.67888017712248e-06 2.754628378330538e-06 2.558181020486602e-06 2.727348164197888e-06 
2.633972241355708e-06 2.6770345921114226e-06 2.7521633660995607e-06 2.5558868512120354e-06 2.724695721378169e-06 
2.6434737320349225e-06 2.6865763191824064e-06 2.761587889562403e-06 2.5653747742669757e-06 2.734117775361861e-06 
2.643735080581127e-06 2.6868117457249132e-06 2.7618495878294765e-06 2.5656295231723404e-06 2.7343876280394773e-06 
2.641488764521962e-06 2.684511588076921e-06 2.759594503987341e-06 2.5633611730503146e-06 2.732151645837515e-06 
2.638238892384028e-06 2.6812654455275185e-06 2.7562243532312727e-06 2.560049650109223e-06 2.7288005627179436e-06 
2.637731770006867e-06 2.6805655423104833e-06 2.7554024947960033e-06 2.5593364884031005e-06 2.7280914183439366e-06 
2.638459836193761e-06 2.68129839486001e-06 2.7561675610472754e-06 2.560084750740747e-06 2.728848788287288e-06 
2.6434387162371733e-06 2.685423270068373e-06 2.7606545284486203e-06 2.5645984294535337e-06 2.73368693548233e-06 
2.647355605270136e-06 2.6901568497702237e-06 2.7654231322680367e-06 2.5691565615398037e-06 2.7380558516697427e-06 
2.6594752264007544e-06 2.703854616222843e-06 2.779110363855211e-06 2.5824887642448164e-06 2.750982250761744e-06 
2.6582357004240176e-06 2.7033572477106046e-06 2.7778706053041303e-06 2.5814527575740954e-06 2.7495058869239186e-06 
2.653812724309888e-06 2.699261161792316e-06 2.773822122462411e-06 2.577297233469344e-06 2.745293286203559e-06 
2.6518910802152135e-06 2.6967120822626894e-06 2.7708057361983318e-06 2.5746664265793117e-06 2.7426552929075433e-06 
2.6554423203350166e-06 2.7014490163819725e-06 2.7752464509529826e-06 2.578984830726602e-06 2.7465721798362202e-06 
2.6516476500911717e-06 2.6959459531773975e-06 2.770689593272392e-06 2.5743394921606883e-06 2.7426854468854645e-06 
2.6527821095346184e-06 2.696866159106141e-06 2.7718476357560205e-06 2.5754277781166717e-06 2.743907787581902e-06 
2.652087712925838e-06 2.696112925672253e-06 2.771105238584233e-06 2.574692886113391e-06 2.7431921181237213e-06 
2.653636846485944e-06 2.6970409219226987e-06 2.772138429205102e-06 2.5758222755162932e-06 2.744506939507554e-06 
2.667499518171037e-06 2.711741157747555e-06 2.7867859543462148e-06 2.5903155266517184e-06 2.758756603880337e-06 
2.66783306662015e-06 2.7129611349853165e-06 2.7862261929216572e-06 2.5904632575720535e-06 2.758058599250616e-06 
2.672374437934301e-06 2.71747570785585e-06 2.791468594889293e-06 2.595341756261095e-06 2.76319484695935e-06 
2.6727570827792453e-06 2.718035295313043e-06 2.7920409217201764e-06 2.595866185510793e-06 2.763679787327676e-06 
2.671985001024656e-06 2.717773779259854e-06 2.791144927386359e-06 2.5951759895464898e-06 2.7626409046033367e-06 
2.6597676922498455e-06 2.7058960484051023e-06 2.7792696768191125e-06 2.583203523432147e-06 2.750604483396152e-06 
2.649393195627937e-06 2.6952450915044456e-06 2.7699870380442866e-06 2.5732694719211893e-06 2.7412355983706932e-06 
2.647612440659873e-06 2.6933336891476885e-06 2.7684492898474196e-06 2.571569156199058e-06 2.739700571342814e-06 
2.6442507475073333e-06 2.691092064007256e-06 2.765060771205108e-06 2.568502133943873e-06 2.7359594311091182e-06 
2.644799496717232e-06 2.691588535672591e-06 2.7660384785170237e-06 2.569246724305884e-06 2.7368841975998405e-06 
2.6611190845743027e-06 2.707974389102546e-06 2.783542665381009e-06 2.5861890708176158e-06 2.7541711477270925e-06 
2.662208297587603e-06 2.710233239474157e-06 2.784030026976273e-06 2.587310676379027e-06 2.7543820635142427e-06 
2.661922124467356e-06 2.709958850772985e-06 2.783634011126253e-06 2.586973708998074e-06 2.7540001409429746e-06 
2.647072131904561e-06 2.6943392328832133e-06 2.768055355675446e-06 2.571531391939994e-06 2.738789185303351e-06 
2.6490422526029057e-06 2.6959580927500614e-06 2.7698782843830367e-06 2.57333356351978e-06 2.740747759991495e-06 
2.648266523300909e-06 2.694596613388315e-06 2.76754318379674e-06 2.571634996373752e-06 2.7388526831620295e-06 
2.6490948992082193e-06 2.6955189639056228e-06 2.768441313621503e-06 2.5725246793637547e-06 2.739709276288847e-06 
2.6587909666811906e-06 2.704723545166798e-06 2.7779362343123075e-06 2.581997953695283e-06 2.749391652165263e-06 
2.660647738022913e-06 2.707387665001715e-06 2.7796023856056354e-06 2.5839934924325855e-06 2.7508300651967303e-06 
2.6580316691482983e-06 2.7050346827495888e-06 2.7762892310149065e-06 2.5811150445677498e-06 2.7475461198471236e-06 
2.6592013984103244e-06 2.706115862154409e-06 2.7774255747915274e-06 2.5822450499040068e-06 2.7487159396449935e-06 
2.678670590882382e-06 2.7266366666158722e-06 2.7982193121777786e-06 2.6026753197842585e-06 2.7689542218154733e-06 
2.677046742784966e-06 2.7249459858197447e-06 2.7966818002759276e-06 2.6010717116969535e-06 2.76742451859504e-06 
2.6788019258449477e-06 2.726042426924587e-06 2.7974307889821863e-06 2.602158092628333e-06 2.7685468111066215e-06 
2.678513406589178e-06 2.7236484084287307e-06 2.796907581589659e-06 2.6011600371426166e-06 2.7687352056706095e-06 
2.6841644093300303e-06 2.7293305398010054e-06 2.802909574135774e-06 2.606996370041904e-06 2.774669059890423e-06 
2.6849331382858555e-06 2.7302497678037093e-06 2.8032592399552376e-06 2.607606354538488e-06 2.77503841177197e-06 
2.6876778949490527e-06 2.733644998735046e-06 2.806151004675954e-06 2.6106086892436144e-06 2.7776977301597607e-06 
2.692690597643055e-06 2.7393753973775014e-06 2.8110402353742554e-06 2.615772538396437e-06 2.782376197911746e-06 
2.703855549500923e-06 2.7503417027658974e-06 2.8210737864663196e-06 2.626356511506245e-06 2.7926540436098152e-06 
2.69234474532204e-06 2.737876911059872e-06 2.8097941981989427e-06 2.6146686093313903e-06 2.781644892070631e-06 
2.6881431157625054e-06 2.733667445513343e-06 2.8053129076747994e-06 2.6103260501619147e-06 2.7772123355029646e-06 
2.6882913390987613e-06 2.7328671466002103e-06 2.8054203975161108e-06 2.6101869295099925e-06 2.777629766507228e-06 
2.676105704002581e-06 2.7213597729793303e-06 2.7932299581546126e-06 2.598174492810978e-06 2.7652258662251704e-06 
2.683341910866381e-06 2.7306149756664425e-06 2.8015544269212496e-06 2.60651460993652e-06 2.7727263497141296e-06 
2.6990027857018855e-06 2.7460919547905224e-06 2.8158695327724445e-06 2.6215050744608403e-06 2.7873145369334762e-06 
2.694375737405236e-06 2.741009678040085e-06 2.8109631012895575e-06 2.616608726551279e-06 2.7826001694631347e-06 
2.689828758220385e-06 2.7362853086964576e-06 2.8074413829555103e-06 2.6124902973781293e-06 2.778970371298937e-06 
2.6901359032551757e-06 2.736769463984854e-06 2.8077586149536393e-06 2.6128533093990465e-06 2.7792292292600667e-06 
2.691223040684619e-06 2.737898477613285e-06 2.8086560685037523e-06 2.61386378022177e-06 2.7801437284655057e-06 
2.6907632184515943e-06 2.737469673622406e-06 2.8081160262338346e-06 2.613374212172269e-06 2.7796068349018093e-06 
2.6921572272533376e-06 2.7398961132222106e-06 2.810663125235554e-06 2.615615208693672e-06 2.781636387019938e-06 
2.6910484848616547e-06 2.7381591600045286e-06 2.80947566603552e-06 2.614287049763017e-06 2.780663108467253e-06 
2.6936097617028163e-06 2.7406141854254403e-06 2.8117710569180308e-06 2.6166943450053727e-06 2.783034977447192e-06 
2.694190486773746e-06 2.7417042608336894e-06 2.8125646856680545e-06 2.6175235374863727e-06 2.783630900618666e-06 
2.6915037917348602e-06 2.7392784083736074e-06 2.810415527463721e-06 2.615164946362811e-06 2.781311840323832e-06 
2.6996827421394212e-06 2.7481504429444166e-06 2.818926063362033e-06 2.6237126366543466e-06 2.789544829513522e-06 
2.7019830154314676e-06 2.7515261407777836e-06 2.8221696871469815e-06 2.626778818138547e-06 2.7922907159253367e-06 
2.7002507390529513e-06 2.7500237036635957e-06 2.820968157268864e-06 2.6253659274226424e-06 2.790930119224886e-06 
2.6950940794157213e-06 2.74610911713205e-06 2.8160128925261845e-06 2.620661416484321e-06 2.785545249179358e-06 
2.69692126339285e-06 2.7478190832785278e-06 2.8177899133168514e-06 2.622432542122957e-06 2.7873675340792174e-06 
2.6992469777092224e-06 2.749266048884709e-06 2.8191703242836556e-06 2.624051832155947e-06 2.789181937281296e-06 
2.7048218859774375e-06 2.755514260608451e-06 2.8253146850053796e-06 2.6301030582211115e-06 2.795017020482769e-06 
2.705217745956055e-06 2.756232559989124e-06 2.8259195371559014e-06 2.6306939987832286e-06 2.7954845735341284e-06 
2.7119162913800448e-06 2.7640033877295057e-06 2.832285209398358e-06 2.637559291685783e-06 2.8015580856348244e-06 
2.711638762955895e-06 2.7636664440839013e-06 2.831952627917736e-06 2.637237584442049e-06 2.8012535351571685e-06 
2.719253577486226e-06 2.7715188434580364e-06 2.838632262440327e-06 2.644490905470284e-06 2.8080057692002014e-06 
2.7195854033634448e-06 2.771867348397486e-06 2.8389436170447697e-06 2.64481852481215e-06 2.8083149825198146e-06 
2.724289917024452e-06 2.7762320862462633e-06 2.84257594358042e-06 2.648924186990866e-06 2.8122282149738054e-06 
2.7155024221035788e-06 2.7667449772741097e-06 2.8334396641956406e-06 2.6397522217697182e-06 2.8033750877693673e-06 
2.7061721853256137e-06 2.756533014475051e-06 2.822875782840018e-06 2.629571132820524e-06 2.7932955224854757e-06 
2.718272243084177e-06 2.7682619442707103e-06 2.8343726744246584e-06 2.6412962125611346e-06 2.805006217908812e-06 
2.7146843146452473e-06 2.7638105751051626e-06 2.8294224129269123e-06 2.6368170653102253e-06 2.80055383816811e-06 
2.7241160170604234e-06 2.773537726727767e-06 2.8383851695682055e-06 2.646135252749438e-06 2.8094951494025694e-06 
2.7292985907605903e-06 2.7778779056056335e-06 2.8439749318758744e-06 2.651258384847299e-06 2.8152889818629475e-06 
2.7337529365070474e-06 2.7823630998139096e-06 2.848347102436039e-06 2.655689927255983e-06 2.8196635563128e-06 
2.7307544130758834e-06 2.7809193105208553e-06 2.845350825773766e-06 2.653156421063459e-06 2.8161676099872994e-06 
2.7315625858500996e-06 2.78132556924379e-06 2.8458011884528115e-06 2.6536806940055834e-06 2.816804735198581e-06 
2.7328939615731204e-06 2.782910269123011e-06 2.847484025647224e-06 2.655250812288051e-06 2.8183491854294218e-06 
2.7345908488412137e-06 2.7846922725528513e-06 2.8493141859557938e-06 2.6570365349016165e-06 2.820130135663554e-06 
2.7378253497381996e-06 2.788143343582826e-06 2.8530643456790888e-06 2.660576733000356e-06 2.8237268714166868e-06 
2.73830040690365e-06 2.7884915958536734e-06 2.853533104974721e-06 2.6610111828253905e-06 2.824237335995373e-06 
2.751668087613632e-06 2.8021656036050326e-06 2.8668556437757384e-06 2.674467957321247e-06 2.8374657356388063e-06 
2.7479923849595067e-06 2.797990819796511e-06 2.862894010588102e-06 2.6705056473494226e-06 2.833711527373926e-06 
2.7420111946408972e-06 2.791343193383752e-06 2.8571050033419495e-06 2.6644043811626803e-06 2.8281071266315985e-06 
2.7377367177010385e-06 2.7879433499557747e-06 2.8530880593204527e-06 2.660505873433495e-06 2.8237683290276067e-06 
2.7373015500756967e-06 2.7869670905763674e-06 2.851493986348848e-06 2.65937655089037e-06 2.8225351082321365e-06 
2.736048464445305e-06 2.786497981620446e-06 2.850661902788496e-06 2.6585515076217004e-06 2.8213832226658896e-06 
2.737931713668701e-06 2.788055378036246e-06 2.8521413122588826e-06 2.6601542566207274e-06 2.823032123525309e-06 
2.731804560990869e-06 2.7817331324931785e-06 2.84597694843397e-06 2.6539430093998006e-06 2.8169378283261717e-06 
2.7309772946521847e-06 2.7807951574401296e-06 2.8449254075230683e-06 2.6529790701364464e-06 2.815958197221486e-06 
2.7323436541595143e-06 2.7821382966309176e-06 2.8462024673782393e-06 2.6542995806129866e-06 2.8172568195961044e-06 
2.7445161726585795e-06 2.794085751273796e-06 2.858612591078962e-06 2.6665276898481944e-06 2.8296985421540954e-06 
2.7414352312175453e-06 2.789478381084601e-06 2.853528428918394e-06 2.662073738277051e-06 2.8254288148608644e-06 
2.72819042434625e-06 2.7779367165302328e-06 2.8409151556439024e-06 2.649613458889101e-06 2.8121684602015755e-06 
2.7353285836653235e-06 2.7852756973908605e-06 2.8475316261910292e-06 2.656588341415631e-06 2.8188026963382042e-06 
2.720949890398618e-06 2.7684477890943384e-06 2.831750027065735e-06 2.6408160493472016e-06 2.8040381919799836e-06 
2.722328231640553e-06 2.769843808639457e-06 2.8330662420540887e-06 2.6421737940494797e-06 2.8053584518781042e-06 
2.7231012741897464e-06 2.768917202562885e-06 2.8330394061307106e-06 2.642078423092071e-06 2.806006876198209e-06 
2.7257628101044512e-06 2.7722655854265507e-06 2.836081733178963e-06 2.645119886997494e-06 2.8087665139230004e-06 
2.734885305034078e-06 2.78067053014923e-06 2.8445343727476262e-06 2.6537397088194634e-06 2.8175560746383825e-06 
2.7331611568824225e-06 2.7790454874009074e-06 2.8428632629323748e-06 2.6520666799792814e-06 2.8158448818284138e-06 
2.735715635274682e-06 2.7813050207239006e-06 2.845395482149752e-06 2.6545262075417526e-06 2.8184750092258415e-06 
2.7336145988040077e-06 2.7792856068986887e-06 2.8430808403702422e-06 2.65235154845825e-06 2.8161689804545005e-06 
2.7353104814949172e-06 2.7809701617065786e-06 2.844793873809723e-06 2.6540539157793143e-06 2.8178825687765327e-06 
2.734557395588456e-06 2.780160133861775e-06 2.8440575034025275e-06 2.6532902231315576e-06 2.8171619479880703e-06 
2.736162421436622e-06 2.7819103628938155e-06 2.845692409942003e-06 2.6549542199919324e-06 2.818745057776861e-06 
2.735799654013287e-06 2.781227917472607e-06 2.845528737890118e-06 2.6545841732206894e-06 2.8186520851918e-06 
2.746702572687317e-06 2.792799171823765e-06 2.8572085168461625e-06 2.666049088943225e-06 2.829989670939913e-06 
2.757881688850465e-06 2.8036189711169507e-06 2.8686380859523017e-06 2.67724803772266e-06 2.8414921524939178e-06 
2.754432124410792e-06 2.8001238795808173e-06 2.8654178277115688e-06 2.673883844186666e-06 2.8382501515456795e-06 
2.7565738572909236e-06 2.8023666680046094e-06 2.8672099099032574e-06 2.6759009050972604e-06 2.840065812066146e-06 
