1.7502330422305427e-06 1.6672931327536113e-06 1.719452925738242e-06 1.5892201362674318e-06 1.7562932730423102e-06 
1.7436311482204675e-06 1.6590324947638037e-06 1.7119879404197236e-06 1.5821174112149766e-06 1.7494838183697459e-06 
1.745022615956233e-06 1.6612519503453074e-06 1.7135363215409558e-06 1.5836904929815246e-06 1.7507531334610375e-06 
1.7478987610970878e-06 1.6643781799642283e-06 1.7160607794586665e-06 1.586541030516757e-06 1.7532650598371339e-06 
1.7530636026673755e-06 1.6696922083623099e-06 1.7230931865081576e-06 1.5921685539334332e-06 1.7599217648001372e-06 
1.7625070303789578e-06 1.6778370381509906e-06 1.729264466176898e-06 1.6006871147355404e-06 1.7670730472624434e-06 
1.756219542880551e-06 1.6699401236718857e-06 1.721667210293979e-06 1.5938164629157653e-06 1.7601963433818461e-06 
1.7536023327476343e-06 1.6686484309772303e-06 1.7193996755020908e-06 1.5914947365412376e-06 1.7574626200004509e-06 
1.754025555464398e-06 1.669223831243622e-06 1.7204661891196713e-06 1.592086004118357e-06 1.7583684630598535e-06 
1.7578341419997608e-06 1.6749568330629964e-06 1.7262631742837776e-06 1.596680546237483e-06 1.763227483584861e-06 
1.7577312136936765e-06 1.674929703502703e-06 1.7260831876761601e-06 1.596573513357867e-06 1.7630380693855171e-06 
1.758712424099032e-06 1.6758997649424e-06 1.7271988434760015e-06 1.5975857715854786e-06 1.7641335601242015e-06 
1.7595909831849739e-06 1.677103182652545e-06 1.7280739903128316e-06 1.5985236407948494e-06 1.764910657942138e-06 
1.7512517001801137e-06 1.6685911952755643e-06 1.719873458450993e-06 1.5901574499156358e-06 1.756735384746583e-06 
1.7517599343275494e-06 1.667695151658082e-06 1.720624623791952e-06 1.5904781599247121e-06 1.7578706809301744e-06 
1.759479317548035e-06 1.6759335395592318e-06 1.7286321942148016e-06 1.5983766852953465e-06 1.7656718383987812e-06 
1.757111118107593e-06 1.6734600757490438e-06 1.7260838648949144e-06 1.5959421189607896e-06 1.7631867447374126e-06 
1.7575479443269416e-06 1.6714728081576924e-06 1.7255234504043096e-06 1.595745091510915e-06 1.7635403734486953e-06 
1.750482812376302e-06 1.6642282499684381e-06 1.7182036921199822e-06 1.5885698178980622e-06 1.756317966296057e-06 
1.7442232486366336e-06 1.6578795753555732e-06 1.7117163241958622e-06 1.5822237878323611e-06 1.749896051244963e-06 
1.750912008682926e-06 1.6632091413743626e-06 1.7172027747299084e-06 1.5884401491065745e-06 1.756011683215725e-06 
1.7489913605237428e-06 1.6614192474499362e-06 1.7153430249515436e-06 1.586548405562628e-06 1.7541007350724125e-06 
1.7499695727565958e-06 1.6615082572241115e-06 1.715069080582545e-06 1.5871055547303678e-06 1.754320446904596e-06 
1.7487984954173133e-06 1.6603152409037204e-06 1.7138531992075705e-06 1.585917223132942e-06 1.7531188142895928e-06 
1.7439642199895603e-06 1.6559936863261175e-06 1.7095681696936623e-06 1.5812730799618532e-06 1.7485784821402851e-06 
1.7446439967768388e-06 1.6569479573790938e-06 1.7100304770429624e-06 1.5819522928568285e-06 1.7489966631681576e-06 
1.734111280917492e-06 1.6459720948439186e-06 1.6979804831256035e-06 1.5709800585427831e-06 1.7373486557641237e-06 
1.7294902272957485e-06 1.640421207901381e-06 1.6922296465360895e-06 1.565945765540157e-06 1.7320803810928702e-06 
1.7266526359148601e-06 1.6368573611172444e-06 1.6887693877731887e-06 1.56284557734801e-06 1.728950821624601e-06 
1.7153487615947896e-06 1.625768587940993e-06 1.6786759283807092e-06 1.5518005940810976e-06 1.718571252730765e-06 
1.713799685216886e-06 1.6238080617900974e-06 1.6770803363792038e-06 1.55016942740799e-06 1.7171079711864547e-06 
1.7125761646758555e-06 1.622539355436377e-06 1.6760034874879843e-06 1.5489665123640041e-06 1.7160180291491333e-06 
1.7161212573638545e-06 1.6256917474635087e-06 1.6794366482467633e-06 1.5524357047245874e-06 1.7195913623875085e-06 
1.7217581792121127e-06 1.6305074033762738e-06 1.6839500585882351e-06 1.557715211292172e-06 1.7245569168861934e-06 
1.7156892851317985e-06 1.6233032088740232e-06 1.6767319923588927e-06 1.5511981229933583e-06 1.7178863938558378e-06 
1.7177745803912689e-06 1.6268011550894857e-06 1.6788162048173976e-06 1.5535166064860672e-06 1.7195442549620048e-06 
1.7239527182632374e-06 1.6342317887960135e-06 1.6855967699075025e-06 1.560048402359958e-06 1.7258394643066487e-06 
1.7292414415540262e-06 1.638949031108851e-06 1.6901602445557687e-06 1.565106421454411e-06 1.7307079491915666e-06 
1.7298560991125936e-06 1.6389530164835156e-06 1.6901779937200507e-06 1.5654968560277074e-06 1.7310180268748323e-06 
1.7197336235567928e-06 1.6291078166333197e-06 1.6805767900609387e-06 1.5554968021078726e-06 1.721235866866372e-06 
1.6950944451526099e-06 1.6027514358040651e-06 1.653838525813099e-06 1.5300568878906303e-06 1.6953861727848966e-06 
1.7031863149413136e-06 1.6101158298692864e-06 1.6615941565753131e-06 1.5379885602976179e-06 1.7034251735101559e-06 
1.701505497203737e-06 1.608204982723433e-06 1.6601337373847671e-06 1.5363113330805807e-06 1.701994006135371e-06 
1.7018425676570882e-06 1.6088171146419351e-06 1.6604777917792867e-06 1.5366948876897862e-06 1.7022537748338053e-06 
1.6953462313688324e-06 1.6032206993866085e-06 1.654201897152961e-06 1.5303679323259257e-06 1.6956637563537012e-06 
1.6906764349763762e-06 1.5995136995344163e-06 1.65097743859396e-06 1.5261409495351466e-06 1.6918863397565416e-06 
1.6774704896570562e-06 1.5878287494752387e-06 1.6385000840034802e-06 1.5132933449328158e-06 1.678812999050351e-06 
1.6781526781045761e-06 1.5885268343019345e-06 1.6387650031610234e-06 1.5138932258843207e-06 1.6791483183046446e-06 
1.6674003885131972e-06 1.5754643768125417e-06 1.6271246710474886e-06 1.5025389364235976e-06 1.6683628089759867e-06 
1.6645543880839446e-06 1.573361299333006e-06 1.6247927744367284e-06 1.4999112134359991e-06 1.6657127244242491e-06 
1.6652849212294074e-06 1.5744152941926836e-06 1.6254336884582496e-06 1.5006783065313147e-06 1.6662722569597076e-06 
1.6657342461158556e-06 1.5748050119252577e-06 1.6258709700749289e-06 1.5011169179701464e-06 1.6667298936961412e-06 
1.6666629333803944e-06 1.5764792208512466e-06 1.626472169945765e-06 1.5021037662571047e-06 1.6671648087717077e-06 
1.666711956555973e-06 1.5765878617627227e-06 1.6264398341378602e-06 1.5021460744847398e-06 1.6671290772347863e-06 
1.669569074007565e-06 1.57825164549196e-06 1.6288497623970103e-06 1.504723229188489e-06 1.6699816217269197e-06 
1.6623622765544118e-06 1.5715342798559535e-06 1.6207626524900677e-06 1.4973915406723664e-06 1.661902437808157e-06 
1.664139087059392e-06 1.5731397281068908e-06 1.6222867394930013e-06 1.4990945580702723e-06 1.6635245195491414e-06 
1.6705844711140007e-06 1.5799181852353618e-06 1.6301162939753193e-06 1.505901396524158e-06 1.6710062881351934e-06 
1.6590909935426008e-06 1.5643109067868694e-06 1.6191814155977953e-06 1.4938337549798948e-06 1.6612077149857453e-06 
1.653723872698348e-06 1.5606841806898035e-06 1.615171561955489e-06 1.4890078350021432e-06 1.6564262942791753e-06 
1.6542887140798514e-06 1.5610547295112686e-06 1.615869814415052e-06 1.489573656359683e-06 1.6571591764860448e-06 
1.6674370463427521e-06 1.5740620906205122e-06 1.6290396793418566e-06 1.5027507717424228e-06 1.6703729590303255e-06 
1.6654195005896715e-06 1.573242262394441e-06 1.627423631595348e-06 1.5009993157068573e-06 1.6683226953869901e-06 
1.677491087050785e-06 1.5863010966660537e-06 1.6379965231476753e-06 1.5129493311626776e-06 1.6788721562657252e-06 
1.6818618581072067e-06 1.591150641719082e-06 1.6425469610949945e-06 1.5174509722121982e-06 1.6832470449579481e-06 
1.68040539060045e-06 1.5899452245578802e-06 1.6413564371340213e-06 1.5160866999244836e-06 1.681932220340415e-06 
1.6796245736872362e-06 1.589202676719122e-06 1.6404556501512596e-06 1.5152841879959338e-06 1.6810411500285313e-06 
1.6888790055733232e-06 1.597388828548849e-06 1.6477620226520987e-06 1.5239884640966395e-06 1.6890244605483525e-06 
1.6837944882407297e-06 1.5926112542255373e-06 1.6429886459107362e-06 1.5190015068867655e-06 1.6841004475235518e-06 
1.6776084016031704e-06 1.5868509820582611e-06 1.6373676168330442e-06 1.5129816227982811e-06 1.678246730213553e-06 
1.677162236778277e-06 1.5863684406719138e-06 1.6368887475097954e-06 1.5125211315607039e-06 1.6777845980822089e-06 
1.6745399025922947e-06 1.5838692250273484e-06 1.6339245889580785e-06 1.5098393373361836e-06 1.6748437612194381e-06 
1.6637822767503381e-06 1.573703213849576e-06 1.6230034008971227e-06 1.4991094413214812e-06 1.6637691640902302e-06 
1.6681889050048692e-06 1.5787335425682006e-06 1.6271656863039354e-06 1.5035869711263343e-06 1.6677878684346168e-06 
1.675346960150665e-06 1.5854365311840922e-06 1.6344453027232052e-06 1.5107174923063088e-06 1.6751859590014656e-06 
1.6787112960226446e-06 1.589661987817176e-06 1.638229983188876e-06 1.5143253784904111e-06 1.678635147091887e-06 
1.687312343415993e-06 1.5992119325484174e-06 1.6485604784767673e-06 1.523474523121281e-06 1.6883703677930337e-06 
1.6869257024276112e-06 1.5993495578919231e-06 1.6486806408172767e-06 1.5232819120701368e-06 1.6882404907470946e-06 
1.6878922663537293e-06 1.6008963133810419e-06 1.6489081706466027e-06 1.524199132527628e-06 1.6884245000998929e-06 
1.6831823873846527e-06 1.5961874122421455e-06 1.6447214724980135e-06 1.5195810925162239e-06 1.6841423132998344e-06 
1.6758465802149123e-06 1.5876985405762639e-06 1.6373741696050367e-06 1.5120192714292763e-06 1.6771445232324987e-06 
1.6826480845790672e-06 1.597858848349392e-06 1.6431881340276348e-06 1.5192337044749029e-06 1.6821164775089352e-06 
1.6848805978599896e-06 1.600029693148452e-06 1.6460393735292687e-06 1.5215873862389674e-06 1.6848766644463502e-06 
1.6866949173299502e-06 1.6017701520087145e-06 1.647784541695147e-06 1.5233806645538414e-06 1.6866572210319287e-06 
1.6869011687946409e-06 1.6021164559465245e-06 1.648165351649266e-06 1.523648296278331e-06 1.686964262421268e-06 
1.6811443662411934e-06 1.5973733673116537e-06 1.641849407034907e-06 1.5179444801533573e-06 1.6804374404916149e-06 
1.6828426217220235e-06 1.5986295571863026e-06 1.6433242147470733e-06 1.5195226627099414e-06 1.6820874230630296e-06 
1.6886923995566015e-06 1.6036772251309844e-06 1.648005695392013e-06 1.5250139768209067e-06 1.6872237053151103e-06 
1.6921828513202191e-06 1.6084550689433325e-06 1.6532367932625504e-06 1.5290990606143836e-06 1.6917525620583347e-06 
1.6931251847098117e-06 1.6128817412933796e-06 1.655768288525857e-06 1.5310189636969587e-06 1.6929369701770114e-06 
1.6943589506965321e-06 1.6144452764745086e-06 1.6577775283927711e-06 1.532475791642978e-06 1.6947079713357605e-06 
1.7027267914828724e-06 1.622292109105172e-06 1.6657190754901003e-06 1.5406871927688635e-06 1.7028868470333844e-06 
1.7024880720315326e-06 1.6215804766682406e-06 1.6658015579346918e-06 1.5404223816909825e-06 1.7030568639590615e-06 
1.7015563917077446e-06 1.6207589362096044e-06 1.6649777287628557e-06 1.5395302005675753e-06 1.702179950179719e-06 
1.7001470079508768e-06 1.6195764207345941e-06 1.663624893952832e-06 1.5381704548974065e-06 1.7007473193168116e-06 
1.6989610678585893e-06 1.6173046399410114e-06 1.6618305160116828e-06 1.5366519668097695e-06 1.6993926010808772e-06 
1.6962352986292825e-06 1.6143069989184646e-06 1.6581708673043071e-06 1.5336776631156016e-06 1.6959813417874318e-06 
1.6872636641208117e-06 1.6044026529635812e-06 1.6483753555817842e-06 1.5243353162027496e-06 1.6866149094591806e-06 
1.6878892454541257e-06 1.608199312923037e-06 1.6492887677446017e-06 1.5256271825455021e-06 1.6865073572410503e-06 
1.702691814778617e-06 1.6221951438452971e-06 1.6611462251405144e-06 1.5397599774254145e-06 1.6991383095121332e-06 
1.7052120396532235e-06 1.622180037233786e-06 1.6624744900123234e-06 1.5415690694560069e-06 1.701456197387508e-06 
1.7139855656480194e-06 1.6304339615628747e-06 1.6721318837737936e-06 1.5504400458227442e-06 1.7111174755685912e-06 
1.7042210574464386e-06 1.6194424109963606e-06 1.6615043325566503e-06 1.5402462372766827e-06 1.7010164541131948e-06 
1.696275554815054e-06 1.6123933359849152e-06 1.6547583103732023e-06 1.5326720100640277e-06 1.693780643336955e-06 
1.696535647515111e-06 1.6127067507591234e-06 1.6550596501685371e-06 1.5329509843706712e-06 1.6940584034389863e-06 
1.6988958907315498e-06 1.6148757954772177e-06 1.6559240136115278e-06 1.5349980491988274e-06 1.6952483728765531e-06 
1.6976602850365777e-06 1.613234767238324e-06 1.6542917369794844e-06 1.5336065727129202e-06 1.6938104974085518e-06 
1.7077352069736963e-06 1.6204798830968e-06 1.6622135407998133e-06 1.5427829975207168e-06 1.702983825420941e-06 
1.7074165466339862e-06 1.6201818183425828e-06 1.6620416760770437e-06 1.5424944119396225e-06 1.7027793582466447e-06 
1.69816382176752e-06 1.6116403680354304e-06 1.6525351985690417e-06 1.5332959478386096e-06 1.6930987493609728e-06 
1.7000748478513314e-06 1.6137557798473477e-06 1.6543075561411556e-06 1.5352261926961735e-06 1.6948338673481754e-06 
1.699563523195968e-06 1.6133395484072288e-06 1.6537347592506158e-06 1.534719765843756e-06 1.6942428616378062e-06 
1.7009099874692897e-06 1.6149635734816093e-06 1.6559452885012244e-06 1.5362822491270226e-06 1.6962145744694272e-06 
1.7008839037349485e-06 1.6149384730359662e-06 1.6559786730250262e-06 1.536267297503415e-06 1.6962370350658756e-06 
1.6982193388967885e-06 1.6127223955787622e-06 1.6533346967683309e-06 1.5336820332224924e-06 1.6934516522588432e-06 
1.7009637454487646e-06 1.6175241271347536e-06 1.6558871472807768e-06 1.5367960888948796e-06 1.6954090570022836e-06 
1.7018420706361293e-06 1.618916008526646e-06 1.6571185264745052e-06 1.537842017043058e-06 1.6964203291887892e-06 
1.6995140545194533e-06 1.6168371286539335e-06 1.6548552153253355e-06 1.535566854762199e-06 1.6940686030227106e-06 
1.7115846830265721e-06 1.6282807580309752e-06 1.6669145554013044e-06 1.5475531073973222e-06 1.7063248035575374e-06 
1.7414775892075744e-06 1.6583237392099379e-06 1.697723204114201e-06 1.5777418043093394e-06 1.736931081403159e-06 
1.7510156333004973e-06 1.6676025886647548e-06 1.7061789762583351e-06 1.5870613218138833e-06 1.7456604922770172e-06 
1.7485317693915806e-06 1.6648026218160548e-06 1.7034649778141888e-06 1.5844658571053315e-06 1.7430838660935088e-06 
1.7466368331647073e-06 1.662430944996684e-06 1.7018177239237004e-06 1.5825175272700896e-06 1.7415384774218702e-06 
1.7288240700331107e-06 1.6446659652357352e-06 1.6872495077421216e-06 1.56526688669545e-06 1.7263746246144125e-06 
1.7213530971033246e-06 1.6338650183113484e-06 1.6779722465462638e-06 1.5568088467787538e-06 1.7184344548196238e-06 
1.7226997628125128e-06 1.6358525602127736e-06 1.6801892352768127e-06 1.558444593396396e-06 1.7203009034905967e-06 
1.7228864830458305e-06 1.636839998739678e-06 1.6800822080327379e-06 1.558721372442094e-06 1.7200019770107437e-06 
1.7254201471362041e-06 1.640414921277086e-06 1.6829355727399588e-06 1.5615179200664648e-06 1.7224808662755069e-06 
1.728997058846948e-06 1.644900418435649e-06 1.686046851475145e-06 1.5651893511825615e-06 1.7253979417430131e-06 
1.731549989980963e-06 1.6471602124399256e-06 1.6887159222436803e-06 1.5677169812966107e-06 1.728136679217759e-06 
1.725339222289177e-06 1.642072149985787e-06 1.684044787192043e-06 1.5619929626398465e-06 1.7228466141222918e-06 
1.7277126553911988e-06 1.6441002435124537e-06 1.686719935692398e-06 1.5643671697410575e-06 1.7255743663857776e-06 
1.716383299405803e-06 1.6356250424650931e-06 1.67696498118117e-06 1.5538521337856806e-06 1.7146630830684848e-06 
1.7165645339698716e-06 1.6358508674836988e-06 1.6772028385151573e-06 1.5540536490330537e-06 1.7148772744454646e-06 
1.7024668007757575e-06 1.6204185428143884e-06 1.6653577698831722e-06 1.540100804850168e-06 1.7030366989179448e-06 
1.706991377268417e-06 1.6256248053090938e-06 1.66976733128908e-06 1.5447457194435115e-06 1.7072596743747557e-06 
1.7043229310024558e-06 1.62293755779155e-06 1.6665939681068344e-06 1.5419630695543634e-06 1.7041810423035501e-06 
1.70416705476785e-06 1.6237326959990196e-06 1.6664375590547743e-06 1.5419883516739477e-06 1.7037337230883395e-06 
1.7044230645646554e-06 1.6240331196133707e-06 1.6668109208360421e-06 1.5422771232653993e-06 1.7040727289747269e-06 
1.7055501234850242e-06 1.6221412329608851e-06 1.6669527745940734e-06 1.5426411333442002e-06 1.7053128675277026e-06 
1.7059498674622661e-06 1.6222286063487073e-06 1.667502808711114e-06 1.543014881914096e-06 1.70593157586605e-06 
1.699805126978297e-06 1.6157316133848363e-06 1.660744979333049e-06 1.5366610597809586e-06 1.6993887213438025e-06 
1.702626170671524e-06 1.618700669954746e-06 1.664051155306267e-06 1.5396165088249965e-06 1.702564080681693e-06 
1.6989866353345046e-06 1.6136821784323928e-06 1.6594494786567284e-06 1.535519636492982e-06 1.6985533689805247e-06 
1.7083964024164292e-06 1.6232266691197519e-06 1.6686568337450398e-06 1.5449451286820763e-06 1.7077584917196016e-06 
1.7305228914771766e-06 1.6457849363957848e-06 1.691936567032011e-06 1.5674565049768617e-06 1.7307072845454026e-06 
1.7156807671723042e-06 1.630833835537025e-06 1.6785600395503024e-06 1.552846573878015e-06 1.717098417636055e-06 
1.7155818730036074e-06 1.6307899114891506e-06 1.6784879513046779e-06 1.552762725499472e-06 1.7170047795830004e-06 
1.7153136306534072e-06 1.6302481156300178e-06 1.6780040399478491e-06 1.552400021615143e-06 1.7166425447632321e-06 
1.7072236853402751e-06 1.6224137988587745e-06 1.6684283435585132e-06 1.5440239179351896e-06 1.70725154208128e-06 
1.7073469733218155e-06 1.6225079581450948e-06 1.6685349568042825e-06 1.5441389699528193e-06 1.7073700437119022e-06 
1.7082116132115502e-06 1.6236441943037534e-06 1.6693272936513707e-06 1.5450412287046148e-06 1.7080927248250227e-06 
1.706549471802269e-06 1.6225368568388216e-06 1.6674272251542465e-06 1.5434271736439349e-06 1.7060653553497391e-06 
1.7044330885742378e-06 1.6202072885388046e-06 1.6645816770622508e-06 1.5411189628179572e-06 1.7034142229865964e-06 
1.7179922007442662e-06 1.6352712060347616e-06 1.6788771868480746e-06 1.555150442574929e-06 1.717122627865143e-06 
1.7100171262055908e-06 1.6260726472931384e-06 1.6705036366976521e-06 1.5468410635209479e-06 1.7091916320645778e-06 
1.714865028798294e-06 1.630282975936563e-06 1.6754335608490665e-06 1.5516043757518815e-06 1.7143028700471385e-06 
1.7015040903526759e-06 1.6168314176407964e-06 1.6618258675374185e-06 1.5381323199032742e-06 1.7007630571571627e-06 
1.7035197043402203e-06 1.6194336508795338e-06 1.6642990991307341e-06 1.540353888748802e-06 1.7029763163325552e-06 
1.7074080489775058e-06 1.6217566318204662e-06 1.6660394801113282e-06 1.5435428391515666e-06 1.7055784296097092e-06 
1.7043957571866536e-06 1.6187065503780612e-06 1.6634511938049821e-06 1.5405969214813424e-06 1.7029251553851917e-06 
1.705353097878522e-06 1.6196948677314327e-06 1.664414858024855e-06 1.5415643806295885e-06 1.7038785112919396e-06 
1.7042356816052443e-06 1.6184691507366232e-06 1.6635577966457255e-06 1.5404750302580259e-06 1.70300767637987e-06 
1.701742330552121e-06 1.6143285555241597e-06 1.6596158479488895e-06 1.5373907311891126e-06 1.6998257856508257e-06 
1.6859189733754657e-06 1.5987264457999116e-06 1.642433362896391e-06 1.5212895585274743e-06 1.6828147114628104e-06 
1.6861543653240771e-06 1.598959216501298e-06 1.6426723799532748e-06 1.5215259748578366e-06 1.6830539424253243e-06 
1.6954680349112997e-06 1.6066047890073073e-06 1.6503753459108517e-06 1.530263088757086e-06 1.6915560722304598e-06 
1.707906235542294e-06 1.6161145343669087e-06 1.6625725416149883e-06 1.5421842393868032e-06 1.7046905851957173e-06 
1.7058538198928732e-06 1.6146092686867696e-06 1.6602322912920436e-06 1.540163457385801e-06 1.7022352282366187e-06 
1.7010436613013616e-06 1.6104525968546758e-06 1.6549148321586089e-06 1.535354460254038e-06 1.696808815188794e-06 
1.699824312368174e-06 1.6092214428985445e-06 1.6531006823509427e-06 1.5340168484428326e-06 1.6951046933951469e-06 
1.6980250283006857e-06 1.6076145749085197e-06 1.6519822104348727e-06 1.5323738785868312e-06 1.6938049900160905e-06 
1.6960482276514256e-06 1.6065387177365453e-06 1.6492989130870854e-06 1.530418187180941e-06 1.6909736216356272e-06 
1.696668129882156e-06 1.6076185229605662e-06 1.6503581290816774e-06 1.5312047308118394e-06 1.6918141019803717e-06 
1.695834031605689e-06 1.6066433053556298e-06 1.6476630856646248e-06 1.5300004924796441e-06 1.689495394551756e-06 
1.695327973817341e-06 1.607807089099325e-06 1.6475887538082836e-06 1.529879866395382e-06 1.688833762262734e-06 
1.6986280435117319e-06 1.6123315436438579e-06 1.6514333068535774e-06 1.5335198620895581e-06 1.6922073307701124e-06 
1.7085238750109444e-06 1.6234834843942833e-06 1.6634034662956637e-06 1.5440644027344218e-06 1.7034251853034956e-06 
1.7166868957608363e-06 1.6320749896431723e-06 1.669976809828908e-06 1.5520496417081273e-06 1.7101522121705734e-06 
1.7189988189566084e-06 1.6335256333854312e-06 1.6724999319808889e-06 1.5542404878229055e-06 1.7129021494474187e-06 
1.7186757671622566e-06 1.6317242628245706e-06 1.6725897234805097e-06 1.5537116599328322e-06 1.7133705886761936e-06 
1.7155525545757738e-06 1.6277076252704817e-06 1.6697550173332637e-06 1.550466203044255e-06 1.7107565256662547e-06 
1.7181156933557396e-06 1.6327838248238906e-06 1.673312826614917e-06 1.553691147865133e-06 1.7133693305755493e-06 
1.7277488287129196e-06 1.643048219901822e-06 1.6832578736278242e-06 1.563533787511473e-06 1.72306776848077e-06 
1.723493885800666e-06 1.638625533739041e-06 1.6782618129045705e-06 1.5590963749911408e-06 1.7182540778637304e-06 
1.721380687150837e-06 1.6366125339258326e-06 1.6762791741173134e-06 1.5570193617853496e-06 1.7162170381304606e-06 
1.725399390437047e-06 1.6383453654396876e-06 1.676742029983321e-06 1.5599749461321569e-06 1.7180146372980446e-06 
1.7307146658150563e-06 1.6424216019244662e-06 1.6815593658095308e-06 1.5649849662518338e-06 1.7233012264469942e-06 
1.7442982730801335e-06 1.6572412457114533e-06 1.6956906606988781e-06 1.5789422857437695e-06 1.7369590862433298e-06 
1.7366231459079545e-06 1.650103098574235e-06 1.6886196720294312e-06 1.5714522887495946e-06 1.7296143674539398e-06 
1.7356005223949352e-06 1.6479164187917708e-06 1.6871144617780681e-06 1.5701195849914003e-06 1.7285514948373605e-06 
1.7326131375987863e-06 1.6455007157129215e-06 1.6842089315911557e-06 1.567245451218747e-06 1.725455720816313e-06 
1.7346553732850068e-06 1.6475505960165437e-06 1.6864621519281324e-06 1.569333098486975e-06 1.727669386696454e-06 
1.7473523013711682e-06 1.6597124175552485e-06 1.6987471464156171e-06 1.5818956769107794e-06 1.7401942864028162e-06 
1.7412370796435653e-06 1.6524198171277241e-06 1.690655917287045e-06 1.5751924657850755e-06 1.7328149700822264e-06 
1.7491753364580121e-06 1.6595696250055282e-06 1.698351704365521e-06 1.5829654065290233e-06 1.7407969433606107e-06 
1.7517779459983347e-06 1.6621309660993521e-06 1.7008075707581991e-06 1.5855428552301385e-06 1.7432921590767314e-06 
1.754030675257012e-06 1.6651194412175266e-06 1.7034007109302602e-06 1.587999637228209e-06 1.7455996995004331e-06 
1.7541171495105175e-06 1.6660895021975131e-06 1.705226460147461e-06 1.5885578294254157e-06 1.746844619193984e-06 
1.74337729976745e-06 1.6559055506933385e-06 1.6975122147070467e-06 1.5784368767127445e-06 1.7384183801403099e-06 
1.7362314064641342e-06 1.6480088745594377e-06 1.6899347063203076e-06 1.5710498923867752e-06 1.7311456567261303e-06 
1.7517941316334914e-06 1.6645062558983344e-06 1.7046451191788627e-06 1.586679011236403e-06 1.7457258306084394e-06 
1.7278259337082057e-06 1.642842647281181e-06 1.684947251253975e-06 1.5638604050214695e-06 1.7245566213475216e-06 
1.733130286801671e-06 1.648956290584139e-06 1.6922394275275894e-06 1.569717061963601e-06 1.7312488452121789e-06 
1.732609191881526e-06 1.6484684647342873e-06 1.6929285113740645e-06 1.5694389654808747e-06 1.7317123140509432e-06 
1.7377968772485666e-06 1.654489393312204e-06 1.6966931663415152e-06 1.5745207702943334e-06 1.7354765028436156e-06 
1.7284055616687488e-06 1.6458589147618359e-06 1.6877267128101018e-06 1.5653256048107801e-06 1.7261993484976027e-06 
1.7251286550267083e-06 1.6435782279904442e-06 1.6840369127283134e-06 1.5621510258752162e-06 1.7222768088059825e-06 
1.7254764056212668e-06 1.6439321478260558e-06 1.684360190727552e-06 1.562496483275742e-06 1.7226026174462685e-06 
1.7273721024833795e-06 1.6484655666393053e-06 1.6874994290698547e-06 1.5651569813914988e-06 1.7247122455360057e-06 
1.7273163373720243e-06 1.6488415846575035e-06 1.6878796670518723e-06 1.5652707647986183e-06 1.7248826549486523e-06 
1.7505727810937033e-06 1.671085915036789e-06 1.7117072383055303e-06 1.5885121553327034e-06 1.7489254142502251e-06 
1.7519116364772986e-06 1.6725639655488461e-06 1.712996169822993e-06 1.5898732846266749e-06 1.7501807193417664e-06 
1.7619868877892841e-06 1.6826481447362107e-06 1.7226912049192145e-06 1.5999096954883368e-06 1.7599424311916507e-06 
1.7664074763872437e-06 1.6902168342450915e-06 1.7289119292285562e-06 1.605328022036512e-06 1.7648778757580828e-06 
1.7695046442792937e-06 1.6928074066089435e-06 1.7314249206272015e-06 1.6082189335827842e-06 1.7676504293231794e-06 
1.7750153343110712e-06 1.6979556336869412e-06 1.7371436143783958e-06 1.6137133830523831e-06 1.7734452916907028e-06 
1.765528381285189e-06 1.6874411310297209e-06 1.72655992753433e-06 1.6037765097854454e-06 1.7633692436242076e-06 
1.7587690020495635e-06 1.6819741226298983e-06 1.7201792568252585e-06 1.597330860658172e-06 1.7565224707098865e-06 
1.7561806375060922e-06 1.6795482585793304e-06 1.717595456303456e-06 1.594768299323872e-06 1.753887272186283e-06 
1.7508073813556738e-06 1.6743971916576492e-06 1.7137014101656896e-06 1.5897071209089045e-06 1.7496630609899062e-06 
1.7512344671408057e-06 1.6745766794778693e-06 1.7139316574621935e-06 1.5900469374317942e-06 1.7500043027216557e-06 
1.7383766239161042e-06 1.6615621507344883e-06 1.7015226526021074e-06 1.5772018548132493e-06 1.7375615171151236e-06 
1.7389730681790913e-06 1.6620077324222908e-06 1.7012228751557388e-06 1.5775955405854976e-06 1.7374663779315535e-06 
1.7386454851164729e-06 1.661043658036291e-06 1.7006127065818811e-06 1.5770832973863592e-06 1.7371017855208148e-06 
1.73879493572049e-06 1.6607661355242256e-06 1.7004835028705321e-06 1.577093375234002e-06 1.7371530974695833e-06 
1.7405922744315e-06 1.6627582214753237e-06 1.7024364332189467e-06 1.578965965432769e-06 1.739019077567794e-06 
1.7390480703423966e-06 1.6629385733716887e-06 1.7022578783297636e-06 1.5780313444061283e-06 1.738068755678055e-06 
1.7305817242854886e-06 1.6534807382760357e-06 1.6932983654820738e-06 1.569238954194508e-06 1.7294993401158975e-06 
1.7307358564532794e-06 1.6536606172826957e-06 1.6934840899832676e-06 1.569404963059265e-06 1.7296716066410348e-06 
1.7458342836163912e-06 1.6700882421916624e-06 1.7067748531974695e-06 1.5844822189939666e-06 1.7428748926159836e-06 
1.7482029659460012e-06 1.6730043638161924e-06 1.710105278681255e-06 1.5871543106615896e-06 1.7458676589390807e-06 
1.7504591444738908e-06 1.6757622917418e-06 1.712825566931915e-06 1.5896111315332528e-06 1.748351972616828e-06 
1.7523505865269818e-06 1.6777347755119006e-06 1.7147415519835807e-06 1.591530544933877e-06 1.7502390088670225e-06 
1.7391594137670398e-06 1.6640398613141871e-06 1.7033938302494672e-06 1.5785461266082032e-06 1.7387194876801783e-06 
1.7377530680251697e-06 1.6623883003991248e-06 1.7031307364272978e-06 1.5773113232893738e-06 1.7383301969422532e-06 
1.7374724513566993e-06 1.661764357205706e-06 1.7025290420631369e-06 1.5768960151464064e-06 1.737890597053688e-06 
1.7421533143573622e-06 1.6668850847500673e-06 1.7076018052775694e-06 1.5817602136019283e-06 1.7427601230382757e-06 
1.7395497614842087e-06 1.6642037230650838e-06 1.7052870750161733e-06 1.5791900045310863e-06 1.7404178460546292e-06 
1.7342772881927856e-06 1.6583123593524592e-06 1.6999581311159811e-06 1.5737635306489775e-06 1.7352878340941406e-06 
1.7309773591953438e-06 1.6537420290250178e-06 1.6976412662881056e-06 1.5704018308798941e-06 1.7331865582822423e-06 
1.737041648652683e-06 1.6593618578576016e-06 1.7037899057405976e-06 1.5764177279783039e-06 1.7394581461199598e-06 
1.7419439989266377e-06 1.6668175298588578e-06 1.7108207715426572e-06 1.5822819033304733e-06 1.7453316638916407e-06 
1.735126160361416e-06 1.6619028922714184e-06 1.7057032970156225e-06 1.5761793625539967e-06 1.7393286769890447e-06 
1.7350674230012612e-06 1.6618548952662552e-06 1.705723541283654e-06 1.5761393503747175e-06 1.7393317169705302e-06 
1.728460707013985e-06 1.6552520660012708e-06 1.6989688038925726e-06 1.5694791481703357e-06 1.7326000821814163e-06 
1.7275635517693098e-06 1.6535118894243296e-06 1.6981524073494629e-06 1.56842786278253e-06 1.7320280531769942e-06 
1.7365127866545566e-06 1.661157829472884e-06 1.7044025944271738e-06 1.5765806989731296e-06 1.7391561172981016e-06 
1.7349452452918024e-06 1.6608818356399517e-06 1.7039073587436307e-06 1.5754891697525869e-06 1.7380749376388636e-06 
1.7301188339836807e-06 1.6561770878469615e-06 1.6988345568342647e-06 1.5706193410656446e-06 1.7330068864298211e-06 
1.7362199351734205e-06 1.6606675210516428e-06 1.7044228337798222e-06 1.5763128854305505e-06 1.7391817116411587e-06 
1.7358886751018268e-06 1.660404201067273e-06 1.704046211193678e-06 1.5759844719639016e-06 1.7387921466341057e-06 
1.7386297926277893e-06 1.6631197525814996e-06 1.7068851981416658e-06 1.5787502954117178e-06 1.7416224451833045e-06 
1.7331178526242435e-06 1.6572345715477586e-06 1.7019113285291281e-06 1.573259152995794e-06 1.736666741921881e-06 
1.7421689377343912e-06 1.668404737050718e-06 1.7100550003923386e-06 1.5825754853403736e-06 1.7443216767444946e-06 
1.757090818702057e-06 1.684411939885446e-06 1.725728438348492e-06 1.597924203389813e-06 1.7595325400112352e-06 
1.7575039871700413e-06 1.6841244770005883e-06 1.7261036350023294e-06 1.5981874672994568e-06 1.7601302166632046e-06 
1.7527408608996512e-06 1.6803333921269512e-06 1.7221784587488356e-06 1.5937805948292931e-06 1.7557575476634274e-06 
1.7416624418342809e-06 1.6717227593794382e-06 1.7121363832223631e-06 1.5833921338034784e-06 1.744770677485435e-06 
1.7533516081177224e-06 1.6848270669818794e-06 1.7256479405705933e-06 1.595799876036628e-06 1.7575294832713974e-06 
1.7525878879191832e-06 1.6834009686100807e-06 1.7250552141441328e-06 1.5949298832033928e-06 1.7571110435019157e-06 
1.7479034791218824e-06 1.6788835668975142e-06 1.7201166556356743e-06 1.5902109216365164e-06 1.7521643185704836e-06 
1.756186704308263e-06 1.6888350416522886e-06 1.7295873587330196e-06 1.5991267212766646e-06 1.7609145487296403e-06 
1.762607253859698e-06 1.69552743264566e-06 1.7371334799656905e-06 1.6058665444060567e-06 1.768181813114529e-06 
1.7635200902347022e-06 1.6962588601636773e-06 1.7377544049102668e-06 1.6066814812918345e-06 1.7689098929270481e-06 
1.7709599297119976e-06 1.70079256371779e-06 1.7433835297644908e-06 1.6131504253993567e-06 1.7757536747008057e-06 
1.7693525404448417e-06 1.6998757186900178e-06 1.7419980797815996e-06 1.6117284276529445e-06 1.774116128787833e-06 
1.7745098576697155e-06 1.705832315462246e-06 1.7482885694290575e-06 1.617312049662636e-06 1.779963293283917e-06 
1.7755658215601981e-06 1.7069429678417638e-06 1.7495620612553271e-06 1.618429731333455e-06 1.781182173941347e-06 
1.7766756337678143e-06 1.7080628229282132e-06 1.750847597178939e-06 1.619583210300902e-06 1.7824341876182357e-06 
1.7782578154605678e-06 1.7109660129576016e-06 1.7527656431848958e-06 1.6215209791388885e-06 1.7838862884973824e-06 
1.7988968427309636e-06 1.7304904790465655e-06 1.7712669094075508e-06 1.641537581779291e-06 1.8031093116385698e-06 
1.7904378799669177e-06 1.722390694688469e-06 1.763481191620595e-06 1.633269154068996e-06 1.7950933293807002e-06 
1.801053783151323e-06 1.7333561187493341e-06 1.7741418331435483e-06 1.6440036526349926e-06 1.8056404862590744e-06 
1.8112895831116476e-06 1.745159019521814e-06 1.7847146761337543e-06 1.6546812515402404e-06 1.8156719146928929e-06 
1.807326280851536e-06 1.7403020879131584e-06 1.7797333060125882e-06 1.6502986703732454e-06 1.811143528382167e-06 
1.8101389954214958e-06 1.7431012157801275e-06 1.7826910582127049e-06 1.653147703928635e-06 1.8140808260121166e-06 
1.8031476822468857e-06 1.736046420006267e-06 1.776648870453805e-06 1.6463192404423417e-06 1.8078915898895372e-06 
1.8057200545162338e-06 1.7377138471807264e-06 1.7786160004296346e-06 1.6485787349575599e-06 1.8102445305573983e-06 
1.8054691313092463e-06 1.7377855791663488e-06 1.7788503993050835e-06 1.6484983406050107e-06 1.8102945662224665e-06 
1.8055157641957084e-06 1.7376347543772036e-06 1.7789223707470412e-06 1.6485084876139265e-06 1.810423168514943e-06 
1.798514872169528e-06 1.7326484574104655e-06 1.7727722766279506e-06 1.6420975725912273e-06 1.8035003232842043e-06 
1.7951464722319987e-06 1.7285540765993621e-06 1.7705485109760969e-06 1.6388068803630843e-06 1.8013011537012328e-06 
1.796037034569475e-06 1.7301652782427643e-06 1.7697476156699215e-06 1.6394952250262985e-06 1.800571895666476e-06 
1.8002711717540042e-06 1.734551102810537e-06 1.7724471358992133e-06 1.6434581450587173e-06 1.8034921014670627e-06 
1.8032951189273378e-06 1.7367387375630455e-06 1.7746263316530067e-06 1.6461350397637704e-06 1.8060780160459046e-06 
1.8117670375967757e-06 1.7484782248799369e-06 1.7850256323233155e-06 1.6557563174054754e-06 1.8151303019200661e-06 
1.8395494444515972e-06 1.7760576432725276e-06 1.812253917097177e-06 1.6834686131197163e-06 1.84252264439661e-06 
1.8449561753111938e-06 1.7812895981264548e-06 1.8178816849481702e-06 1.6888977587332025e-06 1.8481674485170274e-06 
1.8449189123847263e-06 1.7812322907420962e-06 1.817837939662772e-06 1.6888545302116713e-06 1.8481310503582288e-06 
1.8425060544341765e-06 1.7791380713302177e-06 1.8158286925418884e-06 1.6865886202424665e-06 1.8459524516850093e-06 
1.8225315827314243e-06 1.7607753995274914e-06 1.7936126342996662e-06 1.6664731762109916e-06 1.8236189042861436e-06 
1.8250762935724827e-06 1.7630452297923895e-06 1.795522206244619e-06 1.6688379747972318e-06 1.8257243404470372e-06 
1.8233506385235376e-06 1.7602457240268844e-06 1.7934596524899012e-06 1.6667909530886703e-06 1.8240544650543117e-06 
1.8445862738738097e-06 1.7809888463780058e-06 1.8147567429866684e-06 1.6879916538338354e-06 1.8454976928039408e-06 
1.851751476881649e-06 1.7864118553310748e-06 1.8215477460497776e-06 1.6947077022481508e-06 1.852896889588981e-06 
1.8518980047833403e-06 1.7865947852398118e-06 1.8217448793200932e-06 1.6948729094960735e-06 1.8530739562485094e-06 
1.857362570367231e-06 1.793786533858327e-06 1.827540181281366e-06 1.7008137928116714e-06 1.8582752349109397e-06 
1.8581179287261858e-06 1.794256750450154e-06 1.8275187848937028e-06 1.7013542628928714e-06 1.8584771247643944e-06 
1.8616720350267328e-06 1.8000142320318079e-06 1.8333770287497033e-06 1.705882075611012e-06 1.863250923187049e-06 
1.8490943111081032e-06 1.788262740966582e-06 1.8223290604083923e-06 1.6937625539288587e-06 1.8516793887937122e-06 
1.8496286230548973e-06 1.7886882291225139e-06 1.8228416283934614e-06 1.6942687779643188e-06 1.8522297250096553e-06 
1.8546092535179649e-06 1.7932380168686296e-06 1.8288892350939146e-06 1.6993811456533416e-06 1.8582282861046951e-06 
1.8517176960440627e-06 1.7904060181172275e-06 1.8257557939025682e-06 1.6964449540596152e-06 1.855117558456698e-06 
1.8505171125801967e-06 1.7885206353068943e-06 1.8246812347291082e-06 1.6951090300176107e-06 1.8542342622726831e-06 
1.8555143890675747e-06 1.794490359998596e-06 1.8292563747762205e-06 1.7002599807673627e-06 1.8585802348356835e-06 
1.8578990189826002e-06 1.797718794116202e-06 1.8313049659998939e-06 1.7027816409279419e-06 1.8604239840165834e-06 
1.8493686342578476e-06 1.7894220528377062e-06 1.8234506977813277e-06 1.6944152335592297e-06 1.852378956562596e-06 
1.867059547608e-06 1.8066113887387171e-06 1.8423228582559152e-06 1.7122848999673623e-06 1.8712067927687229e-06 
1.8659479228686719e-06 1.8050029244117733e-06 1.8408570166169464e-06 1.7109821664921286e-06 1.8699566563896711e-06 
1.867113035556995e-06 1.8061179281345804e-06 1.8422051982590103e-06 1.712177034439221e-06 1.8712890697350535e-06 
1.8747467600980456e-06 1.8134210326866747e-06 1.8514836520787933e-06 1.720102514609218e-06 1.8803880387865195e-06 
1.8729200161509272e-06 1.8118385051597832e-06 1.8499421119348748e-06 1.718386008872895e-06 1.8787209792096812e-06 
1.876126388846087e-06 1.8146927738671168e-06 1.8529247450474776e-06 1.7214749645775619e-06 1.881852337967451e-06 
1.8744687165127406e-06 1.8127801366603267e-06 1.8508508345274746e-06 1.7196664400089326e-06 1.8799292779376744e-06 
1.8793787393718883e-06 1.81898516156485e-06 1.8556486981197198e-06 1.7248632134365585e-06 1.8843442100904311e-06 
1.8740967104969268e-06 1.815080609176099e-06 1.852668929254815e-06 1.7203682540938253e-06 1.880537862011908e-06 
1.871736539701228e-06 1.8121289100314135e-06 1.8499162172459721e-06 1.7177811858841573e-06 1.8780365588987959e-06 
1.8632508110326552e-06 1.8035161918684076e-06 1.8389921021762115e-06 1.7087284870619913e-06 1.86757061553654e-06 
1.8614805327903747e-06 1.8023784915256345e-06 1.83870815696564e-06 1.7074087015353658e-06 1.8668331794497337e-06 
1.8672988834379323e-06 1.8094645215893657e-06 1.8432611298691436e-06 1.7132814870280563e-06 1.8712092394557905e-06 
1.8754906375349145e-06 1.8197229925286156e-06 1.8538759589411239e-06 1.7224906758278777e-06 1.8807634675745469e-06 
1.8734932357073719e-06 1.817781293115181e-06 1.8517089662517195e-06 1.7204653032308268e-06 1.8786078316779588e-06 
1.8748914494867424e-06 1.8189246435096906e-06 1.8529583880314246e-06 1.7217758594976384e-06 1.8799626726672512e-06 
1.8724636440325465e-06 1.8158280643590011e-06 1.8511673607054365e-06 1.7193139175807277e-06 1.878270947845507e-06 
1.8729037626463107e-06 1.815880935747519e-06 1.850362203348929e-06 1.7194039218257268e-06 1.877800631264866e-06 
1.8787326933244287e-06 1.8216842767313026e-06 1.8556637420484652e-06 1.7251359797018148e-06 1.883201626457343e-06 
1.8831307834560745e-06 1.8261312181247482e-06 1.8596236320091729e-06 1.729469497494606e-06 1.8872221311324849e-06 
1.8746127297859982e-06 1.8196757881128804e-06 1.852132251860962e-06 1.721632819225133e-06 1.878908117312135e-06 
1.8785744336024693e-06 1.8237222214670106e-06 1.855593554511545e-06 1.725525918530094e-06 1.8824291538547068e-06 
1.8801569734848375e-06 1.825329913726038e-06 1.8545317282958228e-06 1.7265955200457042e-06 1.8818123280419004e-06 
1.8790479410814739e-06 1.8242820398621322e-06 1.8532452005597445e-06 1.7254639153625832e-06 1.880536843632529e-06 
1.8807894788196427e-06 1.8256377604060194e-06 1.8545591427090013e-06 1.7270319378579479e-06 1.882045263908908e-06 
1.8911891521738571e-06 1.8371616184692832e-06 1.865340497626881e-06 1.737818384865655e-06 1.8924096095086896e-06 
1.8883901881846578e-06 1.8352891500255311e-06 1.8610872612194153e-06 1.7349710109625055e-06 1.8881130903835512e-06 
1.891238426661792e-06 1.8396719812076747e-06 1.8644656140043788e-06 1.7383232526754787e-06 1.8909179928465127e-06 
1.8912472121528667e-06 1.8396808794633244e-06 1.8644746606850183e-06 1.7383321427062299e-06 1.890926960361621e-06 
1.909589141573371e-06 1.859479406170288e-06 1.8823810185184555e-06 1.7570318758621393e-06 1.9084495889054165e-06 
1.9258604094815403e-06 1.8771025624563843e-06 1.8982786563041538e-06 1.7736453494415366e-06 1.9239846238918884e-06 
1.9234836644003115e-06 1.8767129918992544e-06 1.8963719322616728e-06 1.7718858859439963e-06 1.9213687343936207e-06 
1.925537466667455e-06 1.879125640301855e-06 1.8988506596665006e-06 1.7741197243074658e-06 1.923661958695146e-06 
1.9241869447257033e-06 1.877376427347163e-06 1.8975347115919285e-06 1.7726620526502562e-06 1.9224664305400773e-06 
1.9538178252936316e-06 1.9072264628027916e-06 1.928059272522082e-06 1.8025997588634178e-06 1.9527725735380524e-06 
1.9514033380108476e-06 1.9031025200586306e-06 1.925211128604289e-06 1.7996365442435536e-06 1.9505389699598374e-06 
1.9438427158050027e-06 1.8962901689373147e-06 1.9183493528307058e-06 1.7923833763887373e-06 1.9433214130491615e-06 
1.932802242305109e-06 1.8867575208710158e-06 1.9075593547265577e-06 1.7817659720023118e-06 1.9320106310417236e-06 
1.939486782490592e-06 1.8932929389865157e-06 1.9159132767112544e-06 1.7887368389248934e-06 1.940129988825353e-06 
1.942166571066486e-06 1.896721266892242e-06 1.918678158143019e-06 1.7916435079586373e-06 1.9426436722030625e-06 
1.9433263806851705e-06 1.8980580995061962e-06 1.9198023576363058e-06 1.7928483758084009e-06 1.943717899383868e-06 
1.959840746175916e-06 1.914731493065156e-06 1.9360684144865717e-06 1.8094080643116592e-06 1.959976803594956e-06 
1.9610391002336074e-06 1.915176994104553e-06 1.93744746243873e-06 1.8104380140809326e-06 1.96156399730441e-06 
1.9579057096254777e-06 1.912842250324346e-06 1.9323461267958475e-06 1.807155207899102e-06 1.956541538076785e-06 
1.956666418897738e-06 1.911266311523179e-06 1.9308772672916083e-06 1.805778143218236e-06 1.955218179993935e-06 
1.9524469892927048e-06 1.9069823481978204e-06 1.926708744588723e-06 1.801537892506782e-06 1.951061242475682e-06 
1.9576238715649616e-06 1.9117929357621687e-06 1.9313157111972286e-06 1.8065266902781892e-06 1.9558810335758785e-06 
1.9607663987192697e-06 1.9155617769797954e-06 1.9346124387926226e-06 1.8098789184959357e-06 1.9589531627746323e-06 
1.9617283608415037e-06 1.9159604600587223e-06 1.935441632147351e-06 1.8106641056683355e-06 1.9599836153688827e-06 
1.9575242815133572e-06 1.9107273951715417e-06 1.930609729758626e-06 1.806053151829319e-06 1.9555838980787014e-06 
1.9603155895699623e-06 1.9129900685887295e-06 1.9335739384984858e-06 1.8087388116831278e-06 1.95868663905683e-06 
1.9610916708572243e-06 1.9131542198883294e-06 1.933075665459497e-06 1.8091235436467483e-06 1.958597967689747e-06 
1.9799187884686564e-06 1.9316370520096113e-06 1.9505396302060435e-06 1.8276708965747912e-06 1.9764029566815574e-06 
1.982253310397025e-06 1.9350264993979985e-06 1.9544334372532403e-06 1.830573566166844e-06 1.97969865374123e-06 
1.991150550550998e-06 1.941215454684843e-06 1.962507737238025e-06 1.8386146499187209e-06 1.9887710556355018e-06 
1.989983790129e-06 1.9393943465385415e-06 1.961274253256696e-06 1.8372578287653657e-06 1.987755866896827e-06 
1.989112617782125e-06 1.9397243358581305e-06 1.961728737883992e-06 1.836943583155533e-06 1.987605542467492e-06 
1.994694354598213e-06 1.9454598987469105e-06 1.9688769827435027e-06 1.8428683853288715e-06 1.9944402054756924e-06 
1.9933420379226624e-06 1.944140400749046e-06 1.9672888626847086e-06 1.8414775042858876e-06 1.992881538258813e-06 
1.9929999878875477e-06 1.9437751065028454e-06 1.967083352200464e-06 1.8411535444648179e-06 1.9926602222772113e-06 
1.9928557872446475e-06 1.9436362104930504e-06 1.9669570334989815e-06 1.8410136645000741e-06 1.992529184838764e-06 
1.988764076126104e-06 1.9394797615649125e-06 1.9626576323800513e-06 1.836855117707056e-06 1.9882851063633365e-06 
1.9735550154572487e-06 1.9246784120832786e-06 1.948633878420454e-06 1.8219322302150186e-06 1.9739303080247428e-06 
1.974298972314694e-06 1.925337022288198e-06 1.949288668872009e-06 1.8226389609398671e-06 1.9746272517307908e-06 
1.982210536483368e-06 1.9331327224275078e-06 1.957570583521857e-06 1.8306114733277385e-06 1.982883717781833e-06 
1.9862218595804237e-06 1.937266969746848e-06 1.961627280653126e-06 1.8346749850944505e-06 1.986894233661529e-06 
1.9829975735167772e-06 1.9340425096794466e-06 1.958804931426452e-06 1.8315176064248913e-06 1.9840035436001968e-06 
1.971108197267089e-06 1.924650888716868e-06 1.9475434465886843e-06 1.8203796681691564e-06 1.971844754833758e-06 
1.9710063881577046e-06 1.9245478883554904e-06 1.947434606657835e-06 1.8202759331559807e-06 1.9717374721389868e-06 
1.9727444849393915e-06 1.926179484647005e-06 1.949816556746381e-06 1.8221114809011639e-06 1.9740444211169437e-06 
1.9588639745653013e-06 1.912163980915723e-06 1.937122544478066e-06 1.808382058339424e-06 1.9611911341912797e-06 
1.9740364214135104e-06 1.927679246918969e-06 1.951748786508879e-06 1.823584518325743e-06 1.975802742891042e-06 
1.9780889628106933e-06 1.9323275383201114e-06 1.9560289192370375e-06 1.827852004278972e-06 1.9798562276687444e-06 
1.974493468881197e-06 1.9279564890852094e-06 1.951311606688323e-06 1.8238249704109486e-06 1.975573689346299e-06 
1.971872744981715e-06 1.9243272348359117e-06 1.948849111718508e-06 1.820957083033227e-06 1.9734032190355258e-06 
1.980195229325437e-06 1.9324702298013965e-06 1.9576774960198168e-06 1.8293522365892007e-06 1.982203458259259e-06 
1.9773106004879156e-06 1.9301984212618885e-06 1.955834858891898e-06 1.8268232031703671e-06 1.9799905141000153e-06 
1.9695013706334214e-06 1.9231858021794363e-06 1.949235318327619e-06 1.8194393447072506e-06 1.972933812764449e-06 
1.9655277812785315e-06 1.920193145046754e-06 1.945794975582424e-06 1.8158200811390656e-06 1.9690928605929674e-06 
1.9670465183465313e-06 1.9218246197375764e-06 1.9474640876330668e-06 1.817402840164134e-06 1.970701060966976e-06 
1.9643302357323566e-06 1.919793961600732e-06 1.945430974230103e-06 1.814996860210242e-06 1.9683354550629598e-06 
1.9768806867879906e-06 1.9332902529869734e-06 1.9588684113498956e-06 1.8280129448014273e-06 1.98132516309054e-06 
1.978618478208295e-06 1.935859377931764e-06 1.9609390713903938e-06 1.8300461991581178e-06 1.983076694327731e-06 
1.976774295697668e-06 1.934461107935381e-06 1.9612431096529027e-06 1.8287495006079062e-06 1.9828773832686533e-06 
1.976770223204863e-06 1.9344550780304116e-06 1.961241084547535e-06 1.828745308666527e-06 1.98287563200727e-06 
1.991964559273739e-06 1.9504901678104646e-06 1.977489883234274e-06 1.8444250306988261e-06 1.9986822854812105e-06 
1.9892256271827256e-06 1.9455724076522344e-06 1.9729910638629236e-06 1.8407343520878167e-06 1.9951690055025943e-06 
1.990305407131419e-06 1.9465986901955857e-06 1.9743902782412055e-06 1.8418683648150544e-06 1.9965313472883293e-06 
2.015927445406613e-06 1.975005931433766e-06 1.999492566715338e-06 1.8682076412058062e-06 2.0208417313665718e-06 
2.0140018926418085e-06 1.9729777328770655e-06 1.996973405997796e-06 1.8661307648627488e-06 2.0184547284328897e-06 
2.0013608809474906e-06 1.960214173923607e-06 1.983327154990225e-06 1.8532236318022992e-06 2.005015261977884e-06 
2.002705704085849e-06 1.959860230848939e-06 1.9842705671621893e-06 1.8540283136272265e-06 2.0065650466266693e-06 
2.0035661949874746e-06 1.960677045002857e-06 1.985223687346798e-06 1.8548975433282042e-06 2.007516483141933e-06 
1.993617512089456e-06 1.952786737093152e-06 1.9769587662347383e-06 1.8458160832687479e-06 1.998314834529067e-06 
1.9924702620252203e-06 1.950728169100479e-06 1.975868325481906e-06 1.844427888282849e-06 1.9975036231001816e-06 
1.988490820240364e-06 1.946696520613345e-06 1.971797845159506e-06 1.8404048365706651e-06 1.9934646412155695e-06 
1.9879377010126957e-06 1.9466221410197552e-06 1.969607108404044e-06 1.8396584820209072e-06 1.9913975960484506e-06 
1.9860934536465104e-06 1.945027725408112e-06 1.9682740642874726e-06 1.8379775742955755e-06 1.9898991623315362e-06 
1.9836624664700145e-06 1.9392694326601337e-06 1.9649143609764876e-06 1.834452403639293e-06 1.9877498721535367e-06 
1.9772775216236134e-06 1.9329117749281134e-06 1.9582342474562212e-06 1.8279983986989697e-06 1.9811103393164705e-06 
1.973296435427737e-06 1.929550424419996e-06 1.9539796012662363e-06 1.824119375169988e-06 1.976705316733936e-06 
1.96969578725635e-06 1.9269344209505743e-06 1.9517830846537656e-06 1.8210511802954205e-06 1.97395991289036e-06 
1.9696909520768214e-06 1.9269360931514555e-06 1.9517660372307763e-06 1.8210456801168667e-06 1.9739428626490937e-06 
1.9607680412677343e-06 1.916312253180512e-06 1.942035667635661e-06 1.8114789884362539e-06 1.9648861604506925e-06 
1.9797885973120322e-06 1.934912470701965e-06 1.9600294843844912e-06 1.8302389650863862e-06 1.9831881477671796e-06 
1.980719104087532e-06 1.9363255943993374e-06 1.9602984402688736e-06 1.8311734477150172e-06 1.9834160805921114e-06 
1.990980036106307e-06 1.946962140692863e-06 1.9698708155408963e-06 1.841433123977824e-06 1.9929864491201064e-06 
1.9959089479830857e-06 1.9511686230361525e-06 1.9749841203365166e-06 1.8462147933334017e-06 1.9982979855043575e-06 
1.9906916351471403e-06 1.9464098936452992e-06 1.9702559199994877e-06 1.8412013384481366e-06 1.99334157043035e-06 
1.976255256367456e-06 1.931801888019495e-06 1.9552146873701334e-06 1.8265615567800787e-06 1.9784554947091948e-06 
1.9778019843741924e-06 1.933150553531372e-06 1.9571260452215163e-06 1.8281290642712402e-06 1.9803681815896525e-06 
1.97575517221053e-06 1.9313693659322885e-06 1.9557220158299645e-06 1.826272616513758e-06 1.9787713843023696e-06 
1.9761177625158247e-06 1.9319368537486757e-06 1.9561475689259938e-06 1.8267038355077855e-06 1.979121470475575e-06 
1.9785403899943816e-06 1.9343837298010643e-06 1.9586840069257085e-06 1.8291619956730808e-06 1.981631245883838e-06 
1.970826787696258e-06 1.9269507739236847e-06 1.9507057092233254e-06 1.8214512248147571e-06 1.9736080337279772e-06 
1.9698089978861478e-06 1.925642961570697e-06 1.9496107485682905e-06 1.8203369549119885e-06 1.9726178563085745e-06 
1.9716475912690954e-06 1.9274771199188443e-06 1.9521174123898346e-06 1.8223094577714302e-06 1.9750133551699415e-06 
1.973636991091463e-06 1.9297798666599913e-06 1.9541704596694224e-06 1.824401613144127e-06 1.9769566411079633e-06 
1.9757959347223286e-06 1.9318993054632626e-06 1.9560925798190754e-06 1.8265098806157585e-06 1.9789314141922346e-06 
1.9779506364633533e-06 1.9338416341333823e-06 1.9586613298638764e-06 1.8286941363856972e-06 1.9814977501019536e-06 
2.0009253998195574e-06 1.9595858718658095e-06 1.9822509403559283e-06 1.852609245979218e-06 2.004107920248219e-06 
2.0049662995791606e-06 1.963337468390731e-06 1.9863347908870588e-06 1.8565898289615752e-06 2.0082766955525164e-06 
2.01817352656862e-06 1.977509161856026e-06 2.0016832400888614e-06 1.8705194353755645e-06 2.0229603340398167e-06 
2.018230444213904e-06 1.9775038422146393e-06 2.0016997303470018e-06 1.8705513698683488e-06 2.0230033671916437e-06 
2.0164869045485796e-06 1.976062077749869e-06 1.999808143784051e-06 1.8688567653119495e-06 2.0210407416489883e-06 
2.0310454231737686e-06 1.991736801477096e-06 2.015532096957907e-06 1.8839951669096407e-06 2.036215931614194e-06 
2.045479207611181e-06 2.007303654349627e-06 2.032455213181356e-06 1.8992848701740044e-06 2.0523631507564483e-06 
2.0466422911126793e-06 2.008461790141951e-06 2.03145156851577e-06 1.9000124212856912e-06 2.0517241304924093e-06 
2.0473051943812392e-06 2.009032311314288e-06 2.031616748187036e-06 1.9005526690699433e-06 2.0520020855836746e-06 
2.0435242543255047e-06 2.0049676463526465e-06 2.0283182746195734e-06 1.8967779584864248e-06 2.048712696053271e-06 
2.0394371717188033e-06 2.0008134547217613e-06 2.0248981596345857e-06 1.8927947650434897e-06 2.0452018019909904e-06 
2.036337716394307e-06 1.998327574944752e-06 2.024156642036568e-06 1.8903380084457728e-06 2.043870016942837e-06 
2.040492082616542e-06 2.0029794157802847e-06 2.0286830228957655e-06 1.8947179342813635e-06 2.0481765312952196e-06 
2.0430365975385654e-06 2.00588795751231e-06 2.031930863933483e-06 1.8975162495651266e-06 2.051191242936989e-06 
2.0402788187198728e-06 2.0025257067419756e-06 2.0280553857160825e-06 1.8943519058561482e-06 2.0476946224437666e-06 
2.034849453312866e-06 1.9985103196970216e-06 2.022375421099944e-06 1.8892499838924797e-06 2.0416069273598377e-06 
2.03462172718284e-06 1.9982432657583625e-06 2.0218912941380507e-06 1.888958490209127e-06 2.041178173620144e-06 
2.033799307713679e-06 1.997103042428098e-06 2.0214157513301526e-06 1.8881154642506114e-06 2.0407455555547994e-06 
2.0345733425171035e-06 1.9981249254187753e-06 2.022260287424225e-06 1.8889753218752182e-06 2.0414995841813104e-06 
2.0347838356735203e-06 1.998248049610473e-06 2.0224367721315585e-06 1.889154992139449e-06 2.04170954726319e-06 
2.051627657447764e-06 2.01630343322316e-06 2.0402326261746115e-06 1.9065792742364112e-06 2.0589623508535412e-06 
2.0529681663308155e-06 2.016029851812512e-06 2.038505448905013e-06 1.9068488424427086e-06 2.058261571274685e-06 
2.045224665765268e-06 2.0085423862557325e-06 2.0304587354811484e-06 1.8990969140257544e-06 2.050183496629809e-06 
2.0447877507281863e-06 2.0081260955355173e-06 2.030062947550269e-06 1.8986727911814336e-06 2.0497742349197556e-06 
2.0447969317451377e-06 2.0081783968926496e-06 2.029996841600172e-06 1.8986793516660945e-06 2.0497069910057472e-06 
2.0368878602617907e-06 1.9993126176858917e-06 2.020612232766631e-06 1.8901888523509536e-06 2.0408731385243244e-06 
2.037453208866101e-06 1.9997662180706853e-06 2.0212582243894396e-06 1.8907398099150891e-06 2.041541241328922e-06 
2.050869789774748e-06 2.0129037009661297e-06 2.0346635898961305e-06 1.9041113626553433e-06 2.0550382822361125e-06 
2.052287430965849e-06 2.014208146469835e-06 2.037314221304353e-06 1.9057442139855379e-06 2.0575186211657625e-06 
2.0524728706526307e-06 2.0147704038389074e-06 2.0374950651815215e-06 1.9060348381135829e-06 2.0575804220994573e-06 
2.0559596175203923e-06 2.0181061631757837e-06 2.040316807241669e-06 1.9093569396453625e-06 2.0605617498199625e-06 
2.057199055676737e-06 2.0183075014330407e-06 2.040907854773146e-06 1.9101808881427937e-06 2.0615916215278166e-06 
2.062832069830316e-06 2.023219233968562e-06 2.045731157757846e-06 1.9154685840793857e-06 2.0667803387124452e-06 
2.062836351505057e-06 2.0231954199916337e-06 2.045760430417991e-06 1.9154699289375307e-06 2.066814354551036e-06 
2.0628394875318174e-06 2.0231982643028376e-06 2.045763689718934e-06 1.9154730159807826e-06 2.0668176861591904e-06 
2.062174665248561e-06 2.0221276123072374e-06 2.0452126924517432e-06 1.9147158942472327e-06 2.066376532666295e-06 
2.0678897968885485e-06 2.026623081794685e-06 2.0491610772111695e-06 1.9197634144771047e-06 2.0710092577100726e-06 
2.0681433877511112e-06 2.0268682995020986e-06 2.0494090798457897e-06 1.9200142658065276e-06 2.0712608774176214e-06 
2.077579630529315e-06 2.034861749760207e-06 2.0579429201030446e-06 1.9289028455619398e-06 2.0804051831527013e-06 
2.083661497667964e-06 2.0404579739298233e-06 2.0635787681658796e-06 1.93478118595058e-06 2.0862706120716183e-06 
2.0927503880612165e-06 2.050089120700457e-06 2.071534371189179e-06 1.9438265628831554e-06 2.094245005558336e-06 
2.097027181546166e-06 2.054054044399954e-06 2.075683255093001e-06 1.9480037144649647e-06 2.0985147761513776e-06 
2.0968440774287656e-06 2.0534015664067567e-06 2.0753771408986335e-06 1.9476674364045163e-06 2.0983784417698023e-06 
2.1054547063219083e-06 2.0620115723537815e-06 2.0835753464373582e-06 1.9562217385392515e-06 2.1066467194252805e-06 
2.1096434274340944e-06 2.0651388337118474e-06 2.086554345045289e-06 1.959902286450785e-06 2.1101665171367443e-06 
2.1104101967395782e-06 2.0658653513580063e-06 2.0871331458677693e-06 1.9606249538477785e-06 2.110789751782671e-06 
2.1130840280102476e-06 2.0691867861477333e-06 2.0897568812606537e-06 1.9634749345691475e-06 2.1132162551376028e-06 
2.1130509482929066e-06 2.069150148941149e-06 2.0897150792763875e-06 1.9634391791902724e-06 2.1131770470137387e-06 
2.1097800637145213e-06 2.0653217323276696e-06 2.085903595211199e-06 1.9599064462250575e-06 2.109633409808283e-06 
2.1047972079206802e-06 2.0611674788798727e-06 2.0824481405433355e-06 1.9554230953987615e-06 2.105657662072358e-06 
2.1031072870563697e-06 2.0585627981277876e-06 2.080127505118799e-06 1.953359304864687e-06 2.103733537363143e-06 
2.0958591534879863e-06 2.051160470883686e-06 2.0727828553350266e-06 1.9460327352653593e-06 2.096453596537665e-06 
2.0864396557905685e-06 2.0431420950358336e-06 2.0650680813295764e-06 1.9372946614571675e-06 2.0880065835758088e-06 
2.0870385870675746e-06 2.04398801266624e-06 2.0653616803438578e-06 1.937905792534436e-06 2.088273047511302e-06 
2.0904293965774603e-06 2.0493938966216846e-06 2.068362011999686e-06 1.9417966103226395e-06 2.090698017375365e-06 
2.09108911552474e-06 2.0500065814333835e-06 2.068971337436177e-06 1.9424354524563696e-06 2.091330806127645e-06 
2.095265663819557e-06 2.055733843113924e-06 2.074668251761411e-06 1.9473429812100637e-06 2.096279341199946e-06 
2.0938051010597547e-06 2.0543193925077924e-06 2.0734042260753938e-06 1.9459283123015857e-06 2.09496764859271e-06 
2.108714873009787e-06 2.0683025663570057e-06 2.0863597462810522e-06 1.960252528794379e-06 2.1085463953930505e-06 
2.129946936307449e-06 2.087098759193355e-06 2.105183542203333e-06 1.9804117794332766e-06 2.128551002476413e-06 
2.129655561581047e-06 2.086677695182583e-06 2.104768335711535e-06 1.9800609846285715e-06 2.128197854729439e-06 
2.1294401495625283e-06 2.0865248520042443e-06 2.1046195146774705e-06 1.9798745940192343e-06 2.1280179265612163e-06 
2.129903790369721e-06 2.0869767952967286e-06 2.1051040970916544e-06 1.9803398003559278e-06 2.12850274937805e-06 
2.1279938721635557e-06 2.0846835888972297e-06 2.103235214925605e-06 1.978324673584936e-06 2.126748961393221e-06 
2.1222707804123533e-06 2.0802284795028632e-06 2.097845225114934e-06 1.9730053848077993e-06 2.120898868660389e-06 
2.1204587957656703e-06 2.0787082355445943e-06 2.096056138831773e-06 1.971275996146166e-06 2.1190128515594882e-06 
2.1209711187112186e-06 2.0791906795642706e-06 2.096296027236795e-06 1.97173268911488e-06 2.119307915969477e-06 
2.121325644434081e-06 2.079566666677734e-06 2.0967176270338088e-06 1.972106091388724e-06 2.119711458004251e-06 
2.134793920476877e-06 2.091253123683802e-06 2.1086371860639277e-06 1.984827952330628e-06 2.132459163202843e-06 
2.1364475779756414e-06 2.0929381908174894e-06 2.1101533064036247e-06 1.9864703269294925e-06 2.1339884149061244e-06 
2.1497957327051417e-06 2.106206893501704e-06 2.12380336560161e-06 1.999881011049557e-06 2.1476138346680887e-06 
