-103.07148987702564 125.67448987238353 487.85450056767957 
-104.35937154503526 127.63395526862453 484.7310419128615 
-103.0574496426971 126.87106346545349 485.75496265081796 
-102.03195276195643 127.31981991868261 486.7727927019953 
-105.74496047798867 125.1888640016485 488.3082117892998 
-102.54326344819853 131.0819837263307 490.09040890652375 
-102.88219255668442 133.58992326170568 487.0742148610143 
-100.67369004701392 131.88483099321047 487.33980253026704 
-101.65735594841516 130.97584673955976 487.57344202013246 
-101.85404356411777 127.16391222871324 490.091911622307 
-101.53778561442594 127.19367984480411 490.12083225672603 
-101.8887556264487 127.10021481530146 490.3906419697342 
-101.26315536100569 126.90342909663767 490.8860292229231 
-101.37715029969918 126.28100342279139 488.3693570873961 
-104.78630942962276 127.13825449406218 487.4446010122068 
-104.77996236770358 126.89593410730399 490.0369717992086 
-104.48882649878996 127.04450779454012 489.28557794268124 
-107.55288867953045 130.3030956920521 487.5630833102882 
-106.95449876990092 130.25976665733268 485.4198659439218 
-106.27763131158017 130.16502034563186 483.5756872720959 
-107.13962404667224 133.26846477989804 484.4427081371257 
-106.86449371071626 132.94380823180046 483.99866137431604 
-106.28770254276714 135.3162995618742 483.59917560448474 
-106.16787774061895 135.30210194841078 483.25009110281445 
-105.88058666390185 133.83364115063372 482.272325051035 
-104.93519205645157 133.94013390598116 482.68351618361044 
-102.19284039062465 135.40621602297483 479.35476762377675 
-101.58825652180383 137.2018039100581 477.3179512105098 
-101.67026329563234 138.33160624635124 475.9440850200917 
-102.852111046896 135.77634525841918 472.91352636643074 
-103.48858327673898 136.03609879464491 472.15440769853456 
-103.7819127818451 135.794832765567 471.7721174735852 
-104.58769743452422 136.51638431743197 472.4693942272744 
-104.44069707481815 138.99866078448375 473.4193826680031 
-104.10852636241738 140.83077618173422 470.79923617895383 
-101.4019801249041 139.89298318143923 472.49787397460204 
-100.4325144373386 138.6498159172248 475.22887275757273 
-100.51574066656036 140.42323397219053 476.27193925339367 
-100.63315453318643 141.69980784168695 475.9579003426353 
-100.44353809574892 140.02264592926937 473.31846042949434 
-98.30088639544944 141.94932976267893 464.96184399398277 
-99.61728622650858 143.5911579143075 466.6735491916322 
-100.38859819898502 143.36023036549727 466.02686598793093 
-99.87616388880147 143.16633389186546 466.3367246195432 
-98.09756110655208 141.66571935037317 465.20406022840433 
-98.64043973746185 138.7799825356157 464.66434487746767 
-96.19075546181342 135.67296675114076 462.09029937548576 
-95.41625823283756 136.21970919588168 462.2832867266045 
-97.59695357510523 138.18823441699192 457.4732395860997 
-96.93019465612457 136.77722693197632 457.2439385608167 
-96.17920692691749 136.6981369555752 457.6913041081994 
-96.30099538297073 136.79396675034712 457.7735116398974 
-94.29404988735399 136.6954590060765 458.5815665772388 
-94.02879997549567 136.7517595964298 458.6364877065305 
-95.69727739819359 138.42744318492026 458.53948716829086 
-92.65783908144103 138.52450546609296 456.8245471149312 
-92.62803138991889 139.10221595853176 457.18878104189963 
-94.95868160323856 137.7119312972761 459.32385006901615 
-103.25849404556024 139.2204601182801 452.9359466224568 
-102.05582455751774 135.85289590801716 452.7900125356732 
-102.7165416093457 135.8851952084367 452.7989730627099 
-103.91611544389792 137.02432340847417 456.39890985824337 
-102.20058774864144 135.47209294161226 456.7634807852198 
-98.24453749003555 137.4931444941881 460.9158058466285 
-97.91915067045464 137.25904051488388 462.521392131886 
-97.83501246715193 136.6279593256683 462.3052046804452 
-97.48437343392321 136.6818082209077 462.1099547322984 
-96.48825856951287 140.61328953379044 463.86021212849647 
-96.15552915223478 139.5852676460794 462.66504883829276 
-95.99905038521044 138.07403354194102 461.2540742444987 
-95.98119810209202 138.1053999872274 461.0992085497635 
-94.93537240977628 138.21218175023674 460.4357629790867 
-92.81654444987453 137.0893759683994 457.8174964039673 
-91.40969325269288 137.26366725129753 459.51301276792924 
-92.95708436192655 138.04185616285721 461.2165543553129 
-92.25859439961881 137.1451379001298 462.8243423617538 
-94.17007889389102 134.99781187175674 466.0356595506643 
-94.06972647622288 133.9463763878679 466.3277008776963 
-91.57956917695486 134.47311479253952 466.9981718369004 
-92.28845855429344 133.47046746725167 465.678790212233 
-94.09484881032293 133.79937479753758 462.7499265004207 
-86.01548130932494 132.94087176946562 467.04466088405576 
-87.43137712441602 132.40938719157649 467.67492281896847 
-87.54916660910101 132.68983308431572 468.13741460753755 
-87.61387037316908 132.385030782483 468.30409680525986 
-84.23270704407449 131.8396435093775 467.32929144715973 
-84.77741364678526 132.5819965582438 467.49596776073054 
-84.47687011410511 135.07446934833322 468.53136262038254 
-85.41181958245443 132.22549834886368 470.53819328664997 
-81.54493612907834 127.64404939207395 473.2751407787627 
-82.42795797801989 126.52890580512285 473.89757821096674 
-83.10014745801236 128.06972917900936 475.92609116039654 
-84.65010970008593 128.02813303849456 475.55582026134397 
-84.58536319142304 127.7411177310488 475.36912260878285 
-84.16310584033197 127.39109931768648 475.12148879120696 
-85.10918219919692 128.8998613996161 474.0095014189566 
-83.72405747351739 130.05347902472118 472.9880110499547 
-83.5321974657325 131.10843426983598 469.72961041883826 
-77.81358583609908 128.3430317826926 472.0437734147131 
-74.55335652564214 133.68338680284137 475.49155015783913 
-77.48514825643818 137.32847231386992 474.41948208693884 
-80.66550206318261 137.33931006227695 476.66868763033614 
-80.97398243162284 138.59280463968548 472.95749776901056 
-81.05396277181423 135.79912286525393 471.409258801035 
-81.0396316769193 135.72757258298043 471.5235377279305 
-78.69846504896942 137.88883942697456 471.9254836216896 
-78.690795955536 138.5907868932195 471.2574608988384 
-80.7630465558022 144.253544573231 471.95844634486826 
-80.98545758754379 144.0311655069099 471.8983804608508 
-78.60705980560981 143.0212600080467 469.7241836630936 
-78.03284333174553 143.18878319922365 470.3919202631959 
-77.70074901901611 143.14736663511394 470.30344244987555 
-78.85668816371012 141.98748602402316 470.9780294001498 
-78.96647968202613 141.9119882274009 470.97800305752344 
-77.97615068362512 141.31960562325676 470.52518702596575 
-73.63844481667888 140.1699240953551 472.6575745629563 
-73.32443107387309 139.40763071107426 473.2907471231792 
-72.8394225407293 138.94732468614353 472.7949119491925 
-74.64809090096836 140.42045932182688 475.8376855400183 
-77.55507519691368 141.55463321386426 484.6030304660984 
-76.43291562152879 143.88393451830166 487.0241707910342 
-76.51458157318298 144.2275375086285 486.07096360639906 
-77.88749649937294 144.1470514772126 485.2369844672962 
-83.20194583321475 138.63650679175163 480.51992560531465 
-86.06043268933423 142.91808487711762 475.88434481005174 
-86.51690304901045 141.44319472765568 476.7994640626976 
-84.34028171248335 141.18941217836638 477.39562410219366 
-82.98238903828513 140.1710288429901 478.8768797498129 
-80.42129868852308 140.31239408788687 480.48096635443335 
-81.37309388875687 140.60388477079164 481.0207601903094 
-81.75274250304034 137.30841517709047 480.16264648736 
-83.16171656656486 137.39212781705177 480.63013021547425 
-79.83300095838389 132.31039274461864 479.4555450632247 
-79.86110487808347 132.21870064628027 479.5420701803297 
-86.1262829368494 129.43939042501069 474.7463526606933 
-84.78477574390537 129.38103570603667 476.5049663538064 
-83.71166366510151 129.8197547286818 475.6968251155771 
-81.79408769497854 129.0626547094666 476.2935945364424 
-81.94297714977667 128.90235861183078 476.4047664369145 
-86.17434012488796 132.56628789811566 474.60404632255756 
-87.11068801715504 132.65648258147013 474.50909095453744 
-86.30357970858394 133.21652327994644 472.470295119291 
-87.09037344777701 132.72104713628391 473.408612264787 
-87.80572612814915 134.6977259226022 471.3432744802461 
-87.67623771123051 135.5703655835092 474.11222400677764 
-90.27316473784926 135.503804284958 480.8020221020764 
-92.47777656715411 132.63918417902215 476.5483515572139 
-92.41285165472385 132.55522991371248 476.56079513073274 
-92.53285434676118 133.0174855084539 476.2787511150887 
-88.6981596892482 134.035307155755 474.0867351244514 
-88.73159173572493 134.08811619530567 474.1003745054963 
-88.09660662214749 134.03058720834272 474.53578407720033 
-86.43498401587576 133.76129845680683 474.4369240015516 
-85.35098824236267 134.66192662457675 473.635806318422 
-84.46918177337064 133.6081149087214 478.60817449770224 
-85.73822403717399 134.45549444294096 475.45077935445454 
-87.44580896055851 135.22855543652514 476.3938966549305 
-86.41526366894564 134.57254979264243 472.4982287800955 
-86.22708557255808 133.70764392194351 473.5134454592634 
-85.46821264605181 137.87436838172346 473.37797143114346 
-86.1895797001758 137.14569895242087 472.5233653748415 
-86.19235168145224 137.18904518530906 472.81877160354134 
-86.84501016094376 136.8662574932516 472.44174925471793 
-87.2336746754223 139.72945664413916 470.45681099037483 
-83.34806012188265 139.9335968187756 465.99597477113247 
-83.37279175454742 139.95036744210327 466.0615064522349 
-84.13670512097663 143.96357229097245 467.38444654090154 
-90.20828592836074 147.58122652137038 468.76110762828137 
-88.44900154478881 147.3333557639653 468.56001296502035 
-85.91160045881507 147.0367290782523 467.6261831439351 
-84.73848308400946 147.66751299524935 467.2112533757976 
-85.54925458243609 146.53554549490494 466.90938983464696 
-82.31297041106228 146.52881096999704 466.9174480172229 
-82.26433525156132 145.6900288853231 467.46701490043347 
-78.97770506663184 147.99063826135716 466.9086885051985 
-76.45108012544641 146.126815091425 467.97049934837645 
-75.20729601171134 144.78985902017055 469.8121704867189 
-77.12799040925175 142.09051371486484 473.74752565248696 
-73.61795869453235 144.37492372451405 476.1578222495586 
-75.87185945367001 144.9856248649433 476.270142292917 
-79.63215911030919 145.61635012855572 475.21935673495517 
-81.82518185847081 145.70440202399976 473.740370284241 
-78.8008326465755 142.71034234595848 476.32527892515606 
-78.60527054603787 142.60600750594 479.5427576052681 
-77.30480657716868 143.31197011528877 478.1248598711811 
-77.24959312558747 142.89923385238845 477.60525878740333 
-75.22682449946151 149.43606841776557 476.71938506300756 
-77.03645526312248 151.48905595341495 477.30719937138474 
-76.2348221107466 150.9837621149795 482.1053053018298 
-75.94273172080372 149.15145823111774 480.3756881485827 
-77.33083955231162 150.5927229118557 479.21485212610645 
-76.18050414257614 149.78195931915266 478.77030732207845 
-76.67195432452793 149.68708748423282 479.3872842345399 
-77.5820505123938 151.707979241985 482.5716496699687 
-75.85271759030746 154.58961041831526 479.71623351905276 
-77.37773613935248 156.21867059363265 481.3803815242032 
-77.30236098292524 156.66442398896035 482.0665277991744 
-76.56295490287317 155.84372038566678 483.2762041284094 
-78.15095564782499 152.95607346980177 484.18371543085055 
-82.38068237795991 147.80900849089244 481.91339107370896 
-82.7041970119398 148.35010321209202 479.2980935092414 
-79.9227178392845 149.97529734717915 484.2813353823078 
-82.30130649427699 140.8346604616755 479.5418017199879 
-84.78872943679218 138.13361788921515 481.79667096420985 
-87.0454910669984 136.5555815305158 481.7595713421866 
-82.85067911428264 138.071050594957 483.7160729763931 
-81.63879362285935 136.20779057347502 481.58749525505544 
-78.6481914372844 135.67703657479825 481.2831885701983 
-78.60562894633972 135.72923734935398 481.3846311050596 
-75.73919626212597 132.2264407895567 483.7896691881771 
-75.70181391967093 131.33523983247494 484.0966459529049 
-80.02885373424957 133.15580593990285 490.1712756617877 
-79.70956970212426 133.20555881000726 490.6448113541509 
-79.43800699502435 134.42826017029148 493.5129553547416 
-76.6580548355783 129.8903687252397 497.0210715438254 
-76.7025913101682 131.27323740887184 497.53166608582507 
-78.138531541216 131.70264768170253 498.90195209812526 
-77.65181476822748 133.25369869771598 495.3925619538617 
-75.39061021122357 131.22451911111798 494.32444204032214 
-74.94127869621084 130.89859899068773 493.6832611602344 
-77.14124165175211 128.4598809497467 492.41340189019286 
-77.28666982447491 128.93990602473727 492.35935178670167 
-77.8670813460473 127.5816658210536 488.5876624438021 
-76.45450007495289 128.8705055435162 488.5866496194598 
-77.19360968007199 129.7130861256567 488.05502610521677 
-77.53304020013482 130.4166203319016 487.79530393415206 
-77.52447601128695 130.19585843978916 488.45363227661653 
-76.57609924810058 126.98226692626372 489.24167749493074 
-77.23701972320991 127.79099580657727 486.120327002969 
-77.2533498317147 127.7420005065875 486.1840116143419 
-71.70098879803325 130.02828294264998 491.21130551620143 
-72.56411126066598 128.54419745625177 492.3411917871892 
-72.54049459982909 127.71230671089477 493.354842771902 
-72.50649032696083 127.74956742118255 493.95462355739926 
-76.5503492113436 124.90598451101569 489.9900689694417 
-79.22238589304614 123.56913500046431 489.50725572328855 
-79.28564700906509 124.22927924128051 489.18306825288414 
-79.38058390368948 123.70572555982955 490.8448180840497 
-79.97733676650036 123.22554661110154 490.06038257545936 
-80.87221252315575 123.43062858514162 488.1317940992259 
-85.21919875590922 122.98780060907525 486.384663631123 
-86.6196212474213 123.65665360186054 487.83376421399663 
-85.80926185144799 119.25207711471914 491.0315944400349 
-84.8696525268573 115.13019669362525 490.3594656006576 
-84.99927166602126 115.01831058292638 490.35102343848007 
-84.35231411247614 114.77761159823987 488.43950119146376 
-86.1857049399083 115.293265460421 487.62730242664014 
-84.05571309396367 120.31782647693734 489.2810336021225 
-83.42186065467858 117.82673184402388 489.7150434125691 
-82.4405370246241 117.72100965303349 488.3907937545783 
-85.05866654310962 120.06284858042788 489.0759794180342 
-84.8128633708641 120.0431552828107 489.02413574316193 
-85.20238495661646 120.12410498219808 489.8013025628157 
-86.72643625347227 119.37816070375942 487.97573750397123 
-81.06663826366636 119.4188581868171 491.95644743071216 
-81.05117552778158 118.5677605115628 497.0088659882078 
-82.45496091194805 119.21436747755098 496.6721445653734 
-81.85250027275131 117.04617114912136 495.95663501714233 
-78.23593603624464 113.02532348301098 494.3501733850946 
-79.47189931636211 110.2824820672729 498.69046208765536 
-81.15131488864407 110.55855538047564 498.05756410675406 
-80.06791131266054 110.46089674738383 496.7954716073675 
-79.35829410860534 108.08520378554206 500.2717542581705 
-81.34866486231282 106.79855009037138 502.3290075911395 
-81.19149221935706 107.37543875760322 502.4774587281347 
-84.045159512986 112.53910282424158 502.7637776415141 
-82.9567802905427 111.58687443649363 502.74544402007626 
-83.80928327864322 109.77767034852576 504.77102253235415 
-84.18503579565083 109.51428488446828 505.1147974993748 
-84.57411855768044 109.34463377454689 505.4448694307757 
-82.54010232639372 107.90940264785364 506.7495189330597 
-81.6046754915525 112.84618350912426 512.0053892730369 
-81.78954858421403 111.15853434138941 509.7907162764947 
-81.6561784737971 111.44125949606351 513.100402947157 
-79.47120699601841 110.28254137746691 517.0729126359154 
-79.12281095594014 112.14236466765277 515.329736784139 
-79.58230497027971 112.13107407194244 516.1447698785777 
-81.32295232553217 110.52256354209956 514.0959627029928 
-82.15459028250771 112.23141654653705 514.2567653918207 
-82.44133401428914 111.30736968640193 514.3996416587973 
-82.91936922773836 111.44306898798696 514.2876252356169 
-79.994857094374 108.22313352274064 513.5361776089075 
-83.71158921620007 107.14016497453753 512.113285059475 
-78.77516912140743 108.79898844738803 512.7977000197167 
-75.52472206578038 110.92701704458476 514.0684690800309 
-75.73439869638064 112.91742849839508 514.3997150719783 
-73.01952268471157 108.12276295410604 518.9300100405895 
-73.52580687928487 110.63157043389457 526.8960999386625 
-74.60624697373355 110.79871551790579 528.3812960364903 
-74.63517869959844 110.82257978965858 528.3580248960358 
-74.67110676963654 109.86733141718267 527.864326879793 
-65.66962260480705 110.31463060346029 522.8192578726176 
-65.05822765238338 111.53936690388544 523.354453959082 
-66.63217426003767 112.80145979106004 522.210987101732 
-68.69054748759747 114.40978918065969 528.1349649844624 
-72.0440514498191 116.85164485744288 529.1634782631982 
-72.0758054502074 116.76100056029136 529.2318842086041 
-69.1762946609041 115.14499710214825 531.8793065849086 
-68.20809745753257 116.48582536837336 531.8668017732676 
-68.3039448844629 111.6623475285705 534.3752351308368 
-69.17822946132817 108.16372530910348 531.2766082949996 
-69.39482703752527 108.31746468988453 531.3690622600258 
-72.79316654348364 107.53269477652071 532.6348018842771 
-72.03113437720198 107.64606134736802 531.8118382747795 
-73.75764540521287 108.00379001986322 531.0629500801025 
-70.93153464678366 108.00717449543185 533.074907555176 
-68.45056639004828 107.85837387967514 534.2388471563321 
-69.0085068732151 106.27062360156499 531.9154963382246 
-73.34422021435684 106.07933131353975 536.8657679141687 
-73.655517030445 106.93547794892041 536.2324551955472 
-74.20450083656493 106.79448586511172 536.5513286619387 
-78.77041990501996 105.25668615992537 538.6338121437434 
-78.74734061153988 104.55417212978637 538.2531958001742 
-79.20560094604278 105.34177459472411 538.9724725208952 
-78.81584074158138 106.04579202598825 538.3241595411184 
-75.890915949296 105.32331059684853 540.5407028331041 
-77.47140932664276 100.67910987564741 539.8634769728974 
-77.85591412744225 101.61460294445435 538.8137016339326 
-72.60294602610756 104.59863114220663 536.1877218847692 
-74.25893069752414 101.93327141409507 536.0890305446105 
-68.99754558868862 102.8470905728825 538.4741005860034 
-69.84180747839898 98.13911854651312 542.1445724481129 
-69.27542091737502 98.22217271043702 541.582426934751 
-69.58716149116128 98.72078636296138 541.8454886276094 
-72.34345387988976 98.31860449763076 540.7749332277699 
-70.582123863234 100.38397889271573 540.6442789373257 
-69.75312966596749 101.42744699895925 542.3195962043577 
-68.88371216222959 102.21251532377157 543.6180384573075 
-66.09768707702148 98.54515102859145 542.3074181166279 
-64.99188159432902 99.35399023939665 543.4915833683591 
-59.357803989304486 103.03248772260561 543.7774786586335 
-58.803918823720224 103.16280784926862 543.4672163197188 
-58.82243369365148 104.1816887646304 543.7383745863871 
-57.447490397746485 103.20366157791631 547.4189580283903 
-52.146326905064114 104.22743175352255 546.9061976073073 
-49.88478215909179 102.27587893102478 548.5608054075349 
-49.885342036503964 102.2758725751173 548.5634828337529 
-46.13815705010674 102.50933921329052 554.6098528230112 
-42.63127723575223 102.63038171472337 559.9822931235271 
-38.99599750385958 100.03643392762298 560.2339530201234 
-39.13736415040313 99.21505089616444 561.0642037861032 
-40.105353091764826 99.46530704643804 560.4967022905962 
-42.26370186305998 99.45054216931759 569.4920314326791 
-45.26275696040844 101.53484147315669 567.9403865921334 
-44.85563338913433 99.48058209041389 566.1455169683536 
-41.61086038755504 97.20472196098875 563.5901873373773 
-45.79185379150299 95.30508885623189 565.7222734591089 
-44.29809792241579 94.61805562125762 566.8626932094295 
-43.8345156666606 94.55833118602314 567.2803908347693 
-43.32266830845665 95.52668845638416 572.2090077163159 
-45.53378025109538 96.02684212049282 572.249217383088 
-39.19947541085309 97.94123388814945 571.401238194961 
-39.45646438693257 98.52268954289198 570.8537224633526 
-39.624945794237526 98.3083051176477 569.5845723583234 
-39.3436239714429 99.708905250963 570.8695156757238 
-38.277334942879385 99.05665176672976 572.094368512212 
-39.335330774567055 99.81849088926272 572.1149224911036 
-40.274968935130154 101.46681313297896 570.321498977094 
-41.971502812800445 101.8513011823091 570.9385139829604 
-40.60575027275067 104.27628200821883 570.6917454370342 
-38.81185229923756 107.51614124679483 575.8660124801456 
-39.842812319982045 104.39832455364966 577.2954149134946 
-44.68186625070268 108.59972395975844 578.5481995698606 
-46.068730819698146 109.25349242224111 577.8825379452945 
-46.15674015296422 106.1571520412226 578.3982932539664 
-49.471755613166124 104.02348790897054 580.336605613585 
-48.8231789130496 104.26710651293043 579.922299777147 
-49.17806288499505 104.07402289277087 579.8280414093108 
-49.2017887130195 104.0358807579566 579.7903542048256 
-48.77680983646122 104.19362275441068 578.5237317371195 
-50.04670581260024 101.34822629180151 574.3781323343308 
-50.07075843302036 101.59283111700393 574.5460082865259 
-51.40147231750455 101.55551354353489 576.8702473114007 
-51.32453360756497 101.56985091577913 578.1201109981447 
-52.13710992499514 100.83229544402245 577.2132787768599 
-47.26794728590539 97.01469811074895 574.9596013989332 
-47.25234421204712 97.02114926446305 574.928084402154 
-48.993177203528035 96.27681573234305 575.4673415261346 
-51.56923371847189 94.06453059210249 571.4202680429871 
-49.96925543312563 95.22007780949026 576.0165058026752 
-49.173355734190395 94.51657726932393 577.5188955151712 
-48.40548090610747 96.69699382529251 575.9691299676012 
-51.0841298153199 97.29322419751429 574.7347890971736 
-52.887284541701874 97.12211838828999 577.1604142421021 
-53.68296510211192 94.90884042710205 576.7033543666959 
-54.267225600398746 92.06823108693828 574.8820300526918 
-53.014760744033076 90.20983621855554 574.2185029015124 
-53.12873284845004 89.95415829431208 574.7337711776055 
-52.95039010666973 88.21530205218333 574.3065320480109 
-53.06112780544224 86.57496886656956 578.5351775710038 
-51.87646596978764 85.3811712419704 579.4610336520798 
-55.5961135554314 81.77836224346701 579.2534554453083 
-55.605274118352995 81.77708474347307 579.2514269918015 
-56.44382997478482 80.0292125550441 584.2033401573418 
-57.60270594873029 84.55650278074125 582.2707892690562 
-58.48980276869882 84.18486617039417 582.5796391950214 
-51.33252661610993 83.29300574256858 591.462383643469 
-50.166714557136295 84.19186180311938 590.8007733835203 
-47.825990732405934 85.28364251008551 586.9106448582811 
-51.056473123097106 87.54868279483006 586.5056780266281 
-51.397492928750225 87.49020787850725 586.7481167004371 
-49.981440703533025 82.66762536289768 584.8643274091509 
-52.27282943448976 83.40675150409099 584.1136542540637 
-52.077459432210446 83.43226276104157 582.9028091764142 
-47.20541558174783 85.33711132437894 582.8248664707883 
-47.71293101832616 84.28356270850145 582.4332007367614 
-53.52093332470338 88.68028035853091 580.1127792277781 
-52.602915161999974 88.81162531683333 578.2113849412265 
-50.39714453105417 88.45469459734441 577.297614090309 
-51.10175596366947 85.35688517899378 576.7964863565032 
-51.058766326736986 85.36816512765668 576.797106396655 
-53.026879214486655 87.75005705991701 573.3016465659642 
-52.283287020867775 90.43460244907806 578.6564524290882 
-49.66749898098685 90.97640948721406 579.0980217686586 
-47.49109078447228 92.0664225537071 582.2408156837339 
-49.77924023638637 92.70056387492103 583.387660813241 
-49.640970732095305 91.32549926529475 582.1027976309347 
-48.294417211536754 91.73297922472558 577.6865607008353 
-49.62825084379519 91.46118319184498 578.0900401165696 
-50.38210330196317 90.19453972761836 577.6670505483901 
-50.04529473203486 89.92647616716224 577.8750234032029 
-50.31109817503366 89.843365972726 578.6144178229961 
-48.834526060447935 89.62981798856002 576.4329437654701 
-49.32306980506466 89.96921532543115 575.9913100393688 
-50.882072907607615 89.09084969672207 576.59436433628 
-50.33533050374044 88.78939984293501 577.3343257961827 
-49.958095400522446 89.2600479627601 577.9349346396049 
-51.45637873135121 88.95387242919703 578.5110660150608 
-46.821727851719764 86.3874847073796 586.6371531751025 
-47.72531281613225 86.76577030765773 587.7118186947113 
-50.64053862744337 83.21414522168152 592.2420345302068 
-50.70101697305421 83.33605719052007 592.227823117822 
-49.57703081799665 83.19625323896382 591.835153676076 
-49.92636594976446 80.94379551138677 596.7432257266892 
-53.31975986273302 76.6420109072734 601.6844618986876 
-48.30614727782237 79.93789024264981 601.8997344550228 
-47.390746320389205 80.79886091916647 602.0187359910083 
-49.119915445340624 80.21457076726021 600.8065575989042 
-50.72852615532487 79.13338753868385 599.6061356090848 
-54.611110461767616 74.90214612292772 599.0764475553201 
-54.37038882812685 74.00150137339577 600.5504417931336 
-55.18515464411671 72.67631715757821 601.4941298390775 
-53.99273424003316 74.84958096972082 600.3631278469596 
-49.76823143598767 73.66094004976733 599.3628289751442 
-49.26348520997914 74.07429020302736 599.2644382472124 
-50.83013964848038 73.8384902609314 598.8994529775798 
-50.4041852876839 73.51786483180312 599.2413254358975 
-50.54629421289808 73.66084753091177 599.2642302091285 
-50.22344584603127 71.60272985015602 604.8470271661497 
-47.08647874530888 77.85303163243753 604.3719240545469 
-45.548738181443134 77.78242120063628 602.1543133437142 
-45.582768571089495 77.6851045654928 602.0362408000499 
-45.300617519575226 77.75595482248742 602.0512474835222 
-44.04099772522158 80.60914370919815 599.1699703834189 
-44.517492477976226 80.61886236597054 599.2982332374864 
-45.509887759065606 81.40673399085892 603.1678912330578 
-48.71052200115709 79.71774832103719 603.637964202759 
-47.76804266248563 79.36115218003971 603.8572286603317 
-46.67475482765963 80.63714830450745 604.7771712235149 
-47.77124016175194 82.68134888298407 604.6403157615491 
-47.81342500999918 84.82788482270875 605.9268235740767 
-47.94238852034416 84.81805178192423 605.9177959872494 
-47.94348681640822 84.81827473297373 605.9186086152489 
-49.20641506092491 85.02103464389755 605.5493876513209 
-48.24727641511195 89.12018806045327 606.5379560564023 
-48.26159540359935 89.14722250346844 606.6088806931691 
-49.99506471860176 92.33301451969888 608.6579889359317 
-50.32192772734562 93.75079270813347 610.189924629971 
-46.49525504751873 95.32813829377336 613.0112912948368 
-47.086096373114806 96.02097465695964 614.1212065159988 
-47.97768113618618 96.67124668850872 613.8356563357452 
-47.210163444586435 97.6823242034381 616.3378431964095 
-47.120003532522595 100.7976063806998 616.932329201432 
-46.79104500089597 101.16228266469514 617.1159276944065 
-45.08345780336848 100.70822176635023 618.2010652699169 
-45.07082469408344 100.72374920714233 618.188432793597 
-45.11912024899426 101.96838566881205 616.8878083664423 
-46.54498807466722 98.56224335173067 615.9984565083666 
-47.32067846771714 100.37285168913702 614.9923478776656 
-47.30056844276269 100.34546887100643 612.7616698867992 
-47.57520892078656 95.92648723422349 610.8305070969219 
-46.24320462584773 96.17156885071338 611.0851099820965 
-40.30653852237055 94.90216809932306 612.9321593272919 
-40.32004267717048 95.05445017863624 613.1005684139209 
-40.09998274794548 91.354905829393 615.2106050072166 
-40.41968365625517 90.9480788384118 614.8222831443793 
-38.42302785517723 95.5024388136508 618.5825085830469 
-39.30995397502073 102.63470403443927 623.4512796809993 
-39.33850200111649 102.94545260225375 623.2875804561274 
-39.33387783071644 102.76855921095951 623.2622207079428 
-39.42425285932024 102.76929043013752 623.3979167111387 
-40.469403845352915 103.00773743609174 622.6693791718332 
-37.89642419449149 100.94241512047152 621.5818380916071 
-37.1669092868583 100.5291620272063 621.1732912766367 
-36.597964453820516 101.00346915664332 621.2663908257692 
-36.71130978352343 100.8941154306077 621.3920710062206 
-37.82348537523019 105.72972692871897 624.3449206286418 
-37.44230286843499 105.98965567017024 624.8237723828922 
-38.649625845138665 106.23079561419993 628.7958224021748 
