-26.97543900745721 -26.754185908246043 -26.969765187535117 -25.844706455505303 -27.083357368891583 
-26.831019052024914 -26.59778026272292 -26.81746178045765 -25.68375868360529 -26.93653900546343 
-26.87165230834175 -26.631172706003383 -26.836210615788673 -25.72013637332651 -26.961220926012388 
-26.89691497595659 -26.66712997412293 -26.863103269722018 -25.750946676752505 -26.98443146090753 
-26.933468551466206 -26.711948043868603 -26.90388831503006 -25.793793554346195 -27.021806823564944 
-26.99302098462192 -26.7781830813597 -26.976376776706758 -25.86294248970765 -27.089814894700908 
-26.98451145095136 -26.771522156190997 -26.971161331722442 -25.855132919695905 -27.08347818388657 
-27.00407284950178 -26.783809408493312 -26.982000847332174 -25.8718961291937 -27.098037585876227 
-27.000700785752116 -26.779166796079863 -26.978827940396556 -25.867928747479368 -27.0952356507391 
-26.99140884542706 -26.76814571785812 -26.966089346730797 -25.85659661327017 -27.083656896305428 
-27.00188983309954 -26.78488086320337 -26.97015202527639 -25.868295365843366 -27.08684707666744 
-26.92583220006415 -26.69972532215361 -26.879065815405497 -25.78022793408762 -27.00140858060348 
-26.900253797777694 -26.67292875663992 -26.85338996786416 -25.752301802304558 -26.97620046683906 
-26.944691527340566 -26.701615609448766 -26.8977908539497 -25.795313863941303 -27.0253983533121 
-26.944527437994296 -26.70163641920729 -26.8975546319744 -25.79517652044602 -27.025117539245883 
-26.941892692823302 -26.698517463244826 -26.894533094367347 -25.79210604108978 -27.022321186910247 
-26.937501448793228 -26.69208387824328 -26.88841160510239 -25.786366829299723 -27.017148260490032 
-26.908837558983947 -26.675251531783218 -26.855461469892006 -25.75814445388187 -26.9813319533219 
-26.824644996911204 -26.565377579030056 -26.770422231058646 -25.659536508586783 -26.904669892693462 
-26.85668024276454 -26.620959762483523 -26.82424698294618 -25.70615563200917 -26.947295822438406 
-26.856692220843925 -26.623569061129345 -26.823150804722104 -25.706695762763744 -26.94558295540044 
-26.897598790915055 -26.663661193700108 -26.868106329272905 -25.75143322684049 -26.98997803734909 
-26.894977642558473 -26.66160859148141 -26.866037391422267 -25.74891320718588 -26.987643662554206 
-26.891777552909858 -26.65307154806753 -26.863540147479767 -25.744029037040065 -26.98669353079238 
-26.8958940523558 -26.656899073131683 -26.867125991781492 -25.748248157392666 -26.99044995539991 
-26.892855569284393 -26.658094288507996 -26.86409511449314 -25.746251368169126 -26.98610934033755 
-26.838025633757965 -26.60796991042116 -26.816979275991585 -25.690465771861383 -26.936344181697365 
-26.823629839187518 -26.595841484735203 -26.803389449885117 -25.675841302388505 -26.92194894356517 
-26.822894755325137 -26.59582930916993 -26.803077466704252 -25.675368961510614 -26.92134077250391 
-26.837040780669213 -26.610451681373675 -26.816503519208837 -25.690574357271927 -26.934704038944773 
-26.83123535666772 -26.604097500294785 -26.809867230369804 -25.683960403431215 -26.928398306197465 
-26.799339457145322 -26.568845705473805 -26.78202346504635 -25.649563605934887 -26.90098568138295 
-26.77816446192925 -26.558103308439698 -26.772051561420895 -25.632598319670976 -26.885890455292312 
-26.77974744218909 -26.559641022474906 -26.775792945060132 -25.634811568042508 -26.88926900941898 
-26.75506278772714 -26.533347671126876 -26.751404365798052 -25.607809508138416 -26.865397953624523 
-26.753619895971582 -26.533857805058403 -26.751891311720996 -25.60731336290489 -26.864948348514616 
-26.810398664930233 -26.592425171053534 -26.81672134213197 -25.670974306037706 -26.92767646068947 
-26.84874609770577 -26.632108556013634 -26.86907276287262 -25.71615270058318 -26.977093134061533 
-26.776270344351587 -26.546059966553926 -26.793984752712717 -25.633432281276043 -26.906862251000177 
-26.777807529743853 -26.55099064027192 -26.798598744764504 -25.636865766981103 -26.90988963442139 
-26.75968980271979 -26.53496624088922 -26.78321102123664 -25.618659643996182 -26.89343224188258 
-26.709368329193865 -26.490238316499457 -26.7486835789593 -25.570152141285106 -26.85458784750621 
-26.802027332830363 -26.586341871499414 -26.843485567815577 -25.67153938703757 -26.94769880082437 
-26.903222221734907 -26.70143124069601 -26.968012388684343 -25.79072614962638 -27.06363766119864 
-26.86498290309129 -26.656880810458077 -26.927360777170193 -25.74707357736898 -27.025456807480197 
-26.846615425450253 -26.624634062389134 -26.91480627172409 -25.724878409560304 -27.016234611696248 
-26.838327681449528 -26.61013394922901 -26.899984137129607 -25.71240666948836 -27.004475275855782 
-26.850124614506 -26.627455868220835 -26.91991752008788 -25.728901211890943 -27.021271698008704 
-26.886334319360785 -26.656454538570443 -26.953582783978064 -25.765156289059917 -27.057495292413577 
-26.888667838379945 -26.664404681189794 -26.957075250414277 -25.769571329763323 -27.059053485370185 
-26.891586362617034 -26.667285146284456 -26.95918996120949 -25.772482358769423 -27.061310557742303 
-26.91182992807964 -26.69231086379179 -26.979344593864468 -25.795609709903133 -27.079952307279513 
-26.922525204603602 -26.701733909460614 -26.990624390360537 -25.80692049348076 -27.09149412915447 
-26.9134944194532 -26.69126587311753 -26.99005476200186 -25.799123844331874 -27.08993339050187 
-26.91961095183906 -26.696767789046447 -26.990503303160395 -25.803968278274255 -27.09153135806774 
-26.917185228972798 -26.69399014885802 -26.98762798315302 -25.801133800702132 -27.088848494381736 
-26.918655603861495 -26.697100924941324 -26.989133748304567 -25.803190649272068 -27.089839170974955 
-26.904227884028046 -26.683346923107933 -26.974052661142863 -25.78767076784935 -27.074702667439695 
-26.898051542387833 -26.6767279069319 -26.96932295074849 -25.781293208763827 -27.069876859761337 
-26.89863734539088 -26.679850100100595 -26.97091461600452 -25.782920156594315 -27.070512590826326 
-26.895918978720175 -26.676617702710615 -26.967427246432948 -25.77963630042119 -27.067323429575765 
-26.956081391756072 -26.730955815002815 -27.01920806531959 -25.840450802496704 -27.122178545164715 
-26.963704915005366 -26.72757639564928 -27.031065875233182 -25.84673101925631 -27.136667527578723 
-26.946592045529428 -26.723253480984894 -27.009936649757293 -25.830804042327642 -27.11234500275026 
-26.957040318560374 -26.73113650352434 -27.01847540134719 -25.84080168223666 -27.121974807293014 
-26.957367812304355 -26.731604983279198 -27.018806503182674 -25.84119509786032 -27.12226097298492 
-26.93917625739617 -26.721779018503057 -26.99955566300892 -25.823716546446107 -27.100663381504475 
-26.903776479877934 -26.69255725668077 -26.9731162601083 -25.78981399341967 -27.07087234633154 
-26.934686417740522 -26.722869997855213 -26.999290652102133 -25.821630032464014 -27.09796088732962 
-27.010014370232014 -26.777941492569312 -27.061092625819043 -25.89325729768366 -27.168136491268996 
-27.021494992695537 -26.784572418790887 -27.067995592668282 -25.90300877502888 -27.177293383076346 
-27.053100584033174 -26.819683778794072 -27.102913760642124 -25.938890571927047 -27.210473254341565 
-27.079536028522014 -26.822946204780294 -27.125644266921483 -25.959875295315925 -27.240894691547453 
-27.05304237280785 -26.800515722615245 -27.104703657614664 -25.934007729112437 -27.21781507198709 
-27.05564407188929 -26.804150933816473 -27.109409883046894 -25.93766872524401 -27.22183185501447 
-27.05534889948693 -26.80385251914501 -27.10910617448873 -25.937347922239837 -27.221531423405978 
-27.03634346717658 -26.78277545993444 -27.09099767996406 -25.916578989108217 -27.20395366686111 
-26.98645848948327 -26.747497564872447 -27.051221083113234 -25.86971396135634 -27.15807991234709 
-27.009377063942395 -26.77434279567099 -27.075807687245486 -25.895929324503868 -27.181109873917478 
-26.997745268475413 -26.761759580888437 -27.064813479264316 -25.883324468883274 -27.170329218420747 
-27.059298147785398 -26.82288624281132 -27.125022847123006 -25.94906158306526 -27.230734743984613 
-27.061328374670524 -26.824499153491246 -27.126964759410214 -25.951105405938804 -27.232814580388094 
-27.107069385925158 -26.869272857411005 -27.177859181840148 -26.00147275321683 -27.282990554580678 
-27.10729506031491 -26.869484635835292 -27.179789189198843 -26.0021886904441 -27.28462933886945 
-27.105806935353513 -26.86888486686449 -27.169453478203764 -25.998371960167987 -27.275555712411048 
-27.154034359774982 -26.921273806390957 -27.216691009756886 -26.051118122080325 -27.32155549565863 
-27.09461021798046 -26.856030963996048 -27.15699064370787 -25.98552040000223 -27.263851175144737 
-27.094750768277407 -26.856244876985883 -27.157153340060873 -25.98569801811567 -27.26398712995848 
-27.089149713579985 -26.851916712214205 -27.154363560537263 -25.980803413531135 -27.26033515106029 
-27.08209120772341 -26.843419162975522 -27.14572032392661 -25.97237402414943 -27.25242708758229 
-27.09195596772534 -26.854294915640224 -27.154261964737742 -25.98289970342367 -27.260860563063375 
-27.150831916787766 -26.91578926126347 -27.213391438050635 -26.047012487431132 -27.31898281132014 
-27.05480687880194 -26.82330050456609 -27.125111583273238 -25.946863018750506 -27.22853714649885 
-26.981112050495057 -26.753386721646876 -27.05189724866368 -25.868759138390686 -27.154277925231483 
-26.97372864873614 -26.75008209988046 -27.04705868255695 -25.86266304674794 -27.147766048230693 
-27.011391222011156 -26.794858492793622 -27.09166730173895 -25.90712280515899 -27.188886697080278 
-26.860293724325643 -26.635360978647412 -26.94365877216208 -25.74298352856576 -27.043341070755844 
-26.860100330896557 -26.632494274586136 -26.945765795932502 -25.742678489019568 -27.045872498726794 
-26.890393835089483 -26.66314997650774 -26.977305061055205 -25.775752482670185 -27.07700269937338 
-26.910093193340742 -26.684658582078853 -26.997363609998118 -25.79756655228168 -27.09639019688848 
-26.96873502370444 -26.733798624679395 -27.03752580716595 -25.852872741793007 -27.14250043123289 
-26.96636052275028 -26.730744687127412 -27.034733708467243 -25.850012362544845 -27.139995638864136 
-27.006015110111633 -26.772370318077165 -27.082214674577017 -25.895417849942532 -27.185410625048405 
-27.006101558674345 -26.772448908544348 -27.082283844385813 -25.895503857262753 -27.185484957310862 
-26.965829565150884 -26.736929997979217 -27.05020950121566 -25.855786515242528 -27.150645969218203 
-27.017864888140465 -26.798933330083415 -27.0946838221508 -25.91245079892471 -27.193219152376315 
-26.810720387021917 -26.585161806064676 -26.882095626808123 -25.6860802612227 -26.984174438284484 
-26.808239486523675 -26.58263987671711 -26.87766907815896 -25.682860881224954 -26.980103004153648 
-26.83077131732253 -26.602619661316865 -26.901227330379285 -25.70669214539528 -27.004207078474252 
-26.822829294259492 -26.593444017806746 -26.892380115677483 -25.69754135557345 -26.995917236357087 
-26.876505501940372 -26.65622644878306 -26.95339165497583 -25.7599408407132 -27.052715588735282 
-26.832650052699265 -26.613829410088115 -26.91129004927477 -25.713613606720884 -27.009983405557563 
-26.84783608343244 -26.63347367690399 -26.92779829509537 -25.731599460449317 -27.024849917395542 
-26.87208710134925 -26.649030098811963 -26.945126490028997 -25.75333449853926 -27.04598023363411 
-26.855438490348817 -26.645787306851517 -26.9384168771532 -25.741964218152347 -27.03347776867207 
-26.85073028407409 -26.64140012277163 -26.935772926374113 -25.73755885867331 -27.030393182564083 
-26.87630248281266 -26.667230884512463 -26.965499581040007 -25.76632613753692 -27.05925650597726 
-26.8765298856664 -26.672950302131 -26.97059530931209 -25.769498332335772 -27.061824409287667 
-26.860823359710338 -26.65335422583138 -26.954415487744598 -25.751347017284544 -27.046966716259917 
-26.959116962856484 -26.753478454962448 -27.050646995232512 -25.85710108186366 -27.142719873924335 
-26.96503225767006 -26.761437823816607 -27.057513366234247 -25.86431534047655 -27.148777175492285 
-26.96161195538184 -26.757333035118478 -27.053127531765995 -25.860169042112034 -27.144777198040373 
-26.966958364291884 -26.760351775168843 -27.055504340363257 -25.86442952008322 -27.14836627279051 
-26.98670595602998 -26.77548748216347 -27.077370748380858 -25.884967556230222 -27.17123515944327 
-27.013692015989818 -26.790217267024843 -27.084495190184796 -25.90501667654962 -27.18547669850254 
-27.08321454490128 -26.859721672372103 -27.149098073697104 -25.978447803219936 -27.25074501532376 
-27.08322387844315 -26.861562720770536 -27.151812061583342 -25.97971692835158 -27.252428645194087 
-27.051511990839742 -26.82761329839083 -27.11949663994298 -25.944809459769687 -27.220992033662256 
-27.190949434947512 -26.97450479985679 -27.265324000240582 -26.09861269002758 -27.36304699611054 
-27.314005219427415 -27.084877811175318 -27.391739107928245 -26.22825000153574 -27.492454336851054 
-27.333513198349834 -27.105199002833984 -27.406809608379135 -26.24818729418496 -27.50798903871747 
-27.324033556926068 -27.100059984833166 -27.388359382935832 -26.236731426800603 -27.489776476585845 
-27.41619717144637 -27.187755259437296 -27.476567157526745 -26.33337432450756 -27.579797683467845 
-27.406315509057336 -27.179568047986777 -27.467711300313837 -26.323518711773318 -27.570269312082203 
-27.38262669861018 -27.1575578135231 -27.44743627048733 -26.299487961991986 -27.548951346987565 
-27.256245484709353 -27.050764620872428 -27.33260895647875 -26.17244809431166 -27.42643425625326 
-27.2390053802295 -27.025264091010342 -27.313090825590265 -26.150945973025983 -27.40990168679423 
-27.24124233536196 -27.026319281920678 -27.31426581665393 -26.1527226117191 -27.411617607460684 
-27.194383259214632 -26.983552129894505 -27.26547237187009 -26.1029937138334 -27.362020572287605 
-27.171773085988065 -26.957014775180724 -27.265281279148198 -26.08383476582607 -27.359245177086024 
-27.148365556826107 -26.932193032835144 -27.24494356503763 -26.059149932691795 -27.338876944962536 
-27.143594495969225 -26.921901812829972 -27.242006091764082 -26.05302144116918 -27.337330901264835 
-27.119018275446777 -26.898569991501006 -27.210476367439853 -26.02494581289291 -27.306683165148357 
-27.09204902419515 -26.871700283908865 -27.18955033879054 -25.99769493812552 -27.284758708014238 
-26.974282325961667 -26.74181223962964 -27.05064761318411 -25.861639412723008 -27.15354077577257 
-27.03766342222889 -26.806419038900202 -27.11023507687821 -25.929122793220614 -27.213235027505362 
-26.954020601541103 -26.711886496757458 -27.014002379104753 -25.832601929149803 -27.122751545519705 
-27.02634648198054 -26.77475589992602 -27.086680033497544 -25.907934988397045 -27.19807094085128 
-27.008058464706636 -26.7528465612925 -27.064109131548094 -25.886078882806217 -27.17740291164924 
-26.97454533824599 -26.716517802526994 -27.028477950972047 -25.84865614249928 -27.14309341241966 
-26.974865580879253 -26.7284890361626 -27.03853065298047 -25.854885773969613 -27.147885888427155 
-26.981092725684817 -26.731847985595678 -27.04430788594682 -25.860676522392126 -27.154603113287408 
-26.96741665988 -26.71620662246937 -27.031314382424014 -25.845609474264876 -27.142130322171155 
-26.949972205787063 -26.69473097596949 -27.007112653330367 -25.823852147303498 -27.12038431233033 
-26.9159054171147 -26.669448480564796 -26.975538059377342 -25.7902776243142 -27.085778204793982 
-26.900314593295164 -26.653072166401415 -26.958734343996753 -25.772939852549 -27.069468428239517 
-26.942360563039358 -26.69651667479016 -26.998755661294922 -25.81803667171117 -27.109296898556153 
-26.891178179404164 -26.63634326578571 -26.94006135103851 -25.758391210324675 -27.054804553253874 
-26.881856575885863 -26.636806871594317 -26.944527443650685 -25.754844140793026 -27.05390244164073 
-26.903034116790096 -26.657796586324167 -26.966854884212992 -25.77791445277728 -27.076030123547383 
-26.887046732449377 -26.638012378871153 -26.944592247609606 -25.75791784762751 -27.05606384895667 
-26.87904650773278 -26.628062926022395 -26.937107894983882 -25.748908198603914 -27.049109378002242 
-26.941786807216374 -26.69148846606774 -27.001705517639266 -25.81716285444047 -27.113002886969625 
-26.949599670904732 -26.702562451595583 -27.011073137584262 -25.826900110764683 -27.121079885669715 
-27.03687043543232 -26.793765724717403 -27.0953487029103 -25.92107849492784 -27.20443084259861 
-27.039970030864097 -26.795783111310953 -27.0972908558511 -25.923795696401626 -27.206897350819332 
-27.09351191520159 -26.83416228541185 -27.139911712199165 -25.974234563356745 -27.25591936501057 
-27.26558909504473 -26.996832393282034 -27.299666858086667 -26.153339431556276 -27.420239296280116 
-27.234766328829068 -26.966362231438822 -27.26812242640264 -26.12010999655959 -27.3887954243054 
-27.233206449432004 -26.98208802072965 -27.272802781791853 -26.12485208190337 -27.387091562557387 
-27.19037780925045 -26.937706430502004 -27.22697862790828 -26.077579087563507 -27.342379931537252 
-27.26305627161142 -27.008242613413245 -27.295795600588207 -26.15406981562994 -27.412331104358756 
-27.251654504502497 -26.997982620698053 -27.28578145886823 -26.142503738819116 -27.401755505459732 
-27.259283109018284 -27.00660867231143 -27.295793354889014 -26.15161706122298 -27.41102634141768 
-27.258965179888136 -27.019852288613038 -27.314816394081532 -26.16027549029043 -27.422528870306778 
-27.188140633082867 -26.953201425035232 -27.25160019711123 -26.08740092068679 -27.356903735136214 
-27.196147361951375 -26.967376500031477 -27.25940293276065 -26.097671816433788 -27.36282356168205 
-27.164595525221472 -26.922812202628833 -27.21742748197552 -26.057271645293184 -27.32673680420217 
-27.11397112588368 -26.874859751330717 -27.169186689873598 -26.00422859947851 -27.27739864511355 
-27.117258664022373 -26.88598316328904 -27.178906063680728 -26.011711696340825 -27.283587438692223 
-27.131245985330807 -26.9106011767676 -27.191988476371307 -26.0295059429896 -27.293514337609466 
-27.180697866880735 -26.964680810948067 -27.248874095220927 -26.08601020330373 -27.34755964890546 
-27.203882590364202 -26.97784423712592 -27.269964372923226 -26.10752862586186 -27.37203557283155 
-27.219701298755467 -26.994996129409373 -27.28931232106818 -26.125877621748657 -27.390322018626108 
-27.19826835489654 -26.976877660994433 -27.26595602469709 -26.103242158883106 -27.366334488124863 
-27.24040860602834 -27.007202241027784 -27.2967596729887 -26.142114506380963 -27.402619162577707 
-27.31368253261185 -27.080152014909856 -27.368962972551174 -26.220463811836566 -27.47491139494697 
-27.215495242583657 -26.978093196749768 -27.26495206760039 -26.112292999777964 -27.37336183463505 
-27.280392279647657 -27.0440259513491 -27.32472206100141 -26.180943254797697 -27.43352641920005 
-27.285421764151835 -27.047505526987493 -27.329138470009866 -26.18574765941166 -27.43851275729459 
-27.296960374446172 -27.054009146465603 -27.342889303958103 -26.197335930509723 -27.453398724612114 
-27.31351515626693 -27.062314824425684 -27.354345723873294 -26.211461166819703 -27.468230369159954 
-27.420186408531507 -27.17650098532492 -27.46037882191976 -26.327937662455156 -27.571780445432395 
-27.41880296338732 -27.1744408704793 -27.457009126791903 -26.325731204200792 -27.56896697139429 
-27.43938295615395 -27.193008829277048 -27.476752778000417 -26.347044404321593 -27.58942010048584 
-27.478424364457155 -27.230469550539553 -27.510225289530126 -26.38702923232782 -27.624241934885006 
-27.466436812029073 -27.223304937266732 -27.497548266794183 -26.375323359202213 -27.610231298657666 
-27.449629811535587 -27.205234856830288 -27.481665240427645 -26.357173120883814 -27.594621555695753 
-27.487017197216076 -27.243267100694894 -27.52430223980302 -26.398884662715744 -27.636050966930455 
-27.465405005945925 -27.227561447862243 -27.506089149631336 -26.37824358751942 -27.615487597866505 
-27.468025724286846 -27.229320257534667 -27.508020446180424 -26.380631183211335 -27.617796789512667 
-27.567148316921006 -27.330275125064105 -27.594051502381873 -26.48405180991034 -27.705268216694705 
-27.56978278264792 -27.320717148320142 -27.589157586518525 -26.481482225036032 -27.705432735222743 
-27.508245936147148 -27.258588013346937 -27.52162363292028 -26.4137267762988 -27.639284941084114 
-27.52889458897397 -27.283872450162818 -27.54267275903362 -26.4372959183207 -27.658779906919634 
-27.536273575248742 -27.29184448171236 -27.551342482978654 -26.44571431843481 -27.667023228408354 
-27.55086120329659 -27.312996760818464 -27.569694370434874 -26.464199258620724 -27.6826572404417 
-27.57404272121417 -27.342863557849157 -27.606053557101646 -26.494399402183817 -27.714610725802487 
-27.61577027349483 -27.403078037021857 -27.664372518997382 -26.54881266595467 -27.76424541701404 
-27.709224557693517 -27.4840523498696 -27.73857368229517 -26.640377366282863 -27.84538061977402 
-27.782059883478382 -27.57004425202841 -27.81894022284075 -26.724180468562494 -27.920187051237363 
-27.80015794329296 -27.58990850109967 -27.838864483208 -26.74455868576331 -27.939203063443856 
-27.766140209154457 -27.556710506857712 -27.805752421123486 -26.708582571137782 -27.90576932411517 
-27.776339547947316 -27.564525616268796 -27.814050857047818 -26.71832607539615 -27.915107071446442 
-27.769446209036957 -27.56422341959589 -27.80449104801974 -26.712161754980173 -27.903979157176536 
-27.804336974383702 -27.595028497739094 -27.835501085652112 -26.747352233919855 -27.936833714523672 
-27.771000443972753 -27.565211498829996 -27.80478552070582 -26.713336624049006 -27.904661707564472 
-27.738402595584745 -27.525646356145444 -27.76611333288865 -26.67480937221751 -27.869280559402483 
-27.704610277290854 -27.487801199650008 -27.72531038374619 -26.63561812042373 -27.831029875693005 
-27.710058239980455 -27.492096306985502 -27.730790498391272 -26.64113035562538 -27.83684790111883 
-27.757189838812977 -27.539769770505757 -27.78049316559796 -26.692458129944754 -27.88581702132845 
-27.79341824578144 -27.574344749514296 -27.82127142731767 -26.731971108837797 -27.926229878116715 
-27.862647895474424 -27.63571848935905 -27.88122828702913 -26.801491816869856 -27.99004066776068 
-27.853791911320002 -27.62173753944147 -27.863535948236773 -26.78828234746902 -27.97548523901162 
-27.84951748650822 -27.625903195576868 -27.867308049957188 -26.788177926528064 -27.97526368883986 
-27.84860383857327 -27.631284569172067 -27.868474804012962 -26.789550836120824 -27.97412214793593 
-27.75899943526234 -27.547708526202413 -27.796167093151837 -26.699754036125455 -27.897199673121605 
-27.8064496253145 -27.580289338876597 -27.833514270874502 -26.743697779865343 -27.94076886635237 
-27.79621693882865 -27.57148805535759 -27.824864690461396 -26.73355397996589 -27.931429697940175 
-27.691610747238457 -27.454157300118524 -27.72408071047876 -26.618838034276607 -27.83418708376324 
-27.699913802776805 -27.463568470389347 -27.731908474749574 -26.6279250897485 -27.8417337189978 
-27.711000436604635 -27.473758046905047 -27.744853931574937 -26.640051748103176 -27.854605230535867 
-27.783440558949295 -27.550230590998595 -27.820593449192415 -26.719702906410163 -27.928342286576225 
-27.714144188427127 -27.479195915932024 -27.751445148663166 -26.644980388087987 -27.859884396644148 
-27.712036504027225 -27.474748274692715 -27.741241925434622 -26.63992111906248 -27.8518092397496 
-27.712726473223555 -27.475740802657697 -27.741866323280036 -26.640728535799582 -27.852349845034254 
-27.730679533806025 -27.491677409063115 -27.75248312344837 -26.657485779745485 -27.864812506421316 
-27.69096922846721 -27.44348024977853 -27.713941197311087 -26.612841980828193 -27.828788779659178 
-27.67643456084781 -27.44098282349401 -27.698093659032523 -26.600298191702848 -27.809492908644273 
-27.72920218625856 -27.490064210676408 -27.747123299479128 -26.654855978838043 -27.860170959243405 
-27.75033011573194 -27.51594980888723 -27.77000510257058 -26.679303984420258 -27.88122416043838 
-27.706945342929572 -27.470783561524087 -27.72613993308771 -26.632169549068408 -27.83810556513363 
-27.732913308943495 -27.49209913192915 -27.750330120837745 -26.658230066206812 -27.86397314009865 
-27.745743868634435 -27.518353701025234 -27.75901117384508 -26.674748730354054 -27.869186549405427 
-27.766298433419365 -27.53244829919265 -27.772957417947623 -26.693243587504142 -27.886222995034373 
-27.764593986339207 -27.52787394274378 -27.768644648377318 -26.689934959212167 -27.883254810365628 
-27.724095632253608 -27.491190209794 -27.725149070988792 -26.64687707481015 -27.83920151699941 
-27.681841851317117 -27.4291208760702 -27.668547522514203 -26.59231758102807 -27.791334430656946 
-27.628038939069597 -27.38481778818108 -27.624182448899887 -26.539690548108524 -27.742531751375907 
-27.608223285904657 -27.36683420245167 -27.608422679999364 -26.519979955820432 -27.72555352216675 
-27.50847371878092 -27.26540025343705 -27.51023241268004 -26.41287540999913 -27.627876427229197 
-27.456770975724723 -27.206316952920048 -27.458910458410557 -26.355374880588528 -27.578905959743352 
-27.489631764147248 -27.242245588402525 -27.495781283468958 -26.39253648878126 -27.61404594848372 
-27.490654673172543 -27.243405380730536 -27.49676229931535 -26.39366252840169 -27.614989261689345 
-27.464003768739616 -27.22933720696956 -27.479329129275357 -26.371004631041984 -27.592139895733084 
-27.46052622803434 -27.22584420971613 -27.48204510549988 -26.36885968231954 -27.59379806025862 
-27.482227908216856 -27.25213542889847 -27.50508182317877 -26.39381074861349 -27.615127652583922 
-27.504784783295804 -27.277444952640067 -27.53094932341348 -26.419663390956813 -27.63951222397185 
-27.433238533188003 -27.21202615452951 -27.45875995583461 -26.34447977909474 -27.565726198326843 
-27.456853194380912 -27.240211037495243 -27.48188223545607 -26.371031250807363 -27.587454387408442 
-27.469241984479737 -27.25362406718166 -27.495162269024533 -26.38485440293759 -27.600230532718513 
-27.512642937251655 -27.295455148160798 -27.536510646694623 -26.43044371438961 -27.642304789953727 
-27.56541520687304 -27.34947504429168 -27.59996937912763 -26.49017562246118 -27.703397370934113 
-27.706169651796472 -27.49931781854221 -27.742147411741186 -26.644114062641236 -27.842145182309395 
-27.793046743704394 -27.57111571929819 -27.819173837797763 -26.730304837122304 -27.92531589700603 
-27.674731190966213 -27.45911456322102 -27.70564119026335 -26.606553749513807 -27.809310375533187 
-27.66704518949939 -27.451882241493934 -27.700062044603314 -26.59899059896759 -27.803247948944346 
-27.70214209476866 -27.484477662675317 -27.734210401116442 -26.635647464878957 -27.838243099079435 
-27.70245191834512 -27.488246637544194 -27.73209046421441 -26.636351437113746 -27.835468818029952 
-27.61869988628088 -27.412249987798333 -27.64934233133502 -26.549081506533255 -27.750360184533335 
-27.643262634724636 -27.410347433289218 -27.658797902555563 -26.56387463703473 -27.770559086926283 
-27.58691376691192 -27.354553299136867 -27.604031254595867 -26.504005312957034 -27.715494791274722 
-27.6925615284009 -27.4682177066816 -27.71936848177657 -26.622091555558754 -27.826401240775283 
-27.631868118458925 -27.409814758451517 -27.659094949459686 -26.557783358557586 -27.765504697398526 
-27.590851112038038 -27.368321569857585 -27.619541597333424 -26.514035425228286 -27.725953732028756 
-27.609186815928254 -27.385367727483555 -27.636787653125552 -26.533047909891593 -27.743738854203585 
-27.636155328164577 -27.418639771529527 -27.669298366330864 -26.56522271385282 -27.77327197307281 
-27.61810100257263 -27.407247069238935 -27.654574107946104 -26.548656617699862 -27.755957739060946 
-27.60517122735908 -27.39937803032629 -27.639343595956333 -26.53567317053394 -27.739586581864444 
-27.668322588099585 -27.442900631246204 -27.686164978041873 -26.593489969834778 -27.79514213291894 
-27.677508638816178 -27.439361800245436 -27.689478137206507 -26.598188271694923 -27.8033851043254 
-27.694877155344145 -27.47377493641629 -27.723709739064304 -26.626030038089027 -27.829383596966295 
-27.700038681003804 -27.479340526438705 -27.72986452508397 -26.631936972239586 -27.835228582806906 
-27.660266079557147 -27.433609834963278 -27.691701764440154 -26.588009457215776 -27.798735059855588 
-27.688916351742492 -27.466752710770734 -27.725398492416872 -26.621331673607273 -27.830097259200045 
-27.68833503642948 -27.46790827365828 -27.723715662409703 -26.62091619133632 -27.82806862642184 
-27.747760261946226 -27.531694229438784 -27.778830169086902 -26.6847446545179 -27.882421057332607 
-27.69091390483389 -27.479669593747076 -27.728015496929658 -26.62677566519777 -27.82922195817929 
-27.70181227306749 -27.4905183908907 -27.738917387036977 -26.63844485443863 -27.840110229462056 
-27.664376824005174 -27.450338289237294 -27.70483804295141 -26.598397021311797 -27.80640127868287 
-27.75660105955322 -27.54246531937966 -27.796277093648143 -26.697019595203713 -27.897765633393135 
-27.758783550599432 -27.566617140852998 -27.807927358046214 -26.708227170186376 -27.900971219986374 
-27.722909551506845 -27.53250936799546 -27.774698259782667 -26.670995549689422 -27.866833887303883 
-27.71174875001539 -27.534724477969846 -27.766669457563026 -26.663823012860874 -27.85413787455667 
-27.717579429102443 -27.53935959696136 -27.771959788909157 -26.66957356665104 -27.859877564870303 
-27.57805566889344 -27.397183320296648 -27.62563734031312 -26.517443158782115 -27.715905239963064 
-27.571369054482815 -27.38559533879895 -27.61753849858259 -26.50843998120115 -27.70959147420392 
-27.560618229443975 -27.37540063305444 -27.60643079297327 -26.496983815967198 -27.698399826881897 
-27.55754303957771 -27.370983052262574 -27.60139479808099 -26.49277949804302 -27.694124912757474 
-27.555044798351915 -27.369016838004683 -27.599489346735666 -26.490411497590017 -27.69195906883155 
-27.559541539208396 -27.376190483391525 -27.607267400702497 -26.496880824800968 -27.6983312778502 
-27.469467032100127 -27.287922324093927 -27.525974509865975 -26.40306854950809 -27.615213936596547 
-27.514030673124452 -27.31816485522768 -27.556955756161273 -26.443096222654248 -27.65285325408003 
-27.50250995925566 -27.281513309289494 -27.528690580184062 -26.419056418249596 -27.635293245212353 
-27.43367639549089 -27.22098295218106 -27.46428183339738 -26.34873899387692 -27.567730653222952 
-27.418605968805792 -27.203753016626962 -27.445630631520828 -26.331011671008397 -27.55040548468162 
-27.451000165770495 -27.238932393894558 -27.475624529998143 -26.365987058439572 -27.57986258972261 
-27.64711675418208 -27.447442834804008 -27.680637553466028 -26.5822847881155 -27.778981694963022 
-27.643520305342918 -27.44455493066056 -27.6778716550797 -26.57885098744299 -27.77586248738271 
-27.578681163738494 -27.375505194243615 -27.60476496962518 -26.50596997135048 -27.705653224158723 
-27.771338538877856 -27.58707959520737 -27.81190810649707 -26.721809751242574 -27.90392486537877 
-27.764696680042135 -27.580175790531555 -27.80385381765217 -26.714254524700564 -27.89621069145069 
-27.53456820552404 -27.34727029446195 -27.580894655096216 -26.46855302571616 -27.673491791293728 
-27.535277282764525 -27.347211488111057 -27.58202273074714 -26.46919298520362 -27.674785288463355 
-27.573227322161586 -27.3850777984822 -27.61747013219798 -26.509227186909612 -27.710587012198246 
-27.581707093668754 -27.394398446493256 -27.62670970607212 -26.518768070380318 -27.71941276027657 
-27.578361866102682 -27.39107529764189 -27.62344041539626 -26.515206644598763 -27.716132385465315 
-27.62253758217041 -27.436406507642914 -27.66489731219103 -26.562223817172153 -27.757578615062883 
-27.62386615258167 -27.437159970773124 -27.666577175397236 -26.5635664788515 -27.75937404780464 
-27.62203431799213 -27.43362391511951 -27.664599366511894 -26.56105608290899 -27.757956524639695 
-27.68221063379835 -27.498523780870855 -27.737779913349428 -26.630348227277494 -27.827288290270744 
-27.73975117939736 -27.552710531801694 -27.78525521632379 -26.68840269625271 -27.877376989310974 
-27.72772943209918 -27.53905437046201 -27.770718380514538 -26.674385043423698 -27.863810001623875 
-27.695359904930683 -27.49765835730173 -27.7306011265474 -26.63502524953431 -27.8279112771654 
-27.687632607622618 -27.4910534159188 -27.72421567340382 -26.627418579014204 -27.82096698480568 
-27.662697846276657 -27.465435306060726 -27.69510994482964 -26.599420199389797 -27.79285361504722 
-27.637717563731627 -27.440653602594537 -27.67070590893441 -26.57284470235507 -27.768354261001647 
-27.639833291034435 -27.44248858804093 -27.66976564935692 -26.574252405290764 -27.768019634134006 
-27.631637251863197 -27.433872013677743 -27.662811103027025 -26.56565515708766 -27.761004535208016 
-27.624880307920222 -27.420010790375073 -27.64633632821608 -26.553842482165933 -27.748424924011815 
-27.544334726220058 -27.34896712520721 -27.583096093112374 -26.474679830013812 -27.67947233469104 
-27.589479270039377 -27.38096077659833 -27.62654674515771 -26.518795396080463 -27.72717901870503 
-27.58804709782538 -27.378392571501237 -27.625836078836286 -26.517115816090225 -27.726700338147424 
-27.6047641680818 -27.3943617749851 -27.64335975610453 -26.53503737113502 -27.744273356644328 
-27.61509872523669 -27.406295108023244 -27.658137586291843 -26.547745668075564 -27.757764859780735 
-27.675135631727244 -27.4664058954141 -27.723710130962246 -26.613600292162886 -27.822206426957834 
-27.671945006918193 -27.46262763990049 -27.720619032388484 -26.61003673892081 -27.819288471514525 
-27.699601721115386 -27.49123102860554 -27.75132164436762 -26.640767381170022 -27.849102608016196 
-27.68954816026711 -27.481779399084843 -27.745913841887557 -26.63140399835558 -27.842736599835973 
-27.679946174500074 -27.476706056155052 -27.737857549283675 -26.62282525927536 -27.833038448902073 
-27.69045108305204 -27.490877599551936 -27.75121982183157 -26.63590984623113 -27.844747937552825 
-27.67270129693685 -27.475488050444383 -27.733864369687367 -26.617669893206966 -27.82663994494628 
-27.670302363227734 -27.473031828007265 -27.730862687992314 -26.614920187177432 -27.823765526469032 
-27.6625241091116 -27.465073056692617 -27.721164576084448 -26.60601616496116 -27.81447255393101 
-27.775021429119235 -27.569855020599903 -27.82662372341369 -26.722489790547982 -27.92323699946435 
-27.77914463939034 -27.57357420099214 -27.830640614738698 -26.726763339051033 -27.927386602044677 
-27.7736295866807 -27.57408553428914 -27.830736099488732 -26.724086401444723 -27.924666939091054 
-27.823036280745782 -27.619212471713567 -27.893052490849612 -26.77928668049131 -27.98596610381736 
-27.85926911575295 -27.65326309785722 -27.92840651660751 -26.81724248553516 -28.022051779445675 
-27.78630813229458 -27.573499769557287 -27.855251184442764 -26.737103078186607 -27.951218041394327 
-27.771092338705643 -27.54471459397223 -27.83161074123538 -26.714693420376022 -27.933250160119883 
-27.769222212347287 -27.54477903670174 -27.835351746481876 -26.71477324124278 -27.93543251142259 
-27.825067069009904 -27.60675388569426 -27.882193613556396 -26.773855500350933 -27.98179212551858 
-27.826836195259986 -27.609459188600454 -27.885282138173835 -26.776372593645704 -27.984359983842694 
-27.862680922653695 -27.64680987043387 -27.9193975828248 -26.814726752638876 -28.01821578918515 
-27.93717647825933 -27.71581418595136 -27.983910905184146 -26.890273489153515 -28.085952671919046 
-27.958475395726254 -27.731740686159554 -28.002296549940482 -26.910790710263427 -28.106444715499663 
-27.88562110993118 -27.665032160078255 -27.926109199448277 -26.833616378421226 -28.02912109173444 
-27.883958204389316 -27.663317417941585 -27.924321637185002 -26.831787625829875 -28.027375319716924 
-27.868174851504165 -27.649156186981912 -27.91238202587023 -26.816362721552792 -28.014312563062916 
-27.86467579697222 -27.64571767508346 -27.910299726449608 -26.813009330719225 -28.011976493644866 
-27.86096571790108 -27.642468442847033 -27.906819299996243 -26.809227064382966 -28.008323640111172 
-27.89059466683895 -27.673650405474092 -27.94817785468608 -26.844558634250177 -28.047106388083918 
-27.880164039017757 -27.66582918387566 -27.95434413453573 -26.838682635960083 -28.0496388451742 
-27.899287456636173 -27.69292929989294 -27.978133275287462 -26.86269088816678 -28.07011786588174 
-27.89129740130059 -27.68423387294773 -27.970420143333513 -26.854013204904092 -28.06259529795041 
-27.85482242749687 -27.64499900520775 -27.936103318596082 -26.814776661295966 -28.02885253134363 
-27.873586347044323 -27.666510792230596 -27.96638430945852 -26.838898396781318 -28.056261269426372 
-27.863369511352204 -27.655164709576454 -27.956913409921754 -26.82785499903565 -28.04703618037047 
-27.856726248095967 -27.651469624650233 -27.950606894301174 -26.821649209716085 -28.039781450689674 
-27.777241541298366 -27.562368973754772 -27.88141973656961 -26.736814309212832 -27.971986658497983 
-27.774586788056666 -27.547656655148685 -27.863637851360238 -26.726319584156442 -27.960515528975677 
-27.771182885059986 -27.545163414855637 -27.863534485129804 -26.723869554191495 -27.959572505614062 
-27.76008687438683 -27.536609561621404 -27.855662596632257 -26.713595132653452 -27.950394123986513 
-27.762403598065475 -27.539033431040053 -27.85777659620446 -26.716048634890328 -27.952504197606217 
-27.804611989960094 -27.579681934315545 -27.897051573724426 -26.76001818547155 -27.992653858975075 
-27.758810839354993 -27.53448709515162 -27.856212553285047 -26.712530039766577 -27.950892177241982 
-27.832974681093418 -27.608160463949645 -27.935836845813867 -26.79348551559835 -28.029533709376665 
-27.837339452303226 -27.613787621715318 -27.94209692505099 -26.799057852876444 -28.03506931876572 
-27.783769125910283 -27.5543256035716 -27.88321622399016 -26.738511853067394 -27.979046513374982 
-27.787844135228383 -27.55942263896995 -27.88677192839431 -26.74299973350358 -27.982368421653334 
-27.740317625889162 -27.517956739253307 -27.84123207114446 -26.694257680801883 -27.93475278835392 
-27.64443307597611 -27.42711082399947 -27.751537060787484 -26.594609497966644 -27.842697367608366 
-27.600560325967137 -27.382508268526237 -27.709329031164245 -26.547838767069408 -27.800541307642675 
-27.590058567032983 -27.367741729947255 -27.6969500898758 -26.534870436583475 -27.78981955069267 
-27.64259797965812 -27.418833998467704 -27.744344281921656 -26.589334156883226 -27.838406026003398 
-27.77800284666968 -27.541825892300892 -27.878106103589815 -26.730741632740248 -27.97589725647218 
-27.748316137819728 -27.52597745893638 -27.86556018067357 -26.707672915057884 -27.95624067388428 
-27.703250323847996 -27.484745412726497 -27.811003148481092 -26.657558227442976 -27.902261047439794 
-27.705745986861984 -27.479729831901707 -27.808194953558697 -26.656659343574987 -27.902660758530345 
-27.7097757781344 -27.48468449305696 -27.81322050202637 -26.66152043121275 -27.907220979769335 
-27.793818918541106 -27.581737329814942 -27.903833740358635 -26.757048409687684 -27.992498304601398 
-27.783942050517354 -27.572013399568903 -27.89412604232585 -26.746553735981124 -27.982740172360664 
-27.799882857709648 -27.591718377635274 -27.92227590393712 -26.768274884862137 -28.007598167388267 
-27.80816506023561 -27.59960770102711 -27.931474679811828 -26.777319860971915 -28.01673865273554 
-27.793975624349684 -27.579107248762142 -27.913884403480537 -26.759403699872166 -28.001702336722403 
-27.799067340250687 -27.579594153902335 -27.910191394389386 -26.76101346094549 -28.00091722775936 
-27.846374554564704 -27.628511679955594 -27.956193789730875 -26.811754950531153 -28.046528752278448 
-27.866095404043662 -27.640650520156512 -27.971969169508597 -26.829696529055838 -28.065254581551287 
-27.819322863531 -27.58115439495208 -27.91740988761363 -26.77391258331963 -28.016051237951373 
-27.831094844622413 -27.59577957769187 -27.9301907607244 -26.787577260761083 -28.02775532225445 
-27.842056798753873 -27.609498145714127 -27.941005830413772 -26.800008993558677 -28.03772456759775 
-27.83495815146648 -27.60170842634645 -27.934538739630725 -26.7924052568395 -28.03137807060581 
-27.82038399221979 -27.58736156316226 -27.920441157300573 -26.776986740127995 -28.017166306338936 
-27.913366665444414 -27.683454100121196 -28.016894947053245 -26.878463664037085 -28.111830197967066 
-27.940284289927334 -27.71194054331417 -28.044839296711217 -26.90801519396875 -28.139048444257696 
-27.987073880101278 -27.74792330984164 -28.087117874156405 -26.953955039906532 -28.185289371438174 
-28.0036277476421 -27.758721159510927 -28.104434657472112 -26.97042034928316 -28.20418822333839 
-28.064306111369476 -27.835505599052652 -28.158655805423706 -27.037684434570807 -28.254448747196903 
-28.01518863043684 -27.79521323174211 -28.111912268756484 -26.988154411904333 -28.204715917492635 
-28.013931294792656 -27.794871418029118 -28.11349360120917 -26.98788214352038 -28.205530922063176 
-27.993431731422845 -27.770492828961878 -28.093003245093115 -26.964897750468353 -28.186280634408803 
-27.857778198839824 -27.638104291104142 -27.97593623257795 -26.825976684847376 -28.065361308984308 
-27.862088758974323 -27.64255894250887 -27.98055717606097 -26.83072685382527 -28.069873648027 
-27.794024256947935 -27.572875881435706 -27.914625370768036 -26.757996115681806 -28.00424543352284 
-27.852536728975792 -27.628480015919095 -27.97441242970622 -26.820326542823977 -28.064550634167276 
-27.84243089792419 -27.612846705867483 -27.95550308924402 -26.80539242429809 -28.04887368332679 
-27.784206598371043 -27.554809687332124 -27.901037185778222 -26.744166307101082 -27.993852645857842 
-27.764698833049835 -27.534784861230918 -27.88022849461518 -26.722725790304125 -27.973476839233044 
-27.737260490114778 -27.515416868994734 -27.864734335067354 -26.69904052113408 -27.953530684261466 
-27.740671497448773 -27.51920052790966 -27.867704922172038 -26.702661775257553 -27.95645442801353 
-27.712748742184232 -27.49408437358315 -27.845371901371834 -26.67516314822923 -27.932374822846356 
-27.71954197159596 -27.50241257405966 -27.84942237491211 -26.68201551267947 -27.93641044904824 
-27.697867751133472 -27.48933552741437 -27.834181196846856 -26.66301250964105 -27.917491882912316 
-27.704372326785546 -27.50539291276378 -27.851208626660338 -26.675758679614404 -27.92977579890055 
-27.66212956212304 -27.465998451852982 -27.81210645881869 -26.63218529516473 -27.889374287018455 
-27.655777187217325 -27.452602919529866 -27.80467813033188 -26.6231600174723 -27.884301609326656 
-27.67614116824582 -27.476678338995356 -27.819097620412037 -26.644165114116248 -27.898550383058932 
-27.63838365970554 -27.442117811499614 -27.77823984872937 -26.60358749435258 -27.8573419595712 
-27.633159132870205 -27.43511911712612 -27.77345949555918 -26.597638360049856 -27.853043074549888 
-27.640231062187198 -27.44356896952283 -27.780539553296634 -26.605598933732665 -27.859680946233922 
-27.617641106011448 -27.425426808353905 -27.760271824832174 -26.583278875226767 -27.83771125732568 
-27.599092997564696 -27.41141718542991 -27.742448977954837 -26.564839980923438 -27.818420239975183 
-27.654679179212977 -27.472618696306853 -27.805308997782802 -26.62820842801024 -27.8781703209104 
-27.655941062955264 -27.473817308253032 -27.803720246665478 -26.62867786218601 -27.877083557503227 
-27.63333630617501 -27.452791038365035 -27.77966945512223 -26.604430900124285 -27.85285307422751 
-27.554999482912564 -27.364781872266832 -27.701637829751093 -26.517832931739235 -27.777944185841918 
-27.54869306396776 -27.355722823271805 -27.705523518496747 -26.513449288655977 -27.78094878154039 
-27.472147079090377 -27.297112240327323 -27.643799540903103 -26.44075028711086 -27.7114041313947 
-27.528501531637644 -27.356776918512352 -27.703642914294633 -26.503231689644977 -27.76949080495791 
-27.52593378081467 -27.349142875974835 -27.697303585972364 -26.49791745114591 -27.765353165823115 
-27.48588755742884 -27.316934897621607 -27.664493622527814 -26.459334933094084 -27.729014721462093 
-27.543561650839834 -27.37105436807434 -27.71211225099823 -26.51712785326218 -27.779280877084773 
-27.523888199612628 -27.327855178261004 -27.675770081988404 -26.484476440100437 -27.753043961734235 
-27.471318099235305 -27.272921258546717 -27.63080468287457 -26.429767651298647 -27.707639242536445 
-27.44318862483101 -27.242582720579776 -27.604937788170687 -26.399683642202675 -27.682134331629484 
-27.462097190858003 -27.26226558590406 -27.62461204025354 -26.420432591236363 -27.701391106981433 
-27.535960153316864 -27.317580619521152 -27.678345119005513 -26.48857019248365 -27.764044284983953 
-27.562167475481942 -27.355092379360897 -27.712702922681544 -26.522198468892213 -27.79348316649363 
-27.528948927384675 -27.315400615281476 -27.682137887109448 -26.485670407982468 -27.764525359257874 
-27.529980947680258 -27.316376794919293 -27.68313446643957 -26.486752517643666 -27.765542336295596 
-27.54879007553143 -27.338922429137938 -27.70116646024252 -26.50767793227638 -27.782518580664217 
-27.590376056367546 -27.377433013294848 -27.74233446449871 -26.551370676849984 -27.82458744901453 
-27.539339589629876 -27.327968884893053 -27.69889043704262 -26.499391484803127 -27.779494492342963 
-27.54851829730984 -27.338723360113065 -27.710043384370508 -26.51027769498279 -27.78980427642969 
-27.548926465034583 -27.33923005504846 -27.710467784237224 -26.510746607222885 -27.79019478936759 
-27.566264614463535 -27.358886565120372 -27.725930059879204 -26.529369311094598 -27.80522641698812 
-27.577169414628813 -27.371275269983812 -27.73985956633716 -26.542414302280534 -27.818156168231198 
-27.56058140746015 -27.365886650350646 -27.732053030332793 -26.530335420663178 -27.805472314157498 
-27.560340629418874 -27.36606735311753 -27.732310047533417 -26.530346198904752 -27.80551618209877 
-27.53470809328691 -27.339471704995148 -27.69829017558196 -26.499936901337335 -27.77329142573879 
-27.56520431590232 -27.369778189511322 -27.736367964497845 -26.535005964258914 -27.810051083906714 
-27.568409018740724 -27.369156345388816 -27.729541210699082 -26.53427142416598 -27.806100333092317 
-27.610871696022627 -27.40681492219545 -27.770574572147837 -26.578119521326087 -27.848734231234914 
-27.68928581527888 -27.487509146659406 -27.8498033068049 -26.663092068663644 -27.92692269898737 
-27.59982803222941 -27.39853488327705 -27.774899638441397 -26.57187032769896 -27.849613253757752 
-27.572516080211045 -27.379277669865786 -27.74992957964139 -26.54541847654035 -27.821857654711707 
-27.57509673533201 -27.380193357222083 -27.751416881450382 -26.54740088576237 -27.824033125865242 
-27.560178844932054 -27.365043907900173 -27.737558638876735 -26.53166876767075 -27.810103562702892 
-27.585866510499528 -27.39698964112233 -27.771494319852735 -26.56352823053311 -27.840653885400783 
-27.547833893395563 -27.374125333287978 -27.72659616559467 -26.52457535638773 -27.79238617704314 
-27.547138890693304 -27.373501017228932 -27.726094051504518 -26.52390943802962 -27.791831432999686 
-27.581749315700407 -27.410563606332744 -27.77397564476358 -26.56593045043239 -27.83661610844618 
-27.638469196913903 -27.46289292332706 -27.824590037450534 -26.623652185471755 -27.88946360721347 
-27.656890892665956 -27.481814090156277 -27.84526337843701 -26.64426686073709 -27.909553154539623 
-27.655857731826174 -27.48109320228886 -27.84425879886608 -26.643251255637978 -27.908450865542363 
-27.630709260412075 -27.45665052031265 -27.81763784886934 -26.61599239923771 -27.881929890427287 
-27.60602484462308 -27.42865030548319 -27.80567403169502 -26.592733112319678 -27.868880999654166 
-27.63033087824236 -27.443266405296626 -27.818111641436616 -26.61240918170529 -27.88623450972716 
-27.61967819537088 -27.43210939583031 -27.811586118931857 -26.6021855123402 -27.87918676576753 
-27.58984483429856 -27.408051667109774 -27.785267473173207 -26.572830853022026 -27.850585070816024 
-27.555707661991534 -27.371083116906547 -27.742519354824253 -26.53266437554342 -27.810257990905257 
-27.50498689779843 -27.31986737369604 -27.69543854718846 -26.479263288016767 -27.76284120028636 
-27.60790625139964 -27.418027304161896 -27.78973312286854 -26.585691982889458 -27.85978947606384 
-27.572924861885312 -27.38234483846948 -27.759330008510943 -26.54944377449675 -27.82891043230795 
-27.71814937687013 -27.522152763144305 -27.892338134526554 -26.69989718205275 -27.96527889078483 
-27.717781661918835 -27.520269390314766 -27.892947189860564 -26.699419679353298 -27.966184263250398 
-27.7554297068683 -27.575599397712722 -27.927680451928467 -26.74353954703004 -27.99591269558158 
-27.748389201416018 -27.5735540143218 -27.919204975700467 -26.736888878064264 -27.986168640949685 
-27.808450429793922 -27.63893310803965 -27.98463998744529 -26.804393573719906 -28.04890363912584 
-27.786189150271397 -27.600875418829105 -27.959846223543636 -26.775493570019904 -28.029437618056818 
-27.785399830114486 -27.600358735963383 -27.959308609402726 -26.774799688753617 -28.02877573203196 
-27.780270529685865 -27.589074168895976 -27.95658834922152 -26.768443034046697 -28.027538881562535 
-27.784397250766418 -27.594030846175443 -27.962747152330905 -26.7737354358067 -28.033086605440445 
-27.829752233998448 -27.6540421640168 -28.02478262095478 -26.831590070394725 -28.087685453168746 
-27.86904690148748 -27.69244569148728 -28.06458192155864 -26.87363077448485 -28.127569944396043 
-27.890182143204214 -27.715277709747284 -28.09319873074554 -26.899172650018315 -28.154341758485657 
-27.861553696963682 -27.687676585447107 -28.066934749862668 -26.869542405885824 -28.127435853546103 
-27.880733035567914 -27.69058441190799 -28.076199203002503 -26.88260997795919 -28.14330170668569 
