8.845329284667969e-05
5.054473876953125e-05
0.0001766681671142578
5.1975250244140625e-05
6.771087646484375e-05
4.887580871582031e-05
5.0067901611328125e-05
4.863739013671875e-05
4.982948303222656e-05
5.030632019042969e-05
4.8160552978515625e-05
4.9591064453125e-05
4.8160552978515625e-05
4.792213439941406e-05
4.863739013671875e-05
4.8160552978515625e-05
9.751319885253906e-05
4.935264587402344e-05
4.863739013671875e-05
4.839897155761719e-05
4.8160552978515625e-05
4.863739013671875e-05
4.863739013671875e-05
4.8160552978515625e-05
4.8160552978515625e-05
9.131431579589844e-05
5.030632019042969e-05
4.839897155761719e-05
4.839897155761719e-05
4.863739013671875e-05
4.8160552978515625e-05
4.863739013671875e-05
9.751319885253906e-05
4.982948303222656e-05
4.9114227294921875e-05
4.982948303222656e-05
4.839897155761719e-05
4.839897155761719e-05
4.863739013671875e-05
4.839897155761719e-05
4.8160552978515625e-05
4.839897155761719e-05
4.839897155761719e-05
4.8160552978515625e-05
4.8160552978515625e-05
4.839897155761719e-05
4.9591064453125e-05
4.8160552978515625e-05
0.00010824203491210938
4.9591064453125e-05
4.863739013671875e-05
4.8160552978515625e-05
4.839897155761719e-05
4.839897155761719e-05
4.887580871582031e-05
4.887580871582031e-05
4.9114227294921875e-05
4.839897155761719e-05
5.054473876953125e-05
4.839897155761719e-05
4.839897155761719e-05
4.839897155761719e-05
4.8160552978515625e-05
4.8160552978515625e-05
4.8160552978515625e-05
0.00012969970703125
4.9591064453125e-05
4.8160552978515625e-05
4.887580871582031e-05
4.8160552978515625e-05
4.863739013671875e-05
4.935264587402344e-05
4.982948303222656e-05
4.863739013671875e-05
4.935264587402344e-05
4.8160552978515625e-05
4.8160552978515625e-05
4.8160552978515625e-05
4.9591064453125e-05
7.152557373046875e-05
9.751319885253906e-05
4.982948303222656e-05
4.839897155761719e-05
4.887580871582031e-05
4.8160552978515625e-05
4.839897155761719e-05
4.839897155761719e-05
4.863739013671875e-05
5.078315734863281e-05
0.00013256072998046875
5.0067901611328125e-05
4.935264587402344e-05
4.863739013671875e-05
5.030632019042969e-05
4.935264587402344e-05
6.937980651855469e-05
5.7220458984375e-05
5.030632019042969e-05
4.935264587402344e-05
4.9114227294921875e-05
4.982948303222656e-05
4.9591064453125e-05
4.935264587402344e-05
4.9591064453125e-05
4.935264587402344e-05
4.935264587402344e-05
5.030632019042969e-05
4.863739013671875e-05
4.863739013671875e-05
4.863739013671875e-05
4.9114227294921875e-05
4.887580871582031e-05
8.034706115722656e-05
6.341934204101562e-05
4.887580871582031e-05
4.887580871582031e-05
4.887580871582031e-05
4.9114227294921875e-05
4.935264587402344e-05
4.935264587402344e-05
7.510185241699219e-05
5.078315734863281e-05
4.935264587402344e-05
4.887580871582031e-05
5.030632019042969e-05
4.982948303222656e-05
5.340576171875e-05
0.00011348724365234375
5.1975250244140625e-05
6.198883056640625e-05
4.935264587402344e-05
4.839897155761719e-05
4.8160552978515625e-05
4.887580871582031e-05
4.863739013671875e-05
4.839897155761719e-05
4.8160552978515625e-05
4.887580871582031e-05
4.863739013671875e-05
4.8160552978515625e-05
4.839897155761719e-05
4.9114227294921875e-05
4.887580871582031e-05
6.723403930664062e-05
6.937980651855469e-05
5.054473876953125e-05
5.0067901611328125e-05
4.863739013671875e-05
4.887580871582031e-05
5.030632019042969e-05
5.054473876953125e-05
5.030632019042969e-05
5.0067901611328125e-05
4.935264587402344e-05
4.887580871582031e-05
4.839897155761719e-05
4.8160552978515625e-05
4.863739013671875e-05
4.863739013671875e-05
4.839897155761719e-05
9.655952453613281e-05
5.078315734863281e-05
4.9591064453125e-05
4.8160552978515625e-05
4.839897155761719e-05
4.982948303222656e-05
4.863739013671875e-05
4.863739013671875e-05
4.863739013671875e-05
4.9591064453125e-05
4.887580871582031e-05
4.9114227294921875e-05
4.863739013671875e-05
4.935264587402344e-05
4.9591064453125e-05
4.839897155761719e-05
4.8160552978515625e-05
9.679794311523438e-05
6.341934204101562e-05
4.9591064453125e-05
4.839897155761719e-05
4.887580871582031e-05
4.887580871582031e-05
4.935264587402344e-05
4.839897155761719e-05
4.887580871582031e-05
6.818771362304688e-05
5.316734313964844e-05
4.935264587402344e-05
4.887580871582031e-05
4.863739013671875e-05
4.982948303222656e-05
4.863739013671875e-05
0.00011563301086425781
5.054473876953125e-05
4.863739013671875e-05
4.935264587402344e-05
4.863739013671875e-05
4.9114227294921875e-05
5.1021575927734375e-05
4.887580871582031e-05
4.9591064453125e-05
4.863739013671875e-05
4.982948303222656e-05
4.887580871582031e-05
5.030632019042969e-05
4.982948303222656e-05
4.863739013671875e-05
4.863739013671875e-05
0.00011348724365234375
7.82012939453125e-05
4.9114227294921875e-05
4.863739013671875e-05
4.9114227294921875e-05
4.9114227294921875e-05
4.982948303222656e-05
4.863739013671875e-05
4.8160552978515625e-05
4.8160552978515625e-05
4.839897155761719e-05
4.8160552978515625e-05
4.9114227294921875e-05
4.887580871582031e-05
4.887580871582031e-05
4.863739013671875e-05
0.00011396408081054688
5.054473876953125e-05
4.887580871582031e-05
4.839897155761719e-05
4.863739013671875e-05
4.863739013671875e-05
4.887580871582031e-05
4.839897155761719e-05
4.839897155761719e-05
4.744529724121094e-05
4.792213439941406e-05
4.792213439941406e-05
4.839897155761719e-05
4.8160552978515625e-05
4.76837158203125e-05
4.792213439941406e-05
4.839897155761719e-05
0.00016689300537109375
5.078315734863281e-05
5.0067901611328125e-05
4.887580871582031e-05
4.887580871582031e-05
4.839897155761719e-05
4.982948303222656e-05
4.839897155761719e-05
6.842613220214844e-05
5.1975250244140625e-05
4.9591064453125e-05
4.982948303222656e-05
4.863739013671875e-05
4.9591064453125e-05
0.00010704994201660156
4.982948303222656e-05
4.887580871582031e-05
4.887580871582031e-05
4.8160552978515625e-05
4.792213439941406e-05
4.982948303222656e-05
4.9114227294921875e-05
4.863739013671875e-05
4.863739013671875e-05
4.863739013671875e-05
4.863739013671875e-05
4.887580871582031e-05
4.887580871582031e-05
4.935264587402344e-05
4.863739013671875e-05
4.839897155761719e-05
0.00012946128845214844
6.29425048828125e-05
4.863739013671875e-05
4.863739013671875e-05
4.887580871582031e-05
4.9114227294921875e-05
4.887580871582031e-05
4.863739013671875e-05
4.8160552978515625e-05
4.9114227294921875e-05
4.863739013671875e-05
4.839897155761719e-05
4.887580871582031e-05
5.125999450683594e-05
4.9591064453125e-05
4.863739013671875e-05
9.703636169433594e-05
4.9591064453125e-05
4.839897155761719e-05
4.8160552978515625e-05
4.8160552978515625e-05
4.792213439941406e-05
4.839897155761719e-05
4.8160552978515625e-05
4.839897155761719e-05
4.839897155761719e-05
4.839897155761719e-05
4.8160552978515625e-05
4.792213439941406e-05
4.839897155761719e-05
4.8160552978515625e-05
4.8160552978515625e-05
4.839897155761719e-05
9.775161743164062e-05
5.030632019042969e-05
4.863739013671875e-05
4.863739013671875e-05
4.863739013671875e-05
4.935264587402344e-05
4.887580871582031e-05
4.839897155761719e-05
4.887580871582031e-05
5.221366882324219e-05
4.935264587402344e-05
4.863739013671875e-05
4.887580871582031e-05
4.863739013671875e-05
4.839897155761719e-05
4.863739013671875e-05
0.00010657310485839844
5.054473876953125e-05
4.935264587402344e-05
4.863739013671875e-05
4.9114227294921875e-05
4.982948303222656e-05
4.935264587402344e-05
4.935264587402344e-05
4.887580871582031e-05
4.935264587402344e-05
4.9591064453125e-05
4.9114227294921875e-05
4.839897155761719e-05
4.887580871582031e-05
4.9114227294921875e-05
4.9114227294921875e-05
4.863739013671875e-05
0.004585742950439453
5.4836273193359375e-05
4.982948303222656e-05
4.887580871582031e-05
4.887580871582031e-05
4.9114227294921875e-05
0.00013184547424316406
6.365776062011719e-05
4.935264587402344e-05
4.887580871582031e-05
4.9114227294921875e-05
4.9591064453125e-05
5.030632019042969e-05
4.982948303222656e-05
4.935264587402344e-05
5.221366882324219e-05
4.9114227294921875e-05
4.887580871582031e-05
4.863739013671875e-05
4.839897155761719e-05
4.863739013671875e-05
6.818771362304688e-05
6.699562072753906e-05
5.0067901611328125e-05
6.198883056640625e-05
4.792213439941406e-05
4.8160552978515625e-05
4.9114227294921875e-05
4.863739013671875e-05
4.839897155761719e-05
4.76837158203125e-05
4.863739013671875e-05
4.792213439941406e-05
4.8160552978515625e-05
4.863739013671875e-05
4.9114227294921875e-05
4.863739013671875e-05
0.00011467933654785156
5.030632019042969e-05
4.863739013671875e-05
4.9114227294921875e-05
4.8160552978515625e-05
4.887580871582031e-05
4.982948303222656e-05
4.887580871582031e-05
4.9114227294921875e-05
7.081031799316406e-05
5.054473876953125e-05
4.9591064453125e-05
4.9114227294921875e-05
4.935264587402344e-05
4.9114227294921875e-05
4.887580871582031e-05
0.00011420249938964844
6.29425048828125e-05
4.863739013671875e-05
4.863739013671875e-05
4.863739013671875e-05
4.863739013671875e-05
4.935264587402344e-05
4.9114227294921875e-05
4.863739013671875e-05
4.9114227294921875e-05
4.9591064453125e-05
4.863739013671875e-05
4.863739013671875e-05
4.935264587402344e-05
4.9114227294921875e-05
4.9114227294921875e-05
9.72747802734375e-05
4.982948303222656e-05
4.863739013671875e-05
4.9114227294921875e-05
4.839897155761719e-05
4.982948303222656e-05
4.863739013671875e-05
4.887580871582031e-05
4.935264587402344e-05
4.9114227294921875e-05
4.935264587402344e-05
4.887580871582031e-05
4.887580871582031e-05
4.887580871582031e-05
4.9114227294921875e-05
4.9114227294921875e-05
4.887580871582031e-05
0.0001289844512939453
9.894371032714844e-05
9.703636169433594e-05
6.270408630371094e-05
4.839897155761719e-05
4.887580871582031e-05
4.9591064453125e-05
4.935264587402344e-05
4.935264587402344e-05
4.935264587402344e-05
4.863739013671875e-05
0.00012636184692382812
0.00013113021850585938
5.14984130859375e-05
5.054473876953125e-05
4.887580871582031e-05
4.839897155761719e-05
4.839897155761719e-05
4.839897155761719e-05
4.863739013671875e-05
5.030632019042969e-05
5.054473876953125e-05
4.9114227294921875e-05
4.9591064453125e-05
4.9591064453125e-05
4.887580871582031e-05
4.935264587402344e-05
4.9591064453125e-05
0.0014595985412597656
5.2928924560546875e-05
4.982948303222656e-05
4.982948303222656e-05
4.9114227294921875e-05
4.887580871582031e-05
4.935264587402344e-05
4.9591064453125e-05
4.887580871582031e-05
5.173683166503906e-05
0.0001304149627685547
4.935264587402344e-05
4.9114227294921875e-05
4.863739013671875e-05
4.887580871582031e-05
4.863739013671875e-05
4.863739013671875e-05
4.863739013671875e-05
4.8160552978515625e-05
4.863739013671875e-05
4.863739013671875e-05
4.887580871582031e-05
5.221366882324219e-05
4.863739013671875e-05
4.8160552978515625e-05
9.751319885253906e-05
4.935264587402344e-05
4.8160552978515625e-05
4.8160552978515625e-05
4.887580871582031e-05
4.8160552978515625e-05
4.863739013671875e-05
4.863739013671875e-05
4.839897155761719e-05
7.152557373046875e-05
4.9591064453125e-05
4.839897155761719e-05
4.9114227294921875e-05
4.887580871582031e-05
4.887580871582031e-05
4.8160552978515625e-05
0.0001285076141357422
6.318092346191406e-05
4.9114227294921875e-05
4.8160552978515625e-05
4.9114227294921875e-05
