8.416175842285156e-05
4.7206878662109375e-05
4.7206878662109375e-05
4.673004150390625e-05
4.649162292480469e-05
4.696846008300781e-05
4.553794860839844e-05
4.553794860839844e-05
4.57763671875e-05
4.506111145019531e-05
4.553794860839844e-05
4.57763671875e-05
4.5299530029296875e-05
4.553794860839844e-05
6.651878356933594e-05
8.225440979003906e-05
7.867813110351562e-05
4.57763671875e-05
4.5299530029296875e-05
4.553794860839844e-05
4.553794860839844e-05
4.601478576660156e-05
4.57763671875e-05
4.57763671875e-05
4.553794860839844e-05
4.76837158203125e-05
4.553794860839844e-05
7.82012939453125e-05
4.792213439941406e-05
4.57763671875e-05
4.696846008300781e-05
4.57763671875e-05
4.839897155761719e-05
4.601478576660156e-05
4.57763671875e-05
4.7206878662109375e-05
4.5299530029296875e-05
4.601478576660156e-05
4.553794860839844e-05
4.57763671875e-05
4.5299530029296875e-05
4.553794860839844e-05
4.553794860839844e-05
4.57763671875e-05
4.5299530029296875e-05
4.57763671875e-05
4.649162292480469e-05
4.6253204345703125e-05
4.601478576660156e-05
9.34600830078125e-05
4.696846008300781e-05
4.6253204345703125e-05
4.57763671875e-05
4.601478576660156e-05
4.792213439941406e-05
4.601478576660156e-05
4.553794860839844e-05
4.601478576660156e-05
4.7206878662109375e-05
4.57763671875e-05
4.506111145019531e-05
4.601478576660156e-05
4.553794860839844e-05
4.57763671875e-05
4.5299530029296875e-05
4.57763671875e-05
7.581710815429688e-05
0.00011587142944335938
4.649162292480469e-05
4.6253204345703125e-05
4.601478576660156e-05
4.601478576660156e-05
5.0067901611328125e-05
4.601478576660156e-05
4.5299530029296875e-05
4.57763671875e-05
4.506111145019531e-05
4.553794860839844e-05
4.5299530029296875e-05
4.553794860839844e-05
4.673004150390625e-05
4.5299530029296875e-05
4.5299530029296875e-05
7.367134094238281e-05
4.57763671875e-05
4.5299530029296875e-05
4.553794860839844e-05
4.6253204345703125e-05
4.6253204345703125e-05
4.601478576660156e-05
4.553794860839844e-05
4.673004150390625e-05
4.601478576660156e-05
4.6253204345703125e-05
4.601478576660156e-05
4.649162292480469e-05
4.601478576660156e-05
4.673004150390625e-05
4.649162292480469e-05
4.6253204345703125e-05
0.0002269744873046875
5.078315734863281e-05
6.031990051269531e-05
4.6253204345703125e-05
4.601478576660156e-05
4.6253204345703125e-05
4.696846008300781e-05
4.6253204345703125e-05
4.673004150390625e-05
4.696846008300781e-05
4.696846008300781e-05
4.6253204345703125e-05
4.6253204345703125e-05
4.6253204345703125e-05
4.6253204345703125e-05
9.417533874511719e-05
4.673004150390625e-05
4.57763671875e-05
4.601478576660156e-05
4.601478576660156e-05
4.673004150390625e-05
4.649162292480469e-05
4.601478576660156e-05
4.553794860839844e-05
0.0019245147705078125
5.030632019042969e-05
5.0067901611328125e-05
4.7206878662109375e-05
4.57763671875e-05
4.601478576660156e-05
4.601478576660156e-05
4.601478576660156e-05
4.57763671875e-05
4.57763671875e-05
0.0001316070556640625
6.175041198730469e-05
4.6253204345703125e-05
4.601478576660156e-05
4.601478576660156e-05
4.6253204345703125e-05
4.601478576660156e-05
4.57763671875e-05
4.601478576660156e-05
0.00011372566223144531
5.030632019042969e-05
0.00010228157043457031
6.175041198730469e-05
9.083747863769531e-05
4.76837158203125e-05
4.649162292480469e-05
4.601478576660156e-05
4.673004150390625e-05
4.57763671875e-05
4.601478576660156e-05
4.57763671875e-05
4.601478576660156e-05
4.649162292480469e-05
4.57763671875e-05
4.601478576660156e-05
4.649162292480469e-05
4.649162292480469e-05
4.601478576660156e-05
4.6253204345703125e-05
4.553794860839844e-05
4.673004150390625e-05
0.0001049041748046875
4.76837158203125e-05
4.57763671875e-05
4.673004150390625e-05
4.553794860839844e-05
4.601478576660156e-05
4.601478576660156e-05
4.5299530029296875e-05
4.601478576660156e-05
4.57763671875e-05
4.553794860839844e-05
4.506111145019531e-05
4.458427429199219e-05
4.506111145019531e-05
4.696846008300781e-05
4.673004150390625e-05
4.506111145019531e-05
4.601478576660156e-05
0.00010514259338378906
4.696846008300781e-05
4.5299530029296875e-05
4.506111145019531e-05
4.553794860839844e-05
4.57763671875e-05
4.553794860839844e-05
4.6253204345703125e-05
4.5299530029296875e-05
4.6253204345703125e-05
4.553794860839844e-05
4.57763671875e-05
4.649162292480469e-05
4.57763671875e-05
4.57763671875e-05
4.553794860839844e-05
6.651878356933594e-05
9.34600830078125e-05
6.246566772460938e-05
4.6253204345703125e-05
4.5299530029296875e-05
4.57763671875e-05
4.649162292480469e-05
4.601478576660156e-05
5.0067901611328125e-05
4.696846008300781e-05
7.414817810058594e-05
4.8160552978515625e-05
4.6253204345703125e-05
4.601478576660156e-05
4.601478576660156e-05
4.649162292480469e-05
4.649162292480469e-05
4.6253204345703125e-05
0.00011348724365234375
4.696846008300781e-05
4.649162292480469e-05
4.649162292480469e-05
4.5299530029296875e-05
4.553794860839844e-05
4.5299530029296875e-05
4.57763671875e-05
4.553794860839844e-05
4.553794860839844e-05
4.601478576660156e-05
4.6253204345703125e-05
4.601478576660156e-05
4.649162292480469e-05
4.601478576660156e-05
4.601478576660156e-05
4.6253204345703125e-05
9.441375732421875e-05
4.673004150390625e-05
4.553794860839844e-05
4.6253204345703125e-05
4.649162292480469e-05
4.601478576660156e-05
4.601478576660156e-05
4.601478576660156e-05
4.553794860839844e-05
4.57763671875e-05
4.649162292480469e-05
4.696846008300781e-05
4.649162292480469e-05
4.696846008300781e-05
4.601478576660156e-05
4.601478576660156e-05
4.553794860839844e-05
4.601478576660156e-05
9.369850158691406e-05
4.673004150390625e-05
4.601478576660156e-05
4.553794860839844e-05
4.649162292480469e-05
4.553794860839844e-05
4.601478576660156e-05
4.673004150390625e-05
4.673004150390625e-05
4.57763671875e-05
4.649162292480469e-05
4.601478576660156e-05
4.6253204345703125e-05
4.57763671875e-05
4.601478576660156e-05
4.6253204345703125e-05
4.6253204345703125e-05
0.0001277923583984375
9.965896606445312e-05
5.984306335449219e-05
4.673004150390625e-05
4.6253204345703125e-05
4.6253204345703125e-05
4.649162292480469e-05
4.553794860839844e-05
4.601478576660156e-05
4.601478576660156e-05
4.601478576660156e-05
4.601478576660156e-05
4.57763671875e-05
4.601478576660156e-05
4.601478576660156e-05
4.553794860839844e-05
6.556510925292969e-05
4.863739013671875e-05
4.696846008300781e-05
4.696846008300781e-05
4.6253204345703125e-05
4.6253204345703125e-05
4.6253204345703125e-05
4.601478576660156e-05
4.57763671875e-05
4.601478576660156e-05
4.673004150390625e-05
4.553794860839844e-05
4.5299530029296875e-05
4.553794860839844e-05
4.553794860839844e-05
4.57763671875e-05
4.553794860839844e-05
4.673004150390625e-05
0.00010609626770019531
4.744529724121094e-05
4.673004150390625e-05
4.553794860839844e-05
4.57763671875e-05
4.5299530029296875e-05
4.601478576660156e-05
4.57763671875e-05
4.6253204345703125e-05
4.553794860839844e-05
4.57763671875e-05
4.673004150390625e-05
4.553794860839844e-05
4.6253204345703125e-05
4.601478576660156e-05
4.601478576660156e-05
4.57763671875e-05
4.57763671875e-05
9.393692016601562e-05
4.887580871582031e-05
4.601478576660156e-05
4.649162292480469e-05
4.553794860839844e-05
4.6253204345703125e-05
4.553794860839844e-05
4.553794860839844e-05
4.553794860839844e-05
4.601478576660156e-05
4.601478576660156e-05
4.6253204345703125e-05
4.6253204345703125e-05
4.649162292480469e-05
4.601478576660156e-05
4.601478576660156e-05
4.601478576660156e-05
4.553794860839844e-05
4.8160552978515625e-05
4.57763671875e-05
4.57763671875e-05
4.553794860839844e-05
4.5299530029296875e-05
4.649162292480469e-05
4.601478576660156e-05
4.649162292480469e-05
4.6253204345703125e-05
4.601478576660156e-05
4.553794860839844e-05
4.57763671875e-05
4.57763671875e-05
4.553794860839844e-05
4.601478576660156e-05
4.6253204345703125e-05
4.673004150390625e-05
0.0001220703125
9.894371032714844e-05
4.9114227294921875e-05
6.008148193359375e-05
4.553794860839844e-05
4.553794860839844e-05
4.6253204345703125e-05
4.5299530029296875e-05
4.553794860839844e-05
4.57763671875e-05
4.6253204345703125e-05
4.57763671875e-05
4.553794860839844e-05
4.57763671875e-05
4.5299530029296875e-05
4.57763671875e-05
0.005645036697387695
5.3882598876953125e-05
4.649162292480469e-05
4.76837158203125e-05
6.604194641113281e-05
4.935264587402344e-05
4.649162292480469e-05
4.601478576660156e-05
4.553794860839844e-05
4.57763671875e-05
4.649162292480469e-05
4.601478576660156e-05
4.5299530029296875e-05
4.6253204345703125e-05
4.57763671875e-05
4.553794860839844e-05
4.5299530029296875e-05
4.6253204345703125e-05
4.6253204345703125e-05
4.601478576660156e-05
4.6253204345703125e-05
4.57763671875e-05
0.0001232624053955078
9.584426879882812e-05
7.62939453125e-05
4.5299530029296875e-05
4.673004150390625e-05
4.6253204345703125e-05
4.696846008300781e-05
4.601478576660156e-05
4.601478576660156e-05
4.57763671875e-05
4.6253204345703125e-05
4.696846008300781e-05
4.57763671875e-05
4.57763671875e-05
4.6253204345703125e-05
4.5299530029296875e-05
7.534027099609375e-05
4.649162292480469e-05
4.57763671875e-05
4.601478576660156e-05
4.601478576660156e-05
4.601478576660156e-05
4.601478576660156e-05
4.601478576660156e-05
4.57763671875e-05
4.601478576660156e-05
4.553794860839844e-05
4.57763671875e-05
4.6253204345703125e-05
4.601478576660156e-05
4.553794860839844e-05
4.553794860839844e-05
4.5299530029296875e-05
0.00010371208190917969
4.601478576660156e-05
4.57763671875e-05
4.601478576660156e-05
4.601478576660156e-05
4.553794860839844e-05
4.57763671875e-05
4.553794860839844e-05
4.553794860839844e-05
4.5299530029296875e-05
4.57763671875e-05
4.553794860839844e-05
4.601478576660156e-05
4.553794860839844e-05
4.5299530029296875e-05
4.5299530029296875e-05
4.5299530029296875e-05
4.553794860839844e-05
9.298324584960938e-05
4.744529724121094e-05
4.57763671875e-05
4.601478576660156e-05
4.553794860839844e-05
4.601478576660156e-05
4.5299530029296875e-05
4.6253204345703125e-05
4.553794860839844e-05
6.389617919921875e-05
4.7206878662109375e-05
4.57763671875e-05
4.57763671875e-05
4.57763671875e-05
4.57763671875e-05
4.5299530029296875e-05
4.5299530029296875e-05
0.0003409385681152344
6.341934204101562e-05
4.57763671875e-05
4.6253204345703125e-05
4.601478576660156e-05
4.601478576660156e-05
4.553794860839844e-05
4.649162292480469e-05
4.5299530029296875e-05
8.678436279296875e-05
0.00010251998901367188
8.368492126464844e-05
4.673004150390625e-05
4.601478576660156e-05
4.57763671875e-05
4.601478576660156e-05
4.553794860839844e-05
4.57763671875e-05
4.5299530029296875e-05
4.5299530029296875e-05
4.57763671875e-05
4.673004150390625e-05
4.5299530029296875e-05
4.6253204345703125e-05
4.57763671875e-05
4.649162292480469e-05
4.506111145019531e-05
4.601478576660156e-05
0.00011324882507324219
6.318092346191406e-05
4.6253204345703125e-05
4.553794860839844e-05
4.57763671875e-05
4.601478576660156e-05
4.5299530029296875e-05
4.57763671875e-05
4.553794860839844e-05
