10.810552553658965 -0.0885147720462669 -2.079176335750205 7.849195880300371 0.7748410825624887 
10.807578251126948 -0.10065719038149723 -2.0820070438424096 7.838212584186188 0.7753919530631919 
11.499801332445792 0.5023759816689619 -1.655265220075762 8.747895332813528 1.1697683387740483 
11.641808476915756 0.43742712129187566 -1.513257715831557 8.969281143969184 1.383091710149202 
11.413210425152144 -0.30007888878569133 -1.7612613871220617 8.08810543611149 1.3291792140499155 
10.653627741561927 0.2720739727202499 -1.7918867651215464 8.748594523878282 0.9659709601777138 
11.254949758022718 0.5719716470668033 -1.71456839356388 8.760129359451248 1.0412110221684117 
11.221210409253686 0.9614764672777056 -1.4973186693753178 9.443256031175956 1.162148667560544 
10.269265430260113 0.8501006004458844 -1.6739978768095227 9.460236996576683 0.8519568782507037 
10.761543044154998 0.7541538180549736 -1.6077540605767666 9.33653241539566 1.0343278549523518 
10.230825177717911 0.31822541221050926 -1.7791717246143577 9.00574594285927 0.9002762321781717 
10.977931095681576 0.474858847958302 -1.7202413141839372 8.847383932017799 1.02811254554652 
10.639019793876273 0.5610950397504126 -1.764313412971859 8.95023304109776 0.8973545388538611 
10.561211928301638 0.4266323733785953 -1.8053911227429609 8.836930246029056 0.8828520001417814 
10.349318029144854 0.39756117960017434 -1.90064999094227 8.708559855719585 0.7492488486690831 
10.044518057708487 1.002584241940582 -1.68751640507962 9.587854533285821 0.7539418755457632 
9.854356769641036 1.1806917670068202 -1.7008972253458126 9.694152870679211 0.6552980332239997 
9.997048614615615 1.3260561269522242 -1.599129702037004 9.914602821859347 0.7493175637690257 
10.066362062158177 1.2267472813962428 -1.6748033581345112 9.660439241719445 0.7042903335044599 
9.049569903390726 0.9428771600765913 -2.0212324848321686 9.228201085956357 0.2367853048646964 
9.727606614599082 1.604546360212467 -1.6564462526100243 9.934417939657536 0.5641541588031203 
9.69451180273304 1.6199752869415533 -1.6483185440069974 9.975823279133778 0.56361011215904 
10.128669305794105 1.2850480479086315 -1.8123071996212587 9.263764821756624 0.5426118134812441 
10.108723213783101 1.2852806840800355 -1.799000750616898 9.311290141854343 0.5544108336502944 
9.598212029171656 1.0362523141288165 -1.777367461447227 9.596522673648394 0.5712891438447087 
9.306551237837944 0.9863397875080153 -1.955556986271617 9.276022518448919 0.33944080387483666 
8.78009303936463 0.8951709860445476 -2.1245182830327565 9.087801452233485 0.09122065987381234 
8.480615030511956 0.7449305009653244 -2.4062176996437756 8.481394291819825 -0.22641895160711556 
8.763231007806603 0.8454933517176499 -2.1620693620793645 8.990450051198692 0.061125076643861576 
9.34751205364163 1.2852652813203207 -2.0123879074494084 9.133775577714992 0.1992334882648663 
9.394694407646796 1.4911236830277943 -1.8435405474934186 9.586091011700447 0.33621521820920464 
9.132301293385183 1.4996597399805154 -1.9191853724015857 9.514463355375241 0.2087716807073292 
9.152915141347435 1.5000672436365647 -1.9196609318114497 9.502039564862756 0.21152168631351742 
9.27195526771414 1.6014598037677388 -1.8425482979055374 9.655952895245107 0.2880348949229017 
9.172272234243714 1.4422256033398497 -1.979000581090105 9.32391948488005 0.16541374892489102 
8.876723880487134 1.7469881290495124 -1.8947556042658817 9.713945694842025 0.12894236898910094 
8.841542146453747 1.3123947560482208 -2.028199541631423 9.359755783416148 0.09192168190068628 
8.835627260649844 1.3149894286972739 -2.022497314514567 9.378664569446691 0.09643310359987822 
8.9394081026443 1.2092778780579465 -2.093110343992066 9.124977138282716 0.06520802631322908 
7.817244367351179 1.0634757955815957 -2.341829808109779 9.010024707615578 -0.35781215793207366 
7.946000106693106 1.4964415529709925 -2.0803597444273976 9.675050346749629 -0.16748487953924496 
7.669689582221203 1.1143906335624791 -2.2548282915657722 9.315755621348103 -0.3050937700768799 
7.959733565525632 1.1145934743057353 -2.196935633687687 9.331283841090283 -0.19058172208153223 
7.318312758427034 0.8999013259518165 -2.2979142248745603 9.334879388804104 -0.35997480333529097 
7.198053591960139 1.5725150265196532 -2.1817927921832165 9.748375420768426 -0.43153589857845986 
7.2293498044030855 1.5072179744804686 -2.2064519658649147 9.666951516854027 -0.43540464328893336 
7.16385475946074 1.2001427300002376 -2.2238840920766734 9.634390376606007 -0.38976876439959085 
7.572831846157349 1.4712572020550851 -1.9608295107944116 10.17432593794797 -0.10395416237714983 
8.953513372183643 2.607520238838717 -1.3824264997525262 11.102132490159406 0.47630490162414674 
8.60458079870483 2.501763730155247 -1.5198670381145405 10.889805869167347 0.2961669535277167 
9.122960994688 2.171618465134955 -1.3926450736293248 11.02122870609989 0.6011763663753129 
8.09190518198676 1.6235382095644866 -2.065864827400418 9.640770632314215 -0.15773192725909269 
7.141319231389936 1.7001151813855415 -2.264261618894608 9.536155485497183 -0.5576908770063795 
7.485878327206002 2.042058747813144 -1.8411450757967884 10.555563592713945 -0.1355484188905507 
5.590838763286541 0.9774905591690413 -2.8534971738313573 8.621076789957797 -1.3007881193690167 
4.562035023575774 0.2820924063706798 -3.37563740536244 7.650621443254643 -1.885294769411317 
4.455343342971005 0.23952305944369812 -3.4221775527404503 7.569834553915534 -1.9455728512850214 
4.1763012488779765 -0.0510590279875629 -3.690092189480353 7.005227255166595 -2.207432174276704 
3.604797268587447 -0.6294952049451439 -4.066946999578562 6.26209183329123 -2.5753027581595234 
3.4012570268403124 -1.2788416234964615 -4.382893568093124 5.535914222846046 -2.777551913355609 
3.3593054017334083 -1.307555432041866 -4.43424442661879 5.435257248628048 -2.831983705871295 
3.8048183586907953 -1.153388088092143 -4.27123469948927 5.675238103009704 -2.604845778862071 
3.6866294079425046 -1.5837486786236923 -4.616118904388159 4.891958196492354 -2.8723863706393615 
3.0004182059019513 -1.9083911382844292 -4.99985389563146 4.249492162501369 -3.33405113152196 
3.049720337878071 -1.8474153898235102 -4.907836637379134 4.437098354329066 -3.2447583307934735 
3.1499382784937353 -1.7705727480294087 -4.818249346234623 4.606600735353808 -3.15057219889718 
2.89004325200969 -1.7587865540331507 -4.871765566280615 4.57802173881926 -3.2676864469721494 
3.0990469138741616 -1.4705537282696497 -4.636070798383855 5.0587163737057494 -3.0547182385994915 
3.430685827146249 -1.1644754273466447 -4.508481297108688 5.278286695451129 -2.9275909541930076 
3.414944953211787 -1.0834777395430422 -4.493511696431781 5.325571527332372 -2.936131046166693 
3.073613225385472 -1.2984935608206598 -4.707339203524214 4.938801935366854 -3.1758017194593293 
2.9302569565628005 -1.4055171132630448 -4.769801446552194 4.8347986207474065 -3.24497771481289 
3.0568043776676035 -1.2540261703056643 -4.591857753329322 5.198400562365251 -3.074545156172519 
2.8457864262886403 -1.5479844776472618 -4.636421121958705 5.111903536575966 -3.0941942840736942 
2.7470854176618786 -1.6765567394128595 -4.691158016453713 4.999120276439172 -3.1394605641204976 
2.2753113599492707 -2.2832964765237165 -5.037745339468131 4.289755141124587 -3.4422151117122155 
2.270376379027269 -2.330365715992045 -5.0111387564918175 4.324830012172697 -3.4033373014580945 
2.3032720564145848 -2.339911245161076 -5.012739085951367 4.310976761872993 -3.3942911522687496 
2.627558777037933 -2.4408263459389303 -4.950242309462595 4.306744812967935 -3.2230389208507972 
2.4646213514214423 -2.7525175171719525 -5.267660538001252 3.66189541277177 -3.501199966431244 
2.7360102426867456 -2.070187477603156 -4.857802749111002 4.574074785149108 -3.2062695546185154 
2.890012496339196 -2.0162717757340687 -4.68244958038585 4.8815077703385015 -3.00452021914235 
2.886184343402107 -1.9673425580741366 -4.679561059085003 4.904243322447627 -3.0161141974192276 
3.083251615070779 -1.7447988602049804 -4.556739302244253 5.156405403295878 -2.904774334240443 
3.122755720849625 -2.1471233791861835 -4.581495197837938 4.9557783550575465 -2.8070430900870917 
3.177527247744223 -2.1288483678544026 -4.553476437627253 4.99920540004014 -2.7701854909164325 
3.224605906094979 -2.029975702172237 -4.500291104834275 5.123814136887873 -2.7325192533925104 
3.279322975210164 -1.9655045441847392 -4.445242367623351 5.235791118478076 -2.680998768002553 
3.452395518761236 -1.9640794807500441 -4.265084529707195 5.51387656572642 -2.451878984771156 
3.2578520025532782 -2.3392687802137573 -4.5757352405471465 4.843272396267011 -2.7114371257007264 
2.4319188529560165 -2.8621159135201566 -5.102239386500997 3.9166778929460264 -3.303917384495577 
2.6765596417865964 -2.7001776009253575 -4.974986712989207 4.142654567463154 -3.1604604932141314 
2.8629377660426627 -2.730450990765121 -4.973644332002792 4.079387363258547 -3.1054268114604753 
2.8398318946397154 -2.742244484242974 -4.987216942333802 4.057050590194109 -3.121617392184149 
2.7873798045935985 -2.567878947968481 -4.686404139410698 4.6640649313652744 -2.870946240895776 
2.564656087085652 -2.774963244319494 -4.783661708573774 4.4495628989888445 -2.9637151926247896 
3.2780430433433594 -2.0559587470101377 -4.474046980266067 5.146173328964977 -2.68486715389173 
2.326548179408647 -2.689882746442322 -4.992194576307128 4.206072441227235 -3.2667761658169496 
2.4061096153378116 -2.629101326840015 -4.890642949952181 4.385441407810319 -3.159774272734367 
3.160260730801795 -2.3946478523183004 -4.675493978694163 4.6699558193206485 -2.8228999002316186 
3.106555757065749 -2.2999222489619484 -4.699068433038818 4.684785424832455 -2.8887609716370832 
3.0691542589097764 -2.222950694121849 -4.69051717919055 4.74220699963665 -2.911294431088436 
3.195980492378183 -2.135656183906974 -4.701684191810287 4.719023431531383 -2.9186585859912952 
3.17551596749999 -1.9470963413992308 -4.585866142130314 5.010078357393013 -2.8568709570384243 
3.2501031374502674 -1.9981667462517123 -4.572350058037614 4.996293733242098 -2.8108396444518746 
3.12478555899672 -2.025336951146002 -4.58227974357483 5.0021528699496685 -2.842749216653388 
2.980885994384849 -2.0140852930309165 -4.588234981885506 5.033121777286695 -2.886274964399348 
2.9561732921932133 -1.9930932045430723 -4.599736665416799 5.026019253704845 -2.9100167364743186 
2.935544982411187 -1.9874824290781277 -4.633875511248604 4.97011864445939 -2.9517256093748188 
2.2626501338662166 -2.2876200408094576 -4.867665002735066 4.597926780088741 -3.2707924009036446 
2.130344866689157 -2.30579185802479 -4.798687321286536 4.736774064292291 -3.228608803359336 
2.202720138441393 -2.1899288910396137 -4.715088897972407 4.911840063657607 -3.1579732328401775 
3.025386582256928 -1.9834142783605841 -4.383906775551495 5.401013751148341 -2.672857954867652 
3.183873988385372 -2.069606595592006 -4.303594447153358 5.462422979970739 -2.524967582537002 
2.956271060202326 -2.10240903497467 -4.308378660661532 5.488958621404549 -2.576006438915286 
2.919674573927992 -2.12824905760084 -4.318002366939169 5.4675581563544 -2.587323001575271 
3.5303282425815468 -2.1327066770226963 -4.267695671605551 5.404456994217114 -2.3845122494986413 
3.5991075252012337 -2.4914098602796884 -4.386754645909136 4.9848324508405994 -2.381001832682969 
3.5365409327836375 -2.5177872423442267 -4.332264162768325 5.073679314414818 -2.3283984764913157 
3.0443901773257522 -2.7208561030682716 -4.580722415011877 4.684896422204531 -2.647414880213816 
4.023177437998129 -2.6961437245776096 -4.338202582530357 4.8054784655656135 -2.1599892750907514 
3.805536370866051 -2.6273800326012093 -4.085698736037159 5.3011476722911794 -1.9575950474927453 
3.8146424358504305 -2.6236208289119958 -4.053652080748407 5.348190748858045 -1.921495685779817 
4.355322582694271 -2.626309539231542 -3.78828839927516 5.57278780338352 -1.4948125460721968 
4.034657254427586 -2.7954773559008004 -3.9229302850706347 5.329596253235593 -1.6595661582369985 
4.916496643129889 -2.2049354475411747 -3.6259761171372418 5.995150232925596 -1.3376665947306208 
5.158791651718104 -2.1744884457941254 -3.6696260116361543 5.873473767361659 -1.3433187009124765 
5.163205792663433 -2.1729213305362833 -3.668297551343926 5.875308884287136 -1.3414127157969205 
4.8338339186205275 -2.507250743566999 -4.013298610962835 5.188768252412501 -1.681730225684575 
3.917327149753291 -3.081877852223741 -4.446387066680899 4.393106880805902 -2.166790845667066 
3.2821222105749683 -3.6265422000690677 -4.8036587389770204 3.649859708588906 -2.515108776189848 
3.3705535614663944 -3.4346035081347566 -4.587160269521135 4.074949398719539 -2.323754175982799 
3.387540222826786 -3.4534830901323943 -4.55715268369903 4.094070193712895 -2.278809206601238 
3.06864552394201 -3.666310235256006 -4.628251087326973 3.9041348196000314 -2.3562076473058085 
2.559783298480454 -4.202538706902956 -4.949696248633927 3.16083070776763 -2.6360669862821595 
2.061742280971771 -4.750092188037755 -5.21184780591679 2.466349711764863 -2.8389694102878167 
2.4719720391031217 -4.367467933614051 -4.9136143651626725 3.061859474873671 -2.5505936162007714 
2.897265128796221 -4.130207008358141 -4.651562551518779 3.47443915891229 -2.2386676380006207 
2.914394009393888 -4.002450225309943 -4.58277664485739 3.675352825923028 -2.209311984537365 
2.6045502334613104 -4.106609975868835 -4.783170822597526 3.4291873159086066 -2.4754043164888913 
2.6045749194437775 -4.0868645517550135 -4.781429608711676 3.4503019096911345 -2.4814715893584207 
2.7203742520320873 -4.001765653269942 -4.717409615786892 3.575741676708944 -2.4132537038799455 
1.4679358062289651 -4.599564112070965 -5.451644145034635 2.4921280112043718 -3.3305428350449517 
1.4022545607185748 -4.610602575908487 -5.470630620115529 2.4753711975363615 -3.3651892248972644 
1.1331671216832149 -4.775458602025253 -5.641298420220039 2.1992550100432737 -3.5630029844249265 
1.048533498049622 -5.054506779474494 -5.767641674630639 1.8340909345906766 -3.6162130026059174 
1.0822611798315194 -5.178881889339806 -5.849017146008606 1.626602492820055 -3.647136226718544 
1.348495693455618 -5.023189378998822 -5.727424981751852 1.8359186104259635 -3.501154219013074 
1.4293955317391607 -4.920676239340693 -5.697510613232424 1.941774116548217 -3.486814302608252 
1.3390796572271597 -4.96072534624777 -5.767675903672426 1.8498496817090881 -3.573366799182452 
2.1310218568858943 -4.849953785348319 -5.441731794805932 2.1040865675545177 -3.040108063648262 
1.966733068886768 -4.859404135576995 -5.538491122115175 2.03413620580082 -3.1894238988660817 
1.9852022566893197 -4.810482237296114 -5.49905125480592 2.119337608632023 -3.160009554031035 
1.9965758546999695 -4.815173463251682 -5.502042564250019 2.108402355942772 -3.1584665810393773 
1.9702340502368685 -4.8461956728287845 -5.514176783354571 2.0728466724353467 -3.166411388230074 
2.274044117419322 -4.874362152910422 -5.60974951653354 1.846239977653724 -3.184573264344934 
2.295155511124406 -4.889543870455853 -5.623906372162921 1.8086063744569714 -3.189107215236575 
2.2171982421060505 -4.877818691156094 -5.622453391646303 1.8459113516390886 -3.2121464343313875 
1.6743035445360448 -5.194404231971575 -5.9661831483309555 1.3203791216726302 -3.6129427838606176 
1.7616742819928817 -5.090571314555191 -5.930885790716545 1.4277553334217714 -3.592367745812865 
1.6566825222502644 -5.117295961582556 -5.966179126037318 1.3941497874584599 -3.648586011705831 
1.9273819124934874 -4.963388866248579 -5.8037169434044955 1.6420186669418797 -3.4572565006672704 
1.9853096384493796 -4.891977521159987 -5.7492108602524326 1.7531737986610096 -3.4094940677546646 
1.9545211894484567 -5.1272611579450285 -5.847796935833031 1.4327526623242477 -3.4335577491285676 
1.8836416760850057 -5.177281830731857 -5.8684654806586565 1.384712529777076 -3.4547177262589486 
2.909645156190436 -4.711344504343771 -5.129374877225601 2.3495988398738348 -2.5370608830048553 
3.2799580745478067 -4.383302720666364 -4.7745848155825 2.965742615559506 -2.17234864745933 
3.6034704273354805 -4.332669341114254 -4.518376143074136 3.1867801999615892 -1.8101085366661636 
3.773043920177301 -4.265075973798815 -4.336839023481275 3.391861348140168 -1.5813864179896058 
3.373615414719879 -4.419243840183043 -4.448267617254402 3.2197941032147526 -1.746111998814186 
3.733766228058471 -4.218646744019779 -4.066497609450877 3.7058956330633777 -1.2893495668482302 
3.7272939889105885 -4.279313106903288 -3.8639697250249583 3.788866341496643 -1.0154844210368879 
2.9056148832086706 -4.486532749739183 -4.32911035718179 3.3660174528147024 -1.7009563215658687 
2.9067524657239403 -4.484728230084087 -4.328856088680624 3.368217769781225 -1.7012007735431212 
2.3568386221462845 -4.636791918861917 -4.71158605887598 2.993189065773123 -2.2330047283786882 
2.0791870903575216 -4.604044242405536 -4.831803787698277 2.9855742649525325 -2.4643778860893946 
2.199277684782757 -4.502662433868167 -4.715910772721912 3.1775010129151013 -2.342636420302213 
2.1219444910049674 -4.518529271358744 -4.933078703263718 2.9712173405522293 -2.604344310348992 
2.0487032202986057 -4.295888350295144 -4.810251027509807 3.338134629207076 -2.5797693942990776 
2.9420156928414656 -4.080013678133497 -4.488949866086216 3.6859816899198137 -2.0618690843667054 
2.9529590401381967 -4.076827482860125 -4.468125541335155 3.707886730774291 -2.0364036659821494 
3.229537116407286 -3.984477526909288 -4.448264568842475 3.7563070714836613 -1.9800478653722138 
3.2671442211361494 -3.957516941390338 -4.4218504819722995 3.8030692643760347 -1.9513487351117078 
3.2940622292113915 -3.9557582067017876 -4.393873976833348 3.8273267842892977 -1.9127821791710176 
3.5342650022895867 -3.7498359363043363 -4.184179688670355 4.20789653646068 -1.696706291927029 
3.3938197251010678 -3.69539863704955 -4.1020533468484786 4.389245202752008 -1.6624635865949102 
4.5090709626582 -2.9734143577039873 -3.257163481098658 5.804805821522777 -0.7053133650286583 
4.542659868340266 -2.962823721746304 -3.2152156485400525 5.851486589291284 -0.6522028659258439 
4.12654643589174 -3.0453741045013345 -3.415254309885796 5.652794156194716 -0.9577740029107673 
4.769135104497565 -2.710426257068775 -3.1709251511425407 6.138192522256439 -0.6530642436125618 
4.755665043880626 -2.784427201171596 -3.3224713034154405 5.888264623784977 -0.8008864400453319 
5.019757985943656 -3.1226337278688447 -3.5278523505161274 5.195245229816138 -0.8298761689618175 
5.253941657197643 -2.9538734932157666 -3.394903215273956 5.4661364527405 -0.6907318810882259 
5.132396051228625 -3.1193795296412503 -3.4897747189300645 5.205939160798749 -0.7588443083597269 
5.114628988039442 -3.1267837187396452 -3.61577528900456 5.060631978008544 -0.9099028131703477 
4.563110831926821 -3.4520831548898627 -3.9549974888960406 4.485713817315826 -1.300411996998477 
4.348676637867271 -3.6064011231495243 -4.071977291566483 4.25114760345258 -1.4227433172906956 
4.3797942062288655 -3.584831694463176 -4.048993984406266 4.290959971147203 -1.39752668641529 
4.507917692415035 -3.55292989259965 -4.008567257260779 4.331203009215287 -1.3326832586951554 
4.57785704397466 -3.5015469468782783 -3.951503363257274 4.4303121781941 -1.2709261981205486 
4.678145525888311 -3.336516979959484 -3.8801372822830587 4.66180941080944 -1.2348713345709825 
4.4893803907155245 -3.5794687166273604 -4.112708862404446 4.18898634284524 -1.4486277675494819 
4.484283364806686 -3.5806379923652543 -4.114992167659707 4.186732081994776 -1.4520335670800222 
4.307310191387927 -3.5860892672704807 -4.178288589432725 4.163969499478199 -1.566676765309154 
4.740322690022381 -3.1470469066262012 -3.977773865313665 4.718163862845685 -1.4148411612726903 
4.676836923980559 -3.2386191895281797 -4.108382256553696 4.480337822001559 -1.5438892974677287 
4.941987442274296 -3.110094290343099 -3.9367576954455785 4.740658002597385 -1.3357427877323431 
5.579152938550109 -2.7886468970046536 -3.7301218335810375 5.109292117197185 -1.083582943610864 
5.435078713236479 -2.900061476292663 -3.779611781077975 4.985058668451089 -1.127494671801216 
5.312373170283195 -2.4753731855707457 -3.329445624926592 6.0462514812818 -0.8038691435738912 
5.052538021267452 -2.6087737918987557 -3.4256083486010453 5.8662613450327115 -0.9217803015261836 
4.959066810374992 -2.63736409097892 -3.4604949396600517 5.820828033732198 -0.9726269515117423 
5.006259499254767 -2.734430082057216 -3.5142738092982597 5.639292520368571 -0.9838600264001656 
5.289910172218413 -2.469788469090318 -3.4330463137454785 5.921221414095257 -0.9313093026580788 
5.06508657556499 -2.6770616423373355 -3.231646768029819 6.025409301556401 -0.6645442387806071 
4.851403511060482 -2.874488296353803 -3.2657591194894167 5.821416289481704 -0.6716387023244295 
5.522392765538839 -2.7542935024393387 -3.0177019892889803 6.03629802928625 -0.26563680874073725 
5.563897099269994 -2.7575701273955247 -3.136294525427175 5.890077563513884 -0.3962007834993386 
5.459358590500713 -2.776067997101407 -3.064802667253943 5.978362397977733 -0.32742537282913986 
5.203468555250936 -2.90257411922569 -3.1730889826314552 5.785277382364242 -0.4618258272123086 
5.329651044016373 -2.4166734881367944 -2.8004986505283824 6.739876502342682 -0.20690859679089613 
5.924976501191836 -1.8882900213922653 -2.373740090829287 7.694014961331241 0.21082046455241255 
5.6643633053799505 -1.8489571248080239 -2.421593136107333 7.7575675832875675 0.0740745641213465 
6.0287873380338866 -1.7937980653189811 -2.5099148889961924 7.608871050272256 0.036263620594510826 
6.2733706360180435 -1.7073600345682252 -2.274913446137262 7.927339599602043 0.3329022453290804 
6.4718962326601 -1.6418169325396974 -2.3484609554523246 7.850595471247168 0.26483848236779295 
6.977510709880306 -1.6086040437094056 -2.223792686193377 7.883606635802387 0.5128116618507903 
7.048338592608275 -1.5536253972858844 -2.1831675248824354 7.97655246030363 0.5533087807212667 
7.481686506994443 -1.3644224156605986 -1.9846370360904615 8.308814988174198 0.8043255364755453 
7.759460182217175 -1.2531694673346863 -1.7640243960286455 8.630355238686029 1.0821901860756924 
7.311671625197853 -0.5287336657734869 -1.5436444150328157 9.94075063397134 0.9406330046667932 
7.926537105405842 -0.04937117131377988 -1.2283526021522135 10.736556419564543 1.2536553689725878 
8.827025506347972 0.5460026987518205 -0.8078529932054295 11.72605196418666 1.7028078728316842 
8.82925023003407 0.5203160727594422 -0.8128326159145587 11.690082734310977 1.70717244170811 
8.620206585502814 0.15380105886005424 -1.1022041384812127 10.897014186950642 1.4672811128638301 
8.127569068674916 0.1150173661934275 -1.153452729055175 10.95872340805645 1.3203322204852412 
7.806064613103835 0.025471254156343548 -1.4431070606359668 10.494392580156315 0.9531042866360337 
6.575869199399229 -0.54107249494065 -2.2109757415369273 9.094860078748361 0.024046889480430877 
6.1258712631694365 -0.7409691864805836 -2.274132026108333 8.963982971537888 -0.07687583458172753 
6.423099755051759 -0.4952077710423737 -2.160258360387118 9.268633763655089 0.030834009003569918 
6.906638544222531 -0.2961137287987725 -1.876910497058688 9.767567830754608 0.3843523515498788 
6.3688966960372255 -0.46847706250792953 -2.1366697159130013 9.34783541624806 0.03561936232159724 
6.233555611077399 -0.5257347003818467 -2.220227913307724 9.199487292372474 -0.06759118308966094 
6.168424244940553 -0.5221359491153663 -2.217765374990435 9.226275022453706 -0.08084733170487368 
6.178143149684757 -0.5194518098967364 -2.2106924355400253 9.23764587755754 -0.07176017564653137 
6.464630352694968 0.022396880593447577 -2.1013317108019294 9.73839040407001 -0.06683499026154038 
6.651533619610952 0.0004822688153467425 -2.2987581406581086 9.2687691861844 -0.23457105551077007 
6.827882394100989 0.03475961459294297 -2.283780305117034 9.25456337056601 -0.19221363682015635 
6.961013399732167 -0.06050773065402382 -2.327231342373665 9.063999942186342 -0.1827310353694429 
7.2518419062372885 -0.043922621998632394 -2.2185552260378643 9.184610221321954 -0.009338774009918893 
7.325543667749656 -0.47584963554260185 -2.3757706918423196 8.57451980466012 -0.027226606203541337 
7.202311980856514 -0.7771459011187858 -2.3052338036621336 8.521511066287275 0.13455801922887645 
7.161136649837658 -0.42957952759857676 -2.0388591442878976 9.286047720959068 0.30399210343340144 
6.8230762003964145 -0.6777516923974645 -2.1666055180971426 8.974253302122683 0.17627185796256128 
6.8359882356309 -0.6880268044347275 -2.132045541079137 9.018281918048046 0.2219858500153009 
6.027977981584208 -1.0325906123521662 -2.381154677469212 8.565427104336464 -0.11402945023297661 
6.181640538961311 -0.36825323524396936 -2.1234553880267697 9.507251252491557 -0.026406530282727658 
5.854047347616785 -0.1388056545642371 -2.0986799047763185 9.815555058962616 -0.15065066232490665 
5.370397996149649 -0.5917563790391256 -2.4126637305350016 9.058628142468812 -0.45587194134755293 
4.915639634335619 -0.9202177756259147 -2.068929891903551 9.393189947832035 -0.0855396337848191 
5.062622762615632 -0.34550610556559036 -1.6576914752420322 10.52383642118808 0.19227357990136795 
4.596056858243628 -0.5129452283100449 -2.098937121590808 9.777441869269033 -0.34343027717648056 
4.615008271834299 -0.4984686963919813 -2.099324079037629 9.786572200717458 -0.343562240444399 
4.8454899997442595 -0.4824690141340966 -2.0579325193792073 9.829904602769425 -0.24432193548078374 
4.866929531972431 -0.26449980249975624 -1.9771020678532523 10.136754739741278 -0.22501011285454808 
4.85393642048524 -0.3133606296286331 -2.0165656097227043 10.035490916775451 -0.25406145815237835 
4.3975429239974915 -0.20003835994997132 -1.9272796375030197 10.323534173747781 -0.3194479519101776 
4.26532438165458 -0.49734150112209363 -2.2009182585283895 9.673504263301368 -0.5439947373074858 
4.311076279962805 -0.6393729708543532 -2.3215440190706857 9.36990905744291 -0.6116005211467126 
3.042775181968125 -0.9557488767593298 -2.950036159609951 8.288388436822842 -1.5051656090357994 
2.3193487397993238 -0.8516864058172473 -3.0153254960432463 8.245179874848738 -1.807876608104408 
2.052643566627893 -1.2311793821469763 -3.0959012485390787 7.8821024516265155 -1.8566312627461627 
2.097879880537903 -1.209453098828149 -3.065529376409387 7.940573581976395 -1.8195187069713654 
2.248886803348725 -1.0625875754491005 -2.9579123357755606 8.193652639101984 -1.7115741334303465 
2.4472286560724683 -1.1036285100309868 -2.8586674390302136 8.314038344617657 -1.5415926926813626 
2.7202098090403837 -0.9334966961231146 -2.392617951239103 9.06793625820223 -1.0472062476269315 
2.7877711083293946 -0.5721170018789081 -2.123403058106547 9.709485825023457 -0.8723599702578326 
2.7910796337656762 -0.5704097401170145 -2.132203147959018 9.700014721075291 -0.8805414914926075 
2.7788335857418502 -0.5214304126440368 -2.116840196744434 9.757109376181823 -0.884316370636725 
2.9566050697267485 -0.9717010916278213 -2.537624392791841 8.863655047404905 -1.1090876049425304 
3.567584429715268 -0.7553102691481399 -2.4081333860239766 9.210498542976325 -0.868750767899229 
3.6640970827577775 -0.6381130481153292 -2.360968577731029 9.366453045765027 -0.8302790330848637 
3.2687845091789285 -0.8566014462317497 -2.6583246247359256 8.78201237230089 -1.1766174633385589 
3.4670218471875387 -0.5193855050607823 -2.8614030931290415 8.662230857669805 -1.4270436261795965 
2.8006648460785897 -1.0651795740817391 -3.1210898774878757 7.969658844304618 -1.7125754634851944 
2.3123822718159346 -1.2296058157654954 -3.2571178990875467 7.672206868217117 -1.9393362376518297 
2.2154606759146844 -1.261191837167857 -3.2002903147700437 7.730467504412992 -1.9020825751063626 
2.443481063667818 -0.5848793007245519 -2.991949817124535 8.429792585638538 -1.8228351310379196 
2.631633215879731 -0.5514062358698624 -2.9060623899855074 8.59082144453486 -1.6940374242425236 
2.6244752852721263 -0.5573133253496252 -2.8984684562827 8.59943083337 -1.687039727383791 
2.214274842172884 -0.7992689369404928 -3.061804769375641 8.197719985560525 -1.8988203551434282 
2.2633011672468086 -0.7287679026568128 -2.9766128597382675 8.366323894976098 -1.8211125605380687 
1.8268422393498156 -1.0693847875133002 -3.2993129158529086 7.674483560558301 -2.169351935738362 
1.5920458515620766 -1.0866281655429475 -3.265677334126707 7.685474394085773 -2.2032610109770445 
1.7819422073254998 -0.6354511508735641 -3.1099754791428893 8.1587659100013 -2.1184175066491377 
1.9309570947089156 -0.558979047928915 -2.9013871194519822 8.525552731169704 -1.8949346813608798 
2.072230837708318 -0.3272740640758798 -2.7768882640301626 8.846336291557847 -1.795068594398714 
1.6039090741039956 -0.4207525519740898 -2.613458888509612 8.927106702639456 -1.7628910428967401 
2.1327916636031716 -0.4705412626072132 -2.5081830668117817 9.165163874704596 -1.4812343848666103 
2.1180185761391357 -0.618151564439458 -2.6537438330827285 8.873603612017206 -1.5839515790100904 
1.8384837225684407 -0.8901595743034534 -3.132995118756668 8.008100792578006 -2.054857988491136 
1.9728854071791488 -0.6459207599519203 -2.766142320247212 8.677896569568212 -1.7290842206518562 
1.6082361457257974 -0.9800526629766466 -3.1747939515789625 7.86983989845465 -2.1405984877185347 
1.9825202721803805 -1.1645491806794297 -2.9313315598741667 8.134817805279013 -1.7365425726232928 
1.9610245992392805 -1.2057072394357107 -2.962419261739157 8.064488225819751 -1.761321997046906 
1.8277496174114987 -1.2593149810838753 -3.1391072995014326 7.784941402376916 -1.9592331532210494 
1.0856283104755562 -1.5910240433614717 -3.585754397043658 6.911204858295079 -2.5261892402008215 
1.0994338024454038 -1.5623695890525369 -3.547933585058999 6.977532265788419 -2.493698236079709 
0.7572098665963978 -2.112444686202423 -4.07503384954434 5.9581910263239735 -2.95101579154516 
0.5386637801824321 -2.3890843377458992 -4.186058212584086 5.638972155775178 -3.0461987597362707 
0.13989165125634884 -3.032181598610876 -4.8374474086851365 4.452823745547192 -3.6143320124065923 
0.4354117769946839 -2.9198742108880253 -4.6566263276121305 4.752089194815596 -3.379498296075056 
0.14799176921522417 -3.180831641295967 -4.660194096376955 4.565515697202272 -3.3920321254282726 
0.1905059725890652 -3.2724608561263295 -4.645591079511448 4.522719786173909 -3.3349283894389714 
0.18130642735359004 -3.221629972587465 -4.604223457228144 4.60105589675824 -3.3131697355071026 
0.39652489390157086 -3.060138921017426 -4.727108916085257 4.581100328727075 -3.4181727095136836 
0.393793136648668 -2.987646539169802 -4.652547765708917 4.713682430024434 -3.367577700202375 
0.47467390186290004 -2.713155012431187 -4.2911463186324 5.309771737375712 -3.071098654888985 
0.20873151918418387 -2.582064799490354 -4.1518535498685765 5.511778378365051 -3.0614525253045883 
0.16743091460982384 -2.640193178331444 -4.218634792777237 5.396126656695429 -3.1218143376796235 
0.307509195141904 -2.4663337823251794 -4.149267040596797 5.602974017845881 -3.0615580471794743 
0.3326601730681489 -2.4148772127446705 -3.980632821559624 5.824620843563025 -2.9063281327304935 
0.22494121376148257 -2.3100788717241585 -3.7167279130028987 6.143711353511158 -2.7213288304328103 
0.033922387889404604 -1.6632053697141345 -3.456309142093616 6.751213230037486 -2.7321854778933954 
-0.05266774457679446 -1.5964275509304855 -3.505596705090241 6.704294412910087 -2.826019282936926 
-0.3077261713658146 -1.6493828207783992 -3.5631965339554768 6.517708410442268 -2.9535753761127808 
-0.5469495772034918 -1.8880692614876864 -3.8011932907054415 6.060670215562986 -3.1895239219722527 
-0.5110722236655505 -1.8739956589783162 -3.771615827159863 6.111694912614979 -3.153806275340159 
-0.5875503506076143 -1.7678650948550825 -3.6980884071454483 6.205885636785943 -3.1430947341134328 
-1.1548163821258868 -2.024564671501423 -3.845797367874411 5.67939553382503 -3.4129935276470746 
-1.317634544887241 -2.146075655285003 -3.9527958765924183 5.445888141505861 -3.535850174612875 
-1.5698963462398439 -2.1014351877985575 -3.8001130343882323 5.456925961256317 -3.509300456068715 
-1.8125878919308747 -2.2719298112057373 -4.217537870259406 4.902596188646356 -3.9209039337211777 
-1.9247448481127236 -2.1784209241850334 -4.169155953968769 4.917980336304382 -3.94541962030587 
-1.6063814276129733 -2.121722840496062 -3.9934786019719866 5.269573635535195 -3.6865278759642592 
-1.96002949175967 -2.368597025511548 -4.2386431673043035 4.762918339421546 -3.9702451450340277 
-2.1631235945059473 -2.419908121636155 -4.318378479595452 4.560900703279231 -4.103911399061104 
-2.278912852290503 -2.683624374351581 -4.425424393347399 4.299988332839021 -4.172594274596676 
-2.2901536617418827 -2.836472158444053 -4.497232021232378 4.171040916626907 -4.198707466368916 
-2.1117091373898944 -2.6871652084437727 -4.334463038796429 4.461526393492051 -4.027768362430166 
-1.3751620153645803 -2.208858269024887 -3.749614212328069 5.552222992820234 -3.3609210815422017 
-1.4703684703665658 -2.114504899344979 -3.5490167299899724 5.698198541744986 -3.247860504215268 
-1.468377609686783 -2.111249032983622 -3.5466288339711554 5.7028510840474524 -3.245892110892072 
-1.358112174899901 -1.9616163549637378 -3.349010006226024 5.991594265588972 -3.071389901920355 
-0.4426233554807055 -1.4130658160160579 -2.873246227087634 7.209409771984468 -2.448984417818977 
-0.3827509170773311 -1.3234040217861605 -2.771676568303562 7.378681261898521 -2.361054967636349 
0.2432401568720337 -0.561859267554695 -2.1796011422663213 8.703668741024238 -1.8085137103253999 
0.5173349140839321 -0.5062794278993152 -2.2387550745041267 8.847149546202736 -1.7732599422438113 
0.7466025815924269 -0.6290033657016352 -2.069521209543538 9.053717709493156 -1.5019525574636674 
0.35471044846045174 -0.9410614117966105 -2.2736238573863687 8.449359696446614 -1.7434713746667967 
0.4609338773126268 -0.456390593130763 -2.065246649366756 9.003574636251791 -1.6536190576118486 
0.800686534848353 -0.1904474654935342 -2.004285066954324 9.423094745314586 -1.5449640458270153 
0.5353348409728795 -0.1066153687845599 -2.4983010174046996 8.783441963677063 -2.1002078063165186 
0.17805250249178073 -0.1512834552179072 -2.8637459194277 8.143064969626352 -2.53598580388757 
0.1965730374369059 -0.07497375690228125 -2.829745204992733 8.218133913581134 -2.5174967806882194 
0.3758455133631031 -0.4592510417428173 -3.4829521202537705 7.332989664604092 -2.9460683919790966 
0.12990873030851446 -0.6724047977069603 -3.7232195962274233 6.858047515215105 -3.1921046202146783 
0.4772383659298498 -0.593554494732814 -3.6769752705254746 7.051915518466863 -3.0574249316298108 
0.0010941011465632755 -0.6377691232158895 -3.9727715823122196 6.465614250195813 -3.4638559326480447 
0.0037270582233617233 -0.6183914674573145 -3.968227651904783 6.476464185645334 -3.463192309359002 
-0.014752121424180586 -0.6530953204245975 -4.095799501963569 6.274945052327418 -3.5751360074513343 
0.08288467526945453 -0.6187363187657695 -4.0164107960299305 6.428332748658981 -3.4810351232629273 
-0.065445107662498 -0.7210243194104464 -4.144160712147638 6.17729477498969 -3.6195607698490733 
-0.07788037920815327 -0.9588433153751623 -4.089016355318279 6.210228267879302 -3.521634683197604 
-0.709349563157744 -1.522234061653137 -4.561655587716558 5.242689759878957 -4.020312721597108 
-0.9454884625278623 -1.7195516530348698 -4.692572006777596 4.951389415950388 -4.16912315194287 
-0.8894221585486974 -1.8023596687377932 -4.55309950837713 5.125157830065149 -4.006505108655361 
-0.9839347501790314 -1.8157392874973937 -4.600375508864701 5.031232837144458 -4.077112255207723 
-0.3006054580918942 -1.5900859697707972 -4.272216210249056 5.7259675627148 -3.610489383032373 
-0.2237655953322104 -1.5540663198140834 -4.274576549647634 5.7555093035523015 -3.5965458494342357 
-0.25130012414096825 -1.552339808120621 -4.289350981743354 5.72912341552113 -3.6193038746714308 
-0.38857907241894907 -1.7758550124175656 -4.50620285498745 5.338003647431648 -3.8068513331239444 
-0.6450537041416169 -2.1762030661001006 -4.753375445573383 4.826641270511075 -4.01677469894598 
-0.6643659055443152 -2.3125598000818286 -4.830640761309837 4.677469306917345 -4.05971433528542 
-0.6485353942586585 -2.2589419740032923 -4.774226392402824 4.770984017241844 -4.016225193136904 
-0.8972283159359904 -2.5320719739293054 -4.998338218131096 4.3389082657020595 -4.2336401856126855 
-0.1685349246949528 -2.3828076175180826 -4.714936725697228 4.8905296216397005 -3.7759700623249017 
0.34588617065608673 -1.9094961831855386 -4.303262298455223 5.7058879044053015 -3.352749830595158 
0.32133088017027944 -1.8179426958009657 -4.329527236350387 5.703388079031072 -3.4090724346260117 
-0.3635928993348898 -1.9494909572183161 -4.576804810902502 5.195313283850723 -3.8207795847359733 
-0.4206607063860588 -1.9788684587748833 -4.621089803704862 5.114709457660922 -3.8724269897595036 
0.05445817607453307 -1.5245468381235696 -4.297707845291711 5.800541991868357 -3.536407384356778 
0.02509269899702815 -1.5751980907893994 -4.315298483857816 5.7540033730324325 -3.5494270983822958 
0.041083172136993085 -1.5651938230140416 -4.30264380602847 5.778044890615831 -3.535195364148308 
0.3803037815433754 -1.3562765954259248 -4.0657725085386005 6.24677712480873 -3.2616783550503925 
0.20211774086429557 -1.816544064714023 -4.482938347367465 5.472738923412109 -3.590030987716318 
0.6952180270157982 -1.9530927793720991 -4.262432393294375 5.78553699439415 -3.195078685886969 
0.9563755456975827 -2.0212042193603708 -4.134237259354521 5.948690684219244 -2.9734970068627007 
1.0115890116037036 -1.988151009628396 -4.114723582474241 5.995955370697203 -2.9472655561614687 
0.9547996421507037 -2.11480697962223 -4.161395038511657 5.863251435339691 -2.9736974676266357 
0.8100825987838505 -2.14180005529866 -4.508260609443013 5.365529448519894 -3.346340343501879 
2.2165189157658745 -0.8022966128920785 -3.422571603115543 7.632466608395653 -2.2479316377236813 
1.9371199330861657 -0.7515012797576475 -3.5295044463371568 7.468142803338033 -2.4435661077230577 
2.386959195800472 -0.7208014177070368 -3.2010499501055563 8.030480462593275 -2.0058179862068073 
2.3487652059922226 -0.7734243289379918 -3.2361371729538178 7.948847088505055 -2.036683823707392 
2.336105630507319 -0.7711401600929406 -3.2295312975710146 7.960062632890576 -2.034470774020704 
2.3696813473414977 -0.9402238442468303 -3.422173039117837 7.573554187123769 -2.1675629920568724 
2.2088286051998267 -0.9206000329536153 -3.505683407897706 7.447273342572885 -2.2996239484881897 
2.154899720613926 -0.746826381731367 -3.02303835676544 8.278122273337999 -1.893275032259254 
1.7454279774368473 -0.8343663161433881 -3.1170317430416503 8.047166584941152 -2.083086498279627 
1.7497104193347894 -0.8306851868032368 -3.1146547393934156 8.053053903791387 -2.0805061994810643 
1.6763937039549575 -0.8417650743323435 -3.109513329860633 8.043530978088889 -2.0950430872155295 
1.8675703822109568 -0.8154171202065896 -2.786832703875845 8.530948755841088 -1.7341359487105876 
1.9380576903327267 -0.6311163152950456 -2.7921424591339274 8.644158828839345 -1.7688587908956777 
1.9016821577042435 -1.1592894193312588 -2.8894982133068936 8.18092775232126 -1.722463318834258 
2.0004663044495743 -1.1546529917120978 -2.710803667459203 8.418487146672106 -1.518100418149615 
1.4521911205620484 -1.5757692965660084 -3.138621928585053 7.521974993324704 -1.9819786642369621 
1.267566075572816 -1.7478610119144662 -3.268935577325834 7.220974919577252 -2.1156181193198336 
1.2297042756049876 -1.7521600661179093 -3.29064564910243 7.18715615720707 -2.1476682298263654 
1.1860902672174092 -1.7724129766880736 -3.3347448971621674 7.115774987826626 -2.198437448797293 
1.1012098013529084 -2.1046805223772935 -3.4897054228847963 6.6928421672973215 -2.2740152650018786 
1.1265462706211906 -2.195796620558113 -3.55905325860509 6.5532303164716055 -2.305143513367099 
1.1547395129837383 -2.171897696270662 -3.528967160568655 6.607266330419904 -2.274016066730553 
1.0928093832892358 -1.9677507851938003 -3.132887478760722 7.167006445047427 -1.97128818255338 
1.107940659183285 -1.823784850541287 -3.072227153596586 7.344755790353894 -1.9533255851533795 
1.3082297975380044 -1.6805545299854003 -2.5819948226264984 7.9786810608239875 -1.4547395104592766 
1.6817464339100354 -1.4093728645400603 -2.2627434951077987 8.609659250032742 -1.1038022254658983 
1.6070144561802664 -1.4423110006788562 -2.3111954215545722 8.516029010298404 -1.1661393933344897 
1.5248635585771808 -1.4364382307427377 -2.415078112607418 8.404880832193577 -1.297892821906757 
1.612815358987902 -1.2622061365382677 -2.210890535740134 8.77445945048401 -1.1265563147886297 
1.194760666516359 -1.157477800101944 -1.9909065268805648 8.914930996270968 -1.1012492973803774 
1.2187384782283601 -0.9650991324632656 -1.860199328506937 9.20251709373838 -1.0315034673644874 
1.7840205240449052 -0.6196404409635221 -1.2855340047753856 10.236965593745708 -0.39133007734223213 
1.7676383006477323 -0.6794302355330188 -1.287161919120308 10.167833890184475 -0.37900806547879995 
2.21518678013058 0.13054054963193096 -0.6147495445766538 11.743818573148431 0.15559980595372735 
1.9185277153337665 -0.4001325095467223 -1.3315715996001103 10.47219693484793 -0.45661808729566644 
1.8398280261063036 -0.502820081622815 -1.3950511181323009 10.285778300557823 -0.5124308885908562 
1.84624974487987 -0.49737382509781014 -1.3872657297374786 10.300422818474814 -0.5044720554948583 
1.8805757298051589 -0.7131463301508205 -1.6029445277425225 9.920983867596128 -0.6267283178655703 
1.9342804508539047 -0.7358091344701592 -1.5434428226440815 9.971035233433334 -0.5428637570972512 
2.616964134763194 -0.5747092749752198 -1.3136543808110872 10.56238489558833 -0.13073969438772792 
2.8556468771240873 -0.5605332467274025 -1.3966263693702814 10.558134374951159 -0.13501005184097892 
2.1122154325821327 -0.8822082815314758 -1.8676717668487584 9.589054723314206 -0.7446821788979179 
2.1437507644102993 -0.8994567362312438 -1.848744435201283 9.599509973393076 -0.709631337382703 
2.3297054480629527 -0.7281492985587903 -1.7076415113151597 9.951262732747011 -0.56454440307661 
2.8665605357297466 -0.21800117874511216 -1.3256436182675628 10.983794446430707 -0.17572431238832564 
2.9475724002616914 -0.15423864639159035 -1.3218689154309544 11.070567685427555 -0.1654291655412976 
2.7653433723483687 0.5291734601079412 -0.9668032243651794 12.03931668678311 -0.09788903516457026 
2.7515367618175333 0.6508757396531166 -0.8960593886647672 12.219252508365685 -0.07203381700445277 
2.7507360872205453 0.4594624747519873 -0.9456382086667503 11.997722615858216 -0.062217575813861004 
2.660953987021429 0.3899948981730148 -1.0812664285357698 11.745503130863177 -0.2004322736609936 
1.926158262233585 -0.4269164501621958 -1.7286209946963567 10.072212445977236 -0.8205868873054953 
1.6429097584007621 -0.2825082831341348 -1.6866505991020802 10.114815415924504 -0.9249335567117924 
2.1281484256936807 0.03173578252533105 -1.4662206993978089 10.80170819257689 -0.6408048847313523 
1.704626735860316 -0.13317471493841992 -1.7166889388822284 10.222734674925157 -0.974405974632532 
1.6547668621987128 -0.20041836108046596 -1.7717322453279394 10.093043353819603 -1.0235698285211754 
1.8441542850499673 -0.05337828600166006 -1.6812999195213223 10.379926245161265 -0.9155827855204137 
1.7990141986244055 -0.4387370130946806 -1.6368652538579198 10.10455456191336 -0.775386902234402 
2.074105684072407 -0.4063012331215532 -1.6627127901634822 10.211022212362494 -0.7127521590214769 
1.5894445732627531 -0.48031318484564167 -1.9210199311221317 9.701274588942056 -1.1036027121613188 
1.5786953347224824 -0.4451425559765312 -1.9291661114284722 9.71488118154575 -1.1253785704172827 
1.989297757857912 -0.2740383291653643 -1.541953424748911 10.415446236863126 -0.6689331269593453 
2.308350406626886 0.10591431569487497 -1.5624137913313234 10.817743296501462 -0.6907357415419 
2.2383704478848614 -0.04483033057829289 -1.612541884906861 10.618888561575062 -0.717762447283036 
1.4258353994352433 -0.5059790832779782 -2.086529078356989 9.442946527355176 -1.3077678629273777 
1.4976770993709039 -0.5038330418289974 -2.1104313102148353 9.447167081523972 -1.3055875110635071 
1.4762737834746673 -0.44175628672117284 -2.1319117977852926 9.45804791792817 -1.3508237326988564 
1.5651243880059127 -0.285867038348286 -2.1414933382309442 9.583528158694243 -1.3730739827966403 
1.620443777176419 -0.22818497180473685 -1.9906477817948058 9.817342330987202 -1.230412392081078 
1.8459936770811822 -0.6010869760592641 -2.14469793037226 9.458415798585492 -1.1900756530471739 
1.8998774810557677 -0.5402540550246044 -2.104910845825586 9.565311311004187 -1.1521971976180936 
1.6989558789181558 -0.8391110213196669 -2.3519710548599875 9.005387677665702 -1.3657606957751227 
2.025141675610712 -0.7418938255966481 -1.9810982850370777 9.576310582199753 -0.9296196951007687 
2.1536019945402245 -0.6449339677373445 -1.9295139809584612 9.749727759697656 -0.8667000832228808 
3.156135580640978 -0.3966574997353405 -2.0348874768803 10.007400963015854 -0.7254294751717651 
3.174265239490609 -0.390423855056099 -2.0274428173356966 10.02410519610207 -0.7144441540571762 
3.713676758711557 0.11620129346553654 -1.5929432436129503 11.089798043626942 -0.274958575449503 
3.767505408951564 0.05748705875885207 -1.5766999015990706 11.068452562611832 -0.22454404064268374 
3.8815227731326587 0.28901047365476984 -1.4458602131474976 11.46116784382307 -0.13101069453385605 
3.8070943770576378 0.14552176859430688 -1.4870780835580604 11.274737765063058 -0.15038309148692974 
4.3158902596582465 0.49196729599948696 -1.3465170830236133 11.802228822264205 0.03434341955329501 
4.369286421589024 0.29223619192744366 -1.4563188968966614 11.465211850701415 8.875242207295742e-05 
4.340607811755618 0.2305262686168703 -1.5006652504729487 11.344758381141247 -0.033933260381104446 
4.381630238316433 0.14675272857827792 -1.378447133460952 11.455669530853264 0.12872547960031966 
4.225400420449418 0.02259338036182612 -1.396919590768988 11.311878413495613 0.10434747871937589 
4.078283448964626 0.09476051523041917 -1.5173378907838497 11.201509199933213 -0.08433925595551273 
3.9960979641573147 0.16286155114475775 -1.6787927840945684 11.011913241764375 -0.2918716685155971 
4.452290528743632 -0.1310216603910419 -1.8136014722627465 10.552498293594176 -0.20900831727148272 
4.520563505591653 -0.09624306434777452 -1.7835305360836173 10.62287388803427 -0.17024626422912092 
4.496454521611 -0.11093389330314096 -1.7619681050911993 10.645750556876116 -0.1499128429249197 
4.462678614739545 -0.13319143200260442 -1.7707532994626547 10.61579740261731 -0.16119731094896395 
4.2494444656656185 0.07623789864240393 -1.7803297696636662 10.782787891980199 -0.2960355911808392 
3.7604713331478052 0.14077785816286337 -1.9990082755181788 10.481247816483119 -0.6726110069355258 
3.9004188545182927 0.10808995182988212 -1.9710951043679756 10.505504736552432 -0.5957796009993075 
3.9285439477412325 0.29493388903202344 -2.0090945943108665 10.559852376337723 -0.6794265706134865 
4.52085033654221 -0.05564833042994621 -1.5429430774646704 11.023010109446759 0.06536917334140924 
3.4354138531722924 -0.21089338153760195 -1.9455223603291643 10.299863073549822 -0.6094678026970968 
3.325535862131858 -0.39679074410091175 -1.9974870411655559 10.071467085922379 -0.6368659319461472 
3.7304396275641523 -0.4236235553646992 -2.2099343843323993 9.752635352973932 -0.7245796344219144 
3.920120698610731 -0.07665615222867928 -2.2469417196253687 9.926831404917422 -0.8134064645062011 
5.227474320076851 0.5490460197691789 -1.6886406686793833 11.181076840134025 -0.08337995720461322 
5.232317802118516 0.5682221536243617 -1.6152352985287166 11.330764352545359 -0.012211748194758343 
5.2531733321258685 0.5430502072304222 -1.6085800951053102 11.322815531331216 0.007487711317637036 
4.194700780021606 -0.011962569017512692 -2.4961149451722235 9.499342721750622 -1.0106683735353954 
4.178608741982217 0.020223656218377073 -2.4731524163919545 9.560136646181967 -1.000604702107168 
4.065376657011285 0.03539496879366766 -2.5396385371280985 9.457768382938518 -1.1010907281281703 
4.309059658536157 0.10003274426853181 -2.3178624526515534 9.87211052007693 -0.8321904390415824 
4.461368526037774 -0.18233255254915548 -2.510633048674933 9.342459127217822 -0.908833180622338 
4.174923127518866 -0.3130144324855024 -2.713401497959083 8.948668737578586 -1.1513530312307978 
