7.915496826171875e-05
4.6253204345703125e-05
4.553794860839844e-05
4.5299530029296875e-05
4.57763671875e-05
4.5299530029296875e-05
4.57763671875e-05
4.57763671875e-05
4.5299530029296875e-05
6.4849853515625e-05
4.76837158203125e-05
4.57763671875e-05
4.601478576660156e-05
4.673004150390625e-05
4.57763671875e-05
4.553794860839844e-05
4.601478576660156e-05
4.57763671875e-05
4.506111145019531e-05
4.5299530029296875e-05
4.553794860839844e-05
4.506111145019531e-05
4.5299530029296875e-05
4.5299530029296875e-05
4.5299530029296875e-05
4.7206878662109375e-05
4.553794860839844e-05
7.939338684082031e-05
4.673004150390625e-05
6.628036499023438e-05
9.5367431640625e-05
6.556510925292969e-05
4.9114227294921875e-05
4.839897155761719e-05
4.57763671875e-05
4.649162292480469e-05
6.604194641113281e-05
4.673004150390625e-05
4.57763671875e-05
4.506111145019531e-05
4.5299530029296875e-05
4.5299530029296875e-05
8.845329284667969e-05
4.863739013671875e-05
4.57763671875e-05
4.553794860839844e-05
4.8160552978515625e-05
4.57763671875e-05
4.57763671875e-05
4.57763671875e-05
4.553794860839844e-05
4.6253204345703125e-05
4.57763671875e-05
4.5299530029296875e-05
4.57763671875e-05
4.553794860839844e-05
4.6253204345703125e-05
4.5299530029296875e-05
4.696846008300781e-05
4.649162292480469e-05
8.7738037109375e-05
4.744529724121094e-05
4.506111145019531e-05
4.553794860839844e-05
4.601478576660156e-05
4.553794860839844e-05
4.553794860839844e-05
4.5299530029296875e-05
4.553794860839844e-05
4.57763671875e-05
4.673004150390625e-05
4.5299530029296875e-05
4.839897155761719e-05
4.553794860839844e-05
4.553794860839844e-05
4.506111145019531e-05
4.57763671875e-05
4.673004150390625e-05
9.72747802734375e-05
4.6253204345703125e-05
4.553794860839844e-05
4.57763671875e-05
4.601478576660156e-05
4.5299530029296875e-05
4.5299530029296875e-05
4.57763671875e-05
4.5299530029296875e-05
4.5299530029296875e-05
4.553794860839844e-05
4.553794860839844e-05
4.601478576660156e-05
4.649162292480469e-05
4.553794860839844e-05
4.6253204345703125e-05
4.57763671875e-05
4.553794860839844e-05
5.936622619628906e-05
4.673004150390625e-05
4.6253204345703125e-05
4.6253204345703125e-05
4.649162292480469e-05
4.553794860839844e-05
4.57763671875e-05
4.553794860839844e-05
4.601478576660156e-05
6.389617919921875e-05
4.935264587402344e-05
4.6253204345703125e-05
4.553794860839844e-05
4.601478576660156e-05
4.673004150390625e-05
4.57763671875e-05
4.5299530029296875e-05
4.553794860839844e-05
0.00013375282287597656
4.792213439941406e-05
4.673004150390625e-05
4.673004150390625e-05
4.553794860839844e-05
4.649162292480469e-05
4.553794860839844e-05
4.649162292480469e-05
4.553794860839844e-05
4.601478576660156e-05
4.601478576660156e-05
4.601478576660156e-05
4.57763671875e-05
4.673004150390625e-05
4.5299530029296875e-05
4.649162292480469e-05
4.57763671875e-05
0.0017168521881103516
4.9114227294921875e-05
4.601478576660156e-05
4.601478576660156e-05
4.57763671875e-05
6.198883056640625e-05
4.887580871582031e-05
4.792213439941406e-05
4.673004150390625e-05
4.553794860839844e-05
4.601478576660156e-05
4.553794860839844e-05
4.601478576660156e-05
4.5299530029296875e-05
4.553794860839844e-05
6.580352783203125e-05
4.792213439941406e-05
4.9114227294921875e-05
4.76837158203125e-05
4.696846008300781e-05
4.57763671875e-05
4.5299530029296875e-05
4.5299530029296875e-05
0.00011229515075683594
4.673004150390625e-05
4.553794860839844e-05
4.6253204345703125e-05
4.553794860839844e-05
4.601478576660156e-05
4.553794860839844e-05
4.601478576660156e-05
4.57763671875e-05
4.553794860839844e-05
4.57763671875e-05
4.57763671875e-05
4.57763671875e-05
4.57763671875e-05
4.601478576660156e-05
4.6253204345703125e-05
4.57763671875e-05
4.553794860839844e-05
0.00010228157043457031
6.246566772460938e-05
7.772445678710938e-05
4.601478576660156e-05
4.5299530029296875e-05
4.553794860839844e-05
4.6253204345703125e-05
4.553794860839844e-05
4.6253204345703125e-05
4.5299530029296875e-05
4.553794860839844e-05
4.506111145019531e-05
4.57763671875e-05
4.506111145019531e-05
4.6253204345703125e-05
4.553794860839844e-05
9.870529174804688e-05
4.744529724121094e-05
4.57763671875e-05
4.5299530029296875e-05
4.601478576660156e-05
4.5299530029296875e-05
4.601478576660156e-05
4.506111145019531e-05
4.553794860839844e-05
4.601478576660156e-05
4.649162292480469e-05
4.601478576660156e-05
4.57763671875e-05
4.744529724121094e-05
4.601478576660156e-05
4.506111145019531e-05
4.601478576660156e-05
4.5299530029296875e-05
9.894371032714844e-05
4.649162292480469e-05
4.601478576660156e-05
6.651878356933594e-05
4.9591064453125e-05
5.91278076171875e-05
4.601478576660156e-05
4.5299530029296875e-05
4.57763671875e-05
4.6253204345703125e-05
4.553794860839844e-05
6.461143493652344e-05
4.744529724121094e-05
4.553794860839844e-05
4.57763671875e-05
4.506111145019531e-05
5.841255187988281e-05
4.673004150390625e-05
4.553794860839844e-05
4.553794860839844e-05
4.57763671875e-05
4.553794860839844e-05
4.57763671875e-05
4.5299530029296875e-05
4.57763671875e-05
0.00013208389282226562
5.054473876953125e-05
4.863739013671875e-05
4.839897155761719e-05
4.839897155761719e-05
7.62939453125e-05
4.649162292480469e-05
9.608268737792969e-05
4.982948303222656e-05
6.079673767089844e-05
4.601478576660156e-05
4.6253204345703125e-05
4.553794860839844e-05
4.553794860839844e-05
4.553794860839844e-05
4.57763671875e-05
4.553794860839844e-05
4.553794860839844e-05
4.5299530029296875e-05
4.553794860839844e-05
4.506111145019531e-05
4.553794860839844e-05
4.506111145019531e-05
4.5299530029296875e-05
4.5299530029296875e-05
4.839897155761719e-05
4.601478576660156e-05
4.601478576660156e-05
4.5299530029296875e-05
4.5299530029296875e-05
4.506111145019531e-05
4.506111145019531e-05
4.5299530029296875e-05
4.506111145019531e-05
4.553794860839844e-05
4.506111145019531e-05
4.553794860839844e-05
4.506111145019531e-05
4.57763671875e-05
4.57763671875e-05
4.5299530029296875e-05
4.5299530029296875e-05
4.5299530029296875e-05
0.0001049041748046875
6.270408630371094e-05
4.553794860839844e-05
4.57763671875e-05
4.601478576660156e-05
4.57763671875e-05
4.6253204345703125e-05
4.553794860839844e-05
4.553794860839844e-05
4.553794860839844e-05
4.553794860839844e-05
4.553794860839844e-05
4.5299530029296875e-05
4.553794860839844e-05
4.601478576660156e-05
4.57763671875e-05
4.553794860839844e-05
4.5299530029296875e-05
5.936622619628906e-05
4.553794860839844e-05
4.482269287109375e-05
4.482269287109375e-05
0.00011706352233886719
6.723403930664062e-05
6.580352783203125e-05
6.0558319091796875e-05
4.553794860839844e-05
6.961822509765625e-05
4.7206878662109375e-05
4.553794860839844e-05
4.5299530029296875e-05
4.5299530029296875e-05
0.00010085105895996094
0.00010848045349121094
8.320808410644531e-05
4.601478576660156e-05
4.553794860839844e-05
4.553794860839844e-05
4.506111145019531e-05
4.506111145019531e-05
4.482269287109375e-05
4.506111145019531e-05
4.482269287109375e-05
4.506111145019531e-05
4.553794860839844e-05
4.649162292480469e-05
4.5299530029296875e-05
4.6253204345703125e-05
4.5299530029296875e-05
5.817413330078125e-05
4.649162292480469e-05
4.57763671875e-05
4.5299530029296875e-05
4.553794860839844e-05
4.506111145019531e-05
4.57763671875e-05
4.553794860839844e-05
4.649162292480469e-05
4.57763671875e-05
4.57763671875e-05
4.57763671875e-05
4.57763671875e-05
4.5299530029296875e-05
4.553794860839844e-05
4.553794860839844e-05
4.601478576660156e-05
4.553794860839844e-05
7.987022399902344e-05
4.7206878662109375e-05
4.601478576660156e-05
4.506111145019531e-05
4.57763671875e-05
4.482269287109375e-05
4.553794860839844e-05
4.506111145019531e-05
4.5299530029296875e-05
4.553794860839844e-05
4.553794860839844e-05
4.5299530029296875e-05
4.553794860839844e-05
4.5299530029296875e-05
4.57763671875e-05
4.5299530029296875e-05
4.482269287109375e-05
4.506111145019531e-05
5.91278076171875e-05
4.696846008300781e-05
4.673004150390625e-05
4.57763671875e-05
4.6253204345703125e-05
4.553794860839844e-05
4.57763671875e-05
4.57763671875e-05
4.553794860839844e-05
4.5299530029296875e-05
6.747245788574219e-05
4.57763671875e-05
4.57763671875e-05
4.57763671875e-05
4.57763671875e-05
4.601478576660156e-05
4.57763671875e-05
4.649162292480469e-05
0.00011563301086425781
4.8160552978515625e-05
4.673004150390625e-05
4.57763671875e-05
4.57763671875e-05
4.5299530029296875e-05
4.6253204345703125e-05
4.553794860839844e-05
4.57763671875e-05
4.57763671875e-05
4.553794860839844e-05
4.57763671875e-05
4.5299530029296875e-05
4.5299530029296875e-05
4.57763671875e-05
4.5299530029296875e-05
4.5299530029296875e-05
4.553794860839844e-05
0.005197048187255859
5.14984130859375e-05
4.649162292480469e-05
4.696846008300781e-05
4.696846008300781e-05
4.6253204345703125e-05
4.601478576660156e-05
4.553794860839844e-05
4.601478576660156e-05
4.553794860839844e-05
4.649162292480469e-05
4.601478576660156e-05
6.794929504394531e-05
6.079673767089844e-05
4.649162292480469e-05
4.553794860839844e-05
4.6253204345703125e-05
4.5299530029296875e-05
4.553794860839844e-05
9.72747802734375e-05
4.57763671875e-05
4.601478576660156e-05
6.771087646484375e-05
4.76837158203125e-05
4.673004150390625e-05
4.5299530029296875e-05
4.6253204345703125e-05
4.553794860839844e-05
4.553794860839844e-05
4.5299530029296875e-05
5.8650970458984375e-05
4.673004150390625e-05
4.553794860839844e-05
4.57763671875e-05
4.601478576660156e-05
4.601478576660156e-05
4.6253204345703125e-05
4.553794860839844e-05
4.5299530029296875e-05
4.553794860839844e-05
4.5299530029296875e-05
4.553794860839844e-05
4.57763671875e-05
4.57763671875e-05
4.649162292480469e-05
4.553794860839844e-05
4.57763671875e-05
4.553794860839844e-05
9.72747802734375e-05
6.222724914550781e-05
4.6253204345703125e-05
4.6253204345703125e-05
4.6253204345703125e-05
4.6253204345703125e-05
4.601478576660156e-05
4.6253204345703125e-05
4.57763671875e-05
4.601478576660156e-05
4.553794860839844e-05
4.601478576660156e-05
4.553794860839844e-05
4.5299530029296875e-05
4.5299530029296875e-05
4.553794860839844e-05
4.649162292480469e-05
4.553794860839844e-05
5.841255187988281e-05
4.792213439941406e-05
4.6253204345703125e-05
4.553794860839844e-05
4.601478576660156e-05
4.649162292480469e-05
4.6253204345703125e-05
4.601478576660156e-05
4.553794860839844e-05
4.601478576660156e-05
4.601478576660156e-05
4.6253204345703125e-05
0.00018787384033203125
4.8160552978515625e-05
4.601478576660156e-05
8.249282836914062e-05
8.273124694824219e-05
4.57763671875e-05
4.601478576660156e-05
4.649162292480469e-05
4.553794860839844e-05
4.57763671875e-05
4.553794860839844e-05
4.553794860839844e-05
4.57763671875e-05
4.601478576660156e-05
0.00012230873107910156
5.078315734863281e-05
4.863739013671875e-05
4.839897155761719e-05
6.842613220214844e-05
5.1021575927734375e-05
4.863739013671875e-05
4.792213439941406e-05
4.863739013671875e-05
4.9591064453125e-05
9.584426879882812e-05
8.20159912109375e-05
