2.040971253452656e-06 1.9797725204309385e-06 2.0439312575115116e-06 1.8934207096219337e-06 2.0683097151496745e-06 
2.041801360330977e-06 1.980783168715625e-06 2.0450750085317454e-06 1.894377702163439e-06 2.0693440761421783e-06 
2.0405027884076983e-06 1.980894519747048e-06 2.0454528207335895e-06 1.8938276349067793e-06 2.0689990689708603e-06 
2.0248800816244733e-06 1.965023796529985e-06 2.0289644119111124e-06 1.877863357672562e-06 2.0527319530604727e-06 
2.027648010740649e-06 1.9685127629692333e-06 2.0315798947033332e-06 1.8807284904574574e-06 2.055152859633622e-06 
2.026159090181821e-06 1.9689478462228773e-06 2.0324919304807515e-06 1.880302126147234e-06 2.0550590522726685e-06 
2.031786615865582e-06 1.974824942643066e-06 2.0384054596848815e-06 1.886076340952945e-06 2.0608480492097253e-06 
2.033619312027351e-06 1.9779321444122123e-06 2.0395805778061603e-06 1.8879652884363707e-06 2.061744196993725e-06 
2.0348500969993214e-06 1.9799730339180253e-06 2.041031637675997e-06 1.8894216642684058e-06 2.0629079246178768e-06 
2.0396121616277093e-06 1.9842936627690033e-06 2.0454328687550424e-06 1.8940049926612588e-06 2.0675084481505295e-06 
2.0452737041132793e-06 1.98917148966299e-06 2.049001636405435e-06 1.8989252902635825e-06 2.071679811827664e-06 
2.0456970599473536e-06 1.9899761155025077e-06 2.0501804568846714e-06 1.8996409538797132e-06 2.0726113300207283e-06 
2.041296056121702e-06 1.986566274575252e-06 2.0451739656568336e-06 1.8952528557406976e-06 2.0674016161170297e-06 
2.0412432480548227e-06 1.986630495269822e-06 2.0452936707132443e-06 1.89527230904585e-06 2.0674555590688743e-06 
2.042293316187823e-06 1.9876865579363165e-06 2.046356963910083e-06 1.8963301050063957e-06 2.0685149785930854e-06 
2.0594720978958164e-06 2.005827693657088e-06 2.0628825105728006e-06 1.9135651135095134e-06 2.084858739493921e-06 
2.0576914374838756e-06 2.0037405713367103e-06 2.0611031026003283e-06 1.9117175027026003e-06 2.0831735698919926e-06 
2.0555029060854214e-06 1.9992846684648694e-06 2.0581949494052267e-06 1.908864357841867e-06 2.081089280630142e-06 
2.0531100783657406e-06 1.9974407927717875e-06 2.054572387138454e-06 1.9062312728990524e-06 2.0775075368442854e-06 
2.0563328592720424e-06 2.00038146838639e-06 2.056519355584229e-06 1.9090533952881056e-06 2.079761334486843e-06 
2.0476836970686825e-06 1.991339824659705e-06 2.047950393362047e-06 1.9003239739183396e-06 2.071298052253528e-06 
2.040199578338602e-06 1.985219176425813e-06 2.041559999347714e-06 1.8933988155447932e-06 2.0642965835586185e-06 
2.0408185055689102e-06 1.984795764808235e-06 2.0417885248477482e-06 1.8936996296100789e-06 2.064914596120213e-06 
2.040217149549836e-06 1.984301782441719e-06 2.0415058629723144e-06 1.8932066336523633e-06 2.0645439051594796e-06 
2.0477687313585227e-06 1.990984336482419e-06 2.049531020281886e-06 1.9007361136299578e-06 2.072758030792949e-06 
2.044895465076244e-06 1.98798127302549e-06 2.04775202704108e-06 1.8981384236759637e-06 2.0708303845984443e-06 
2.042942310250787e-06 1.9872754072859086e-06 2.0456682601974805e-06 1.8963903873363252e-06 2.068383490108234e-06 
2.034087994954847e-06 1.978416543393734e-06 2.0382681512856447e-06 1.8879241746806068e-06 2.060732996080375e-06 
2.0365372874671676e-06 1.979043239866622e-06 2.038557823370112e-06 1.889407863694696e-06 2.061956742283223e-06 
2.0401137038227684e-06 1.9835095571299874e-06 2.0419916816656937e-06 1.8931292373655114e-06 2.0651413264354818e-06 
2.04047581013179e-06 1.9838044055023292e-06 2.0425988022973414e-06 1.8935477455643004e-06 2.065727208724798e-06 
2.036486313292301e-06 1.9811879616283058e-06 2.0389401921903226e-06 1.8899150189447864e-06 2.0615867043159043e-06 
2.039883044691621e-06 1.985079992255512e-06 2.0430987324991697e-06 1.8936344115507448e-06 2.0654622708022153e-06 
2.022064356424139e-06 1.9655602577072742e-06 2.0266070496028213e-06 1.8758094614330543e-06 2.049263382738676e-06 
2.032093537964685e-06 1.9747857476768697e-06 2.035946670920482e-06 1.8855109788907701e-06 2.058971828695416e-06 
2.0388200886782954e-06 1.9806111675303046e-06 2.041724705087041e-06 1.8918093234701506e-06 2.0651924558490273e-06 
2.059224137024242e-06 2.001435101408928e-06 2.062536159207899e-06 1.912464104800545e-06 2.0858095471718655e-06 
2.0609042379066353e-06 2.0029348743953183e-06 2.063586004867355e-06 1.9139334074333096e-06 2.087023810043084e-06 
2.0388943366747544e-06 1.9808960781462753e-06 2.0416121973794836e-06 1.8918709781179307e-06 2.0650471999002405e-06 
2.034205267485198e-06 1.9777417150515444e-06 2.0379580425928518e-06 1.8877637702788069e-06 2.0607407205060322e-06 
2.021624174752211e-06 1.966768494111815e-06 2.0251048065462704e-06 1.8753908731051379e-06 2.0474348433386674e-06 
2.0262446770868805e-06 1.9719001116206505e-06 2.0300561404689543e-06 1.8802201991667153e-06 2.0521725984057766e-06 
2.0107407533802932e-06 1.956176449492209e-06 2.014327682806796e-06 1.8645666373912567e-06 2.0365468599910634e-06 
2.0063975121381433e-06 1.9524228468021497e-06 2.0108925513927318e-06 1.860587456132651e-06 2.0327727474714486e-06 
2.0004983576269857e-06 1.946162091353952e-06 2.005758919291793e-06 1.8548180747935684e-06 2.027617958997916e-06 
1.9996444661701524e-06 1.944758393750438e-06 2.0043095938306212e-06 1.853681835991757e-06 2.026440305527599e-06 
1.9989462619402506e-06 1.943406462226996e-06 2.0022593298569674e-06 1.8524669842710354e-06 2.024823827337458e-06 
1.9965761939319772e-06 1.9406730174638545e-06 1.9997996110053357e-06 1.849992798790323e-06 2.02249103164986e-06 
1.993080231534048e-06 1.93743432521171e-06 1.9964030435397317e-06 1.8465664172819642e-06 2.018997139475472e-06 
1.984602804063463e-06 1.9289178064201934e-06 1.989193594481159e-06 1.8384193622252483e-06 2.0115796135074274e-06 
1.982936167878418e-06 1.929297316391309e-06 1.990356127413216e-06 1.8379709986181833e-06 2.0116249264297175e-06 
1.991869445697493e-06 1.937057878289257e-06 1.9979494928190677e-06 1.8463078086103778e-06 2.019812205745813e-06 
1.9936091211330555e-06 1.937975910616552e-06 1.9991563234769476e-06 1.847736890468679e-06 2.0213642627734304e-06 
1.993835432725803e-06 1.9381193733059784e-06 1.999666391289733e-06 1.8480301755989309e-06 2.021851113873589e-06 
1.9921973185386714e-06 1.9359842104997353e-06 1.9985640500696698e-06 1.846448302684357e-06 2.02080918328836e-06 
1.993418905887578e-06 1.9369261060290584e-06 1.999690589062625e-06 1.8475917968099568e-06 2.0220384682854544e-06 
1.9752350186919462e-06 1.9192614591445284e-06 1.9827357899211875e-06 1.8298194053964127e-06 2.004707421787875e-06 
1.9795146925042775e-06 1.922795397365726e-06 1.9866687494250687e-06 1.8338667527867939e-06 2.008930506565411e-06 
1.9727701952205343e-06 1.913733214021765e-06 1.976197796502574e-06 1.8255732311815517e-06 1.999812476363837e-06 
1.9705950414910444e-06 1.911181586684067e-06 1.9724549792956946e-06 1.8228701451028497e-06 1.9964553594355145e-06 
1.9694846064533115e-06 1.9098873758285034e-06 1.9712366895599513e-06 1.8216909233746072e-06 1.9953118726960803e-06 
2.0022031962160165e-06 1.941775170404916e-06 2.0038642110220553e-06 1.8543170108398574e-06 2.028219531847682e-06 
2.007099652177781e-06 1.9463075078704277e-06 2.0085079985279937e-06 1.8590861381084099e-06 2.0330202086912122e-06 
1.997962748492362e-06 1.9379030107574565e-06 2.0009559379241105e-06 1.8505178455987347e-06 2.02496688252738e-06 
2.004365005318089e-06 1.9441075124200202e-06 2.007617246986883e-06 1.8569759985831684e-06 2.0316459868341944e-06 
1.9988299277482893e-06 1.9386971192155864e-06 2.001781667976556e-06 1.8513617564283864e-06 2.025822458474502e-06 
1.9949204880081272e-06 1.934942943958311e-06 1.9982474700697225e-06 1.847579526339663e-06 2.022174674236593e-06 
1.9863762070753566e-06 1.9265885740450352e-06 1.9891528290120493e-06 1.8388877273655895e-06 2.0131143376225896e-06 
1.983472020495821e-06 1.923799032928871e-06 1.98603986930003e-06 1.835936838798463e-06 2.0100013875470307e-06 
1.9820135039820134e-06 1.9227958468668035e-06 1.984636997303531e-06 1.8345762375428141e-06 2.0084485601567728e-06 
1.9824534875416323e-06 1.9247869495913105e-06 1.9859260263745432e-06 1.8355575410224026e-06 2.0091142086835868e-06 
1.9858761145072655e-06 1.927739454162946e-06 1.9892469335470277e-06 1.838870208437234e-06 2.0125982233350532e-06 
1.9831834620384695e-06 1.9249607971879123e-06 1.9862313614782055e-06 1.836060839169064e-06 2.009664047376302e-06 
2.0000511769571176e-06 1.9404948611080994e-06 2.0031494037552227e-06 1.8527365250573326e-06 2.0269881123005365e-06 
1.9986413662664983e-06 1.9395255118969568e-06 2.0023387847455605e-06 1.851579317354157e-06 2.0259383379196465e-06 
1.9971818349374703e-06 1.937231475528914e-06 2.000901134595056e-06 1.8499664381325247e-06 2.0247528757311583e-06 
1.9865890227715644e-06 1.9257071821989766e-06 1.989493536257873e-06 1.8389350222336228e-06 2.013768976855721e-06 
1.984925511918765e-06 1.9256038510144867e-06 1.988406359658539e-06 1.837724282973928e-06 2.012102722005193e-06 
1.982640995303664e-06 1.9231263515506555e-06 1.986217656908957e-06 1.8354251567533333e-06 2.0099561167954396e-06 
1.982253352881002e-06 1.922540704910483e-06 1.9856938073668135e-06 1.8349598753198257e-06 2.0095164885087624e-06 
1.9764091500101193e-06 1.9181213151430823e-06 1.9814529493664793e-06 1.8298342755830303e-06 2.004559600195591e-06 
1.9828070519454833e-06 1.925206430851652e-06 1.9886443746922446e-06 1.8366125264217161e-06 2.0114048182041237e-06 
1.9825653623105615e-06 1.9237509462370543e-06 1.9870306053623824e-06 1.8357394309299278e-06 2.0104005758264055e-06 
1.9872168231598287e-06 1.927494970645967e-06 1.9910181666175274e-06 1.8400404847366278e-06 2.014782755274208e-06 
1.988860328701097e-06 1.9306208921815164e-06 1.9924663612422017e-06 1.8419108396092536e-06 2.015809528254242e-06 
1.9877476782099252e-06 1.9294705158135017e-06 1.990915241645715e-06 1.8406616274075224e-06 2.014345299422707e-06 
1.9952953217131234e-06 1.9368883576275418e-06 1.9986084227979792e-06 1.8482471327983218e-06 2.0220553616750982e-06 
1.9922917247128833e-06 1.9353810262063933e-06 1.996368148106672e-06 1.8457426276272308e-06 2.0192222616945436e-06 
1.9887738268419377e-06 1.933162762306886e-06 1.994094005493459e-06 1.8428267514337149e-06 2.01633290286276e-06 
1.9910022503748138e-06 1.9368482931655797e-06 1.9956643374582354e-06 1.845161119492449e-06 2.0175674835889787e-06 
1.99212824223931e-06 1.937978003401871e-06 1.996104579675136e-06 1.8460964614415438e-06 2.018124537348682e-06 
1.99171387519344e-06 1.93698515331684e-06 1.996437126388881e-06 1.8457772528853856e-06 2.0185073264259093e-06 
1.998195415345796e-06 1.9445666120887432e-06 2.004698264853298e-06 1.853007807117853e-06 2.026125222693881e-06 
1.998946700906199e-06 1.9450559634729267e-06 2.005189835484085e-06 1.853633878877929e-06 2.026742367506581e-06 
2.008518684096025e-06 1.954739171165185e-06 2.0142298298808467e-06 1.8631009806756044e-06 2.0358416712726325e-06 
1.9995382235381115e-06 1.948742853870568e-06 2.0090897685176135e-06 1.8558125091656784e-06 2.0291198367929255e-06 
2.0002765405328504e-06 1.9498165401318252e-06 2.011883534472606e-06 1.8572306239408387e-06 2.0314583859331814e-06 
2.0029892504369105e-06 1.9532240464261935e-06 2.0150223568955044e-06 1.8602176961108578e-06 2.0343104820851428e-06 
1.9970559462235447e-06 1.94728688814907e-06 2.007799124126527e-06 1.8538828064873212e-06 2.027307661517004e-06 
2.009660098314043e-06 1.9582227128027623e-06 2.0193221930504944e-06 1.8658657095026992e-06 2.0395340329236927e-06 
2.01913815033674e-06 1.970192820012092e-06 2.0298365479115033e-06 1.876180912691199e-06 2.0491032057080243e-06 
2.012825653513596e-06 1.963718857890327e-06 2.023714910080512e-06 1.8698742834373058e-06 2.042997462823681e-06 
2.0083203785066976e-06 1.961048542667871e-06 2.0185567176752755e-06 1.8655473909485781e-06 2.03738160967639e-06 
2.0132262344262445e-06 1.9657329516265163e-06 2.0225200690194877e-06 1.8701477912810472e-06 2.0415753412718856e-06 
2.013723085494917e-06 1.9666669405083016e-06 2.02391094670585e-06 1.8709966171189934e-06 2.042678408396544e-06 
2.01969406153432e-06 1.9711711027949835e-06 2.028847748408534e-06 1.876375706307355e-06 2.048247469656129e-06 
2.016445861016483e-06 1.967695092275562e-06 2.026129851607919e-06 1.8732247360182043e-06 2.0455089007532535e-06 
2.012190175501714e-06 1.963840999476727e-06 2.021556495472e-06 1.8689491463310664e-06 2.040864445378711e-06 
2.0141626083126755e-06 1.9664266047621305e-06 2.023448821972115e-06 1.8710330877152118e-06 2.042580848287177e-06 
2.029026528364764e-06 1.9823150555319546e-06 2.0403913977492417e-06 1.8867571870915836e-06 2.0588547262050046e-06 
2.0280669247048424e-06 1.9815309508202466e-06 2.0395273035989452e-06 1.8858599870541862e-06 2.057919747433332e-06 
2.0304791347172863e-06 1.9846163973566543e-06 2.0423688290879005e-06 1.8885470632972363e-06 2.060479894567927e-06 
2.0304493152302315e-06 1.986631804728823e-06 2.0426707303416874e-06 1.8890541972308205e-06 2.0600903747495267e-06 
2.0284348548657477e-06 1.9846322975492473e-06 2.0412452488577647e-06 1.8872088457076972e-06 2.058559808522351e-06 
2.028455538362422e-06 1.9846832249412615e-06 2.0412640778754554e-06 1.8872356092301389e-06 2.058569561098507e-06 
2.021812507807859e-06 1.9755288388613844e-06 2.0342197803511884e-06 1.8799198573693478e-06 2.052371382781607e-06 
2.024028860030417e-06 1.9775023373636884e-06 2.036130668651767e-06 1.882001146929089e-06 2.0544100491799006e-06 
2.0258097690350616e-06 1.977773808667153e-06 2.0360278835134266e-06 1.8829187108769249e-06 2.055096472225497e-06 
2.0136961933988826e-06 1.966118914278154e-06 2.0242884778624276e-06 1.8709771992679872e-06 2.0431484981196243e-06 
2.014358453186044e-06 1.966890357713758e-06 2.0249005553844423e-06 1.8716495879835755e-06 2.04373545050673e-06 
2.014575069138207e-06 1.9670090788532685e-06 2.025366129654855e-06 1.8719188746830299e-06 2.0441889462396656e-06 
2.0016552027415195e-06 1.953664685150082e-06 2.0114853823629484e-06 1.8585946066817457e-06 2.030600752561107e-06 
1.999840017445631e-06 1.9508314495515735e-06 2.0087121428801487e-06 1.8562841214949423e-06 2.0283059032724486e-06 
1.9960094738908453e-06 1.9471042127493645e-06 2.0045716222974255e-06 1.852375159874465e-06 2.024185468593648e-06 
1.995641546879504e-06 1.9465682738915413e-06 2.004204591648207e-06 1.8519713197046444e-06 2.0238702231870968e-06 
1.9964610272036695e-06 1.9461823078196356e-06 2.003178705805533e-06 1.8520134048709112e-06 2.023533040092723e-06 
1.9919845981887515e-06 1.9415928594416013e-06 1.9987327927997943e-06 1.8475096027389566e-06 2.0191158724953142e-06 
1.989961465293247e-06 1.939911037331278e-06 1.996801170724687e-06 1.845578045893738e-06 2.017062490935695e-06 
1.9885374284610654e-06 1.937689329864766e-06 1.994851305985883e-06 1.843834388749245e-06 2.015449100324116e-06 
1.986844195622624e-06 1.9361736374228822e-06 1.993200992617522e-06 1.842185491915614e-06 2.0137361149135735e-06 
1.976882572069885e-06 1.9257513323988643e-06 1.981332390855958e-06 1.8315629009607309e-06 2.002334035715961e-06 
1.9869510962199302e-06 1.934500584919149e-06 1.99090165617889e-06 1.8412453328141875e-06 2.012399401312964e-06 
1.9902926861009233e-06 1.937947144828435e-06 1.993478498181897e-06 1.8444052824784512e-06 2.0150754925157685e-06 
1.988775517001531e-06 1.9353588089072547e-06 1.9906195667279237e-06 1.8422905771068402e-06 2.0127775973884086e-06 
1.9836255926398746e-06 1.9307173535316497e-06 1.98523261800429e-06 1.8371674880518303e-06 2.0072726702701756e-06 
1.9832216123713286e-06 1.929961822732017e-06 1.984779137163151e-06 1.8366752583360967e-06 2.006936417696457e-06 
1.9776692391360136e-06 1.923770782971765e-06 1.9792071005990238e-06 1.830969078299623e-06 2.001564081079771e-06 
1.980989031858826e-06 1.926724967384068e-06 1.981768196161347e-06 1.8340147869956353e-06 2.0043691756344166e-06 
1.9810417254813915e-06 1.92678125495816e-06 1.981833923111829e-06 1.8340719308520954e-06 2.0044315675969288e-06 
1.985866177753815e-06 1.931091987877286e-06 1.986274842732217e-06 1.8386990218093023e-06 2.0090983247285553e-06 
1.9885775934815885e-06 1.9354274633388275e-06 1.9893400666051424e-06 1.841852785832472e-06 2.011600808860761e-06 
1.9886201254775986e-06 1.935344287814861e-06 1.988793619252852e-06 1.841709814594978e-06 2.0111941915236295e-06 
1.989660679551324e-06 1.936125312056855e-06 1.990018094448813e-06 1.8427482291074375e-06 2.012467795634525e-06 
1.9872257061315413e-06 1.934188918512195e-06 1.9899930080462697e-06 1.8410699856133862e-06 2.011874910105846e-06 
1.992656875851007e-06 1.940559322669749e-06 1.994750970031067e-06 1.8465278200411604e-06 2.0164585494769257e-06 
1.9927272403946417e-06 1.940598068385353e-06 1.9948150398586563e-06 1.8465899793820608e-06 2.016533509910485e-06 
2.0002335203886873e-06 1.947264373319965e-06 2.0022356971932127e-06 1.8539171355886173e-06 2.0242307052400148e-06 
2.0002518684940375e-06 1.9473546222700935e-06 2.0022624065840077e-06 1.853952864172918e-06 2.0242337209931715e-06 
2.006080061427189e-06 1.953995387406335e-06 2.008336433201585e-06 1.860035298134218e-06 2.0300152281438997e-06 
2.0070117733121573e-06 1.953810904373796e-06 2.008798480555046e-06 1.8606065460016185e-06 2.030903673987695e-06 
2.0004735924609783e-06 1.9481463094069542e-06 2.0029654493788677e-06 1.8544268438860888e-06 2.0246778830680343e-06 
2.004621588639534e-06 1.9536595397167338e-06 2.007716523935181e-06 1.8590406751763247e-06 2.028903582515098e-06 
2.0082648141052573e-06 1.958180724425148e-06 2.010312635970233e-06 1.8625981223770749e-06 2.031406781337996e-06 
2.012590425365861e-06 1.9625699966985244e-06 2.0148742707076973e-06 1.8670131713060945e-06 2.035909256199244e-06 
2.0068288917272683e-06 1.9571256888340732e-06 2.009186917606241e-06 1.8613248134178568e-06 2.03010951428192e-06 
2.0122967491623107e-06 1.9626850543105274e-06 2.014309935529118e-06 1.8667348691491515e-06 2.0352640308264636e-06 
2.0009110502348046e-06 1.952233707792829e-06 2.0028846604285438e-06 1.8555127916625267e-06 2.023552700930459e-06 
2.000723006406055e-06 1.9522092130159594e-06 2.002854067199008e-06 1.8554025201694255e-06 2.023444368918576e-06 
2.0021583800824886e-06 1.9538132905994507e-06 2.0042424506450853e-06 1.856866805972537e-06 2.0247885570702842e-06 
1.99910653513268e-06 1.9498991484487107e-06 2.0019777053470967e-06 1.8538278828341679e-06 2.02265714078765e-06 
1.993587769188072e-06 1.9439593612514165e-06 1.9955532303346157e-06 1.8479574931753434e-06 2.016516838571901e-06 
1.999954074799803e-06 1.9500163900381228e-06 2.001473695127708e-06 1.8541543782749154e-06 2.0226107804400633e-06 
2.004510662685864e-06 1.9538816316866803e-06 2.00601921919981e-06 1.8585701394610234e-06 2.0273738891657164e-06 
2.0055689153062277e-06 1.9552720500788594e-06 2.0074973226647143e-06 1.8598163797730001e-06 2.0286773791235537e-06 
2.012841641097813e-06 1.9631619016262003e-06 2.0143831020532267e-06 1.8671399209356498e-06 2.035438906598734e-06 
2.0095831979410156e-06 1.9601390431128916e-06 2.012436622084649e-06 1.8642771340101305e-06 2.033194797554934e-06 
2.0026545111513603e-06 1.9518753953247775e-06 2.0056175193279098e-06 1.857071048661487e-06 2.026769957196411e-06 
2.002884159612013e-06 1.95212273938011e-06 2.005851111780152e-06 1.857306194838972e-06 2.026997436104187e-06 
1.9974712795103556e-06 1.9464367947331815e-06 2.0000463014319945e-06 1.851712851278351e-06 2.0213431272723836e-06 
2.013428225352329e-06 1.9624155372996417e-06 2.0158662070890274e-06 1.867681142456257e-06 2.037183108009126e-06 
2.015845159151925e-06 1.9652176955851644e-06 2.0194013543995854e-06 1.8704931155229626e-06 2.0404082468929413e-06 
2.0079417338428854e-06 1.9571923510955254e-06 2.01126696025452e-06 1.8624785138276925e-06 2.0323494300078956e-06 
2.00714270962126e-06 1.9562501214873853e-06 2.0102519430524613e-06 1.8615874758094508e-06 2.031415560358352e-06 
2.0101205176527577e-06 1.959170334933238e-06 2.012226468185966e-06 1.8642875102119023e-06 2.033579990554673e-06 
2.0112040532777083e-06 1.960412934417713e-06 2.0132843880849608e-06 1.865401281896086e-06 2.034593143001525e-06 
2.00642703792264e-06 1.956268877107823e-06 2.009112397789969e-06 1.860911758338541e-06 2.0301203502337707e-06 
2.020680809632817e-06 1.9716488110444278e-06 2.023632216981834e-06 1.8755217301849926e-06 2.0442478491383684e-06 
2.0252923958139673e-06 1.976274230599864e-06 2.028287890491292e-06 1.8801608312616772e-06 2.0488926311748564e-06 
2.0218830455372652e-06 1.973711184185822e-06 2.0245970429966987e-06 1.8768528470389725e-06 2.0449858301279295e-06 
2.0151963351959544e-06 1.9677453449944167e-06 2.018402758632186e-06 1.8704403602512859e-06 2.0384820701481914e-06 
2.020670607820846e-06 1.9737789589994063e-06 2.024664183868583e-06 1.8762665039949642e-06 2.0444365063802406e-06 
2.019551387658405e-06 1.9723111922629107e-06 2.023533551765041e-06 1.875063462249146e-06 2.043416096761975e-06 
2.019030844389238e-06 1.9718460178558737e-06 2.0229150162007853e-06 1.8745273131825086e-06 2.0427968997652134e-06 
2.0114877739798292e-06 1.9633525929654864e-06 2.014406399487034e-06 1.866492142946131e-06 2.034746895569677e-06 
2.009750741902895e-06 1.961887181504884e-06 2.0135679348543712e-06 1.865053035112644e-06 2.0336705747831534e-06 
2.0050196266537346e-06 1.9566800584090387e-06 2.008033570432057e-06 1.8599865584674588e-06 2.0284201196332242e-06 
1.996594136808025e-06 1.9486517195573544e-06 2.000923301549008e-06 1.8519817315149854e-06 2.0209605999980413e-06 
1.9969137947549805e-06 1.9491108933390797e-06 2.0009698060077893e-06 1.8522585879597614e-06 2.0210103359095225e-06 
1.9974848286159924e-06 1.949850444210166e-06 2.0015794019215174e-06 1.8528788880237507e-06 2.0215610833460856e-06 
1.997434067171197e-06 1.9493948430959273e-06 2.001714467336334e-06 1.8527894563587931e-06 2.0217903324856615e-06 
2.014783962915483e-06 1.9655473832199165e-06 2.0177944586939156e-06 1.869580031450262e-06 2.038462412478985e-06 
2.001231895791352e-06 1.952476025852007e-06 2.006250985746828e-06 1.8566447333687483e-06 2.0264243047028403e-06 
2.0017846821211454e-06 1.9530980669241366e-06 2.0068703926702703e-06 1.8572324420613819e-06 2.0270109666634784e-06 
1.9906272651896796e-06 1.9427711779041486e-06 1.9952507354471575e-06 1.846097467406479e-06 2.0152098369584096e-06 
1.990601382141752e-06 1.9427341618541406e-06 1.9952094119693203e-06 1.846064844875274e-06 2.0151745985466295e-06 
1.983933294876451e-06 1.93818623137379e-06 1.989833593286206e-06 1.8402007144778755e-06 2.0089182416674467e-06 
1.9936298155796476e-06 1.9482042914884227e-06 2.0010793000727035e-06 1.850423819880346e-06 2.019802425385959e-06 
1.993104159932593e-06 1.9477968063505178e-06 2.0004967003302383e-06 1.849907051747577e-06 2.019192652266616e-06 
1.993167651295378e-06 1.9478864835162562e-06 2.0005748298983738e-06 1.8499805995913714e-06 2.019260161430729e-06 
1.9923817363159217e-06 1.949385822383907e-06 1.999993047374085e-06 1.849763192588711e-06 2.017932012849366e-06 
2.0034146744256864e-06 1.9604636804382507e-06 2.006474182602897e-06 1.8596203316215607e-06 2.0251723922383296e-06 
2.0073661569114757e-06 1.963459878977783e-06 2.007704522386762e-06 1.862656527896607e-06 2.0271630391520845e-06 
1.9985450257752856e-06 1.9536382861310423e-06 1.9987439392955512e-06 1.8535383677999276e-06 2.0185375114689132e-06 
1.9967434725619755e-06 1.949112325493434e-06 1.995775974020453e-06 1.8508001859854774e-06 2.0166180504902126e-06 
1.994639745239357e-06 1.9473507057292246e-06 1.9939153280211197e-06 1.8488314819543113e-06 2.014608960061773e-06 
1.9963489306051666e-06 1.949172198885637e-06 1.995689387434587e-06 1.8505879551401917e-06 2.0163372596888417e-06 
1.995366639873534e-06 1.9482636741696812e-06 1.9947160951396763e-06 1.849622209969809e-06 2.0153392432491066e-06 
2.0007450621701015e-06 1.953255031262006e-06 2.0003321459054615e-06 1.854987827962917e-06 2.0210366160737677e-06 
2.000370869224955e-06 1.9536793317133336e-06 2.000158364781071e-06 1.8548478101333683e-06 2.0205795702570686e-06 
2.0212885700817466e-06 1.972695865351851e-06 2.020247591234468e-06 1.8751747930196027e-06 2.0414065222658267e-06 
2.016553045098514e-06 1.9684644585994832e-06 2.016047305909578e-06 1.8706789884666831e-06 2.0369571178048443e-06 
2.0184834071669712e-06 1.970376720023798e-06 2.01775027462933e-06 1.8725518372230292e-06 2.0387047662192555e-06 
2.0212006115838835e-06 1.971793336836766e-06 2.0183716308058466e-06 1.8744443143787392e-06 2.0400888960859896e-06 
2.0219351519454114e-06 1.972519873504412e-06 2.019131319810259e-06 1.8751854130836934e-06 2.0408469323721435e-06 
2.021980991668179e-06 1.9725665139554412e-06 2.019169767786684e-06 1.8752296846548507e-06 2.0408863974159786e-06 
2.0221601916729135e-06 1.972622031881325e-06 2.0191465782942246e-06 1.8753299125920836e-06 2.040936271983544e-06 
2.0223410510624916e-06 1.972665349547595e-06 2.0193075306339934e-06 1.875474933796726e-06 2.0411435388462435e-06 
2.021792462517234e-06 1.972155633654412e-06 2.018553821003299e-06 1.8748817769971975e-06 2.0404125370674366e-06 
2.006477385640884e-06 1.9581473555506564e-06 2.0035820566212706e-06 1.859910849530819e-06 2.024971873083533e-06 
2.0095988889033416e-06 1.9590091742283125e-06 2.005030190008611e-06 1.8621034901621457e-06 2.0274104159140325e-06 
2.012785142724164e-06 1.9617413183644507e-06 2.0088935690511746e-06 1.8653663504584323e-06 2.031300445162757e-06 
2.0190150732384554e-06 1.968333874204601e-06 2.015059336290326e-06 1.8716787988142555e-06 2.0373653234198732e-06 
2.0200918987298794e-06 1.969029794344693e-06 2.0162622771747767e-06 1.8727046345258592e-06 2.038665650551427e-06 
2.0238929823049238e-06 1.9730729080747936e-06 2.019959859645686e-06 1.8765443251506786e-06 2.042306172001505e-06 
2.0212834297203778e-06 1.970457234038948e-06 2.017293441250788e-06 1.8739119455990052e-06 2.0396508743507966e-06 
2.022577401102004e-06 1.9718286317665145e-06 2.0185296573111416e-06 1.8752123354698217e-06 2.040873043205059e-06 
2.025058926628698e-06 1.9742027388965036e-06 2.0213406327747023e-06 1.8777596499367224e-06 2.0436617909657142e-06 
2.0254185102206145e-06 1.975289242768896e-06 2.0220794268240875e-06 1.8783804108333616e-06 2.044109459292277e-06 
2.022060654933e-06 1.9719688827816644e-06 2.0185554089053068e-06 1.8749798975385966e-06 2.0406014464551014e-06 
2.0292797383823034e-06 1.980447734816224e-06 2.025697660569271e-06 1.8824874452335959e-06 2.047364995548644e-06 
2.031964885290981e-06 1.9844657151510997e-06 2.0289635980883987e-06 1.8856344791229024e-06 2.0501162991348604e-06 
2.010511492728276e-06 1.962915915803995e-06 2.0089326709123473e-06 1.864458655982951e-06 2.0298700773111097e-06 
2.024799910724799e-06 1.9788683659472765e-06 2.0261003387231016e-06 1.8799110560164448e-06 2.0460316982526767e-06 
2.032368594338277e-06 1.9874118803940564e-06 2.0341136394553117e-06 1.8878419165129915e-06 2.0536664158589687e-06 
2.0329312546999894e-06 1.988664374903398e-06 2.0335617914261273e-06 1.8882808699556392e-06 2.0530878414389923e-06 
2.035817867609901e-06 1.9923096741054583e-06 2.0371966304767318e-06 1.8915466612093598e-06 2.056359035217457e-06 
2.031697937935234e-06 1.987278867353367e-06 2.0319308632516004e-06 1.8869068087507086e-06 2.0515716816202116e-06 
2.0255819418986725e-06 1.9810518649851424e-06 2.0282403940793455e-06 1.8813743253433169e-06 2.047503848790126e-06 
2.026356296628362e-06 1.9824513441030972e-06 2.029242450482012e-06 1.882356139808361e-06 2.048272122361254e-06 
2.0264231968479296e-06 1.9825071256883193e-06 2.0293047648870685e-06 1.8824194239380329e-06 2.0483387000375644e-06 
2.026789928355938e-06 1.982827769307297e-06 2.0295793125713135e-06 1.8827522785022288e-06 2.0486433328998093e-06 
2.0230434779865465e-06 1.980487352516644e-06 2.0258959295844204e-06 1.879343472067911e-06 2.0445089213640994e-06 
2.0207937367531655e-06 1.977442152703427e-06 2.022975914093259e-06 1.8767253812731815e-06 2.0419508605776275e-06 
2.027503808617152e-06 1.985227069221929e-06 2.0305072197218723e-06 1.8839216858533817e-06 2.0490079545532383e-06 
2.0317806366363363e-06 1.989493461351816e-06 2.0341058870790184e-06 1.8880326515030208e-06 2.052725245202922e-06 
2.031346741478198e-06 1.988452379496718e-06 2.0335094683266317e-06 1.8874108033792177e-06 2.052346355941476e-06 
2.0310165302484464e-06 1.988082767371679e-06 2.033155595420465e-06 1.88706421873206e-06 2.0520087661853395e-06 
2.0258971028712304e-06 1.982743156385254e-06 2.027887316930698e-06 1.8818400920348796e-06 2.046833758845986e-06 
2.0274714991648925e-06 1.984539913329986e-06 2.0299866115646867e-06 1.8836071198433741e-06 2.0487748968761596e-06 
2.027480241689958e-06 1.9845483911426815e-06 2.0299967163236026e-06 1.8836161760916482e-06 2.0487848553780003e-06 
2.021446184797493e-06 1.9792417465978795e-06 2.023200743930036e-06 1.8775434567522823e-06 2.041889039585679e-06 
2.015418450784785e-06 1.9727959095328437e-06 2.0167507115488942e-06 1.8712908731414598e-06 2.035640424138493e-06 
2.0140748882883388e-06 1.97121788128037e-06 2.015395934978874e-06 1.8698845110559682e-06 2.0343607507362386e-06 
2.020786570099876e-06 1.979420401225977e-06 2.023002670391909e-06 1.877202181778813e-06 2.041350191651838e-06 
2.0091587320378276e-06 1.967466417201486e-06 2.011549183153293e-06 1.865507828229505e-06 2.0299676118105923e-06 
2.006907979077726e-06 1.9654854776966886e-06 2.0114009652870814e-06 1.8638605570444498e-06 2.0293791093022365e-06 
2.0006602818103894e-06 1.960146597846265e-06 2.005890312379708e-06 1.858005807743261e-06 2.023458433761448e-06 
2.000987881473707e-06 1.9592596210858976e-06 2.0059305281713043e-06 1.8579696061355796e-06 2.023927273074401e-06 
2.0123072377668216e-06 1.9682975137081154e-06 2.0155652818198508e-06 1.8683414088908364e-06 2.0345622493314763e-06 
2.01149492979122e-06 1.967599320744212e-06 2.015329953587688e-06 1.8677055066482955e-06 2.0341933328333897e-06 
2.0243823079796693e-06 1.9815893469020396e-06 2.0282268856359527e-06 1.8808888037546373e-06 2.0467462981119607e-06 
2.019187277618582e-06 1.9771983961669307e-06 2.023167794541184e-06 1.8759051580213134e-06 2.0414118379502944e-06 
2.011113645797178e-06 1.9691264853484877e-06 2.0157995904647363e-06 1.8679948264361373e-06 2.0339224269716793e-06 
2.01255897207934e-06 1.9701396904234455e-06 2.0161566725275196e-06 1.8690563218062583e-06 2.034599030024873e-06 
2.0070702535708335e-06 1.9664290083439726e-06 2.0114688195397643e-06 1.8641855618365883e-06 2.0292183844325308e-06 
2.0079105221475922e-06 1.967742518788557e-06 2.01349615540312e-06 1.8654528858019313e-06 2.0308971669742293e-06 
2.009807176200998e-06 1.9698776375430994e-06 2.0153689684764945e-06 1.8674058646960428e-06 2.032699636817325e-06 
2.011141230316551e-06 1.971395618931815e-06 2.0168132950248295e-06 1.868816930134361e-06 2.0340679526724806e-06 
2.0011943380729312e-06 1.9607049988709784e-06 2.005752142977139e-06 1.8583711665980833e-06 2.023426293861787e-06 
2.0025269470979457e-06 1.961213753817232e-06 2.006746033998243e-06 1.8594215939290948e-06 2.024735559990679e-06 
1.9967972570001213e-06 1.9549886682349876e-06 2.000949682307056e-06 1.8535402840303409e-06 2.0191045315528646e-06 
2.0148238593918163e-06 1.9738365357421056e-06 2.0183250213228426e-06 1.871644577320523e-06 2.0363358151254294e-06 
2.0089315826496005e-06 1.967899674478928e-06 2.0128916853980128e-06 1.8658440952381022e-06 2.0308379662639884e-06 
2.015603813262759e-06 1.9741077294128594e-06 2.0187676631420667e-06 1.8722171095494086e-06 2.0369949356454663e-06 
2.015553905373183e-06 1.9736309936180873e-06 2.0183953306378614e-06 1.8719814308260727e-06 2.036810759698457e-06 
2.0174142882641977e-06 1.9755849121186465e-06 2.0204717052527654e-06 1.873925175129661e-06 2.0388216283512463e-06 
2.018246355698713e-06 1.9763988253319125e-06 2.0213791120666707e-06 1.8747746952257925e-06 2.0397221157570895e-06 
2.016470445491535e-06 1.9748372148088515e-06 2.0196701126299116e-06 1.8730624978503393e-06 2.0379344190611643e-06 
2.0122569063096955e-06 1.9706337080959008e-06 2.0153303645136616e-06 1.8688070186917528e-06 2.033612187991159e-06 
2.0149503290622657e-06 1.9738296034233674e-06 2.020082678691398e-06 1.8721653188821651e-06 2.0378596276798513e-06 
2.011174244501108e-06 1.9699587262396643e-06 2.0157898842649015e-06 1.8682202531587169e-06 2.033683219971428e-06 
2.0111206741625384e-06 1.970119262585431e-06 2.0158309004371907e-06 1.8682424509443134e-06 2.033641226843065e-06 
2.010006582197014e-06 1.9680239527641394e-06 2.0148910391249024e-06 1.8669381649913445e-06 2.0329786858795822e-06 
2.0074131790017827e-06 1.9654000879126283e-06 2.012407981796174e-06 1.8643595240617818e-06 2.030486042453878e-06 
2.0074054055980837e-06 1.9656234375698927e-06 2.0125603281847994e-06 1.8644486211752752e-06 2.030539036646903e-06 
2.013635512768017e-06 1.97162863333682e-06 2.019363085416345e-06 1.8707955030270085e-06 2.037316260938467e-06 
2.010649009240208e-06 1.9687037302667617e-06 2.0152638992033536e-06 1.8675200577148837e-06 2.033385581774059e-06 
2.0116486169633866e-06 1.968580504201337e-06 2.015227339130793e-06 1.8679854092840782e-06 2.0338756380334765e-06 
2.012098477164013e-06 1.9688390854704543e-06 2.0155271504910005e-06 1.8683522596764084e-06 2.0342607263074723e-06 
2.010345345622524e-06 1.967206067697637e-06 2.013849586192885e-06 1.8666422591139174e-06 2.0325325215377958e-06 
2.006508446667491e-06 1.9628650260989354e-06 2.010200946417305e-06 1.862726166512065e-06 2.0290088495623018e-06 
2.0089566615899106e-06 1.966250155392225e-06 2.013219749627933e-06 1.865550876676977e-06 2.031638679447103e-06 
2.0101002541682194e-06 1.9672841853278165e-06 2.014418162779598e-06 1.866686419695726e-06 2.032862247494262e-06 
2.015048121670367e-06 1.971747350035772e-06 2.017925350611986e-06 1.8711562572168603e-06 2.0367657554450346e-06 
2.038725526993134e-06 1.9961735382693162e-06 2.0420196006979615e-06 1.8951841208556e-06 2.060559137867466e-06 
2.0389715458350465e-06 1.9964795631769845e-06 2.0424025007089605e-06 1.8954807119903197e-06 2.06090014659254e-06 
2.0299870686506362e-06 1.987336164289698e-06 2.0319036649786938e-06 1.8860422011682749e-06 2.0507057479431855e-06 
2.0307278314275155e-06 1.988218337126354e-06 2.0328279577690313e-06 1.8868659131625242e-06 2.051554838294648e-06 
2.032142087849439e-06 1.9898751369535882e-06 2.0347617187435156e-06 1.8884757536511075e-06 2.053325027978331e-06 
2.0328258500192054e-06 1.9905475414888653e-06 2.036054526615333e-06 1.8893163761713312e-06 2.054518514890565e-06 
2.0331131760753775e-06 1.9906357133425417e-06 2.036320215814678e-06 1.889551529393236e-06 2.0548502428816526e-06 
2.027664335962704e-06 1.9848656756498788e-06 2.0307298653222835e-06 1.8839748346730817e-06 2.049383450451743e-06 
2.0270239641264226e-06 1.9841523483465287e-06 2.0300896230207006e-06 1.883315480689228e-06 2.0487659046178802e-06 
2.036297002911474e-06 1.991100263255226e-06 2.038994258297012e-06 1.8919744375252398e-06 2.0584611886904505e-06 
2.0366501060086295e-06 1.9910174076898463e-06 2.03964095011728e-06 1.8923059017024603e-06 2.05919419732773e-06 
2.033444693889186e-06 1.9870017740163753e-06 2.0356894554588676e-06 1.888709652453036e-06 2.0556215690814592e-06 
2.0266041570998113e-06 1.98193246472607e-06 2.0300363908917712e-06 1.8825702400742541e-06 2.0492130366784574e-06 
2.026804248414958e-06 1.98362500085798e-06 2.031125747700333e-06 1.883352577350228e-06 2.049685571740199e-06 
2.04080206218889e-06 1.9961516423609476e-06 2.0433214771254734e-06 1.8965714319668195e-06 2.0626487067767523e-06 
2.0279875935708143e-06 1.9835947149818916e-06 2.0310037188403302e-06 1.8839122776200426e-06 2.0501640950008663e-06 
2.0290582045841798e-06 1.984640316804054e-06 2.0317585282264433e-06 1.8848971491816222e-06 2.0509804348956563e-06 
2.0225952995031125e-06 1.9778431342753343e-06 2.024533428534337e-06 1.87813976953286e-06 2.043987881817328e-06 
2.030042859308666e-06 1.985839099931404e-06 2.0325484069326892e-06 1.8858835007447741e-06 2.05173658230446e-06 
2.021981669723084e-06 1.9775566528780545e-06 2.0248246768993675e-06 1.8778369730572658e-06 2.0440234021900333e-06 
2.023839044555452e-06 1.979388999067804e-06 2.026663762485441e-06 1.8796888343399568e-06 2.0458737279973816e-06 
2.018297198098906e-06 1.975038021929936e-06 2.0204239428545825e-06 1.874229507569247e-06 2.0393789538148255e-06 
2.018753003947454e-06 1.9753195887366585e-06 2.020827942826742e-06 1.8746319471390957e-06 2.039846306077051e-06 
2.0418624162139215e-06 1.999134365154995e-06 2.045060923394151e-06 1.898262896121237e-06 2.06367223038311e-06 
2.0404270713671964e-06 1.9974010864963135e-06 2.0430448154066823e-06 1.8966021762006094e-06 2.0618473789133463e-06 
2.0505826213377483e-06 2.008689433861708e-06 2.0531060565347055e-06 1.907030996208577e-06 2.0715714278383314e-06 
2.048006493324728e-06 2.0058341285032363e-06 2.050542811234652e-06 1.9043842959478324e-06 2.0690930774129777e-06 
2.048060744766675e-06 2.0058768459035668e-06 2.050570317318505e-06 1.9044290425397097e-06 2.069128725346769e-06 
2.046153051464214e-06 2.003950670736387e-06 2.0487166819658393e-06 1.9025257179637554e-06 2.067271445208835e-06 
2.046485199727296e-06 2.003726034041704e-06 2.049253720128968e-06 1.9027790115460404e-06 2.0679482412658787e-06 
2.053165621872014e-06 2.010029832786351e-06 2.055995401309375e-06 1.9094040591274695e-06 2.0747985065091954e-06 
2.052663924002922e-06 2.0126893641051445e-06 2.0563099842097477e-06 1.9098710317551766e-06 2.07398457110119e-06 
2.052828824036194e-06 2.0128802478967943e-06 2.056517695229369e-06 1.910053725206191e-06 2.0741769347932133e-06 
2.0502217130655686e-06 2.0105229322145253e-06 2.0542087857588854e-06 1.907577345999023e-06 2.071738984851031e-06 
2.0676286127150325e-06 2.0271307797104442e-06 2.0702071628613605e-06 1.9244745442208752e-06 2.088228156748418e-06 
2.071825300989078e-06 2.0310799996795033e-06 2.0738604945703515e-06 1.9284836627500113e-06 2.0920514015866983e-06 
2.0577038205162912e-06 2.0169284066177695e-06 2.0590370608694783e-06 1.9141400141776987e-06 2.077353777497128e-06 
2.055321535053369e-06 2.015768329201779e-06 2.0563100317437815e-06 1.91196764106591e-06 2.074300495593564e-06 
2.0453418066664506e-06 2.004785928433521e-06 2.0454587647078964e-06 1.9014953651981533e-06 2.063909865157647e-06 
2.0453571698988196e-06 2.0047618584083522e-06 2.045278562387608e-06 1.901452606097267e-06 2.0637750277237407e-06 
2.0539561309370747e-06 2.013707997567423e-06 2.0543765511878214e-06 1.9102844870729925e-06 2.072680988484772e-06 
2.056993713460334e-06 2.0159264396715315e-06 2.0572983903685572e-06 1.9130987400794644e-06 2.0758801368125704e-06 
2.049302748872923e-06 2.008278047619517e-06 2.0498383505658576e-06 1.9054552346620118e-06 2.0683666781552794e-06 
2.0463915230567727e-06 2.0060233436900477e-06 2.0467625895156776e-06 1.902657475102323e-06 2.065112018204953e-06 
2.0463142438647557e-06 2.0059281620258417e-06 2.0466858227151993e-06 1.9025756713001522e-06 2.0650407798119657e-06 
2.0484650407464183e-06 2.006413389718463e-06 2.0491821722280826e-06 1.9044097345563752e-06 2.068002028430188e-06 
2.046502401320864e-06 2.0046666815316574e-06 2.0464552251978016e-06 1.9023029259216393e-06 2.0653361068845436e-06 
2.037420496321887e-06 1.9951170720491663e-06 2.0369605053990456e-06 1.8929793372292734e-06 2.056056533413315e-06 
2.0404781238573745e-06 1.9982578396820754e-06 2.039653983300108e-06 1.8959752011089628e-06 2.0587858811500904e-06 
2.051026319275749e-06 2.0116561937366078e-06 2.0525027366272266e-06 1.907828101576292e-06 2.0703528799754922e-06 
2.052555088782965e-06 2.013251030667869e-06 2.0543161951981913e-06 1.9094486342522954e-06 2.07209783715987e-06 
2.0536271848299767e-06 2.0137838990474832e-06 2.0545531550783232e-06 1.9101809216697533e-06 2.072645112314071e-06 
2.0536056588175415e-06 2.0134975214043067e-06 2.054368605030973e-06 1.910052941039021e-06 2.0725712721631985e-06 
2.0558005529489557e-06 2.015793723602294e-06 2.05527674044726e-06 1.9119614124838263e-06 2.0736646343896762e-06 
2.0600390188266043e-06 2.018291544538327e-06 2.057114138170191e-06 1.9151928028295454e-06 2.0764547612544593e-06 
2.058421181709483e-06 2.0163729431813994e-06 2.0551568640560486e-06 1.913414000669631e-06 2.074649106453408e-06 
2.059460658748236e-06 2.0176839938647224e-06 2.05614204090599e-06 1.914511111905973e-06 2.0755581658705185e-06 
2.070246335300047e-06 2.027010684792659e-06 2.066059747206361e-06 1.924754084476629e-06 2.0860825520038037e-06 
2.069598277314397e-06 2.0267468870626253e-06 2.0648599950124287e-06 1.9240685384442255e-06 2.08485500379323e-06 
2.0721519991067332e-06 2.0293100185276066e-06 2.0672464213677157e-06 1.9265917004171924e-06 2.0872670336333774e-06 
2.070541049826428e-06 2.0289636916138965e-06 2.06513265964896e-06 1.9251775466064145e-06 2.084839681829895e-06 
2.0840311246624595e-06 2.0437699958696605e-06 2.0797782618747536e-06 1.9393088938356833e-06 2.098877521786174e-06 
2.0748823941348685e-06 2.0335983376091972e-06 2.0711970881830034e-06 1.930009939027639e-06 2.090521995813661e-06 
2.0745328515038466e-06 2.0333164623256417e-06 2.07090899688984e-06 1.929691167015422e-06 2.090202201287491e-06 
2.0750097434071094e-06 2.034845720747236e-06 2.0710745810044422e-06 1.9303633626061855e-06 2.0900886869558093e-06 
2.076272351628176e-06 2.0360229063960006e-06 2.0727935959161475e-06 1.9317150265679053e-06 2.091757987820228e-06 
2.0770277529143836e-06 2.0382296451856884e-06 2.0728585513229277e-06 1.9326846233534808e-06 2.091481288667573e-06 
2.084455562227134e-06 2.0469586076000038e-06 2.0813929925092558e-06 1.9407290846012066e-06 2.0994198388485546e-06 
2.0794218382820693e-06 2.0418980345645485e-06 2.0770970531991355e-06 1.935848014744493e-06 2.095008032273374e-06 
2.0590517833785166e-06 2.0211381006694717e-06 2.0572196471441627e-06 1.9154392012023135e-06 2.075168596926786e-06 
2.0478684723970407e-06 2.0115498181253535e-06 2.047084418193374e-06 1.9048899088261201e-06 2.064352705291801e-06 
2.0479918102943235e-06 2.012099610768341e-06 2.0473806943006994e-06 1.9051664390313005e-06 2.064485323480745e-06 
2.0500388914086993e-06 2.0147134311828275e-06 2.0492490903593124e-06 1.907325997436946e-06 2.0662048366789502e-06 
2.0529849797724503e-06 2.0167533091976346e-06 2.0497205849455236e-06 1.9094623465354803e-06 2.0673778188770498e-06 
2.0557514704681333e-06 2.0188146254435514e-06 2.0518276499287553e-06 1.9118973883045178e-06 2.069818726958249e-06 
2.0563628129356907e-06 2.0195463199188875e-06 2.0523809246350785e-06 1.91252896502908e-06 2.0703437481617953e-06 
2.04958600727592e-06 2.0156792249744314e-06 2.0458277116633994e-06 1.906568321103029e-06 2.0628310176553834e-06 
2.0359706843056625e-06 2.002554983003573e-06 2.030673228144555e-06 1.8927085219868103e-06 2.0477765639755413e-06 
2.0437397853390595e-06 2.009811652150417e-06 2.0375761686216126e-06 1.9001672080562456e-06 2.0549875909164557e-06 
2.0462438306098323e-06 2.012485113341841e-06 2.040858440862378e-06 1.9028954665702233e-06 2.058086313790645e-06 
2.048150734203633e-06 2.01375496738469e-06 2.04225044337292e-06 1.9045186234458183e-06 2.0597667155285132e-06 
2.049310220360789e-06 2.0151110021461863e-06 2.0433673038754952e-06 1.9057260635216751e-06 2.060828428825424e-06 
2.0481220824177513e-06 2.0139473949658328e-06 2.042187063649211e-06 1.9045432117742477e-06 2.0596389720374343e-06 
2.053493070872491e-06 2.0194569568141423e-06 2.0462446264443966e-06 1.90968185216166e-06 2.063872408160216e-06 
2.048079951967782e-06 2.0135832699536014e-06 2.0405247658731357e-06 1.9040600719966582e-06 2.058349614251033e-06 
2.048730004514762e-06 2.013939222762688e-06 2.0410011013976173e-06 1.9045929377808859e-06 2.0589484409022576e-06 
2.051932254032512e-06 2.0169405440500633e-06 2.044365526981746e-06 1.907783137269696e-06 2.062349848641793e-06 
2.0521437449152425e-06 2.0171829247730826e-06 2.0445950340102765e-06 1.908007622531138e-06 2.0625665562184805e-06 
2.053834520012292e-06 2.0188657528483096e-06 2.046720036792586e-06 1.9097947277358357e-06 2.0646216486892378e-06 
2.057170548329788e-06 2.023194940940388e-06 2.050064841356563e-06 1.9134167920481107e-06 2.0676498876610136e-06 
2.049228469116282e-06 2.0145060828271003e-06 2.0436828580499244e-06 1.9055877915916782e-06 2.061243561002904e-06 
2.0557394901033376e-06 2.021360846260444e-06 2.0521942008742356e-06 1.9126580129308054e-06 2.069312089225651e-06 
2.0557142346497537e-06 2.0213830917650635e-06 2.0521958276097763e-06 1.912651680745727e-06 2.0692941644289483e-06 
2.0455452938300987e-06 2.0110653978867684e-06 2.0412944312199305e-06 1.9022495300556296e-06 2.0585613788647613e-06 
2.0358089228164432e-06 2.001896568435179e-06 2.0325283837652436e-06 1.89286006122478e-06 2.049452219116282e-06 
2.0402819017553353e-06 2.0057105082476573e-06 2.0367625134213866e-06 1.8971121154775864e-06 2.053935573984661e-06 
2.0355842567959858e-06 2.001434202421848e-06 2.031639608212975e-06 1.8924200465712193e-06 2.0487498013595834e-06 
2.037756258702581e-06 2.002154343717176e-06 2.032958913127786e-06 1.8940121025190062e-06 2.050672017017662e-06 
2.0374606249065847e-06 2.0017117770913687e-06 2.032644739413797e-06 1.893671829580796e-06 2.050407447569349e-06 
2.0521609991204266e-06 2.015405182242876e-06 2.047492779479897e-06 1.9081753706713744e-06 2.0655510163016445e-06 
2.0521372191387307e-06 2.015228765764365e-06 2.048140184469381e-06 1.9082641466999382e-06 2.0661341645606755e-06 
2.060257975014643e-06 2.0243453581090282e-06 2.055985132531854e-06 1.9166094672358637e-06 2.0737111221790514e-06 
2.0564350974094744e-06 2.0221853495881263e-06 2.0521731986342015e-06 1.9132290481324023e-06 2.069370099380054e-06 
2.0560216486767375e-06 2.021681399897308e-06 2.0517507590678683e-06 1.91278776913018e-06 2.068977818705007e-06 
2.0592154397985927e-06 2.02293539519643e-06 2.0539717457691394e-06 1.915246159025797e-06 2.071976559388017e-06 
2.068112547311779e-06 2.031821350318902e-06 2.062370158632995e-06 1.924052239697613e-06 2.080462921330057e-06 
2.0645054890398163e-06 2.0269046772508704e-06 2.0585465139749014e-06 1.9200359094171065e-06 2.0770898198133617e-06 
2.0770942510980585e-06 2.0399963397197086e-06 2.071454675305482e-06 1.932863964231008e-06 2.0897865906419838e-06 
2.0765926541503233e-06 2.0395938174374843e-06 2.0710647237774767e-06 1.93241266883439e-06 2.0893465164638422e-06 
2.074795527835618e-06 2.0380936309579e-06 2.069368637630218e-06 1.9307130840597332e-06 2.0875393085576507e-06 
2.0913873774896463e-06 2.0517584792834255e-06 2.083694092129089e-06 1.9460621087975845e-06 2.103172762558575e-06 
2.0915896844135235e-06 2.0519323319759283e-06 2.083942561724072e-06 1.946267734214717e-06 2.1034224991969267e-06 
2.0995048381158224e-06 2.059778214706596e-06 2.092168871054089e-06 1.954254583615058e-06 2.1116192962102738e-06 
2.099927402621433e-06 2.0601617754790375e-06 2.0925868372945295e-06 1.9546669445333327e-06 2.1120504103205405e-06 
2.099835675049238e-06 2.0599782419589047e-06 2.0923482413999595e-06 1.954517933538506e-06 2.111865493058969e-06 
2.102913953094171e-06 2.0629620513394917e-06 2.0948781971480894e-06 1.9574567726437804e-06 2.1145177242033796e-06 
2.0828003024659497e-06 2.042746258187737e-06 2.0750977981324362e-06 1.937338885460717e-06 2.0947115039320466e-06 
2.0945528313803715e-06 2.055335787264899e-06 2.088161084212279e-06 1.9496364707350623e-06 2.10729134588815e-06 
2.0891315456029375e-06 2.0507440463508538e-06 2.0831130942262284e-06 1.94450426825408e-06 2.101917833910597e-06 
2.084778557922633e-06 2.0457074233706266e-06 2.07882840720336e-06 1.9399753563831355e-06 2.097837348178151e-06 
2.08734479669531e-06 2.0482143782038355e-06 2.0813787935953428e-06 1.9425290972678094e-06 2.1004094120473264e-06 
2.0937536089262475e-06 2.0548960839910445e-06 2.0886411823955846e-06 1.949220861238291e-06 2.107442955016818e-06 
2.097121115697178e-06 2.059956222490589e-06 2.0922856062916643e-06 1.9531068697655075e-06 2.1105060512516742e-06 
2.1024919317468114e-06 2.0647933066057414e-06 2.0964927386409438e-06 1.9580862392680073e-06 2.1150776689292317e-06 
2.1052751348169584e-06 2.0673424223240312e-06 2.0991406178811864e-06 1.9607838093323473e-06 2.1178226061438943e-06 
2.1081507291610344e-06 2.0680556282341383e-06 2.1007829826785464e-06 1.9628186507109827e-06 2.1203561447064117e-06 
2.107728628672702e-06 2.0679835674538294e-06 2.10079356199749e-06 1.9625846300598607e-06 2.120183368461525e-06 
2.103409271784052e-06 2.063457526705779e-06 2.0964554610654433e-06 1.958195919541418e-06 2.1159132784900404e-06 
2.103747111563523e-06 2.063781483603297e-06 2.0967806161599223e-06 1.9585281237953326e-06 2.1162449880129794e-06 
2.1102736219807454e-06 2.0700235401806966e-06 2.1039496029428836e-06 1.965142822429716e-06 2.1233966148140407e-06 
2.1161008466369614e-06 2.075395740016144e-06 2.1092065901437085e-06 1.9707367867651794e-06 2.128893790031953e-06 
2.1156190445759915e-06 2.075215763189501e-06 2.108540064205057e-06 1.9702904029736366e-06 2.1281629078856297e-06 
2.110994344316741e-06 2.070993690027464e-06 2.10403623328012e-06 1.9657864794856883e-06 2.123511044642457e-06 
2.0965996123291547e-06 2.0557023867626384e-06 2.089102647050139e-06 1.950999705489385e-06 2.1089496966824355e-06 
2.084716997271802e-06 2.0436235991936003e-06 2.078661820923128e-06 1.9393644510058817e-06 2.098326888908497e-06 
2.0824223824425957e-06 2.0420465502371465e-06 2.0764522488648104e-06 1.9372684614693015e-06 2.095876337733665e-06 
2.0857559707719826e-06 2.044904892734284e-06 2.0798823475448995e-06 1.940510236721574e-06 2.099440549217805e-06 
2.0787949294790175e-06 2.038909875526433e-06 2.0723239418221297e-06 1.9336448382575317e-06 2.0916768652925818e-06 
2.073425065664437e-06 2.036441700659422e-06 2.0696834705669486e-06 1.9296475765087673e-06 2.0876606330859033e-06 
2.0716779478576604e-06 2.034444677576526e-06 2.0682237816839703e-06 1.927896237326162e-06 2.086231561366841e-06 
2.067931071215649e-06 2.032359249660084e-06 2.0638713329453832e-06 1.9244429727920908e-06 2.0814545253437577e-06 
2.059656708713667e-06 2.0232619107681084e-06 2.0548697011004625e-06 1.915760766372875e-06 2.0728343910315903e-06 
2.0517308014278342e-06 2.0146818612983467e-06 2.0456440726488918e-06 1.9073460074599328e-06 2.064032806605846e-06 
2.0505552482170143e-06 2.0139486611794246e-06 2.044515722169014e-06 1.9062967261716136e-06 2.062756370006633e-06 
2.051601074023149e-06 2.014752153118345e-06 2.0451023780062643e-06 1.9071779590215037e-06 2.063496812780311e-06 
2.054069105191337e-06 2.0171695341410655e-06 2.0477820476133043e-06 1.909686028024267e-06 2.0661573085580447e-06 
2.0540521039283332e-06 2.0179188613380846e-06 2.0484066365746522e-06 1.910018562256146e-06 2.0664317174033672e-06 
2.065048168329714e-06 2.0278775165532005e-06 2.0591014676258708e-06 1.920697677367166e-06 2.07750663838231e-06 
2.070252614012973e-06 2.0330974120392295e-06 2.065080075326672e-06 1.9260943959064754e-06 2.083351134659103e-06 
2.0725061516658903e-06 2.035717852655486e-06 2.0670818153314337e-06 1.9283950912418907e-06 2.085279179668846e-06 
2.0782532870157088e-06 2.0410834538365092e-06 2.0723254404031525e-06 1.9339420677931753e-06 2.0907285494061983e-06 
2.0782442564921934e-06 2.041506494711642e-06 2.0724860055202337e-06 1.934086880542621e-06 2.0907238884547385e-06 
2.072055565224843e-06 2.0345535453760677e-06 2.065502669791117e-06 1.927499411364299e-06 2.084115069019121e-06 
2.0738392788917236e-06 2.0366932237785368e-06 2.067253178414731e-06 1.9293759356846184e-06 2.085758609162096e-06 
2.0681657819584587e-06 2.0326727729554154e-06 2.0623181251582437e-06 1.9242985198333662e-06 2.0801755463874376e-06 
2.067361833057624e-06 2.032365989913395e-06 2.0620443217441494e-06 1.9237456128428907e-06 2.0796553542842475e-06 
2.0834113436702195e-06 2.0476503997560697e-06 2.077953277977555e-06 1.9395981167460535e-06 2.095831938240731e-06 
2.080466166839039e-06 2.04294181858048e-06 2.0740413972217046e-06 1.9359546857261694e-06 2.0926402466640897e-06 
2.092929210697792e-06 2.0567094622505633e-06 2.0876979188460294e-06 1.949067615416445e-06 2.105684953163662e-06 
2.0895336689961914e-06 2.053376030446029e-06 2.083638377360218e-06 1.9455315206720815e-06 2.1017165260875385e-06 
2.093503792169793e-06 2.058019224307267e-06 2.0880787136370994e-06 1.9497991325437704e-06 2.105865211325675e-06 
2.091719136919591e-06 2.05598567745747e-06 2.0862584916541806e-06 1.9479343967866148e-06 2.1041296760471725e-06 
2.097179184793292e-06 2.062881504873366e-06 2.093152170762384e-06 1.9541202189536934e-06 2.1103289331234446e-06 
2.095015193260232e-06 2.061046191887884e-06 2.0909747532437377e-06 1.952037379760158e-06 2.1080492829828448e-06 
2.1040299155843976e-06 2.068329453411276e-06 2.0981961217493932e-06 1.9602027547857856e-06 2.116120424043557e-06 
2.1141283687980158e-06 2.078112614349735e-06 2.109186802776511e-06 1.9704412089239027e-06 2.1270627928043692e-06 
2.115078519186591e-06 2.0801909952551874e-06 2.1111223443363303e-06 1.9719210709718264e-06 2.1284760267356258e-06 
2.1106219080944895e-06 2.076163634500521e-06 2.1067498052385226e-06 1.9675886525165664e-06 2.1239528940125064e-06 
2.1116864792801805e-06 2.0770503090738728e-06 2.1078433472645824e-06 1.96861414737816e-06 2.1250981150300212e-06 
2.105315078432014e-06 2.0694271897376677e-06 2.100417473627095e-06 1.9616498308983798e-06 2.1182447326947978e-06 
2.10340735286477e-06 2.0673255146877417e-06 2.098594685311703e-06 1.959704132112924e-06 2.1164690010662893e-06 
2.0897866842756807e-06 2.0517819053088874e-06 2.082378136700587e-06 1.94495218680909e-06 2.101294939713757e-06 
2.101423313278775e-06 2.0632793695722155e-06 2.0930682763250176e-06 1.9563731986362763e-06 2.112188931375432e-06 
2.099783249346443e-06 2.061438107412914e-06 2.0912642554949474e-06 1.954639006627728e-06 2.110475974873617e-06 
2.1011370496460555e-06 2.0642767061645203e-06 2.0942287771680453e-06 1.9567502211884566e-06 2.1127003138165142e-06 
2.103347862292861e-06 2.0662416380880722e-06 2.096310839756484e-06 1.958871872561747e-06 2.1148820730729697e-06 
2.1080308219313503e-06 2.0738889091180413e-06 2.1038884731017256e-06 1.965016348651064e-06 2.1210360950803973e-06 
2.1205200307774016e-06 2.0882225215756017e-06 2.1180877465583094e-06 1.9784293241412614e-06 2.1343656779477724e-06 
2.1204638710939535e-06 2.0881646116299353e-06 2.1180522675454264e-06 1.978377225495487e-06 2.134327302571513e-06 
2.126264298445049e-06 2.0946207296615517e-06 2.1243658145881456e-06 1.984489778866868e-06 2.14034757146887e-06 
2.1292046396947757e-06 2.0974535028437743e-06 2.1269161169652067e-06 1.987319379310615e-06 2.142997279411539e-06 
2.132485934426753e-06 2.1000502481322802e-06 2.129802939767456e-06 1.990330550948753e-06 2.146167605996135e-06 
2.1208546210847794e-06 2.0903763754112395e-06 2.1185171384871086e-06 1.9792920986240293e-06 2.1342010151072566e-06 
2.1199131667424603e-06 2.089406128169507e-06 2.1176101532291594e-06 1.978347895917018e-06 2.1332973779428663e-06 
2.125093627004267e-06 2.0948209672020256e-06 2.1223741039263148e-06 1.9835143977169738e-06 2.138056443923077e-06 
2.1209212452243568e-06 2.0907802431113564e-06 2.1185225347225288e-06 1.9794400029277367e-06 2.1341092877020065e-06 
2.122341504785411e-06 2.0919524556428544e-06 2.1202081441909055e-06 1.9808535192277473e-06 2.1358298121216446e-06 
2.122789065730909e-06 2.0923420492665645e-06 2.1205443749806677e-06 1.981260993847483e-06 2.1362030404740953e-06 
2.1256848151982954e-06 2.0955959508384756e-06 2.1231768896171603e-06 1.9842059820583405e-06 2.138765592110916e-06 
2.1222693589562003e-06 2.0921106010972483e-06 2.1199456448702978e-06 1.980803282617956e-06 2.1355256877002547e-06 
2.111400310692697e-06 2.081238631694472e-06 2.1106240016987944e-06 1.9702548664815297e-06 2.1259466738818605e-06 
2.1120366963927653e-06 2.081474705937662e-06 2.110947614920973e-06 1.970710120020727e-06 2.1264496449167177e-06 
2.113708818652085e-06 2.0830730218309036e-06 2.1126902870161446e-06 1.972382065985391e-06 2.128204177677796e-06 
2.1144484275762836e-06 2.084556281294442e-06 2.115268307284726e-06 1.973752881098601e-06 2.130239988615787e-06 
2.1042331911829955e-06 2.0746645691968042e-06 2.1058069604655844e-06 1.9637765797508346e-06 2.120549505590223e-06 
2.1214822784785573e-06 2.092908954447293e-06 2.1235986990628866e-06 1.981473144156616e-06 2.1379362573604998e-06 
2.1301610578200715e-06 2.101738147047905e-06 2.1329024485917198e-06 1.9903624239894084e-06 2.147089079431044e-06 
2.129863788404025e-06 2.100046219652147e-06 2.133285520479869e-06 1.989841783913613e-06 2.1478018707949597e-06 
2.125780526047274e-06 2.0973473319630994e-06 2.1294954499675124e-06 1.9861985241987502e-06 2.1435231517162156e-06 
2.1302372299982815e-06 2.1020659440139086e-06 2.1337230468080812e-06 1.990684579692117e-06 2.1477060061744335e-06 
2.131999441082485e-06 2.1030775456977087e-06 2.1339913268071423e-06 1.9918908458081203e-06 2.1484612935843845e-06 
2.1323825674688637e-06 2.104646246548329e-06 2.1353521143099476e-06 1.9928346018813736e-06 2.1492827382382193e-06 
2.1218424672304473e-06 2.094332860377346e-06 2.1247960904338418e-06 1.9823274769949285e-06 2.1386563646991584e-06 
2.114999089318372e-06 2.087643919342463e-06 2.1177090173569165e-06 1.9754528936901134e-06 2.1315600497611572e-06 
2.11406181287162e-06 2.0869198725117396e-06 2.1168170335065546e-06 1.9745837527791844e-06 2.1305926281357463e-06 
