0.000171661376953125
6.961822509765625e-05
7.128715515136719e-05
8.320808410644531e-05
8.58306884765625e-05
7.987022399902344e-05
6.747245788574219e-05
5.5789947509765625e-05
5.5789947509765625e-05
5.555152893066406e-05
0.00011348724365234375
6.67572021484375e-05
6.651878356933594e-05
7.319450378417969e-05
0.00010895729064941406
7.104873657226562e-05
5.7697296142578125e-05
8.320808410644531e-05
9.441375732421875e-05
6.842613220214844e-05
8.678436279296875e-05
8.320808410644531e-05
5.626678466796875e-05
8.344650268554688e-05
7.152557373046875e-05
7.033348083496094e-05
6.437301635742188e-05
6.771087646484375e-05
8.344650268554688e-05
8.511543273925781e-05
6.961822509765625e-05
7.033348083496094e-05
0.00023865699768066406
9.393692016601562e-05
6.961822509765625e-05
6.604194641113281e-05
9.632110595703125e-05
6.961822509765625e-05
6.890296936035156e-05
9.989738464355469e-05
7.009506225585938e-05
0.00260162353515625
6.318092346191406e-05
7.128715515136719e-05
7.104873657226562e-05
8.440017700195312e-05
7.486343383789062e-05
5.602836608886719e-05
5.5789947509765625e-05
9.870529174804688e-05
6.246566772460938e-05
7.486343383789062e-05
7.033348083496094e-05
5.745887756347656e-05
8.463859558105469e-05
7.009506225585938e-05
5.555152893066406e-05
5.507469177246094e-05
9.822845458984375e-05
5.6743621826171875e-05
5.602836608886719e-05
7.081031799316406e-05
7.557868957519531e-05
7.295608520507812e-05
7.2479248046875e-05
5.53131103515625e-05
6.961822509765625e-05
7.176399230957031e-05
7.033348083496094e-05
5.555152893066406e-05
8.535385131835938e-05
7.295608520507812e-05
7.367134094238281e-05
5.5789947509765625e-05
6.985664367675781e-05
6.127357482910156e-05
7.510185241699219e-05
9.655952453613281e-05
5.817413330078125e-05
5.5789947509765625e-05
7.033348083496094e-05
5.507469177246094e-05
5.7220458984375e-05
0.00011157989501953125
5.7697296142578125e-05
5.555152893066406e-05
6.961822509765625e-05
5.555152893066406e-05
5.888938903808594e-05
7.009506225585938e-05
9.894371032714844e-05
7.510185241699219e-05
6.341934204101562e-05
7.152557373046875e-05
5.602836608886719e-05
0.00015234947204589844
5.841255187988281e-05
5.555152893066406e-05
5.698204040527344e-05
5.555152893066406e-05
5.555152893066406e-05
5.626678466796875e-05
8.463859558105469e-05
6.985664367675781e-05
6.222724914550781e-05
7.486343383789062e-05
7.62939453125e-05
9.083747863769531e-05
5.7697296142578125e-05
7.009506225585938e-05
5.53131103515625e-05
5.53131103515625e-05
5.435943603515625e-05
5.459785461425781e-05
5.507469177246094e-05
5.459785461425781e-05
5.507469177246094e-05
8.487701416015625e-05
7.104873657226562e-05
5.53131103515625e-05
9.1552734375e-05
8.845329284667969e-05
7.319450378417969e-05
5.626678466796875e-05
5.5789947509765625e-05
6.914138793945312e-05
7.414817810058594e-05
6.985664367675781e-05
7.82012939453125e-05
7.486343383789062e-05
7.2479248046875e-05
5.6743621826171875e-05
5.53131103515625e-05
9.584426879882812e-05
7.486343383789062e-05
9.1552734375e-05
9.083747863769531e-05
5.793571472167969e-05
5.4836273193359375e-05
5.555152893066406e-05
9.5367431640625e-05
5.7220458984375e-05
5.555152893066406e-05
7.033348083496094e-05
5.53131103515625e-05
0.0001087188720703125
8.749961853027344e-05
6.961822509765625e-05
6.413459777832031e-05
7.462501525878906e-05
7.081031799316406e-05
5.745887756347656e-05
7.033348083496094e-05
5.555152893066406e-05
6.961822509765625e-05
5.4836273193359375e-05
5.5789947509765625e-05
7.367134094238281e-05
5.650520324707031e-05
7.152557373046875e-05
5.555152893066406e-05
7.033348083496094e-05
8.440017700195312e-05
5.459785461425781e-05
7.367134094238281e-05
7.390975952148438e-05
5.936622619628906e-05
7.009506225585938e-05
7.43865966796875e-05
8.487701416015625e-05
7.462501525878906e-05
5.5789947509765625e-05
5.53131103515625e-05
5.936622619628906e-05
7.05718994140625e-05
6.985664367675781e-05
5.4836273193359375e-05
5.4836273193359375e-05
5.412101745605469e-05
0.00010395050048828125
7.462501525878906e-05
7.081031799316406e-05
5.745887756347656e-05
8.869171142578125e-05
5.626678466796875e-05
7.033348083496094e-05
7.009506225585938e-05
6.937980651855469e-05
6.961822509765625e-05
6.961822509765625e-05
8.344650268554688e-05
7.104873657226562e-05
5.602836608886719e-05
7.152557373046875e-05
0.0001087188720703125
7.224082946777344e-05
5.602836608886719e-05
8.463859558105469e-05
7.05718994140625e-05
5.555152893066406e-05
5.555152893066406e-05
5.8650970458984375e-05
5.555152893066406e-05
5.5789947509765625e-05
5.435943603515625e-05
7.033348083496094e-05
5.626678466796875e-05
0.007037162780761719
6.937980651855469e-05
7.176399230957031e-05
7.009506225585938e-05
8.463859558105469e-05
5.5789947509765625e-05
5.507469177246094e-05
5.53131103515625e-05
6.985664367675781e-05
8.511543273925781e-05
5.698204040527344e-05
8.893013000488281e-05
5.793571472167969e-05
9.989738464355469e-05
7.319450378417969e-05
7.915496826171875e-05
7.534027099609375e-05
7.05718994140625e-05
6.985664367675781e-05
5.5789947509765625e-05
5.53131103515625e-05
6.961822509765625e-05
5.5789947509765625e-05
7.2479248046875e-05
7.343292236328125e-05
8.463859558105469e-05
8.058547973632812e-05
7.390975952148438e-05
5.7697296142578125e-05
7.128715515136719e-05
7.033348083496094e-05
7.009506225585938e-05
5.555152893066406e-05
5.555152893066406e-05
6.961822509765625e-05
5.53131103515625e-05
7.224082946777344e-05
7.104873657226562e-05
8.392333984375e-05
7.653236389160156e-05
7.319450378417969e-05
7.62939453125e-05
5.507469177246094e-05
9.465217590332031e-05
9.584426879882812e-05
8.320808410644531e-05
7.176399230957031e-05
0.00010132789611816406
7.033348083496094e-05
8.463859558105469e-05
7.104873657226562e-05
8.153915405273438e-05
7.605552673339844e-05
0.0009238719940185547
7.2479248046875e-05
5.602836608886719e-05
6.961822509765625e-05
7.009506225585938e-05
8.368492126464844e-05
7.748603820800781e-05
7.176399230957031e-05
5.507469177246094e-05
6.103515625e-05
6.103515625e-05
8.797645568847656e-05
7.104873657226562e-05
5.7697296142578125e-05
5.507469177246094e-05
6.914138793945312e-05
5.435943603515625e-05
6.937980651855469e-05
7.009506225585938e-05
7.200241088867188e-05
8.58306884765625e-05
5.4836273193359375e-05
5.459785461425781e-05
5.435943603515625e-05
6.794929504394531e-05
8.749961853027344e-05
6.532669067382812e-05
5.6743621826171875e-05
5.507469177246094e-05
6.937980651855469e-05
7.152557373046875e-05
7.009506225585938e-05
5.793571472167969e-05
7.033348083496094e-05
5.555152893066406e-05
5.435943603515625e-05
5.5789947509765625e-05
9.250640869140625e-05
7.343292236328125e-05
5.7697296142578125e-05
5.507469177246094e-05
5.53131103515625e-05
6.961822509765625e-05
7.05718994140625e-05
6.914138793945312e-05
0.00014281272888183594
5.626678466796875e-05
5.4836273193359375e-05
5.459785461425781e-05
9.870529174804688e-05
7.271766662597656e-05
5.817413330078125e-05
5.53131103515625e-05
5.6743621826171875e-05
7.033348083496094e-05
6.985664367675781e-05
8.559226989746094e-05
5.745887756347656e-05
5.53131103515625e-05
5.602836608886719e-05
7.05718994140625e-05
5.459785461425781e-05
6.0558319091796875e-05
7.319450378417969e-05
6.985664367675781e-05
7.104873657226562e-05
6.937980651855469e-05
5.507469177246094e-05
5.602836608886719e-05
8.749961853027344e-05
5.6743621826171875e-05
5.53131103515625e-05
6.985664367675781e-05
5.459785461425781e-05
8.440017700195312e-05
5.459785461425781e-05
8.440017700195312e-05
7.2479248046875e-05
6.151199340820312e-05
5.5789947509765625e-05
5.435943603515625e-05
6.937980651855469e-05
5.459785461425781e-05
8.344650268554688e-05
5.5789947509765625e-05
5.4836273193359375e-05
5.507469177246094e-05
5.555152893066406e-05
5.4836273193359375e-05
5.4836273193359375e-05
8.58306884765625e-05
9.584426879882812e-05
5.626678466796875e-05
5.4836273193359375e-05
7.152557373046875e-05
8.797645568847656e-05
5.626678466796875e-05
5.4836273193359375e-05
5.507469177246094e-05
7.271766662597656e-05
9.131431579589844e-05
5.459785461425781e-05
6.914138793945312e-05
8.654594421386719e-05
6.222724914550781e-05
5.650520324707031e-05
5.6743621826171875e-05
6.937980651855469e-05
5.8650970458984375e-05
5.53131103515625e-05
5.507469177246094e-05
5.435943603515625e-05
5.53131103515625e-05
5.4836273193359375e-05
6.437301635742188e-05
8.7738037109375e-05
6.914138793945312e-05
5.6743621826171875e-05
5.626678466796875e-05
6.985664367675781e-05
5.459785461425781e-05
8.654594421386719e-05
5.626678466796875e-05
5.555152893066406e-05
5.650520324707031e-05
5.555152893066406e-05
5.53131103515625e-05
8.654594421386719e-05
7.2479248046875e-05
6.222724914550781e-05
5.626678466796875e-05
5.53131103515625e-05
6.985664367675781e-05
5.53131103515625e-05
0.00011396408081054688
5.650520324707031e-05
8.368492126464844e-05
5.507469177246094e-05
5.507469177246094e-05
5.507469177246094e-05
9.1552734375e-05
7.367134094238281e-05
5.745887756347656e-05
5.626678466796875e-05
5.626678466796875e-05
7.605552673339844e-05
7.033348083496094e-05
7.462501525878906e-05
7.081031799316406e-05
5.507469177246094e-05
5.4836273193359375e-05
5.6743621826171875e-05
8.845329284667969e-05
0.00010061264038085938
5.7697296142578125e-05
5.5789947509765625e-05
5.555152893066406e-05
6.914138793945312e-05
5.53131103515625e-05
8.726119995117188e-05
5.602836608886719e-05
6.914138793945312e-05
5.602836608886719e-05
5.507469177246094e-05
9.107589721679688e-05
7.557868957519531e-05
5.7697296142578125e-05
5.507469177246094e-05
6.937980651855469e-05
5.53131103515625e-05
8.58306884765625e-05
5.507469177246094e-05
7.2479248046875e-05
7.05718994140625e-05
5.5789947509765625e-05
5.459785461425781e-05
7.2479248046875e-05
8.702278137207031e-05
6.413459777832031e-05
5.745887756347656e-05
5.507469177246094e-05
5.459785461425781e-05
6.866455078125e-05
5.459785461425781e-05
8.463859558105469e-05
8.702278137207031e-05
5.6743621826171875e-05
5.4836273193359375e-05
0.00011277198791503906
7.2479248046875e-05
6.532669067382812e-05
5.626678466796875e-05
8.416175842285156e-05
7.653236389160156e-05
6.771087646484375e-05
8.177757263183594e-05
0.00011801719665527344
5.745887756347656e-05
9.751319885253906e-05
9.012222290039062e-05
6.937980651855469e-05
5.698204040527344e-05
5.650520324707031e-05
6.937980651855469e-05
5.459785461425781e-05
9.894371032714844e-05
5.459785461425781e-05
5.53131103515625e-05
8.702278137207031e-05
5.602836608886719e-05
5.507469177246094e-05
0.00010991096496582031
7.200241088867188e-05
6.651878356933594e-05
5.6743621826171875e-05
5.4836273193359375e-05
6.961822509765625e-05
5.435943603515625e-05
7.128715515136719e-05
5.507469177246094e-05
5.507469177246094e-05
8.7738037109375e-05
5.650520324707031e-05
5.4836273193359375e-05
0.00010251998901367188
7.2479248046875e-05
7.653236389160156e-05
7.009506225585938e-05
9.608268737792969e-05
5.698204040527344e-05
7.104873657226562e-05
5.507469177246094e-05
7.009506225585938e-05
0.0001289844512939453
7.176399230957031e-05
5.602836608886719e-05
9.131431579589844e-05
7.295608520507812e-05
7.128715515136719e-05
