-33.34108007571977 -33.3896815256557 -33.826265560190166 -32.84520512963418 -33.760046431694306 
-33.31196627309876 -33.36376121196383 -33.79773714501192 -32.81562906133895 -33.73049791346138 
-33.302749710025935 -33.36172284988393 -33.791132484997775 -32.808893658790055 -33.72127900245789 
-33.30680797982721 -33.3676839382089 -33.79828320829574 -32.81514154423526 -33.72733396746817 
-33.30041158227178 -33.36229562901974 -33.79238634327068 -32.808902608517414 -33.72105813533696 
-33.31306741298722 -33.378332347654805 -33.810991381165096 -32.825969291567645 -33.73763244439148 
-33.31448118373078 -33.36884574280555 -33.81015234436646 -32.823834322182506 -33.7405069236832 
-33.26243700969344 -33.31915713833982 -33.76334448734063 -32.77231831999643 -33.69222465753461 
-33.264834090387 -33.32137175966648 -33.76435649532527 -32.774092877281376 -33.6935134241229 
-33.26974094777577 -33.32580784417952 -33.76801428461329 -32.77851089919878 -33.69750947357127 
-33.309254223153815 -33.35996274992992 -33.80267850340721 -32.81638300925778 -33.734531247986 
-33.24766200272724 -33.299948770279656 -33.74930320886675 -32.7561707886115 -33.679452430695974 
-33.239254758481536 -33.29446582127774 -33.740855336427614 -32.74796190939628 -33.670130850556916 
-33.24653545155901 -33.30255127277708 -33.749415910196475 -32.756449287335755 -33.678221989343925 
-33.24680913699787 -33.30328632139485 -33.75001926530621 -32.757008487116536 -33.67862961460227 
-33.207008160310636 -33.26154310647698 -33.70709488515966 -32.713136631160864 -33.63688718260444 
-33.20710971525311 -33.26165533806588 -33.70721521928347 -32.71325534272579 -33.63700098561205 
-33.24408105527668 -33.29865745621383 -33.74203512946082 -32.75103961240845 -33.67208967607556 
-33.247086438725674 -33.29412920426557 -33.74115377067011 -32.750546346367486 -33.674146482775896 
-33.235880046014984 -33.28340935786689 -33.72999877758757 -32.73889942391533 -33.662855768834234 
-33.23691754664725 -33.2861569665742 -33.73251276217394 -32.74111895297209 -33.6646026778984 
-33.289694276566365 -33.3363008039301 -33.78738040624705 -32.79708422229625 -33.71983336563203 
-33.26533151201657 -33.304670417243955 -33.755810764145764 -32.766210483121824 -33.691713728147874 
-33.258184892009 -33.29876392639663 -33.74893228291495 -32.75910498977581 -33.68442565264537 
-33.14614340169854 -33.191570834238775 -33.64594781607474 -32.646970079307266 -33.57869628729563 
-33.11809146385123 -33.16863774505937 -33.62138937910058 -32.62037780325511 -33.552055470289105 
-32.949635134410556 -33.00403426905925 -33.457714109157436 -32.44644110645636 -33.38675346171492 
-32.76317916507024 -32.816180353907285 -33.27508386362321 -32.25178988444017 -33.204300770233104 
-32.78472581488312 -32.83874660038316 -33.29746140927239 -32.2751300203106 -33.22618771409135 
-32.78645905306777 -32.84084409748593 -33.300312120663676 -32.277606290665474 -33.228741617846936 
-32.80191425609215 -32.863152799651104 -33.31624541948746 -32.29566581688769 -33.24246586468452 
-32.79392695753859 -32.85410488060005 -33.30665518332745 -32.286201682479174 -33.23347717053797 
-32.79972807877694 -32.858859368745414 -33.312329510010855 -32.29200793952788 -33.239481471696806 
-32.79666645443031 -32.85738682658784 -33.3092763771307 -32.28914939958402 -33.23594570026461 
-32.840877239025446 -32.90059597403878 -33.35119502676817 -32.334305324753444 -33.27845553865019 
-32.83456415968904 -32.90279201828696 -33.34522798575428 -32.3297908402033 -33.26983174850963 
-32.792172832882216 -32.86186599477787 -33.303061518026425 -32.28562052686938 -33.227262851200976 
-32.837378970379405 -32.89364331961143 -33.34064193435387 -32.32627986043181 -33.27011534998695 
-32.83585015843873 -32.89208149720211 -33.340366729335784 -32.3252928449167 -33.26964961825735 
-32.87783010678031 -32.93949376147532 -33.385935613832785 -32.37252817855443 -33.31288480468926 
-32.866237755085194 -32.928226241727714 -33.374193343871795 -32.36032578904637 -33.3010901715171 
-32.859548794444294 -32.91997497050377 -33.36505258453654 -32.35169324116369 -33.29284038359462 
-32.85902114472884 -32.91908921811401 -33.36418165231477 -32.35088321440888 -33.2921361885022 
-32.88742741623453 -32.94740553251829 -33.39118584774738 -32.38005548575455 -33.31933920186603 
-32.860590586906994 -32.92001355323782 -33.36382252710614 -32.351419468474305 -33.29228513012225 
-32.8940973733815 -32.95781348854646 -33.39591009259476 -32.38696630598257 -33.32321714521959 
-32.8936389161031 -32.95716850586622 -33.395373358810915 -32.38640140233494 -33.32275136754272 
-32.87147405935286 -32.93427989561626 -33.37538651001381 -32.36399551769155 -33.302677766643 
-32.88633051337288 -32.944403249690566 -33.38613193509258 -32.37648222792194 -33.31551517607733 
-32.83390451146249 -32.8949371408014 -33.33704373912822 -32.323656780600984 -33.26507996409856 
-32.78829270215104 -32.85111414972306 -33.29524803320312 -32.277966340272215 -33.22220656088042 
-32.7798470705487 -32.8434902732176 -33.284515762583354 -32.268123249637895 -33.21160933650529 
-32.763822757677346 -32.81496048944031 -33.267157827762674 -32.247715330951266 -33.198338566293415 
-32.76118354348834 -32.80868558726267 -33.26337395630013 -32.2435421993565 -33.19586029432797 
-32.8073097526359 -32.84981520910499 -33.30398700082634 -32.28821672464498 -33.238809854034315 
-32.75429742935873 -32.805704421082325 -33.26121965858974 -32.23955384530832 -33.191753324377586 
-32.74944065798945 -32.801940139602834 -33.258573276285205 -32.235802982877416 -33.18842237398091 
-32.75097551987257 -32.803734544770236 -33.26039901918544 -32.23762487013687 -33.190118213712054 
-32.741693991344036 -32.7943397963394 -33.25072818736842 -32.22762832816714 -33.180564000234554 
-32.786753231242216 -32.835481235556756 -33.286497683072724 -32.269510852502876 -33.21895554949529 
-32.790704704332285 -32.837234489102755 -33.287621293262134 -32.271759077644404 -33.22120544748125 
-32.77660039821285 -32.82291510428378 -33.27416858572538 -32.257187991450635 -33.20774065813036 
-32.72811799071496 -32.77166930985187 -33.22574311854022 -32.20554887817114 -33.16024931654671 
-32.72493636809642 -32.76857396570084 -33.222621752251314 -32.20224819789375 -33.157098074982954 
-32.66452156503341 -32.709193400228784 -33.163816185973204 -32.13966309064382 -33.097834702643794 
-32.67716497264121 -32.719620237940205 -33.17389961165307 -32.15120157971454 -33.10898865602047 
-32.67553598422434 -32.7187341809889 -33.173233713654355 -32.15013381052036 -33.10794157633788 
-32.67343944805765 -32.71583123205599 -33.17033829322247 -32.14734578725354 -33.10542748872059 
-32.691007039292515 -32.72978216432648 -33.186405979807034 -32.16428845502537 -33.12281160985472 
-32.58649709215 -32.62983267990579 -33.08388072513638 -32.056224820366026 -33.0187767257557 
-32.57100732479839 -32.61312622467257 -33.067161753665204 -32.03902147331905 -33.002661840058636 
-32.567986617818704 -32.60972112014481 -33.06397833835908 -32.03567163706103 -32.99962874494432 
-32.6012525400361 -32.644479466305356 -33.09775876578179 -32.07130731829582 -33.03280123542042 
-32.571829937630426 -32.61706579887236 -33.07198533417008 -32.0425830382423 -33.005877541236146 
-32.571638001529166 -32.61680644285482 -33.071757245417785 -32.04234756875667 -33.00567637571284 
-32.580594883830756 -32.62350708155918 -33.07911471918119 -32.050477235991764 -33.013967206229 
-32.568909264587404 -32.61051541232173 -33.06452769256549 -32.03642932587806 -33.00027636418386 
-32.52364304606738 -32.562209333570564 -33.01563748598022 -31.986259586868186 -32.95299897475745 
-32.50313363548524 -32.5362028370737 -32.988507079227574 -31.960151074330582 -32.92867288112788 
-32.52708854509166 -32.55861113694063 -33.010109523315634 -31.983885908890343 -32.95108444002567 
-32.540967219694835 -32.57420642363769 -33.02738670702608 -32.00056147568496 -32.96725344169843 
-32.566329800309845 -32.59625051600814 -33.05028647505027 -32.02532249123081 -32.99151980294252 
-32.7363027348062 -32.756225599642846 -33.208010020153594 -32.19607307553197 -33.15396519146762 
-32.73470034634951 -32.75453636876337 -33.20662438773685 -32.1944732611547 -33.152573784038026 
-32.767874652639605 -32.78966650388766 -33.24134586424064 -32.23058550691378 -33.18637782633154 
-32.829986613213265 -32.84639588239068 -33.30588717320498 -32.29598714443344 -33.252041996209925 
-32.856673566367775 -32.87338996924437 -33.33278239823446 -32.32424461833298 -33.27875637661715 
-32.85395621235139 -32.87057683277767 -33.33161861845382 -32.32213766947923 -33.27737219756045 
-32.85790140695161 -32.8734386404808 -33.33532535626016 -32.32593856102622 -33.281440840083064 
-32.88991883182736 -32.90382908563238 -33.366306509333015 -32.358769715363536 -33.313025110010685 
-32.89206824226332 -32.901046218555024 -33.36211567180111 -32.356822975001435 -33.311376576510156 
-32.88615301200623 -32.89441218896215 -33.35526155336605 -32.349979303766915 -33.304907782984145 
-32.88665518149696 -32.89734166757492 -33.35718676478169 -32.35173170659647 -33.305857641511096 
-32.92444346525676 -32.93444731843982 -33.39473119867938 -32.391227796994386 -33.34357579009911 
-32.953581043592195 -32.964317897951304 -33.42847829848131 -32.42434177474969 -33.376283767026024 
-32.9494604054766 -32.961736921267345 -33.42478707220282 -32.42054683733723 -33.372060649085284 
-32.91193013233983 -32.92165795059712 -33.390770344281705 -32.382281038981375 -33.33831685499864 
-32.91273138352727 -32.92015510647174 -33.390298988323266 -32.38200186418622 -33.33875502298173 
-32.91068954274806 -32.916718392461036 -33.38431884145828 -32.37758277363615 -33.33385218782331 
-32.90350252563805 -32.91113093385749 -33.3780957966725 -32.37083777360212 -33.326997443308855 
-32.90818263413968 -32.912654459868236 -33.380218292533755 -32.37382073844256 -33.3304932462941 
-32.84895010324436 -32.84812512271084 -33.31521818986643 -32.30749939796708 -33.268173661607605 
-32.88355472253373 -32.882882671405795 -33.34983038042182 -32.34395421993071 -33.30266955264547 
-32.906490362493614 -32.903940239180244 -33.371932864036864 -32.367284649660505 -33.325435762638065 
-32.91702373128432 -32.90693892467188 -33.37809031151825 -32.37463532981046 -33.33458676464693 
-32.92331059032496 -32.91280127548124 -33.38398202999936 -32.38096714021508 -33.3406604416993 
-32.91834555400064 -32.90757826901819 -33.37987834970987 -32.37611911986255 -33.33650252141129 
-32.93299184736739 -32.91551689996518 -33.388249399222175 -32.38704257249118 -33.347921009929806 
-32.932122285139485 -32.914466766626944 -33.387692370374694 -32.386246409455 -33.34736875733891 
-32.935218100582404 -32.91959846365229 -33.39120375274588 -32.390123348646384 -33.35018686766094 
-32.94234449233436 -32.927298427837044 -33.39645920229596 -32.39681053511913 -33.35556371968238 
-32.972547830886754 -32.95616965641136 -33.42588230258055 -32.42792869131635 -33.38546140527879 
-32.94570305499825 -32.928208908164905 -33.3985529243439 -32.399218585581494 -33.358604137682704 
-32.942043242441756 -32.92531283516736 -33.39523708032749 -32.395693822835085 -33.35500649067694 
-32.941367122312485 -32.92463302587183 -33.394447746577654 -32.3949256525415 -33.35423835592805 
-32.94729999163383 -32.93251855599516 -33.40126407758764 -32.40200386360591 -33.36030334300128 
-33.05658074321123 -33.03247767491577 -33.50265176413785 -32.511161781146384 -33.46561653982431 
-33.048601892168364 -33.02408059473689 -33.49500426931861 -32.50285018368011 -33.45805661452698 
-32.973367199264985 -32.95715751909874 -33.43219230148145 -32.4315588688754 -33.39080921421045 
-32.98091393199597 -32.96312276160121 -33.437950801365034 -32.4382871606733 -33.39732924746403 
-32.98112012222306 -32.960455382506154 -33.439374299401806 -32.43853966789359 -33.3994224017861 
-32.98934675494638 -32.964358539128426 -33.439249422254875 -32.4421631836897 -33.40197859460068 
-32.96720112599296 -32.93525614538771 -33.41909981363622 -32.41848900021232 -33.38364918547788 
-32.87871841836426 -32.847822670919996 -33.3328358011037 -32.32668677496058 -33.29687335944732 
-32.80847126533929 -32.77585945158957 -33.26488059414595 -32.25355269349059 -33.22919587712306 
-32.74084715634906 -32.703696608432395 -33.19280598711592 -32.17923966655398 -33.15936951761303 
-32.77406088239364 -32.74192197040993 -33.22986932145632 -32.21711347766974 -33.19420997963252 
-32.71892791371785 -32.68840825571456 -33.17494360181854 -32.1594793333164 -33.13886971960554 
-32.70890863815566 -32.6785710499537 -33.16571828585684 -32.149359969095386 -33.129477399932 
-32.71093925777021 -32.68004938197609 -33.16773484483201 -32.151382770670665 -33.131659419339854 
-32.73390717204066 -32.70478440901148 -33.19816787636175 -32.179666716320455 -33.16027126357746 
-32.72416110494545 -32.69553434115747 -33.189761850722974 -32.17017560681785 -33.15151206760305 
-32.84931642471501 -32.822851479222905 -33.31172618428016 -32.30077190597781 -33.273102661404934 
-32.84469211052378 -32.819562055515874 -33.30964756055765 -32.29745096410467 -33.27020635413071 
-32.843592035057924 -32.81797496728427 -33.30763935129413 -32.2957383125476 -33.26849856757315 
-32.86451336919821 -32.83757428407745 -33.3238792249836 -32.31514290639288 -33.285874708716634 
-32.84879104561479 -32.81447280802804 -33.30578447819937 -32.295964987763156 -33.27043849817733 
-32.85286347907757 -32.81630765265703 -33.30412672782302 -32.2969422177254 -33.27040326835096 
-32.860348791170466 -32.8288908148556 -33.31968987104665 -32.309867958076794 -33.28306529960814 
-32.850892059872095 -32.82275621767981 -33.310419594788314 -32.30065146447747 -33.272777585783984 
-32.887534831206025 -32.856380457724754 -33.344922311054844 -32.337558949301695 -33.30847688059147 
-32.865367821745636 -32.834477089069 -33.322734103467795 -32.31426582523325 -33.286256396839704 
-32.80132680946156 -32.77108245189666 -33.25971918259465 -32.247487325908224 -33.223002605331175 
-32.78765318356166 -32.75993037765845 -33.24810170314535 -32.234616460820035 -33.21030750217392 
-32.81942401294907 -32.78916149436172 -33.27526042409379 -32.26525496760604 -33.23893817642339 
-32.80843176552962 -32.778750796794114 -33.265825040625444 -32.254576385352465 -33.22908985478698 
-32.808179163295335 -32.778630506293155 -33.26558489806155 -32.2543425913035 -33.228808090951816 
-32.816109932282984 -32.78696786867165 -33.274801323088894 -32.26341707020809 -33.23767200062919 
-32.82391586405443 -32.79520236451674 -33.282427289602495 -32.271628534839635 -33.24518261461985 
-32.929539424432576 -32.90011401898522 -33.388298373481035 -32.382796710432004 -33.351018489899005 
-32.93449102713197 -32.90454149594974 -33.39520406145965 -32.38889598028335 -33.35774796206496 
-32.924935230607204 -32.89597355966518 -33.385484919694434 -32.37894601467309 -33.3477760612507 
-32.92995682630237 -32.90054948406255 -33.38484935948874 -32.38129282934945 -33.34820601449175 
-32.92602335976807 -32.89614066293724 -33.380638619917164 -32.37692133315032 -33.344193079960405 
-32.924544225927534 -32.8954097432742 -33.380122374782275 -32.37599412199563 -33.3432931324252 
-32.98263756436026 -32.95256239448754 -33.43751442637864 -32.43659115907562 -33.40097193316325 
-32.9729677549815 -32.944901912032236 -33.430938584271175 -32.42836557272307 -33.39329241160631 
-32.96386859754759 -32.93612372742734 -33.422316981982846 -32.41909380081749 -33.38451221331489 
-32.95784419550138 -32.929216544931464 -33.41504767877559 -32.41195460847814 -33.37772900548143 
-32.9422425396788 -32.91324723318239 -33.40146038693278 -32.39648123065491 -33.36394891222167 
-32.94167130076974 -32.91276815169569 -33.40105775724287 -32.395983113057866 -33.36349148790498 
-32.957795261504444 -32.929667732385795 -33.41803054369636 -32.41353171086142 -33.38005654230716 
-32.88053631840705 -32.859357661080125 -33.347438049580234 -32.33694344616842 -33.30640616340436 
-32.8666209255577 -32.84648838020358 -33.33399627021994 -32.32273987952321 -33.29259661341075 
-32.86189812513186 -32.84168710538995 -33.33009158468681 -32.31816736900356 -33.288589375091604 
-32.85426819454388 -32.829655208051804 -33.321387833450885 -32.30873115654768 -33.28141164667271 
-32.88065044747793 -32.85451053771594 -33.34643223289845 -32.335530168102466 -33.30708781408944 
-32.947828040408396 -32.923805127042726 -33.41208726818965 -32.40587736113994 -33.37222188899183 
-32.954043834992206 -32.92910719865871 -33.41727204249695 -32.411718538217556 -33.37784224530891 
-32.951634836008424 -32.9271099375006 -33.415961716094785 -32.40982079809328 -33.376229526022854 
-32.945402977835926 -32.919647766610936 -33.40934793628567 -32.402829797705095 -33.370063904695456 
-32.95088580064616 -32.924738707643115 -33.41426270464599 -32.408235987873354 -33.375180816918856 
-32.981964754895 -32.95702434326279 -33.442531725404564 -32.43975255936479 -33.40349002196413 
-32.9707673178834 -32.94750989258195 -33.43253795622718 -32.4289066512336 -33.39280870707513 
-32.969375135366036 -32.946200415292296 -33.43098014132754 -32.42737406106316 -33.39125608958295 
-32.98751147574784 -32.96461151645704 -33.44772405475594 -32.44580901971642 -33.408112161576426 
-33.02207899649518 -32.99714873241557 -33.477541392991014 -32.479388474353314 -33.43926552377741 
-33.019035708846715 -32.994870151753176 -33.476183342234904 -32.47718436165533 -33.43740181546447 
-33.004901232838805 -32.98086566546455 -33.462338939365594 -32.462484907866724 -33.42349765398936 
-32.97528980085754 -32.94935484309737 -33.43306105518626 -32.43112358533125 -33.39479818579768 
-32.897854476409464 -32.87233374762117 -33.35523812950845 -32.349519577287325 -33.317067130450155 
-32.881283639912695 -32.85783261887215 -33.340016510455385 -32.333164009740244 -33.30102715520137 
-32.868719713902465 -32.84415083288897 -33.32839502665601 -32.32019173124604 -33.289612888994085 
-32.879276552527145 -32.843361449518454 -33.33038343624361 -32.32479038865064 -33.29643982628741 
-32.88221695464986 -32.84316426945588 -33.330308925457615 -32.32577100559746 -33.29781067262006 
-32.9130978603083 -32.88184297189554 -33.362527708637856 -32.36045816388334 -33.32738537993532 
-32.98965068419044 -32.96171224162791 -33.43332665900502 -32.43880965599844 -33.397984219687444 
-33.00121502892914 -32.97358482844193 -33.44567483955687 -32.451423190100826 -33.41008601777608 
-33.005545274829686 -32.98057108809108 -33.4524041423422 -32.457696649330416 -33.415602498455215 
-33.03148412328191 -33.0035253551917 -33.478138983788284 -32.48428488050028 -33.44222590850164 
-33.0480912320627 -33.021794281939336 -33.495697558162874 -32.50255583823396 -33.45908984674165 
-32.9850259606165 -32.96503313781339 -33.43667608618115 -32.43948789891705 -33.39760770689139 
-32.978628701671795 -32.95812256420882 -33.43117088096466 -32.43309730876095 -33.39212303455514 
-33.018208578610526 -32.99582630770833 -33.46603936384419 -32.47201928261474 -33.42826477768553 
-33.020404498864465 -32.99776710222905 -33.467956902098535 -32.47413990157024 -33.430301659533214 
-32.98988646047553 -32.975475762412245 -33.442681716188204 -32.44630342436241 -33.40171805439063 
-33.01508473589226 -32.996395076599725 -33.46282885103581 -32.46943959681849 -33.42395294474905 
-33.055627930247596 -33.040127049635515 -33.50677379826283 -32.514413231202866 -33.466285850871074 
-33.09225093932058 -33.08509592348274 -33.543599017889974 -32.554747791564736 -33.500466532309346 
-33.08082717728577 -33.07408894991728 -33.532963300457155 -32.543210582854854 -33.48959594899593 
-33.16949973892831 -33.17322326005316 -33.625943555942484 -32.64076519788972 -33.578503616825316 
-33.17605101667738 -33.17881794704181 -33.63145610883237 -32.64693671515687 -33.58446652117337 
-33.17791508051235 -33.18125956870067 -33.63320347569443 -32.64896118239119 -33.586053268470934 
-33.23634991596775 -33.23885218197208 -33.68730588121788 -32.708069244127074 -33.64101369973983 
-33.18233690135874 -33.18454588804431 -33.63613372590784 -32.65263354634085 -33.589567276837755 
-33.182342553752065 -33.177518482579 -33.63410954031251 -32.65015870817379 -33.59002262694831 
-33.18261237153155 -33.18008654635362 -33.6399445330602 -32.65367826086883 -33.59423791023171 
-33.24418239884302 -33.243231949580576 -33.70997186422008 -32.72296766185926 -33.66226938735181 
-33.245678910459716 -33.24471249326375 -33.710614265254435 -32.72410659467478 -33.66305482393081 
-33.30415895206583 -33.29755876537948 -33.761885660101285 -32.78080013033538 -33.71711879031464 
-33.33129747754943 -33.312271841585456 -33.783698433342536 -32.80415430112673 -33.743537692329866 
-33.338824759705275 -33.31932662969609 -33.79033641205473 -32.811523866264224 -33.75045219731277 
-33.33508937225599 -33.31385663548019 -33.784729319281524 -32.80631459481671 -33.74568960229277 
-33.35773318107687 -33.33532614387411 -33.80659613159729 -32.829488781584416 -33.76799822520279 
-33.28719204768079 -33.262902058747144 -33.74022289111892 -32.757083544224116 -33.70163972605661 
-33.28724854806761 -33.26297060566705 -33.740424658070765 -32.75721876233963 -33.70181358453611 
-33.295750387119625 -33.27043819301555 -33.747874957443216 -32.765422933984226 -33.70973574179861 
-33.29827948316233 -33.271734486811084 -33.75012843409067 -32.76770326718827 -33.712403778089566 
-33.31947201495143 -33.2910009917391 -33.770439850963484 -32.789161877969875 -33.73340431919618 
-33.330580898964456 -33.302785590418026 -33.78126145904521 -32.80082252970355 -33.74404755628072 
-33.30808329092527 -33.2775793614434 -33.757854848349595 -32.776195122389126 -33.721656203153 
-33.277949913977906 -33.244465853060134 -33.72647483371442 -32.74331890992744 -33.69144443199663 
-33.298032252195796 -33.2691281964035 -33.747951611220756 -32.76601220352572 -33.71126323668531 
-33.319799735878874 -33.298644679245854 -33.77425695734199 -32.79269059556417 -33.734423102612325 
-33.336785805724546 -33.31517270106684 -33.789589185382695 -32.80961725853402 -33.750136178064054 
-33.31453251123007 -33.29169483095555 -33.7683778211034 -32.78651660701924 -33.729166069936085 
-33.30019757544652 -33.27924874281359 -33.75699785204243 -32.77331455986214 -33.716750181406795 
-33.390645988370196 -33.370066999629486 -33.84478809759692 -32.86709924324485 -33.80469513937717 
-33.421896680258186 -33.39937671475006 -33.873446242902176 -32.89824481006765 -33.83431269319078 
-33.48484746846508 -33.46089078797314 -33.93344510867945 -32.96260710969986 -33.89511736136687 
-33.47205417791848 -33.444807588894335 -33.91845668237012 -32.947421187044355 -33.881516259711915 
-33.493146282075614 -33.467608132032794 -33.93920361778447 -32.96973375034844 -33.901762194560945 
-33.47942725593644 -33.45419820963721 -33.92584044612889 -32.95556224178755 -33.88827231490495 
-33.45834208655907 -33.43371597320474 -33.90470519951161 -32.93350428488674 -33.86700286331174 
-33.46155245690183 -33.4370083740656 -33.908243772431206 -32.93705830277557 -33.870455825284836 
-33.5184507264007 -33.497110681998635 -33.967664828498 -32.998725093367426 -33.928376486085696 
-33.51562175166423 -33.494980807134226 -33.966506086708634 -32.99673613380003 -33.92673342299622 
-33.518888615843906 -33.49914036039186 -33.96870766565387 -32.99980178183392 -33.928834845038125 
-33.48484249077811 -33.46691928025935 -33.937476595996 -32.96582191665233 -33.896647323669825 
-33.47741869683506 -33.46130433101514 -33.9319795207264 -32.95935498529522 -33.89029546550414 
-33.48957000763646 -33.47728278160125 -33.944735704035494 -32.973181264750934 -33.901765600202125 
-33.49136683583792 -33.48197595758471 -33.94743175686128 -32.97610020852386 -33.90342883463873 
-33.49734752284475 -33.488824177254045 -33.9527045688008 -32.98219800920947 -33.90854365907441 
-33.50250105565574 -33.493774182658726 -33.95722389783717 -32.98725003700322 -33.91322007895111 
-33.53914228557586 -33.53130814094983 -33.9948703341644 -33.02642143995659 -33.950358538236685 
-33.55424494000509 -33.54453460309678 -34.0128964525242 -33.04339546008352 -33.968441789706574 
-33.59144823405374 -33.57859611411152 -34.044112682065546 -33.078802355268465 -34.00153463868851 
-33.59445521342133 -33.58219945375552 -34.04916718445817 -33.08311725411522 -34.0060625609883 
-33.57687088787284 -33.566711925731354 -34.03438345337992 -33.06648956142578 -33.99021075938876 
-33.63050205288506 -33.62342918453926 -34.08929262963862 -33.124070993047766 -34.043867997401094 
-33.64292018528259 -33.63522297011836 -34.10052685264466 -33.136382665970245 -34.055464626083335 
-33.61949745528855 -33.61289146346199 -34.0794311434108 -33.113191544954105 -34.0336961039135 
-33.652758777105774 -33.643343733101986 -34.10801769045156 -33.14517688337962 -34.06384819216407 
-33.65932251812812 -33.645244490259174 -34.110434475448855 -33.14904088265973 -34.068357670878754 
-33.64388695752271 -33.63013274882201 -34.09528612014289 -33.13304438071853 -34.053092520550166 
-33.69885978893376 -33.683112428334994 -34.144675416298824 -33.187536550758836 -34.10391031638261 
-33.639242285840226 -33.62702205089947 -34.08286429888655 -33.12455674077397 -34.041502814195624 
-33.67032472784925 -33.65769145607905 -34.11191571974986 -33.156085990210485 -34.0709579448944 
-33.652741653872354 -33.63833090052033 -34.095751787960126 -33.137981445557315 -34.05513286666802 
-33.63938450192383 -33.62243084785497 -34.080736899113205 -33.12262188413507 -34.04119182480525 
-33.68614444856564 -33.670398664679254 -34.126751920912085 -33.17157398110194 -34.08687473920193 
-33.67507231159631 -33.65998439292129 -34.1152836682586 -33.15988652432446 -34.07529289807573 
-33.70944546209169 -33.69369508723085 -34.144564573429705 -33.193295168961 -34.105555462128464 
-33.70522626371239 -33.687021194781366 -34.13932292235572 -33.187865288565604 -34.10123874855884 
-33.62789771580739 -33.60792520650783 -34.060221413268735 -33.10547187512863 -34.02311512681318 
-33.627090183974204 -33.607069001607854 -34.05935794491954 -33.10458680732535 -34.02227728187614 
-33.649903651117384 -33.62973105196431 -34.089768131254715 -33.13228018929969 -34.051428975289014 
-33.65765985814379 -33.637739333447 -34.09753748763079 -33.140478687703265 -34.0591048652106 
-33.65567239579221 -33.63583812778184 -34.09585171871274 -33.138560537937565 -34.05734651653346 
-33.71529370515306 -33.70407347685412 -34.16178488355733 -33.20602586114349 -34.11949981619969 
-33.683785693469545 -33.667553024414616 -34.12150406343224 -33.16755948728208 -34.08225885936908 
-33.684167551527565 -33.66796038889092 -34.12181468123234 -33.16792994432218 -34.08257281419857 
-33.68307215834933 -33.669711727865064 -34.12002608468738 -33.16701167716646 -34.08003440628136 
-33.683207495301204 -33.6698446012485 -34.12019226779887 -33.16716850280528 -34.080195972163736 
-33.602492138838926 -33.592895091020054 -34.04116834905942 -33.08405616015517 -33.99989647636765 
-33.59644383329896 -33.59298166749748 -34.03406252304171 -33.07846511624895 -33.99110506134585 
-33.59834820848208 -33.59654993587466 -34.03388869000523 -33.079800376068775 -33.9907625256339 
-33.55245745233225 -33.54688268471679 -33.98993680948719 -33.03177952659375 -33.94773049810368 
-33.515914753029534 -33.505087404926556 -33.954058796578124 -32.99264626229662 -33.91341402485756 
-33.46778750099331 -33.45406295277209 -33.904908549141936 -32.94100879183307 -33.86540755247992 
-33.46639649888006 -33.45410821432188 -33.902991797119924 -32.939586476152485 -33.863142810563886 
-33.48813985317382 -33.47968461025599 -33.926073631353816 -32.96387153143729 -33.88479307387664 
-33.434072215790124 -33.43078678464026 -33.88001808718026 -32.9121114355419 -33.83593927486868 
-33.43792665859347 -33.43492638698521 -33.88363226949954 -32.91610081411035 -33.83949879691784 
-33.43741724698798 -33.43454622650724 -33.884017761679516 -32.91603446132332 -33.83969802015238 
-33.44207110723279 -33.440405130098696 -33.88632963697265 -32.920021233551765 -33.84202004397642 
-33.441562023410754 -33.43954111931319 -33.88563737260368 -32.919321806696914 -33.8414673281261 
-33.442667485310835 -33.43914747259335 -33.886819220976875 -32.92020548150492 -33.84309193212559 
-33.454511129052804 -33.44773886303631 -33.895041758329555 -32.93018320071707 -33.85288243162769 
-33.48381411457841 -33.474897657679605 -33.92389860214726 -32.960289603038845 -33.88241118065389 
-33.49706189426769 -33.489810420782675 -33.93532116382735 -32.97365078428125 -33.89360261305997 
-33.495578234863004 -33.4885576627898 -33.93418125134244 -32.97230971956277 -33.89233823941339 
-33.51864545797184 -33.511585185093864 -33.95701870775861 -32.996408665071556 -33.915182018713836 
-33.516129838526766 -33.50937498126339 -33.95408768409477 -32.99362763269457 -33.91223125386841 
-33.58099887981669 -33.57122197782667 -34.01087437393477 -33.05714712428028 -33.97115419104571 
-33.61285224361403 -33.60171404593902 -34.04279188229388 -33.09032547389231 -34.00341658922778 
-33.610619418236396 -33.59839730978014 -34.04057762948227 -33.08776504035656 -34.00153420963029 
-33.606835259478075 -33.59411715200568 -34.03615148889695 -33.083377079207835 -33.99737281131104 
-33.599318536939975 -33.58689558318203 -34.03004831631539 -33.076238597994916 -33.99095972259701 
-33.606392910663715 -33.59311222584651 -34.03667615257443 -33.08326767247861 -33.997909793906246 
-33.641327587522966 -33.63130149631853 -34.07217889707937 -33.12088703252037 -34.032259743906465 
-33.6683946160375 -33.66327023882005 -34.10024296758613 -33.15080651939924 -34.05861127523714 
-33.66268478141204 -33.65896422222352 -34.09668486319005 -33.14616099203057 -34.05427944390058 
-33.658018663621775 -33.654833990798636 -34.09395423433044 -33.14232384995283 -34.051074105536145 
-33.69345847846181 -33.693855736961595 -34.12937234269248 -33.18025983983584 -34.08533462542897 
-33.708379393476235 -33.70736126421298 -34.14438624629298 -33.19566114064148 -34.10073785026442 
-33.708368226867705 -33.70735031485839 -34.144374510521814 -33.19564919133121 -34.10072616301562 
-33.73928311702453 -33.73140349353882 -34.17386755520086 -33.225951491762444 -34.13249176443753 
-33.807326382001534 -33.79876420978256 -34.2408011190152 -33.29664817252336 -34.19969009325149 
-33.80288389210318 -33.79214819000485 -34.23465125093233 -33.290698548336294 -34.19449436585714 
-33.79187957502238 -33.78003909429506 -34.219561925695416 -33.27692144977394 -34.18043927395122 
-33.816431899845426 -33.80554675474555 -34.24265648702723 -33.30216042821364 -34.20343792235242 
-33.815355379625885 -33.804481704293096 -34.24161026212843 -33.30104849204821 -34.20238518204253 
-33.81537511113525 -33.80375898693657 -34.24340353859655 -33.301782651563144 -34.204111320862935 
-33.84443867658936 -33.83055747640314 -34.26965471679226 -33.330420908677766 -34.231465603353826 
-33.84453965561424 -33.82965846926628 -34.268398511672686 -33.32965698479832 -34.23073928942274 
-33.85168735584266 -33.840335483782155 -34.272036663852504 -33.336180333231766 -34.23386796012343 
-33.84739739015899 -33.83514731043974 -34.26966230712364 -33.33242290614854 -34.23145873722834 
-33.82622395291094 -33.81753861514065 -34.2517441668859 -33.31254668201511 -34.21195214229715 
-33.81862293226156 -33.809655531215256 -34.24346013679815 -33.304183356274365 -34.20388143084527 
-33.801958160838126 -33.79422492794687 -34.22839116513205 -33.28774043024386 -34.188202350291675 
-33.74847574392838 -33.74294144532722 -34.17997778142143 -33.23457312308409 -34.13837859970823 
-33.79415139018654 -33.79796244109572 -34.22996531772176 -33.28657498494391 -34.1847117476798 
-33.718433398792314 -33.72302211294007 -34.15671887076894 -33.20851773090614 -34.11096124363 
-33.680990732693886 -33.68443441903935 -34.118651793381474 -33.168680945241064 -34.07341758873801 
-33.67508116325442 -33.67995233078463 -34.112471731084455 -33.1626541609143 -34.066856483163974 
-33.68860065686499 -33.69282686101138 -34.12482807300408 -33.17613423123166 -34.079576577155606 
-33.66220548656753 -33.6670089086728 -34.09903827371964 -33.14885725376048 -34.05355985806328 
-33.64946274718183 -33.65639672716394 -34.086985292570375 -33.136281604122146 -34.04076499045526 
-33.60949846825899 -33.61725331523999 -34.05043150502465 -33.096180182841806 -34.0034733925321 
-33.62051410881014 -33.62969518722183 -34.065482999122395 -33.110023994162916 -34.017403037764055 
-33.604122387839126 -33.61422218982604 -34.04923900731744 -33.09308993619362 -34.00088450443441 
-33.62085361120866 -33.62816236964326 -34.06389778044155 -33.10903400692416 -34.01670703515886 
-33.57653845894984 -33.5817379967814 -34.01957475012699 -33.06206397433877 -33.97311404852377 
-33.56432066570868 -33.571418069752966 -34.00966574579118 -33.05077738966831 -33.96226733532127 
-33.57781234093689 -33.588048088840395 -34.02390514635913 -33.06598161096758 -33.97539803261547 
-33.59561532906321 -33.61280168083594 -34.043447914563686 -33.08703208714883 -33.99249258957536 
-33.60912674077092 -33.62403034985253 -34.051419556229845 -33.09801101570204 -34.00204869892964 
-33.63111975409056 -33.64583328890997 -34.07199598664765 -33.120361431412604 -34.02287483939976 
-33.638894490130824 -33.65458274258046 -34.08046457641875 -33.1290715351423 -34.03091592976132 
-33.63501866101214 -33.64950499736736 -34.075352970944834 -33.12413992377709 -34.02638322319018 
-33.604089577932015 -33.617695893560025 -34.04658353016761 -33.09253742968784 -33.997586712508806 
-33.57697293515977 -33.59162401711079 -34.01672347416135 -33.06297847968101 -33.9679083535779 
-33.61020311270072 -33.624592752004816 -34.05748064110246 -33.10146076400994 -34.00744580733341 
-33.66611754468978 -33.67632529930583 -34.11420799329521 -33.15964279719687 -34.06521394199943 
-33.61829970410125 -33.61835346941807 -34.05906445709222 -33.10369029021999 -34.01447232855378 
-33.64013291820463 -33.63589833020089 -34.07458394892397 -33.122606515437695 -34.03230344378143 
-33.62617743796345 -33.62186810534902 -34.060384819322095 -33.107825860793014 -34.018193661114054 
-33.55661929396493 -33.54706487773818 -33.9918596950309 -33.034220020990105 -33.95123014058332 
-33.643498706127176 -33.636774873297796 -34.079125638074785 -33.12619221076885 -34.03740449673617 
-33.68641106333486 -33.6812231579043 -34.12027112544061 -33.17068061712094 -34.078292530883715 
-33.669645643242575 -33.66492994313718 -34.10341480443938 -33.15314283624927 -34.06133847620714 
-33.62810744922545 -33.62487966478257 -34.06226527460288 -33.11005596399404 -34.01974823221596 
-33.6408205053489 -33.636840314062866 -34.073665513480506 -33.122598500702296 -34.03157132919765 
-33.63098648983508 -33.62617204447346 -34.065078164935485 -33.1127098406331 -34.02305136903655 
-33.55287413925828 -33.55021359196655 -33.99079727816296 -33.033048015791465 -33.94762701663903 
-33.57195957518944 -33.567541159983776 -34.00796997171537 -33.051776505968476 -33.96561646706999 
-33.5916823324866 -33.58548551973246 -34.025535772312864 -33.071050725210654 -33.984044576220214 
-33.52843016567789 -33.5220385904113 -33.96252276559807 -33.00472974980573 -33.92117100883472 
-33.52063721491325 -33.51450169095608 -33.95631528508187 -32.99737521275213 -33.91463809119672 
-33.51020997942345 -33.50138315620403 -33.94358712758434 -32.984740046859656 -33.903131601023745 
-33.461122818341565 -33.45210747942265 -33.89660226289472 -32.93418482050028 -33.85594978951005 
-33.332433644201586 -33.32762629111896 -33.77321654717646 -32.80249673456164 -33.73064916907866 
-33.33329640596355 -33.32594676795635 -33.77276697539786 -32.802226202526754 -33.73119050625888 
-33.33824851691925 -33.33023915110596 -33.777239760019754 -32.80705577807777 -33.73593428214302 
-33.31918729547236 -33.310451891546975 -33.759763424630805 -32.7876526324293 -33.71845396482735 
-33.36104764292146 -33.35363440174524 -33.803837438327875 -32.83299054385722 -33.7616786499901 
-33.393267820067976 -33.38081258787645 -33.83111545718933 -32.863362551467816 -33.79124947797486 
-33.38479076567958 -33.370870542251325 -33.82353358208812 -32.854594542322374 -33.78398197084033 
-33.39435769039687 -33.38009385098445 -33.83296329279783 -32.86450565538398 -33.793520775967934 
-33.407490231858276 -33.392678134883184 -33.84284344746183 -32.87659164461854 -33.804081507830006 
-33.36067724776842 -33.34394958165851 -33.800584130438395 -32.82926019263094 -33.761740654943424 
-33.35631005305039 -33.3368080689263 -33.79315253195435 -32.822597957738935 -33.75566972146139 
-33.38712499169627 -33.36463352362561 -33.82029667795983 -32.8525581656566 -33.784273437384584 
-33.44149585477709 -33.4168185796691 -33.873668180664254 -32.90873357985828 -33.838371911821696 
-33.500536480220305 -33.47985947700522 -33.93121946965502 -32.970814232917974 -33.89484092601485 
-33.495280427709545 -33.47580200357264 -33.927171202154454 -32.96613175775266 -33.89023734479096 
-33.523433327509125 -33.505540451402 -33.955653651097464 -32.99617760636954 -33.91812886868496 
-33.524016339709235 -33.50513603180161 -33.955286543945206 -32.9961219307569 -33.91821895310362 
-33.49117076181736 -33.47964110847319 -33.927450091022266 -32.965603633061576 -33.88737504819987 
-33.48878994241821 -33.47773731986973 -33.92253310814529 -32.961962650700045 -33.88273681444156 
-33.40927858638264 -33.40128206424316 -33.845444777738905 -32.88028935778962 -33.804466568440375 
-33.39981284971718 -33.391057763687144 -33.83563576632106 -32.87002112287739 -33.794963830821885 
-33.383699537082464 -33.375794404988014 -33.820948900981236 -32.8539710281547 -33.77981258131726 
-33.397002068694135 -33.39087988750272 -33.83382179471198 -32.86810997635135 -33.792186887962686 
-33.409979609320146 -33.404710112038984 -33.84606098654049 -32.88156134341456 -33.8042629298166 
-33.437690690563045 -33.43898507374017 -33.8778340895356 -32.914037963777574 -33.83330749616631 
-33.43718739375892 -33.43759047872773 -33.87630103753217 -32.912817477271275 -33.83221764909071 
-33.50051332908083 -33.4988124338022 -33.93770324169542 -32.97792403551112 -33.894459983439134 
-33.464750410306195 -33.46319808008478 -33.90483729435951 -32.94181788656279 -33.86113841705466 
-33.45723007885445 -33.45506911873122 -33.89630520737495 -32.93329798286581 -33.852973528570274 
-33.44377062340263 -33.44125654099163 -33.882399770684785 -32.91887190972437 -33.83927516837511 
-33.43176194768485 -33.42974947518401 -33.86986172372494 -32.906110583672614 -33.826694098226895 
-33.43374260980163 -33.43279996035834 -33.87332741214311 -32.909141523586584 -33.82958411783822 
-33.42611722556272 -33.42229351135184 -33.8630107145777 -32.89921049921398 -33.82060625796451 
-33.438530090214016 -33.4337094518649 -33.87401081110755 -32.911347096598035 -33.83212051324014 
-33.438685869851454 -33.43374787532716 -33.87409542324383 -32.91145117212022 -33.83225242701775 
-33.434337909677936 -33.427780985922766 -33.86724775663703 -32.905329297053584 -33.826320369542216 
-33.40709696579654 -33.40556834771702 -33.845600729284016 -32.8805080191126 -33.80226557916906 
-33.40307040439703 -33.401257237152905 -33.84184510534455 -32.87635015790018 -33.79855986911285 
-33.38999937899631 -33.38587076460527 -33.82749192939532 -32.86150560341977 -33.785150525766184 
-33.391548500157455 -33.387878355676904 -33.82935580703109 -32.86338313917571 -33.786819460672234 
-33.37642947343821 -33.3733398337623 -33.81375360431409 -32.84739323219003 -33.771148524452016 
-33.38218797311637 -33.38187631277357 -33.82186596511798 -32.8551785255127 -33.77801275514929 
-33.368560642171346 -33.36942994607455 -33.809219810996595 -32.841595726723256 -33.76486990622868 
-33.39469400379812 -33.39865623202567 -33.83592723321625 -32.86998846290443 -33.79048720995692 
-33.389260406784004 -33.394618958861244 -33.830106155920134 -32.86439676028586 -33.78431316516351 
-33.400175756913086 -33.40607509605046 -33.84055408624326 -32.875751301343286 -33.794651767655964 
-33.363386329726126 -33.36810632056701 -33.803483638633026 -32.836721313640055 -33.75805862448415 
-33.359482182240114 -33.36536892134143 -33.7990931506023 -32.832640359117875 -33.753398598571025 
-33.36461334100656 -33.37024643848001 -33.803048449808855 -32.83740692689388 -33.757615283884945 
-33.35510528255665 -33.36174583180835 -33.79195640712109 -32.82688078293792 -33.746493544896225 
-33.35666034115401 -33.36119053344292 -33.79365527683578 -32.82811959147075 -33.748811961740586 
-33.30177503796368 -33.30587750879721 -33.73706464951927 -32.769560238037585 -33.692737808847625 
-33.342113504964715 -33.33477016787309 -33.76696796749765 -32.80444505487627 -33.727786559805864 
-33.29675018393837 -33.29412960734389 -33.726422142375 -32.76012400096745 -33.68508796631046 
-33.28987356436079 -33.28387006192541 -33.71826744708116 -32.75155473957844 -33.67819190661808 
-33.29421420039475 -33.28668161409604 -33.722627070526386 -32.755792431406036 -33.68300754393471 
-33.293259757442556 -33.28572817829097 -33.721503745146066 -32.75470935315413 -33.68191361532027 
-33.25879887934654 -33.252905497484946 -33.69178871055847 -32.72113506438157 -33.6509806101226 
-33.2545667745203 -33.24574996235309 -33.684834760453384 -32.71475400385687 -33.64537726129343 
-33.24584033343618 -33.23692662383621 -33.67694748741232 -32.7059675463417 -33.637397741524666 
-33.21485063358598 -33.20734708585489 -33.653569333850356 -32.677377600244114 -33.612391619942144 
-33.19634132118529 -33.186772150511274 -33.634431005081524 -32.65718319625039 -33.59402311506206 
-33.18895965685748 -33.18082581172854 -33.62669686231928 -32.64955930375643 -33.585923514007945 
-33.18219230044285 -33.17527267356765 -33.62129229037009 -32.64336521423152 -33.57993640757587 
-33.1859671596754 -33.1793751800229 -33.625588401602414 -32.64765475871441 -33.584039176105804 
-33.23209581960066 -33.23028043736379 -33.67820177815315 -32.7003045698838 -33.634035520494535 
-33.2036465196591 -33.20277771426288 -33.64939072253206 -32.670431458676504 -33.60505007020187 
-33.1563976142438 -33.15513229923414 -33.60827382259076 -32.623685849865865 -33.56313427808445 
-33.14821526926154 -33.14887299699507 -33.602258641895006 -32.616556933013655 -33.556191010579525 
-33.15100905758676 -33.1516038035177 -33.60496928692693 -32.619439717809556 -33.5589291521607 
-33.10491778933708 -33.1037973914932 -33.5614764544941 -32.57190082180912 -33.515620374032835 
-33.05308715836232 -33.04980763349401 -33.51176667197301 -32.51799402937982 -33.46631960688023 
-33.04850792247231 -33.05029411796822 -33.511136820823126 -32.516197373550625 -33.463504017628495 
-33.04081308727646 -33.044455657380254 -33.50694433594414 -32.51023676504515 -33.45818364613807 
-33.04441465184837 -33.04728633228213 -33.510205847997895 -32.51369401246953 -33.461729018236014 
-33.04836784380075 -33.04906870576872 -33.51242372361011 -32.51653334069306 -33.46488653980197 
-33.08795182135415 -33.089698568272254 -33.5517604075292 -32.55825986479114 -33.50386796603523 
-33.06181487765576 -33.06834051130059 -33.52951763479949 -32.53371570120457 -33.47957824880736 
-33.01349912024794 -33.00560506691366 -33.470802329706245 -32.4747154297345 -33.42706480449637 
-33.01566577557713 -33.0075037837576 -33.47212326906384 -32.476519789585566 -33.428602785807385 
-32.98806302023057 -32.97226019046715 -33.441514655659574 -32.44442606656638 -33.40086905220703 
-32.98992722347457 -32.97302560808548 -33.44167108669268 -32.44531724362945 -33.40163853438861 
-33.065123219350994 -33.05831506981872 -33.513185370414504 -32.5246826883979 -33.47054276013394 
-33.006677632042084 -32.997342200292806 -33.45790975722531 -32.46424313175673 -33.41562756152307 
-32.95431913021467 -32.94569089142179 -33.40772866341622 -32.41038585304666 -33.3649740670039 
-32.994127918732346 -32.98022358055796 -33.4412881230144 -32.448094528735055 -33.40109451200337 
-33.03128460789202 -33.01590715614421 -33.47778462785894 -32.48654554746544 -33.43807583570353 
-32.98095908056489 -32.96828376073488 -33.43400891552889 -32.437394434664185 -33.39249295696972 
-32.97801907990004 -32.96560678193846 -33.431805164457955 -32.43471966998209 -33.39009319802312 
-33.08805731813618 -33.074328525670964 -33.53250138545545 -32.5455797449475 -33.49252032711753 
-33.079812768260965 -33.06612716408897 -33.524204752657454 -32.53689431044451 -33.48423521066536 
-33.05326699880827 -33.044801502993465 -33.502064318265965 -32.512227198214276 -33.45982842827598 
-33.05916280652187 -33.05059506138973 -33.50830697009383 -32.51857583406836 -33.4660334239569 
-33.062456771003866 -33.051012436845085 -33.50845770501947 -32.51989841953248 -33.46757340001054 
-33.072361014218984 -33.06075385628586 -33.518563320043285 -32.530377663535006 -33.477676007559765 
-33.146137124685765 -33.134649981393494 -33.58895552096105 -32.60631293448213 -33.548447809675125 
-33.179039687050135 -33.164751187997794 -33.62139421040463 -32.6400898660136 -33.581752736402535 
-33.18017333936879 -33.16613616921454 -33.622476357836305 -32.641308290615626 -33.582764686839454 
-33.20027104475986 -33.18981857141456 -33.64506367105177 -32.66439810761966 -33.60380947376757 
-33.251761079102806 -33.23540783336921 -33.69499793206302 -32.716533131895275 -33.655698225946864 
-33.24072718820818 -33.22331775756673 -33.684264999678845 -32.704869678831315 -33.645258025424596 
-33.24177962856969 -33.22373231561187 -33.6847123982362 -32.70554727126472 -33.645997680831016 
-33.23464651144438 -33.217599469758014 -33.679941557376054 -32.69942097818817 -33.64054490504488 
-33.24812512958222 -33.230053038657275 -33.69168891900749 -32.71252305844736 -33.65286488660509 
-33.2676737310594 -33.25738572911963 -33.71629793065004 -32.737162405773546 -33.67422966357147 
-33.26719343165139 -33.25698532818976 -33.715664819249184 -32.73659838406698 -33.67359843704152 
-33.25465070497498 -33.238544200808676 -33.70443932577888 -32.72286956719368 -33.66397330073609 
-33.28850260315171 -33.27646017428103 -33.74486393058672 -32.76255966920549 -33.70200816892945 
-33.283539288800156 -33.270898587439746 -33.742892176334564 -32.758732026319876 -33.699732120949875 
-33.226116255927735 -33.21398834728426 -33.68549848945315 -32.69848337945578 -33.64228922073542 
-33.23536400610257 -33.223492388102216 -33.69400476152795 -32.707883212743425 -33.6508224937711 
-33.24396624626905 -33.22657209037746 -33.70112525459771 -32.71508052976998 -33.659848818998356 
-33.244222037210235 -33.226839624472746 -33.701376051524775 -32.7153492387405 -33.66009638407573 
-33.244466791043806 -33.228758128512965 -33.70421961126897 -32.717251693461776 -33.66200045568212 
-33.265342358628374 -33.24918595558121 -33.724301397737165 -32.73870763366365 -33.68230924727696 
-33.26650081653122 -33.252261616295954 -33.72683310378689 -32.74099987940713 -33.68402908510518 
-33.29163912277306 -33.27853193657819 -33.74972639938878 -32.76651360877838 -33.70690208346697 
-33.25481792556654 -33.24376283552574 -33.715023664742404 -32.7292872922428 -33.671296364226436 
-33.31118850729642 -33.30301692872814 -33.76950228807351 -32.78816492856468 -33.725102666771136 
-33.26962847851199 -33.25812626841845 -33.73286054341273 -32.74630134377246 -33.688738933951115 
-33.28151736415043 -33.2735998746854 -33.74351611313544 -32.75888880028242 -33.69848676532716 
-33.28384003003448 -33.27448799208442 -33.74291568672891 -32.75956609355411 -33.69880174067934 
-33.257722019609346 -33.25158288894889 -33.71600596149156 -32.73236575852076 -33.67109646857975 
-33.239469159440986 -33.23145092050497 -33.699279938301075 -32.71356369344005 -33.65472482339918 
-33.250016144897884 -33.23962471626483 -33.711282052280865 -32.72490783021445 -33.66718687087729 
-33.25960610361679 -33.24895799454825 -33.720576156624375 -32.73478846287357 -33.67658933936099 
-33.27574738006277 -33.263095066657655 -33.73218408847055 -32.74906831206745 -33.689525853231714 
-33.26473859376591 -33.25487572141654 -33.72243984289854 -32.7386933436666 -33.67874569967199 
-33.27373594394963 -33.26433936817277 -33.731339063466876 -32.74819550236472 -33.68750197572331 
-33.29884359482928 -33.28718276090123 -33.75365469351682 -32.77272630888535 -33.71091972979386 
-33.31144950791126 -33.29799981345555 -33.766117060473064 -32.78554376075594 -33.72392523143253 
-33.305791425001814 -33.29143204596845 -33.76078911556648 -32.77958135127599 -33.71882988922259 
-33.31935741446404 -33.30036174028672 -33.77310536710009 -32.792290573339685 -33.73273500112104 
-33.311375307293815 -33.29084532693278 -33.76414939974133 -32.78310792296992 -33.72442174473359 
-33.33195185786306 -33.309161246304186 -33.78389753018365 -32.803873432456484 -33.744953517166806 
-33.351836091340715 -33.32776518581608 -33.80054499852977 -32.82288810948047 -33.76248888019637 
-33.34961434450352 -33.325662461925845 -33.79821499286652 -32.820522095370535 -33.76014504313021 
