-30.162609985586883 -30.234667757166562 -30.76026160029484 -29.547778181566628 -30.675443071152714 
-30.143883711627197 -30.216258872465616 -30.7421734133017 -29.528255732918737 -30.657199732427117 
-30.141953863431795 -30.214110314638972 -30.740319504585585 -29.52619082450593 -30.65540469705418 
-30.138606028950704 -30.209454750270638 -30.742788372452168 -29.525310602661705 -30.657343943257203 
-30.16947156661243 -30.245165714799697 -30.778493615658178 -29.56175604120149 -30.69072594548777 
-30.27007319665833 -30.34319749736754 -30.8705795884282 -29.663783771842276 -30.78472609800862 
-30.202186914247093 -30.279336292721425 -30.80771426083581 -29.59509036623129 -30.719988466456883 
-30.191832670787676 -30.274631266254488 -30.80421131317084 -29.588914828940645 -30.71369143944561 
-30.183148369314836 -30.269174724362315 -30.80080817705729 -29.58315966304059 -30.708479887573617 
-30.18138289701352 -30.26746682405492 -30.799308355817033 -29.58143265838443 -30.706924135493125 
-30.199309766704147 -30.28981112098198 -30.819381393385584 -29.602643735698095 -30.725266561949567 
-30.214015586503663 -30.30655237029538 -30.844301483210188 -29.624110246947808 -30.747897582014375 
-30.229890171524346 -30.324268554165826 -30.859380226216686 -29.64100403823433 -30.762505957840986 
-30.29927847915691 -30.38869013353134 -30.91710458349968 -29.707558375655324 -30.823446514326847 
-30.277240121501578 -30.367242363816104 -30.896608205127706 -29.685060265099168 -30.80257496208479 
-30.311320719364232 -30.40078924048548 -30.930548345994325 -29.721109761537818 -30.836620282903127 
-30.312557940024874 -30.400966667494473 -30.93135935033986 -29.721958883281573 -30.837819295954077 
-30.28184151776985 -30.37112337980861 -30.8978430866257 -29.6880344238445 -30.804557579791222 
-30.245596574933572 -30.33847026719826 -30.861959026601355 -29.650509308191346 -30.767606180286506 
-30.355378348788022 -30.45727882732534 -30.976073713120954 -29.771620472373712 -30.878018147026026 
-30.35875456035224 -30.46099240886531 -30.978004960480362 -29.77453920575276 -30.880069185072514 
-30.427176308322146 -30.530209022911194 -31.041532287012586 -29.84492352424212 -30.943975777556616 
-30.375820409909267 -30.48679440510594 -30.996835717474838 -29.79567924066363 -30.895908924258293 
-30.361970825450925 -30.477747369098395 -30.997496867392258 -29.789668067709528 -30.892824440407963 
-30.364565381650294 -30.48026121190196 -30.99960501383285 -29.792152122090087 -30.895028579227628 
-30.28893630290206 -30.40808388568972 -30.930166655343967 -29.715798231727746 -30.82372831876431 
-30.28645710563849 -30.405129421658827 -30.92496672150368 -29.711616776234663 -30.819111916467136 
-30.28585441338005 -30.40401978167145 -30.925780548098928 -29.711599423136846 -30.81985688471991 
-30.26109108289498 -30.380028843205693 -30.90246736540189 -29.686204536275326 -30.796135450216084 
-30.25911700012165 -30.378104843778374 -30.900707445884905 -29.684229157786618 -30.79433083742839 
-30.209463117266424 -30.328249841727796 -30.854234768877276 -29.633028869361894 -30.747531081297012 
-30.26066765431227 -30.37368377681041 -30.89909082254603 -29.682794774116857 -30.795037982299505 
-30.318753905517468 -30.433221290423177 -30.959572974080274 -29.746189497301245 -30.85455918006943 
-30.30964732555377 -30.42611419134346 -30.953398341121414 -29.738526742625027 -30.84732903352834 
-30.313103429885118 -30.42981279435105 -30.956167118235825 -29.741895780769354 -30.85012503205988 
-30.387672826334153 -30.516760405384787 -31.040563515689513 -29.829364194220958 -30.929003859365707 
-30.396302441397182 -30.524979783079687 -31.04994844136307 -29.83884806576212 -30.938374059642996 
-30.420010346358268 -30.55702458142136 -31.075102658589344 -29.86682361417867 -30.960693554284788 
-30.38371127549634 -30.52588346687864 -31.042000917863447 -29.83117487126981 -30.925591534918425 
-30.323866648671512 -30.469936126863217 -30.988869958076407 -29.77205309570597 -30.870346722863644 
-30.273877296491122 -30.424362953137063 -30.94331310498663 -29.722315932699445 -30.82285542429929 
-30.286556005133534 -30.439987882251316 -30.957249066137905 -29.737200630701906 -30.835660114965805 
-30.263367139644544 -30.41485933345959 -30.934040145545467 -29.712040814106317 -30.813103804912146 
-30.268720749330924 -30.419568025668184 -30.938296843006455 -29.716992467488367 -30.81771842613432 
-30.276095226991217 -30.420623239976052 -30.940434216583157 -29.720499202240347 -30.822600836347107 
-30.3081000815977 -30.454138106212554 -30.97097225155909 -29.7541343562403 -30.852832358656045 
-30.360200879543413 -30.505740412896344 -31.02006838997768 -29.80783138496352 -30.902433049984822 
-30.327144077239126 -30.47852842761374 -30.99238386928846 -29.776964317726325 -30.872186541136386 
-30.261305111313646 -30.41610923206366 -30.932230484840048 -29.71079378372079 -30.810243918375278 
-30.30184809356662 -30.453735736313263 -30.96889188362144 -29.751140262214477 -30.848315475018467 
-30.310450377167243 -30.464443242740543 -30.97798028054092 -29.761069126562006 -30.856661253902388 
-30.29691908961236 -30.4516940340053 -30.96675868765908 -29.74809972729203 -30.844867843469544 
-30.296070698925746 -30.45128379973505 -30.96646592588897 -29.747602084140922 -30.844355169393168 
-30.270840370542757 -30.431241949200682 -30.94135159033395 -29.722104643600773 -30.81768979808946 
-30.228160470815084 -30.38441546003314 -30.898264006969114 -29.675442886747547 -30.77604031440805 
-30.19879030780075 -30.356120216174872 -30.870982537868727 -29.64556487124085 -30.74817002300958 
-30.19828482611304 -30.355523344702334 -30.870508086953336 -29.645020787581373 -30.74771993032013 
-30.204605179103027 -30.366631481210305 -30.880817429083393 -29.655065029811453 -30.755917618319216 
-30.21833030685484 -30.378968725653294 -30.893702904812557 -29.66887950729661 -30.76932846526769 
-30.207018727582692 -30.365116830039398 -30.88103389878833 -29.655485781770125 -30.75767932167659 
-30.1934370731703 -30.349806034400274 -30.867747377564385 -29.640760913856113 -30.74490900270753 
-30.19585795751574 -30.352320124366898 -30.870331184348743 -29.643447852558396 -30.74743282467672 
-30.130522368926307 -30.283324934203804 -30.8012811912876 -29.57101382308221 -30.68024532492386 
-30.111904857422957 -30.263824125364337 -30.78051680974228 -29.549834489308765 -30.660134281922325 
-30.12703109511442 -30.283225510948824 -30.795479116757832 -29.566911774619484 -30.673774815409814 
-30.143674981107353 -30.30130937162822 -30.81235201809747 -29.585109468395515 -30.69013003416356 
-30.139042403276775 -30.299012243562345 -30.80858060396075 -29.581218288596475 -30.68551707146628 
-30.243210795825675 -30.400493945306394 -30.90714031356393 -29.68843897237653 -30.785536838212636 
-30.28661919351083 -30.46178644018744 -30.961942709372025 -29.745172865475894 -30.83294767956805 
-30.341093441830395 -30.517026959914446 -31.012738553268434 -29.80136570283267 -30.883954906248448 
-30.28358931256973 -30.458972617341217 -30.953175920262197 -29.738973354111792 -30.825019640178922 
-30.281734439266828 -30.45942967327788 -30.951962448191466 -29.737934020940116 -30.82299741273387 
-30.321663497195672 -30.497406175476016 -30.989415572117693 -29.778598971690883 -30.86134591217248 
-30.319443092782876 -30.49895996285869 -30.987648707103176 -29.777452725679666 -30.858349118759833 
-30.31006465030235 -30.489384206112433 -30.978820986820622 -29.767715783893507 -30.849518263335753 
-30.310771040181805 -30.490663010051335 -30.980159081007073 -29.768947267184274 -30.85057931205594 
-30.23528592000369 -30.412961303719698 -30.901718991473373 -29.68652944980346 -30.773463207754958 
-30.231125393750304 -30.41069007269506 -30.90145924619091 -29.684634570162373 -30.772020619620008 
-30.239320865812317 -30.417458330795725 -30.909012361545038 -29.69264651419114 -30.780095029017588 
-30.220967861747468 -30.39914614136879 -30.893703446290488 -29.674728790038586 -30.764340973527226 
-30.24108328694014 -30.416719198245715 -30.912427835669007 -29.694743672724016 -30.78401900031008 
-30.21871672880941 -30.399310858376225 -30.89099105535378 -29.672717316446807 -30.760960971875278 
-30.263335579898495 -30.444507701549483 -30.93365586521884 -29.719312640403146 -30.80364722998172 
-30.3713580512606 -30.54435311679444 -31.038132952666984 -29.830226837438133 -30.910946459547603 
-30.426935114576835 -30.611070593897807 -31.098753689248113 -29.89485618213675 -30.967211414615633 
-30.44757410614376 -30.63150560178316 -31.121146494249388 -29.91767323883917 -30.98934478223086 
-30.440684081283507 -30.62847633479973 -31.115681890909727 -29.912105207887564 -30.982481738365223 
-30.47209221293457 -30.66586115311891 -31.153517489339222 -29.95046648386574 -31.01739482082307 
-30.473392348692443 -30.671381782552686 -31.144287274057547 -29.9474066052629 -31.008495977981752 
-30.47072635622652 -30.669254388076865 -31.14284039660309 -29.945354788032162 -31.006698808211937 
-30.429349385145684 -30.630561660800794 -31.10513351030575 -29.904012320390308 -30.96768645087161 
-30.428669657575753 -30.629816323476206 -31.10442622799677 -29.903257709057712 -30.96700536917453 
-30.41900255826276 -30.617916757205677 -31.090245534636267 -29.89002274261999 -30.954240739910276 
-30.410695899859817 -30.61321441513661 -31.085251211518653 -29.883889091847166 -30.94763407047428 
-30.3971169678924 -30.598310312613435 -31.071875629298205 -29.86920300051858 -30.934669382925733 
-30.42635220718182 -30.630568680608988 -31.101726117785063 -29.90141793195079 -30.963418803968253 
-30.440297120746777 -30.64382061190605 -31.115998177511216 -29.91622661411722 -30.97782221527399 
-30.486349808790337 -30.690074515164966 -31.157204590389483 -29.96269822481611 -31.019611450623486 
-30.490246168669515 -30.697730559502503 -31.163686355454814 -29.96920473242031 -31.024516226891933 
-30.487643168756023 -30.695091890971483 -31.161097549626476 -29.96643611682748 -31.021942360516647 
-30.468799383727784 -30.675208465346643 -31.142019063224524 -29.946004797326793 -31.003266892911128 
-30.47417471044048 -30.685580285883304 -31.15393335890208 -29.956491366180657 -31.012603860484106 
-30.481272775792448 -30.678582023992206 -31.15209998696467 -29.95556508985557 -31.01651152393339 
-30.50290922744169 -30.699571294143425 -31.171033338043614 -29.97697366826803 -31.036015626287252 
-30.48392438645851 -30.672997232387957 -31.14120886044857 -29.949142541102205 -31.010274975394253 
-30.483111043742483 -30.666547541710273 -31.13907568680723 -29.946095181549225 -31.01009467394921 
-30.483062156455418 -30.66744018232123 -31.13867279836586 -29.946109954679443 -31.009455790390945 
-30.517735622137465 -30.71275135992333 -31.173229819051315 -29.985744759603165 -31.04065377807038 
-30.51206517526245 -30.70498563282233 -31.16511856136735 -29.977900797668184 -31.033585711279045 
-30.50682169350401 -30.700112351313052 -31.158632453364532 -29.97179491458901 -31.02719032756903 
-30.490093857885626 -30.669742734585014 -31.134299093932725 -29.94646218901974 -31.008311203462213 
-30.491819823378293 -30.669310420622864 -31.13309200782291 -29.946223576251214 -31.008226924879494 
-30.610726228827673 -30.79475597470679 -31.24739604754754 -30.071929336094342 -31.120948242007827 
-30.57760156752032 -30.76531505581586 -31.214736411806314 -30.037997654600105 -31.08714836413067 
-30.55891359559672 -30.74892534185787 -31.197752047565317 -30.019642182006905 -31.06922757430928 
-30.51428531817818 -30.703087505506772 -31.153031986508807 -29.971869863730802 -31.025000470654234 
-30.528622316811962 -30.71717967171614 -31.16764768594342 -29.987169744361637 -31.039615733978863 
-30.52883618051905 -30.71743109302517 -31.167873173679 -29.987413014580355 -31.03982725168963 
-30.551113018696114 -30.73584728955116 -31.189318968562674 -30.009598130847237 -31.06254994605618 
-30.543037867854395 -30.726678641347803 -31.181900967239358 -30.001058003919965 -31.05538736580985 
-30.577012315490464 -30.75369475283287 -31.223402368988147 -30.039122360886793 -31.097790191656003 
-30.491387176500425 -30.66854077540023 -31.140592157384745 -29.949736784257823 -31.014592035822787 
-30.50601672836659 -30.681965062428503 -31.152633842456623 -29.963629887115104 -31.02737741599438 
-30.44484408895582 -30.6216486317129 -31.095074861106085 -29.90071660846776 -30.969130384385338 
-30.416188133036457 -30.59020613982659 -31.065505973034277 -29.86905810350747 -30.94063250253194 
-30.49384472137426 -30.66236965631282 -31.14126229611631 -29.949163936613147 -31.018202877732705 
-30.444444723735884 -30.613230539063863 -31.095268189928987 -29.898499874639413 -30.97170903867905 
-30.408946214828205 -30.589594205057168 -31.06660495277005 -29.867414433861285 -30.938394593006805 
-30.4084544536464 -30.593034269345935 -31.06959697545642 -29.869736759972 -30.93962787979453 
-30.38939778488094 -30.574228378635226 -31.054113825042236 -29.851403760416005 -30.923553943277113 
-30.410705012041802 -30.58818382004489 -31.07138722785095 -29.870025276932253 -30.94367925434196 
-30.40272281041203 -30.579240188918035 -31.063343374866164 -29.861257057753136 -30.935960557569004 
-30.399124518138223 -30.57627704984111 -31.060715659800792 -29.858103702791226 -30.932993315926154 
-30.431175036838823 -30.601353807164344 -31.087628781806004 -29.887684887041146 -30.962788107179833 
-30.331907919552606 -30.506398548760885 -30.991116870685318 -29.784702769827007 -30.864746486234168 
-30.353120175296397 -30.522832917940548 -31.004742217192373 -29.80207951910083 -30.880984944212543 
-30.348902094218275 -30.506007096429812 -30.994316768172922 -29.791130163199966 -30.8754313654822 
-30.348769561518097 -30.50518742787598 -30.994090635927847 -29.79076495990465 -30.87543192052749 
-30.315086868991756 -30.472733035076317 -30.96610190112696 -29.758216693191883 -30.846248530619974 
-30.31525521902485 -30.469946197592222 -30.965016258128003 -29.756992533481295 -30.8462692090975 
-30.32298511144012 -30.48251151904134 -30.97352422066072 -29.766848095813785 -30.85314818623874 
-30.238465114337657 -30.404684487009675 -30.88948728921028 -29.678940241924977 -30.767170958478275 
-30.23273890539309 -30.40016453130633 -30.88571737502879 -29.67417173239376 -30.762735814832183 
-30.244453463488668 -30.420590329637164 -30.904173145805643 -29.692389807648965 -30.777420294066104 
-30.229029294055024 -30.40161870263593 -30.88525483439645 -29.673248365232553 -30.7601801062261 
-30.283054709395543 -30.45277458976321 -30.94274683513909 -29.73176351404075 -30.817887252278638 
-30.23416004161217 -30.408069204831875 -30.900624590239246 -29.68437118748315 -30.773528136786467 
-30.231930074072892 -30.40220524809628 -30.895803032630553 -29.679706021069137 -30.770237754228248 
-30.219778496156678 -30.388880772337714 -30.884157072474025 -29.66674082749641 -30.758902647247098 
-30.182145756942646 -30.35394463799082 -30.848668982830475 -29.628514583614574 -30.72233685816272 
-30.14520455978709 -30.321563587632454 -30.814446744770223 -29.591803370630046 -30.686371155232607 
-30.14663036880357 -30.32384538537839 -30.816112332014058 -29.5936683761213 -30.68773190113731 
-30.236258427661483 -30.40639439419172 -30.89280225794073 -29.680462365950703 -30.768417764568753 
-30.248592528180893 -30.41901929275869 -30.905520412916346 -29.69385619241963 -30.780957006194882 
-30.284902976826913 -30.45457415962933 -30.93890898802637 -29.73076567929597 -30.814950961345033 
-30.242171712695537 -30.40527476614173 -30.895141778110812 -29.683081729305357 -30.773472006873106 
-30.297711646941508 -30.458117107483346 -30.946591542399446 -29.739339324999477 -30.82626462344733 
-30.29872685048487 -30.4593421405837 -30.947244976694392 -29.74028590298751 -30.8269078334868 
-30.26302880472393 -30.42512849628318 -30.912728329245382 -29.70331574826578 -30.791832011686083 
-30.249768354597947 -30.407985071751412 -30.902114231407452 -29.689585420410666 -30.782029531124692 
-30.28355970797155 -30.439444430482894 -30.940439840932555 -29.727302668797748 -30.820279966771807 
-30.182380359641442 -30.340365187728764 -30.847742593337955 -29.62464159111458 -30.72584228353911 
-30.185524411312855 -30.343928068664297 -30.850986834920548 -29.62814545945689 -30.728934645037754 
-30.2168428288131 -30.374846630391517 -30.879716110426102 -29.6600074096023 -30.75811969102992 
-30.26380608855429 -30.418965547576505 -30.927389848375313 -29.709637981952156 -30.806444371259502 
-30.213589543389148 -30.371631204991303 -30.88341145587627 -29.660230146115424 -30.760718284264243 
-30.21345609452574 -30.37141830865326 -30.88326182537064 -29.660059765139536 -30.760595904627067 
-30.182723950271765 -30.34183517375078 -30.852902101151116 -29.627836689427753 -30.729897797913623 
-30.15239823415 -30.304645787466526 -30.821620139376762 -29.59334719216575 -30.700944418042738 
-30.151615548755927 -30.3063880684213 -30.82172597955021 -29.593610320917037 -30.7001378491817 
-30.18786448656074 -30.34326444927835 -30.854687659791423 -29.630604438690824 -30.733338256839673 
-30.170421857674242 -30.32476025441919 -30.840518572588337 -29.613514039375957 -30.719021018994653 
-30.15548330123997 -30.311205109438106 -30.825451946713002 -29.597887402149027 -30.703585699321508 
-30.198695300982564 -30.361933029096022 -30.87119910428295 -29.647101654732367 -30.746523967991152 
-30.200142996691937 -30.347672349138747 -30.86569940621483 -29.641056676108207 -30.74693429104812 
-30.273293213648458 -30.408234777725767 -30.92938689850348 -29.710805610640037 -30.81579852400803 
-30.243094654007393 -30.37861139367274 -30.899512026093674 -29.67898561986837 -30.78576774836874 
-30.255067035686153 -30.389990961061187 -30.90889013553864 -29.69020546731531 -30.795709635876378 
-30.303681854583616 -30.432203994236403 -30.947191559687496 -29.734931688499145 -30.837489884486757 
-30.344366186740857 -30.484086689712086 -31.00322407663093 -29.78903773113835 -30.887568134713234 
-30.357490802525845 -30.502765697244783 -31.014433610674487 -29.80333071472397 -30.89734762919204 
-30.349367979350205 -30.49710896009279 -31.00767248340435 -29.796019602659428 -30.88963428915325 
-30.42815752238708 -30.572873535239268 -31.080683523863925 -29.875997125199305 -30.964300931570705 
-30.428159025485897 -30.57287974343396 -31.080691941674658 -29.876003535719832 -30.9643068102025 
-30.38341661653004 -30.52903555039589 -31.03921863982272 -29.830381280686396 -30.92214644481801 
-30.453695918600076 -30.604270069528425 -31.10871653193 -29.905912003677415 -30.99008243035287 
-30.51699635420742 -30.65452494047129 -31.16638189649396 -29.967013601598836 -31.052492442873856 
-30.536052520892795 -30.6738507065663 -31.184525112578328 -29.986846651469946 -31.070653284011087 
-30.53371305044881 -30.662345430779936 -31.17848317007619 -29.98018749854171 -31.068010472401724 
-30.532342207347128 -30.65841499694416 -31.175082723196425 -29.977041489943517 -31.065718535808983 
-30.650881899524634 -30.770966012040745 -31.284215760133037 -30.096574443963945 -31.177904645383038 
-30.61449335875949 -30.749608430943894 -31.25595437331141 -30.06582714383852 -31.143833793536743 
-30.620922078826837 -30.760219507193653 -31.263600700748924 -30.07431867076606 -31.149989701730703 
-30.523297798560563 -30.666455328921828 -31.1658981549257 -29.971509383996818 -31.05134045516084 
-30.57862490820679 -30.719134373614978 -31.219463713933607 -30.02871467957786 -31.10586951935788 
-30.582960654039212 -30.72379324840209 -31.22373072852497 -30.03336437143004 -31.110038170223262 
-30.61954572185573 -30.767396694401086 -31.25688798984926 -30.07218104466007 -31.141495231960818 
-30.670274319781 -30.83478310238098 -31.317501426550265 -30.135435843875968 -31.195303619156476 
-30.671363420382235 -30.83580629899467 -31.31846233733424 -30.136508514756756 -31.1963024935919 
-30.68674897856448 -30.846633711931347 -31.336703241491037 -30.153186278932964 -31.215463755524382 
-30.59309236215563 -30.747870091030663 -31.249796523709406 -30.055995172442607 -31.12928128579884 
-30.589450473542826 -30.743837718151454 -31.246403254870103 -30.05216103035238 -31.12597725365373 
-30.607721564578412 -30.763677997991877 -31.262589907091083 -30.07085631244017 -31.1419677959761 
-30.638824694624887 -30.797394579890366 -31.293675552263522 -30.10454173776624 -31.17218046453047 
-30.684618087163983 -30.843382431629436 -31.338326189890893 -30.15262537100331 -31.216845498490798 
-30.684605913893094 -30.843384565657985 -31.338236254004144 -30.15257480480834 -31.216763434745644 
-30.700508831820002 -30.867020487564616 -31.357192945139403 -30.17302907632434 -31.232821998305653 
-30.635366575662644 -30.80343677557785 -31.29539085190214 -30.1060025200578 -31.170165398463993 
-30.620183658055808 -30.791319721258716 -31.281557987819852 -30.091367515282315 -31.1552109604131 
-30.63766681431217 -30.797250596841522 -31.291415650937523 -30.102982639190913 -31.169784762294825 
-30.564818408744785 -30.725166539526427 -31.22092288736873 -30.027025933341235 -31.098854766004067 
-30.56648019573531 -30.727791033955555 -31.22249127387275 -30.028984696125775 -31.100137704239273 
-30.5552593990261 -30.71568241299441 -31.212315675596443 -30.017390738150056 -31.09009695264035 
-30.555313378986625 -30.723643161676193 -31.21715272006334 -30.021975746794666 -31.091747949499194 
-30.654997979147026 -30.82541626690336 -31.309048836194165 -30.12430249456513 -31.183991795634455 
-30.61818847191867 -30.79631468602095 -31.27660550316962 -30.089487865399505 -31.148569626638235 
-30.59625639310002 -30.773242058687657 -31.25260411833598 -30.064810423344667 -31.125295250254126 
-30.58150296957895 -30.760181236659648 -31.245214476532638 -30.053442870105414 -31.11626430770592 
-30.63731685988421 -30.80971545582517 -31.290183265953885 -30.10541353204212 -31.16474157923757 
-30.64154976131445 -30.823039239913882 -31.299865551095465 -30.115124778517128 -31.170752212054055 
-30.646932324773502 -30.828090002939106 -31.305292035884108 -30.120777868723877 -31.176261969266534 
-30.65468339886489 -30.830395517182325 -31.30908439499504 -30.125519100637973 -31.182338858466494 
-30.685715152874437 -30.859325894578845 -31.34688445030561 -30.161499411041106 -31.219655042851585 
-30.68428245518203 -30.85784294743293 -31.345252506526762 -30.15985933952004 -31.21807315463559 
-30.7316629222601 -30.903414256384494 -31.38870349403203 -30.207634023285564 -31.262589478684603 
-30.7181115911919 -30.89094413327858 -31.376192592533968 -30.194070728444416 -31.249612976878836 
-30.713071840379953 -30.886621163100898 -31.37116014683427 -30.188906425527662 -31.244369840117045 
-30.713030833127974 -30.886586630537764 -31.371111340987213 -30.18886041955136 -31.24432035398175 
-30.7122006557707 -30.878766206383958 -31.366605021802968 -30.184253160394206 -31.242548789718683 
-30.698068193400644 -30.870732253179824 -31.362470875545938 -30.176097444236333 -31.23499752793836 
-30.705233085934495 -30.881426659620317 -31.368962985958717 -30.184247869944286 -31.24049035045185 
-30.677646740820023 -30.850692904010543 -31.342857467116275 -30.15493392976323 -31.21518675767102 
-30.67457211232191 -30.845882871213803 -31.339342821426428 -30.15099375471968 -31.2122830141183 
-30.675741995590514 -30.847071904883848 -31.340522891979774 -30.152246727885924 -31.21345287977981 
-30.62695267387987 -30.794950127564448 -31.289966691767148 -30.098633541960794 -31.164313518641862 
-30.536906613155182 -30.70484840828958 -31.21320983345204 -30.01005126625003 -31.08569537272649 
-30.452574168303485 -30.618845699361017 -31.137557589894953 -29.924680036288663 -31.009389308745725 
-30.389122326040066 -30.5580050018836 -31.079995183972954 -29.861039246581996 -30.95024994711551 
-30.414000591682594 -30.570284902287952 -31.09635847124754 -29.879793108782124 -30.97175560500142 
-30.453544186324592 -30.607910011898625 -31.13430689369828 -29.920523002918614 -31.010449777886507 
-30.439678053975655 -30.592721272119434 -31.119731249935654 -29.905069353317387 -30.996423618655 
-30.43454042319719 -30.596661480413474 -31.12397221477876 -29.90692789936162 -30.99641864943193 
-30.40569158768463 -30.57220353657651 -31.098448812649664 -29.87912603173295 -30.969094897226128 
-30.31623006027641 -30.4869429885309 -31.019468066431116 -29.790724365499642 -30.887392114653807 
-30.363673388216796 -30.5318549283258 -31.05811188649683 -29.8357464289888 -30.928081530074877 
-30.36086480213774 -30.52989633894184 -31.052341623112838 -29.83134008290898 -30.92252276806873 
-30.40483868848557 -30.566796097510405 -31.089219991485663 -29.872523409673178 -30.96258196815367 
-30.44466100637942 -30.601469204774574 -31.12685477227589 -29.912443793080712 -31.00204504514832 
-30.42204005351563 -30.584638803695697 -31.108439352896525 -29.892080791083302 -30.9812464641971 
-30.439440122400867 -30.600617668015815 -31.121379753740328 -29.907808530748966 -30.995283597867513 
-30.429760219446052 -30.59118948648762 -31.112326780107807 -29.897915371601073 -30.986077554103787 
-30.486972166940788 -30.65099549835314 -31.1616792834307 -29.955131896686765 -31.035736460697592 
-30.47195043346943 -30.635859150407853 -31.14592331043235 -29.938735777080367 -31.020166386245975 
-30.44401133106895 -30.60480076798288 -31.11183417151119 -29.904956278651994 -30.988068365624386 
-30.44245245373952 -30.60393141046876 -31.109553172485604 -29.903084783929486 -30.98569275704837 
-30.4371747976777 -30.601743741999883 -31.106214621129183 -29.89927924995105 -30.981111914599794 
-30.473207438090753 -30.64064894183049 -31.14213177648176 -29.938247794411907 -31.01607939292252 
-30.355947521635855 -30.52001829852213 -31.028240480303012 -29.81450882880395 -30.902970548126248 
-30.415878325909674 -30.577123710951852 -31.08594147239431 -29.876352428001525 -30.96174914721331 
-30.402579122446014 -30.562690543360503 -31.0728353423563 -29.86203157950324 -30.948992135988547 
-30.356630643168202 -30.52803746862442 -31.03684213173662 -29.82131290413716 -30.908072584222154 
-30.36148245941179 -30.53299377296881 -31.04129848765058 -29.826287707566095 -30.912547403635614 
-30.361568678836306 -30.536399955608715 -31.04181854405715 -29.827446807392377 -30.911978174135143 
-30.368384911401094 -30.538131984787512 -31.04725045121647 -29.83267786775326 -30.91917455297711 
-30.38815290519277 -30.57023097094276 -31.06929155332128 -29.85803834294346 -30.937018075533857 
-30.280106053880345 -30.46473721996702 -30.969797570290567 -29.748330553211204 -30.83565602675732 
-30.28413444534985 -30.471236253758192 -30.975005526070916 -29.75388193954727 -30.839909192284196 
-30.279962004379016 -30.4662331098001 -30.971079943195676 -29.749362589488726 -30.836210835123808 
-30.273076927608727 -30.459974099065022 -30.964724966270154 -29.742480690308795 -30.829596588186888 
-30.222246936805377 -30.414400901199556 -30.917991500652903 -29.691932844593055 -30.780725174391264 
-30.204797511851183 -30.394859314916033 -30.901726023745283 -29.673459658345493 -30.764961256906318 
-30.276284162939604 -30.46174244820328 -30.96942937433633 -29.746334650773676 -30.83450254003256 
-30.277178095745043 -30.46250238610611 -30.97017589929294 -29.747172396285762 -30.835311222968485 
-30.260225799668035 -30.458796799181172 -30.959321206232715 -29.73581555835861 -30.819463616529987 
-30.27142578346445 -30.467965929552605 -30.968906137975253 -29.746339921094048 -30.82989984511039 
-30.278007485096694 -30.464965289595924 -30.966572947740218 -29.746087568674838 -30.831895572179732 
-30.31195109597131 -30.49926580773058 -30.998043656291344 -29.780971517902103 -30.86356195035664 
-30.311702083576222 -30.498974975608803 -30.99780757977618 -29.78070275200082 -30.863337336363585 
-30.30300285386437 -30.49246623101081 -30.99256159071153 -29.773859753795733 -30.856897600973923 
-30.284924877101076 -30.48769337814062 -30.987263901757203 -29.764940552441175 -30.845547553227732 
-30.229644305353915 -30.435750441529564 -30.934863205019056 -29.70852646333435 -30.791800653848256 
-30.299893943553258 -30.500388277570394 -30.998946757049822 -29.778506272751116 -30.858407966128752 
-30.30390934276943 -30.510504778787748 -31.00548439914175 -29.785728664840818 -30.862659903551062 
-30.304427982929766 -30.510969057443532 -31.00594868925984 -29.78623703979615 -30.863148200035198 
-30.308130941276417 -30.51544481895212 -31.009430041285242 -29.790260439818837 -30.86641639279344 
-30.293243046264493 -30.499913369619776 -30.994332481230146 -29.77413654072521 -30.85158564025572 
-30.27426365866748 -30.480871281824705 -30.977950944478394 -29.755322250692018 -30.834865066940466 
-30.28322047701512 -30.488794288805593 -30.988149022696717 -29.765256139017808 -30.84516816635083 
-30.257059013332395 -30.458820929819623 -30.95815811585976 -29.734352755865444 -30.81701165128291 
-30.17945488302641 -30.389295920131772 -30.892955361320517 -29.66055199739759 -30.747573963404918 
-30.19832572684625 -30.411609416127817 -30.912849862207835 -29.68209982394758 -30.76620149658092 
-30.197806640595843 -30.426606650924512 -30.926774108743174 -29.693512442737926 -30.77309606641812 
-30.221517818924426 -30.44895504058337 -30.946893449632 -29.716433897781897 -30.794134879041934 
-30.249351908652372 -30.474853642507483 -30.976858657701868 -29.746729731781613 -30.824302255296388 
-30.23590626141825 -30.462672635840434 -30.963538487642026 -29.73281447287671 -30.810604029998828 
-30.229660808385958 -30.456352370129324 -30.95770360850753 -29.72637008757441 -30.804743809929832 
-30.223658803128927 -30.453683696573123 -30.951788278795917 -29.7209067461294 -30.79779860275366 
-30.199508408472 -30.426085556866397 -30.930690659001513 -29.695957677948783 -30.777353382673482 
-30.17426530097245 -30.403203471073923 -30.909747428610714 -29.672063652801512 -30.755076887603778 
-30.228094240103175 -30.450030300525114 -30.959017489600498 -29.725048137936838 -30.807084768638973 
-30.233601655848418 -30.457402072323916 -30.966672785051173 -29.732587393483882 -30.81381874737704 
-30.232375068210658 -30.45518565438553 -30.965186614451923 -29.730880418830253 -30.812681247593915 
-30.211371850058143 -30.43559997911187 -30.945692575618637 -29.709716120231036 -30.792566648309617 
-30.21827138372325 -30.44238919413533 -30.95391072163784 -29.71776878679458 -30.80059809418323 
-30.20516392352711 -30.417048615655517 -30.945697751869673 -29.703434927638128 -30.795425747196006 
-30.23147485032868 -30.439419440590683 -30.97170938657112 -29.730315623473388 -30.82263118399723 
-30.247545419088482 -30.447743328639177 -30.981891564259115 -29.742189443992586 -30.836070684516088 
-30.273128289892455 -30.475602194506166 -31.009834350517224 -29.771336742601463 -30.862885130981 
-30.267836472764117 -30.47107394558428 -31.010205910018485 -29.769110889933003 -30.862152047089353 
-30.300893771954975 -30.49416410586005 -31.032700770825215 -29.795883329534377 -30.889272586486868 
-30.299840894686767 -30.493331750438372 -31.031662568048475 -29.794823745063326 -30.88816702949127 
-30.322181145030584 -30.51778259948135 -31.055777058326044 -29.820137174770892 -30.911303414295304 
-30.41377085015482 -30.618943196406548 -31.141291183892903 -29.916570053461086 -30.99460706631649 
-30.473584866034173 -30.677043205740546 -31.19074278030328 -29.973993318001007 -31.046058483485453 
-30.475058923193217 -30.678852372032196 -31.192374965274425 -29.97573407771469 -31.04755933925715 
-30.50048824001695 -30.706033634700603 -31.215813253916593 -30.002123139365054 -31.070707827886054 
-30.499436189233563 -30.70685665846173 -31.216230714700842 -30.00229577856888 -31.070321093869396 
-30.558886859056457 -30.758271089520733 -31.27285661076006 -30.061934543350333 -31.12972180765047 
-30.56543875576243 -30.764800646550455 -31.281250431464528 -30.06992683116316 -31.137819527019772 
-30.606855709116928 -30.801777271593593 -31.31876894866646 -30.11068964752026 -31.177215129743104 
-30.6055930567977 -30.800893145654697 -31.317202358775745 -30.10927083488511 -31.175582605365676 
-30.60630498565473 -30.801746234518774 -31.318270733441068 -30.11026222337705 -31.17655017982966 
-30.593175139749192 -30.787925864666803 -31.305395054172735 -30.096270355691885 -31.163878071325655 
-30.586006355205797 -30.779845236514007 -31.29937258124012 -30.08906266751535 -31.15797363150243 
-30.57714314137185 -30.77330745871079 -31.290182696267834 -30.080029269650737 -31.148140708878202 
-30.542562392504607 -30.74215686998393 -31.25896281242622 -30.04598154938624 -31.115422529727383 
-30.56765881443124 -30.760924972772216 -31.28031351990606 -30.069008933373823 -31.13924517134565 
-30.564347794158337 -30.75506978471364 -31.275841887380565 -30.064210480565634 -31.13574475010421 
-30.436562985352737 -30.623267231238714 -31.150516182523788 -29.92865340451435 -31.01157057847189 
-30.503099562455063 -30.693105488921333 -31.213073967356635 -29.998035967353587 -31.07357937107348 
-30.5342126448747 -30.72267351735374 -31.242366454460367 -30.02973586012081 -31.103557935665677 
-30.530274412719976 -30.7196428628085 -31.239514101338457 -30.026375901118186 -31.100266084567608 
-30.521515753119417 -30.71026755572403 -31.23071420031036 -30.016884308685363 -31.09168280022368 
-30.61382431511558 -30.797468796321866 -31.32021220715903 -30.112236974431696 -31.182971839246946 
-30.567590061834835 -30.74813837489357 -31.273777912810843 -30.062203511937355 -31.13762793464545 
-30.579924716256443 -30.762830645558665 -31.287561097275514 -30.076705632837644 -31.1504314639469 
-30.583412345753715 -30.768009414154832 -31.292488052456406 -30.081632976796428 -31.154605532715436 
-30.676062216211733 -30.862412870883773 -31.379497083409603 -30.177420682724247 -31.241742333862618 
-30.700906109966994 -30.886637661936604 -31.403129308013575 -30.203001451497897 -31.265696531612008 
-30.733911218217614 -30.923308555634534 -31.438905614439165 -30.240531523064988 -31.299834770247173 
-30.68550233268047 -30.886473734205268 -31.39870427362186 -30.196537893745628 -31.254902676253906 
-30.665057212853128 -30.869994083739925 -31.38412784341139 -30.179085913524517 -31.238237670194763 
-30.667300621959825 -30.872452127109185 -31.38665694755217 -30.181685709413202 -31.240650853167963 
-30.66451151648559 -30.869083845997537 -31.384297589633874 -30.178817519213922 -31.23840933762648 
-30.65905591483134 -30.862515313539532 -31.38104435056924 -30.17398274555532 -31.235167811279936 
-30.617778378239052 -30.823579864952208 -31.353468918220557 -30.13846551166276 -31.204831524849027 
-30.741642330559657 -30.947195823033923 -31.472195181901938 -30.267198304244275 -31.32414306910964 
-30.741079293300743 -30.946579638815678 -31.471657684181324 -30.26660127410524 -31.32361924473703 
-30.7971533529129 -31.0016439087742 -31.52691864178061 -30.325507907648145 -31.37918555537692 
-30.792957304487047 -31.00028607255024 -31.52499623333314 -30.323048055471062 -31.376045576591096 
-30.82763243825285 -31.038927633051244 -31.55928603953234 -30.360662156542688 -31.409094181049127 
-30.824307232678763 -31.040892558187196 -31.560172233478397 -30.360857825839844 -31.407703537489198 
-30.795816929687533 -31.010884943179192 -31.53028812992902 -30.329391330709782 -31.378570674166568 
-30.797726110780744 -31.012824353364906 -31.532177485862505 -30.331417167033777 -31.38044932161553 
-30.825451581639044 -31.040714553125596 -31.563843487152425 -30.363207918287685 -31.411385344840724 
-30.82405635015455 -31.03948854854491 -31.56253393309028 -30.361815742868316 -31.410013656906145 
-30.838196190587908 -31.05432924438024 -31.57478538501256 -30.375928754664372 -31.422310451415782 
-30.81904501247496 -31.03481286430207 -31.55518125050581 -30.355217764461102 -31.40293432464027 
-30.794906303625027 -31.01042326238243 -31.53322704956065 -30.330753000721685 -31.38077378725349 
-30.7250350953762 -30.9581124800782 -31.467736561984566 -30.263379309218735 -31.309354772477377 
-30.709395473748046 -30.94350684868752 -31.451219106325325 -30.246510696708967 -31.292690909329124 
-30.685876915258063 -30.92070136912247 -31.436004471695185 -30.22644139328615 -31.276025683793975 
-30.67319498601897 -30.90138095619723 -31.421173077413002 -30.21003599220525 -31.263604772605945 
-30.666933926623997 -30.895035634821255 -31.41725895636054 -30.204710886694713 -31.259367217187517 
-30.66127810835772 -30.88900357178717 -31.411941125652746 -30.198795376172782 -31.254126267288356 
-30.634933827435447 -30.86177458028257 -31.383387847262483 -30.169268093530434 -31.226251121611952 
-30.641800200313043 -30.8639382570948 -31.385967947640438 -30.17292779473543 -31.23092906010787 
-30.676706279283124 -30.90051109230923 -31.41591313810345 -30.20763023303668 -31.261048648591753 
-30.646096079615404 -30.865825431764605 -31.387958977947747 -30.175571894237123 -31.23400982868705 
-30.63666989379135 -30.871759816528126 -31.379989614970583 -30.170265574248234 -31.22109973272984 
-30.59115729860288 -30.820214811734388 -31.337938723194668 -30.12228541546608 -31.18048252974262 
-30.514035660806627 -30.741002691995703 -31.267061753968363 -30.043274651995546 -31.109465293510567 
-30.57583383480761 -30.80407364904343 -31.327295294284767 -30.108466100146032 -31.169401773826777 
-30.582173413686263 -30.80972748589545 -31.331996790519057 -30.114095883712793 -31.174553529114164 
-30.595693480503343 -30.816855956961263 -31.342519492074274 -30.125159696489874 -31.187477461512444 
-30.635090038409828 -30.853919501038433 -31.378855370870866 -30.164734585964666 -31.224913438119586 
-30.641034944548878 -30.860415857270027 -31.386792653597226 -30.17234628853346 -31.232356964895658 
-30.639213833091304 -30.858893283062457 -31.384980851782203 -30.170487906322137 -31.23045619980911 
-30.63757661377616 -30.85738394810332 -31.38314070435011 -30.168660367765483 -31.22861216512132 
-30.71632904671742 -30.945789140140505 -31.45894176420137 -30.253149922808376 -31.301710808919182 
-30.747925886476665 -30.969178625264234 -31.48844994147632 -30.283488927955986 -31.333998774177132 
-30.66447819320412 -30.885777560954494 -31.40908636988391 -30.197098702736824 -31.25418336925101 
-30.725361261667544 -30.943940416631023 -31.46754846314211 -30.25978754759197 -31.31371501446033 
-30.72529578660152 -30.943883850222946 -31.46749030452591 -30.25972434049993 -31.313653130451158 
-30.736067458803205 -30.9556376259457 -31.477819043988035 -30.271167709290424 -31.323723044309006 
-30.705780197323477 -30.924325437730346 -31.448394662714236 -30.239199359614673 -31.294551512635124 
-30.64597884193482 -30.85640731780859 -31.383777653576544 -30.170811194377592 -31.23332273429395 
-30.638191179672006 -30.847103281335038 -31.376406457506164 -30.16239480377091 -31.22637107244998 
-30.643653117320156 -30.852771921513025 -31.382639050998407 -30.168700368593107 -31.23240697813209 
-30.62971372568488 -30.838510909709214 -31.366786816201795 -30.15269038955263 -31.216985022698495 
-30.63615548106364 -30.836800366985628 -31.370383088417185 -30.15592343485264 -31.223513644709797 
-30.528634577710463 -30.7408232633737 -31.270039489503432 -30.048455796307294 -31.118760855398065 
-30.561789029991743 -30.77767599289973 -31.300876005097393 -30.08332577684213 -31.148741744038745 
-30.556792155728118 -30.770816826296496 -31.294477559187726 -30.076744574514095 -31.143146331818784 
-30.50536590957762 -30.710763904474362 -31.242729926862566 -30.019706385491517 -31.094222974252972 
-30.528916442147846 -30.732404496918406 -31.268243583434383 -30.045435743325456 -31.119960227707097 
-30.54860878325711 -30.752418246725668 -31.28610390732868 -30.065417303503878 -31.137960999705115 
-30.568830689214295 -30.77337118426078 -31.304833848071212 -30.086257177001684 -31.156651274936024 
-30.565954008906857 -30.75977228890578 -31.291433480404223 -30.074572914358654 -31.148193458092976 
-30.51884428267752 -30.706203114975693 -31.247099133833004 -30.024480092790014 -31.105516133451275 
-30.56936282801253 -30.758611950120212 -31.29473207426595 -30.07703681376276 -31.152902228460803 
-30.67722663993851 -30.862041245329763 -31.386469910609634 -30.181540188470976 -31.24827357354333 
-30.68053332930299 -30.865136726667558 -31.389523755625916 -30.184862274518963 -31.2514241292926 
-30.685216479121138 -30.868541931495685 -31.396296654319883 -30.190712591708376 -31.258250211334726 
-30.6372845804528 -30.82009418244563 -31.344507400018685 -30.137448559171702 -31.207337135653205 
-30.64387279105094 -30.82774204934664 -31.351090574483024 -30.14470831993431 -31.213580408691485 
-30.579294001525497 -30.76648837088463 -31.288526743633454 -30.077975102019195 -31.149831946226143 
-30.49274108305977 -30.68696528093288 -31.205255074214648 -29.989476515943267 -31.064091350438687 
-30.49185376650297 -30.686063519061207 -31.20442290732983 -29.98855968712047 -31.06325710976469 
-30.467412684426407 -30.665601579436952 -31.18912620098955 -29.968659057795534 -31.045366964762437 
-30.466884484549496 -30.66094041050347 -31.18511622857902 -29.965121313430245 -31.043172037690596 
-30.46702517612792 -30.663559704143694 -31.18683688135529 -29.966769329480513 -31.043883964694444 
-30.48232035095063 -30.680909826526786 -31.20511524397618 -29.985230130985556 -31.06102860282067 
-30.467868180177277 -30.658406153575555 -31.19197341055208 -29.968623122842843 -31.050187860650922 
-30.553236998853478 -30.74060115066736 -31.272519587295818 -30.055961131066738 -31.132259721434934 
-30.555818094835345 -30.74559889602493 -31.270797301139112 -30.056862626441685 -31.130463923642353 
-30.557610733136258 -30.751191260127655 -31.273283976544107 -30.060091221151666 -31.131670749196914 
-30.50811920879329 -30.706758818072814 -31.233666004907505 -30.014249244896163 -31.089072837618332 
-30.477474937082306 -30.675538848653645 -31.20038739708049 -29.980010623904477 -31.05645541179139 
-30.4800204344579 -30.678144069794556 -31.20288550150468 -29.982707369644785 -31.058936512464868 
-30.499038449854638 -30.691714854891416 -31.218935032814613 -29.99993299968672 -31.077077780036007 
-30.563368468961755 -30.762677051211483 -31.28165627987056 -30.069099689356563 -31.1378600998127 
-30.639085984862547 -30.84638979809327 -31.367005441688235 -30.1570597106317 -31.219068120524653 
-30.635087151535615 -30.842540339243428 -31.36356975397632 -30.153163617493007 -31.215508125051585 
-30.61676569233272 -30.824235647796684 -31.343752034792317 -30.132831061292435 -31.195961864357997 
-30.62234821067557 -30.8316931838835 -31.35103823695829 -30.14020150303655 -31.202392331848955 
-30.530144860194994 -30.75090789864747 -31.26968809629706 -30.051134220742213 -31.116056891363442 
-30.52995332413201 -30.75335303081613 -31.272204845483586 -30.053138058139737 -31.1173412062287 
-30.549970442572885 -30.76814226315237 -31.288020885088514 -30.070729374653027 -31.135372555164267 
-30.52273923931334 -30.7418857938369 -31.26274528629547 -30.043110707723116 -31.109557737760298 
-30.497186353148336 -30.715756027437052 -31.237878219223134 -30.016162287191747 -31.084822708998388 
-30.45713959667222 -30.667162135195113 -31.194473610143092 -29.969494583480028 -31.044665706760853 
-30.440064547967282 -30.65476221082666 -31.178585435645232 -29.95315692979034 -31.02719575887977 
-30.436172621994544 -30.654987345194968 -31.172130343519996 -29.94859834080249 -31.019880513056506 
-30.424171812987566 -30.641270786297724 -31.1580127553286 -29.934196645983604 -31.006649006230745 
-30.430214970923444 -30.64864164123442 -31.16479460967652 -29.941381609795286 -31.012892573500636 
-30.420020780145904 -30.63903482401271 -31.154818540635546 -29.930802931138984 -31.002725978018304 
-30.439106937309532 -30.661714133017043 -31.174270639906 -29.95223944043296 -31.020967795439105 
-30.423688860308758 -30.645653302363428 -31.15752326385541 -29.934918317481973 -31.00466165759387 
-30.408012758261677 -30.623305327308543 -31.143367027137558 -29.91739302627363 -30.992363217250386 
-30.39603343426421 -30.611305491597065 -31.130840583504266 -29.90432680342181 -30.97995678831475 
-30.42013816646684 -30.639668165242497 -31.155676635905806 -29.931476145353997 -31.003309790951974 
-30.418982461167616 -30.639858377865778 -31.15814510200333 -29.932633531069655 -31.004803752898553 
-30.425466418662253 -30.64894062121536 -31.164961781668396 -29.94038373562276 -31.010752436307982 
-30.423529475042713 -30.646000512109808 -31.16335957344367 -29.938256085975596 -31.009412189491854 
-30.452603618951755 -30.66702320271918 -31.185765155963253 -29.96339823575559 -31.035264428667517 
-30.379814725252118 -30.59349493611454 -31.118028548683768 -29.88858604205069 -30.96714406160558 
-30.35369212339245 -30.566454637192365 -31.092627129996345 -29.860950931469887 -30.941975523656737 
-30.37171899470053 -30.581794456139463 -31.11011266594177 -29.879169959052774 -30.96032821238913 
-30.336947239876906 -30.546465595736052 -31.07603301575331 -29.84239785977796 -30.92639564081253 
-30.30516812518141 -30.512414601453585 -31.03435736288297 -29.802407431914233 -30.88703535786314 
-30.29754183301219 -30.505812566170775 -31.027803238387335 -29.795144809862308 -30.88001757212595 
-30.30431990216401 -30.499899575789897 -31.024334399449714 -29.7934628150862 -30.882031481207846 
-30.340950558907892 -30.54043270369303 -31.05797879016066 -29.831773241188472 -30.9148542499576 
-30.40844156726658 -30.609975136767687 -31.121908122786834 -29.902146957567794 -30.978546463995144 
-30.358553764018694 -30.556338371010995 -31.06683662757422 -29.845254770680967 -30.925556119142584 
-30.335272775989168 -30.53598651223696 -31.04664559634257 -29.822919275486385 -30.90403677593102 
-30.346372428372405 -30.545685848449736 -31.05604081321333 -29.833440100090243 -30.914102458381407 
-30.237995565875835 -30.429271509183664 -30.949135215408162 -29.716854895430373 -30.80969934257456 
-30.248564842502446 -30.437031291882633 -30.952867377394682 -29.723651831340916 -30.815337831543914 
-30.2715624039037 -30.4666304721204 -30.976599830224984 -29.750203881615363 -30.83686913493966 
-30.265052733754487 -30.462764917081827 -30.967246779734992 -29.74240592497341 -30.827160019936287 
-30.222708437790942 -30.41839035846695 -30.919447138423706 -29.69386818878587 -30.780937083084694 
-30.266535499593658 -30.46025412665803 -30.95834410067387 -29.737359581485265 -30.82110348102634 
-30.26650435311997 -30.460729776204445 -30.958650339507273 -29.73763838541872 -30.821200866426878 
-30.286634827651127 -30.48307646855953 -30.980890217301763 -29.76076508266506 -30.84238050243745 
-30.334024218270912 -30.535384199753835 -31.025640760499158 -29.811055652114945 -30.885910605792205 
-30.26310751604572 -30.457067912720262 -30.957449810956604 -29.735133021852363 -30.81974788260996 
-30.262908809228165 -30.46180932248501 -30.959568659140587 -29.737446080227514 -30.81998213178811 
-30.287717019455627 -30.4769645129266 -30.974879573855986 -29.756257455807614 -30.83969229674632 
-30.28276627454167 -30.478496862116586 -30.97447929529416 -29.75510163717847 -30.836594199166967 
-30.340571391126716 -30.531917369233724 -31.03104839880747 -29.814807345452465 -30.894571684333442 
-30.347704706497368 -30.53920866708458 -31.03764532462553 -29.822148706446853 -30.901186692899344 
-30.399906718691682 -30.585512230469618 -31.081250406696228 -29.87155263944875 -30.947829827383657 
-30.355845976688457 -30.547255031691577 -31.040208091263878 -29.827800638050263 -30.904629634441363 
-30.3133277379942 -30.501915188747617 -30.999898862717743 -29.783019700631314 -30.86494676423868 
-30.31035336461524 -30.498826050586885 -30.99461359291803 -29.7785923309915 -30.86006458841929 
-30.293034959367233 -30.48097091334678 -30.976908803897302 -29.759822920519284 -30.842626642663518 
-30.31968501070868 -30.49985825588807 -30.997710147899156 -29.78306405420244 -30.86667208148873 
-30.347969366208915 -30.527890344821856 -31.02426971364929 -29.81216876395942 -30.893512452771873 
-30.348008084605212 -30.527934572884206 -31.024317724314415 -29.812216293974984 -30.893557220456728 
-30.345489585821866 -30.526092045093066 -31.02268294179069 -29.81018047089215 -30.891581799662504 
-30.3530273819442 -30.532911356259987 -31.029070164133202 -29.81740223800469 -30.89835268004836 
-30.35764948327575 -30.537154590887255 -31.030048955842304 -29.82029067375403 -30.900007277312483 
-30.353479170110646 -30.534590687062305 -31.02756790331685 -29.81716305317279 -30.89677645935258 
-30.36332751203848 -30.544875012420874 -31.03732318564485 -29.827700203727005 -30.90638864137479 
-30.352968467191985 -30.5358990501975 -31.02791403177008 -29.817543227211544 -30.896428747759046 
-30.395503930194394 -30.577106535892767 -31.065216763568728 -29.859669880493243 -30.93485913270935 
-30.450492614034047 -30.63523266752898 -31.117455177149225 -29.917502048418243 -30.986429588990333 
-30.37683248892168 -30.5690629754518 -31.0545528562958 -29.846812080054363 -30.919706770015253 
-30.385289420995747 -30.576699005262512 -31.062148468421967 -29.85513502890504 -30.927670452775573 
-30.390877161182132 -30.579836803064254 -31.06317696661766 -29.858032275397406 -30.930153947853583 
-30.386680988838847 -30.578149723970284 -31.06001206200645 -29.854772643702745 -30.926062449628475 
-30.394096912698274 -30.586918256238903 -31.068327601274788 -29.86348728386369 -30.933802122026407 
-30.334857971879288 -30.53190420204625 -31.016095954851608 -29.805296776208493 -30.879312114915365 
-30.346578424216645 -30.543041360730612 -31.022167691926768 -29.814636262650154 -30.886415767471362 
-30.347801275858558 -30.5452543085632 -31.023424034274285 -29.81621774024056 -30.887357588852566 
-30.374048525643232 -30.573154882199574 -31.0538407370597 -29.846759242564488 -30.916552255976583 
-30.455173525742197 -30.655808105643146 -31.13311191075242 -29.932443022461243 -30.995448324785755 
