2.246155882831205e-06 2.2335301604647013e-06 2.267672715682222e-06 2.115827533299274e-06 2.2737335369191523e-06 
2.2467010159429103e-06 2.2342409670826537e-06 2.2682859114064223e-06 2.1164401648317505e-06 2.2742826601342142e-06 
2.24089269821446e-06 2.2280018711970527e-06 2.2615052603758657e-06 2.1102365660479476e-06 2.2677988710584393e-06 
2.2403010751692403e-06 2.2267882550068905e-06 2.2588541297820816e-06 2.1089261398938827e-06 2.265684437915038e-06 
2.237282681002658e-06 2.2241040603339647e-06 2.256284294684291e-06 2.106114496423486e-06 2.262933988087169e-06 
2.2412532421120833e-06 2.2295905956515997e-06 2.260583823670925e-06 2.1106267298328147e-06 2.2666947341985848e-06 
2.246247997640459e-06 2.2342522109494545e-06 2.264780057502718e-06 2.1153296699899035e-06 2.2711286669930366e-06 
2.24494785619823e-06 2.23251624537971e-06 2.2634448269089155e-06 2.1138881281429956e-06 2.2699386575277557e-06 
2.24563007619882e-06 2.233191400381825e-06 2.2639797836392328e-06 2.1145322272011034e-06 2.270500040928081e-06 
2.248306167046077e-06 2.236077990504635e-06 2.2668640541839104e-06 2.1173300830902933e-06 2.273282946469836e-06 
2.2481507023007437e-06 2.235954264302476e-06 2.2667094336467804e-06 2.1171839017204415e-06 2.273118018145439e-06 
2.2455661322156687e-06 2.2332138004174176e-06 2.264261110847771e-06 2.1145819663907563e-06 2.270697149683882e-06 
2.2377258865732836e-06 2.2244352165407667e-06 2.2556290116689624e-06 2.1062437530194988e-06 2.26249473546055e-06 
2.236966836986548e-06 2.223484316395992e-06 2.2547334260536008e-06 2.1053915286138134e-06 2.2616828799972213e-06 
2.2435387585960033e-06 2.2311847251082003e-06 2.2618179214891943e-06 2.1124432314635914e-06 2.2683225334446074e-06 
2.258451516323425e-06 2.245510486361752e-06 2.2759562397003316e-06 2.1270191329890076e-06 2.282776447584551e-06 
2.2665549699331076e-06 2.253221018688337e-06 2.2843422809269077e-06 2.1350965118649314e-06 2.291242352379779e-06 
2.2631317244956497e-06 2.2497121575675025e-06 2.280640742148447e-06 2.1315693937027204e-06 2.28761366990295e-06 
2.2809463395086942e-06 2.267924458308389e-06 2.2971711831033393e-06 2.1492185583848544e-06 2.3042281219875148e-06 
2.2856962737024164e-06 2.2729504816140353e-06 2.3021299254485416e-06 2.1541137497005963e-06 2.3090644139016556e-06 
2.2855429290368474e-06 2.273032950605643e-06 2.302323102335341e-06 2.1541173142656437e-06 2.3091252571227496e-06 
2.288583382217618e-06 2.2755873176830198e-06 2.305031723236499e-06 2.1569361911156028e-06 2.3120441483369634e-06 
2.2887605975664534e-06 2.2757487735214566e-06 2.305274742306117e-06 2.1571255843353583e-06 2.312281445540084e-06 
2.2863076104078763e-06 2.274002927704924e-06 2.3034670920873877e-06 2.155040292692367e-06 2.3101413762976307e-06 
2.296498209799661e-06 2.283213721675874e-06 2.31175202357692e-06 2.1644849740487977e-06 2.319052947002652e-06 
2.2991474571614142e-06 2.2847502665097905e-06 2.3152979286296786e-06 2.1670331201161647e-06 2.32280844432741e-06 
2.298369698698375e-06 2.2835699193176025e-06 2.3157861284458917e-06 2.1664571363711845e-06 2.3232176319754323e-06 
2.2940952063395437e-06 2.278936625613133e-06 2.3113222808581385e-06 2.162020149132875e-06 2.318899361726167e-06 
2.2944237168527873e-06 2.2792732478535835e-06 2.3117620255886797e-06 2.1623802668210795e-06 2.3193182608601024e-06 
2.2823413325994466e-06 2.2671113655489492e-06 2.298686089854539e-06 2.149994405199406e-06 2.3064302612122563e-06 
2.279797656689267e-06 2.2644508413328822e-06 2.2950201206371147e-06 2.147127735792639e-06 2.302985814442364e-06 
2.2741085365939785e-06 2.2601198330688464e-06 2.289568756517373e-06 2.1418866774528e-06 2.297060398488589e-06 
2.27409498027385e-06 2.260109692972723e-06 2.289558061845332e-06 2.1418748189998683e-06 2.2970481397908683e-06 
2.278711240778424e-06 2.2666653266260688e-06 2.2957364705038506e-06 2.1474708000518885e-06 2.302349429346293e-06 
2.276710642014263e-06 2.265346590600231e-06 2.2943844433017542e-06 2.1458332876428277e-06 2.300672557732498e-06 
2.2562954618856245e-06 2.245850791624158e-06 2.2748392140057157e-06 2.1258680446792242e-06 2.280689290071306e-06 
2.2639944074549494e-06 2.25278659040137e-06 2.2837360075581982e-06 2.1336608758192245e-06 2.289635069196872e-06 
2.2672413123134357e-06 2.253723050928583e-06 2.2876845199895462e-06 2.1364182890301346e-06 2.2942078264008827e-06 
2.2622666058535337e-06 2.2482748618915817e-06 2.282059615202182e-06 2.131124274999462e-06 2.288840666085044e-06 
2.257147138966018e-06 2.2427702457555397e-06 2.2762840064746746e-06 2.12571003458421e-06 2.2832955658358446e-06 
2.2490310361364916e-06 2.235309761345666e-06 2.2674470284665267e-06 2.1175798046342793e-06 2.2743669518778292e-06 
2.2491719613939968e-06 2.2355509001675508e-06 2.267625209332977e-06 2.1177600194958647e-06 2.27450698278095e-06 
2.249029238062245e-06 2.235562697918703e-06 2.2676025419254994e-06 2.117693203107286e-06 2.2744151971568736e-06 
2.2423608961384657e-06 2.22899844129272e-06 2.26145275340713e-06 2.111173887306743e-06 2.2681466945055293e-06 
2.2350069665826967e-06 2.2197622887454444e-06 2.2528606042848338e-06 2.1029344565035245e-06 2.260358901636873e-06 
2.235897907742766e-06 2.2207950261381455e-06 2.2538932214497516e-06 2.1039051660780733e-06 2.2613230019398552e-06 
2.2329996817143826e-06 2.2182101730516645e-06 2.250553301362469e-06 2.1009775500493926e-06 2.2579553709220643e-06 
2.2307055329936754e-06 2.2155016701357173e-06 2.247746834295859e-06 2.0984260713715103e-06 2.2553653326534466e-06 
2.2369397245686825e-06 2.2223771763853436e-06 2.25495136590075e-06 2.1051106551171927e-06 2.2622059088895557e-06 
2.239357948848387e-06 2.222899474255001e-06 2.2563858040290374e-06 2.1067319198162212e-06 2.264407674076237e-06 
2.2421400521808793e-06 2.2256191830244248e-06 2.2592731592468053e-06 2.1095296591209766e-06 2.267297795713099e-06 
2.2361381012264683e-06 2.2193736969950835e-06 2.2522330009294337e-06 2.1031769745641415e-06 2.2605058257780883e-06 
2.2347044442853226e-06 2.218720394277467e-06 2.252636656039411e-06 2.102438152415097e-06 2.2603580557613064e-06 
2.240262015932335e-06 2.2226633223707138e-06 2.2572045153910723e-06 2.1072895848058642e-06 2.265604229788895e-06 
2.2407506494827383e-06 2.2232417746380757e-06 2.257441245489902e-06 2.107739702909393e-06 2.265853841895034e-06 
2.2436432882165075e-06 2.2249243803095787e-06 2.2584296753185894e-06 2.1098047937392624e-06 2.2675420920904107e-06 
2.244384105008286e-06 2.227308767876293e-06 2.259944134367759e-06 2.1112158945228176e-06 2.268404741113846e-06 
2.263435226948523e-06 2.2479550358796085e-06 2.2799919657837826e-06 2.1310267466867708e-06 2.2877802592596533e-06 
2.2620621413804615e-06 2.246635405356394e-06 2.2786455946826748e-06 2.1296729320551467e-06 2.2864123363829293e-06 
2.260807452825301e-06 2.245638463153403e-06 2.277197891437419e-06 2.1284415475278505e-06 2.284913873671791e-06 
2.2750148356668597e-06 2.2598870358729956e-06 2.2944278620006824e-06 2.1434734793882358e-06 2.301634850061881e-06 
2.2815223014620798e-06 2.266936445673984e-06 2.301504246210752e-06 2.150301133369026e-06 2.308445078576261e-06 
2.2895708072619684e-06 2.2749116587941516e-06 2.308610099866621e-06 2.1580992460930573e-06 2.315729655486359e-06 
2.285271848517722e-06 2.270612865231278e-06 2.30315398944706e-06 2.153491010433804e-06 2.3104633026336444e-06 
2.2907495319901063e-06 2.2745480975164215e-06 2.308964116949618e-06 2.1586212170184973e-06 2.3167117976679284e-06 
2.306732900303023e-06 2.2907309726482327e-06 2.3240662570107093e-06 2.1744683981562683e-06 2.3318960700913834e-06 
2.3061290957060147e-06 2.2906832548637584e-06 2.323864799812019e-06 2.1741278659319017e-06 2.3314507892835648e-06 
2.313115556686922e-06 2.297015070039829e-06 2.330725188234661e-06 2.180907910696564e-06 2.338541419814532e-06 
2.3130034902799756e-06 2.297028391425857e-06 2.330516337507767e-06 2.1808066957608967e-06 2.338308425812396e-06 
2.307716297623284e-06 2.2929824561984236e-06 2.3253204537505288e-06 2.175891552806553e-06 2.332700549609612e-06 
2.3046524511413153e-06 2.2900496709311057e-06 2.32196701610434e-06 2.172785130758371e-06 2.3293525768183444e-06 
2.3047184636158127e-06 2.2901119007124062e-06 2.322029679016415e-06 2.1728493248079377e-06 2.3294170029032778e-06 
2.3082313045831477e-06 2.2932185932223672e-06 2.3258379114774316e-06 2.176327080051658e-06 2.3333067933867825e-06 
2.306232552572304e-06 2.2907194377305986e-06 2.3233278876848756e-06 2.1740472477415556e-06 2.3310406004662473e-06 
2.307840042797844e-06 2.29238986196474e-06 2.324736508414737e-06 2.1756255965310817e-06 2.332461863435233e-06 
2.3057894599036186e-06 2.2904034531122004e-06 2.3228662435756634e-06 2.1736353655801076e-06 2.3305413506969474e-06 
2.305236694689318e-06 2.2907306046008373e-06 2.321635473656708e-06 2.1731662486794925e-06 2.3291404208221915e-06 
2.3042258268534668e-06 2.290150196165588e-06 2.321073069718039e-06 2.1723934284106357e-06 2.328366620843182e-06 
2.304875791929772e-06 2.2904561080576494e-06 2.322100029887628e-06 2.1730395133800127e-06 2.329441858613602e-06 
2.307317759226975e-06 2.2930209626005183e-06 2.3246775544285403e-06 2.1755574253967227e-06 2.3319579505082083e-06 
2.308492558302668e-06 2.2944474760311283e-06 2.325560255166138e-06 2.176734386518327e-06 2.3328080852922504e-06 
2.308516760018403e-06 2.2944750168714184e-06 2.325584539379747e-06 2.1767596450953434e-06 2.332831288474749e-06 
2.3217424365576445e-06 2.3071437003942752e-06 2.3364352012198037e-06 2.1892533334876512e-06 2.3442504878135254e-06 
2.3091947207047583e-06 2.2945848089180837e-06 2.3246448263329834e-06 2.176863746792286e-06 2.3323388487884746e-06 
2.3091444247409076e-06 2.294502179466238e-06 2.3245879747702616e-06 2.176802146396679e-06 2.3322934228060816e-06 
2.3060716190661324e-06 2.2918381714225423e-06 2.3218026525872257e-06 2.1739155127828596e-06 2.329329890712121e-06 
2.318371981383155e-06 2.306709034731621e-06 2.335260108097475e-06 2.1872996027051658e-06 2.341774494769698e-06 
2.308944535286708e-06 2.298024720433298e-06 2.326272101949944e-06 2.178185737088765e-06 2.332475765363033e-06 
2.307217226400512e-06 2.2978683591386857e-06 2.324060139053813e-06 2.1768140232166183e-06 2.329838299915035e-06 
2.307962182853394e-06 2.298819607237655e-06 2.3247595871360778e-06 2.177612979255166e-06 2.330478877793422e-06 
2.305832743885014e-06 2.295794082928161e-06 2.3218587421764956e-06 2.1750143513658585e-06 2.327991904242956e-06 
2.3098067636136618e-06 2.2992964680334096e-06 2.325044679004526e-06 2.1786602355709822e-06 2.3314582638380344e-06 
2.3116689709389078e-06 2.301296578589913e-06 2.3267076828995463e-06 2.1805206113377455e-06 2.3331095354356775e-06 
2.3192187042090747e-06 2.3097785884246707e-06 2.3363749500238535e-06 2.1888906572778114e-06 2.342131782093038e-06 
2.3200406761171527e-06 2.310539659234785e-06 2.33714810149956e-06 2.1896836743710367e-06 2.342932507604998e-06 
2.3166820778736546e-06 2.307766924783876e-06 2.334958558498996e-06 2.186787237467628e-06 2.3403637734060873e-06 
2.3288087480907964e-06 2.3217623265513764e-06 2.348807254443522e-06 2.199945659064517e-06 2.353331367883017e-06 
2.3246470478821414e-06 2.3183385414768218e-06 2.3454512384200743e-06 2.196205902553488e-06 2.3496066272063973e-06 
2.32338719649724e-06 2.317052971923412e-06 2.3443259276003417e-06 2.1949693425217237e-06 2.348467637118167e-06 
2.3284653111586542e-06 2.321915851191308e-06 2.3482373002064503e-06 2.1996986897181926e-06 2.3526384167764558e-06 
2.3229683657557956e-06 2.3172606465872204e-06 2.3445924721387137e-06 2.194917028711999e-06 2.3484210466712196e-06 
2.315810236950751e-06 2.3065585165889004e-06 2.3334095624592042e-06 2.1856421251984955e-06 2.3390334035036633e-06 
2.2996135053180017e-06 2.289970692899011e-06 2.315775861170733e-06 2.168936525885107e-06 2.3217592714869145e-06 
2.298177889195557e-06 2.2886048504993124e-06 2.3143562246608164e-06 2.167523146840125e-06 2.3203145381988e-06 
2.3019078342594925e-06 2.292418050591076e-06 2.318433881988656e-06 2.1713719310091467e-06 2.324308838564982e-06 
2.2980152720745645e-06 2.287349560778311e-06 2.3148558941717837e-06 2.167188529420646e-06 2.321057111568788e-06 
2.2992092491880023e-06 2.2886628809909123e-06 2.3160828563296765e-06 2.168429609009171e-06 2.322240415926761e-06 
2.300362685358656e-06 2.2911118174275775e-06 2.3191766171467556e-06 2.170464070892963e-06 2.32460131201203e-06 
2.2965363029748703e-06 2.28618689760285e-06 2.313987968410139e-06 2.1659542325137366e-06 2.3199877260861436e-06 
2.2963625684223326e-06 2.2831669718276153e-06 2.312769258092749e-06 2.16466265047642e-06 2.319852818213894e-06 
2.2988650199562015e-06 2.2857076125585137e-06 2.315013948073312e-06 2.167117496107439e-06 2.322127623143817e-06 
2.297970567630692e-06 2.2841678148641066e-06 2.3138390775221623e-06 2.1659588597134313e-06 2.3212054260504547e-06 
2.2974741565302976e-06 2.283720614997367e-06 2.3133498142116854e-06 2.165477766637547e-06 2.32069920265278e-06 
2.3029427365486207e-06 2.2906801567470097e-06 2.3201051911690935e-06 2.171725454668165e-06 2.32676627560111e-06 
2.299125727316091e-06 2.285631460325711e-06 2.3146833750246364e-06 2.167130902810746e-06 2.322001889362816e-06 
2.2878312438411485e-06 2.276858091387463e-06 2.30374655390493e-06 2.1566601848956357e-06 2.3101972632697476e-06 
2.2883509149552545e-06 2.2773372660866177e-06 2.303997028744868e-06 2.157102661813179e-06 2.3105047573506995e-06 
2.288033746851787e-06 2.2769054981161257e-06 2.3035837265492034e-06 2.156726307134383e-06 2.3101439554691703e-06 
2.2873917579036405e-06 2.2763036338019514e-06 2.3029674335645023e-06 2.1561014173048204e-06 2.3095105495324704e-06 
2.2882347641837183e-06 2.277271851568967e-06 2.3034302646036308e-06 2.156891752938554e-06 2.3099953209981448e-06 
2.2894748948541714e-06 2.2790893880621565e-06 2.30545763979121e-06 2.1585035360533265e-06 2.3117086503519296e-06 
2.2871898117491793e-06 2.276856101860774e-06 2.3032949711121485e-06 2.1562592220778505e-06 2.309509252379906e-06 
2.294385824708954e-06 2.2829212301070585e-06 2.310300906975176e-06 2.1630797844052282e-06 2.3169097190705307e-06 
2.293755265840924e-06 2.282262322338137e-06 2.3097910811664937e-06 2.162469001742089e-06 2.3163892230610668e-06 
2.2940107862331445e-06 2.282276473633645e-06 2.309089619589741e-06 2.162416837560613e-06 2.315921735828889e-06 
2.2943118244239285e-06 2.2822174214999315e-06 2.3090292490216764e-06 2.162520912309544e-06 2.3160360847315578e-06 
2.292351785612254e-06 2.280359800001325e-06 2.306936777692769e-06 2.1605554090161763e-06 2.313932303666496e-06 
2.3041844153987003e-06 2.29295772290493e-06 2.3200667452587965e-06 2.172964113806264e-06 2.32660496329778e-06 
2.305426816229148e-06 2.2930994083216215e-06 2.321238232449107e-06 2.1738585901402928e-06 2.3281413623128577e-06 
2.3212150320829993e-06 2.309835986649538e-06 2.3373018359712017e-06 2.190035807011509e-06 2.3438562767228917e-06 
2.3235847476404144e-06 2.3134769606226122e-06 2.339598710024295e-06 2.192780699977894e-06 2.345756767860906e-06 
2.315719447125015e-06 2.3066267045767934e-06 2.3314811562001474e-06 2.185150262015483e-06 2.337353629369288e-06 
2.310955497327485e-06 2.3013503076504175e-06 2.3266637800934684e-06 2.1802044135777605e-06 2.3327096304992714e-06 
2.3039806098266162e-06 2.2960516974809054e-06 2.3203643845215875e-06 2.17389859176632e-06 2.3257604542724813e-06 
2.307009989121797e-06 2.300194287808467e-06 2.3232586328938588e-06 2.1772515449015534e-06 2.3283181954307106e-06 
2.306794066600587e-06 2.298924370770037e-06 2.322394479289171e-06 2.1765481505815087e-06 2.3278991575727726e-06 
2.3118672362601306e-06 2.3030433857121937e-06 2.3268716130336297e-06 2.1811910587610637e-06 2.3327808508146696e-06 
2.304972064432716e-06 2.296919969117616e-06 2.319720300280279e-06 2.174461639835098e-06 2.325422434360629e-06 
2.3084990707757024e-06 2.300652979670952e-06 2.323113039720763e-06 2.1780294279845706e-06 2.3287707664838312e-06 
2.3038462545452293e-06 2.296084881905865e-06 2.3195383786454917e-06 2.1736498570119967e-06 2.324993125528005e-06 
2.3213152158588524e-06 2.312635901550171e-06 2.335424930119537e-06 2.190491855182929e-06 2.3414337234473445e-06 
2.3211368824693717e-06 2.312434697757345e-06 2.335198251908593e-06 2.19029452292923e-06 2.3412222822107815e-06 
2.3258185901926718e-06 2.317020475725473e-06 2.3390833337115587e-06 2.194768640236328e-06 2.3452681920770186e-06 
2.3351527971301295e-06 2.3264164276219177e-06 2.3473079790624896e-06 2.203884203788583e-06 2.3536539082413795e-06 
2.333614164705022e-06 2.32502013143106e-06 2.3456733922373038e-06 2.2023653104630657e-06 2.3519889721501005e-06 
2.3332880285251553e-06 2.3254525329179963e-06 2.345618074615728e-06 2.202342313011936e-06 2.351644810369223e-06 
2.3343366363443377e-06 2.3261640749798775e-06 2.3462851403580296e-06 2.203197970455145e-06 2.3524827595991447e-06 
2.331878270932504e-06 2.324097564607724e-06 2.3454664702259473e-06 2.2012386251896473e-06 2.3512708324730555e-06 
2.33978967060732e-06 2.3322967881577737e-06 2.3534773416587094e-06 2.2092815133389537e-06 2.3591729298362694e-06 
2.3499862357931774e-06 2.34257241259292e-06 2.3633649714946365e-06 2.2194528418822877e-06 2.369085614647891e-06 
2.351380980667108e-06 2.343860876433021e-06 2.364571830982052e-06 2.2207730280189464e-06 2.370357371495916e-06 
2.3546012343653396e-06 2.3466740847076858e-06 2.3683657700706453e-06 2.2240045325293678e-06 2.374189429216091e-06 
2.3677473241990353e-06 2.358960607135036e-06 2.3818855107342287e-06 2.2369951841627305e-06 2.3879258997090878e-06 
2.371014245994551e-06 2.3626672814928165e-06 2.384977207340785e-06 2.2403657340047135e-06 2.390904494668484e-06 
2.369176595116243e-06 2.3606387013468206e-06 2.3824717294926935e-06 2.2383072555023845e-06 2.3885692327689014e-06 
2.369238816302119e-06 2.3607020139060746e-06 2.3825322426092627e-06 2.2383695503839396e-06 2.3886296740718065e-06 
2.369922681959668e-06 2.3610010465266217e-06 2.382543410207565e-06 2.2387763790330474e-06 2.3888744795495566e-06 
2.3620684102280037e-06 2.3528808780396134e-06 2.375279881612935e-06 2.2309601444529104e-06 2.3816001958506025e-06 
2.3649395035355318e-06 2.355993128134872e-06 2.3788790453806747e-06 2.2340844545306683e-06 2.38500314247141e-06 
2.373416788036276e-06 2.3648970049525514e-06 2.3872573762320556e-06 2.2426899720288654e-06 2.3932603826714656e-06 
2.377950945970265e-06 2.3692666546338477e-06 2.3916042145143438e-06 2.2471375847977954e-06 2.397690907090013e-06 
2.3772762438448467e-06 2.368727076464901e-06 2.3909220037239846e-06 2.2465022823548945e-06 2.3969663321167376e-06 
2.3741537970726878e-06 2.3656737943894853e-06 2.387908857970375e-06 2.243420900000457e-06 2.3939129880653843e-06 
2.374864380425653e-06 2.365492655032377e-06 2.3874132551076326e-06 2.2435696757386036e-06 2.3939013154217566e-06 
2.3899703091649353e-06 2.38148468507115e-06 2.402760712685103e-06 2.259042451035321e-06 2.408924189085462e-06 
2.389780958697737e-06 2.381079606651019e-06 2.402279097174881e-06 2.258716549150529e-06 2.4085597282012103e-06 
2.3896203170492887e-06 2.380890168852177e-06 2.4021703123041496e-06 2.2585585013614815e-06 2.4084517873696486e-06 
2.380608094197136e-06 2.371861491156422e-06 2.3932008798690877e-06 2.2495326077602485e-06 2.399480402440828e-06 
2.3803844798763473e-06 2.3715668711615445e-06 2.392978296493072e-06 2.2492863245601087e-06 2.3992805465196213e-06 
2.380653555906017e-06 2.37195255190243e-06 2.393251459850877e-06 2.2495937757018435e-06 2.399515442225276e-06 
2.382860752834963e-06 2.3740414278187904e-06 2.3953527005033586e-06 2.251743464970149e-06 2.4016721685861215e-06 
2.3855210746483604e-06 2.3770263141357246e-06 2.398953310887288e-06 2.2547310567041493e-06 2.4050151274996476e-06 
2.384447196944049e-06 2.3755129773860525e-06 2.397246123338721e-06 2.2533682875898917e-06 2.4035527232947326e-06 
2.379832732977087e-06 2.3712006043668495e-06 2.392897702288726e-06 2.2489018011662474e-06 2.3990634160456296e-06 
2.3836470105850274e-06 2.374712129883916e-06 2.3965581814729725e-06 2.2525924508452607e-06 2.402846692083261e-06 
2.382226157055822e-06 2.3731428642507817e-06 2.3948076783644995e-06 2.2510450314011367e-06 2.401197674940776e-06 
2.3846146957068787e-06 2.3758444137633425e-06 2.3971984037634455e-06 2.2535378107199766e-06 2.4034871736041063e-06 
2.3942200942699974e-06 2.385121543671767e-06 2.4055620847942768e-06 2.2627721850458067e-06 2.4121591883806364e-06 
2.3917989847929285e-06 2.382540270091444e-06 2.4030032097549327e-06 2.2602637831848287e-06 2.4096743418302714e-06 
2.3795498670632242e-06 2.370034839817698e-06 2.388789819701941e-06 2.2474631964400535e-06 2.3958629776706503e-06 
2.3792985198138784e-06 2.3689740868673748e-06 2.3895087590522105e-06 2.247173381497644e-06 2.39668514372707e-06 
2.3791664956287874e-06 2.3688364967986453e-06 2.3893397370025544e-06 2.247030896346397e-06 2.3965239399447653e-06 
2.3862323342411675e-06 2.376056760314501e-06 2.3958125851780135e-06 2.254025513974216e-06 2.403043797593949e-06 
2.381451054867919e-06 2.371052224046109e-06 2.391219734525371e-06 2.249206402286724e-06 2.398492125907029e-06 
2.380011861528967e-06 2.3695766247003193e-06 2.389637513345341e-06 2.2477203293848927e-06 2.396944899962404e-06 
2.3773307678467115e-06 2.3660034454037446e-06 2.388603240320063e-06 2.2451317190076105e-06 2.3959295843020888e-06 
2.3739541639630543e-06 2.3628143409118487e-06 2.384344075572678e-06 2.2416026715707388e-06 2.391753855857475e-06 
2.3752743049874955e-06 2.3638409681555903e-06 2.3852483931703186e-06 2.242738181060779e-06 2.3928206220355574e-06 
2.3775161012628207e-06 2.3656129142478794e-06 2.386334337740618e-06 2.2445740087914073e-06 2.3942466054255323e-06 
2.380627980799703e-06 2.368143108861392e-06 2.3879383978501647e-06 2.247170546813544e-06 2.3962842633647286e-06 
2.3779583563629863e-06 2.365734236858487e-06 2.385287271512918e-06 2.244581711948333e-06 2.393545943462777e-06 
2.379242076906363e-06 2.3667345982126956e-06 2.3864222916845727e-06 2.2457456701907673e-06 2.3947966369275007e-06 
2.379698028691856e-06 2.36724516704593e-06 2.3868170579127272e-06 2.246206132244333e-06 2.395183789387294e-06 
2.3774807404360535e-06 2.366268132391577e-06 2.385687281298602e-06 2.2446185866923507e-06 2.3934765908454092e-06 
2.3790927373518897e-06 2.3687909957346106e-06 2.387182563881427e-06 2.2464975206200174e-06 2.394696943054346e-06 
2.3727363658521116e-06 2.362444163508152e-06 2.3794907901278906e-06 2.2398375155778247e-06 2.3872192313134316e-06 
2.369643853302897e-06 2.357729669902254e-06 2.376470878662271e-06 2.236236807976748e-06 2.3847111179601222e-06 
2.3734165619517803e-06 2.3620193254610452e-06 2.381618229517706e-06 2.2404865554382036e-06 2.389467751713572e-06 
2.4013115583316684e-06 2.3871386780891006e-06 2.4079017427537408e-06 2.2672068861205314e-06 2.416909935945691e-06 
2.3981096903989493e-06 2.383980558605362e-06 2.404586615528906e-06 2.263986886238847e-06 2.413599098351811e-06 
2.3979086963675057e-06 2.38347246264318e-06 2.4041708948262305e-06 2.26364195109993e-06 2.413317372158386e-06 
2.3946148966547706e-06 2.378249421828926e-06 2.399408332034806e-06 2.2594172251080196e-06 2.4094159558722116e-06 
2.392396854192168e-06 2.3763753500999e-06 2.397156698118553e-06 2.257293419544532e-06 2.4070590287809176e-06 
2.3926685119594353e-06 2.376893151059226e-06 2.3971285313345155e-06 2.2575756480296965e-06 2.4070006723305443e-06 
2.392801209900752e-06 2.376525889762598e-06 2.396309758730776e-06 2.2573448586686807e-06 2.4064985243200483e-06 
2.3934984729360883e-06 2.3771185723111293e-06 2.397059409655202e-06 2.258022522888241e-06 2.4072733085421485e-06 
2.395934810954136e-06 2.37966988208526e-06 2.399806111860205e-06 2.2605673549512573e-06 2.4099323130348827e-06 
2.3958700364245536e-06 2.380059783422458e-06 2.400227741080364e-06 2.2607502796421227e-06 2.410127975591002e-06 
2.4012195265812872e-06 2.386305745780386e-06 2.4066497284791406e-06 2.2666258427818842e-06 2.4160861109520242e-06 
2.393903883022588e-06 2.378558557795229e-06 2.3992103901171138e-06 2.2591340284218464e-06 2.40880568521773e-06 
2.397605463270584e-06 2.3820684348530885e-06 2.4031826119557838e-06 2.2628439244381645e-06 2.4127955086716753e-06 
2.3916641547837394e-06 2.376071108834907e-06 2.395888878869293e-06 2.2565742139489573e-06 2.405740742164671e-06 
2.408130500989551e-06 2.3907603810290175e-06 2.4113960625468566e-06 2.2723132230306567e-06 2.4219776312636417e-06 
2.414446926017197e-06 2.3979221486890522e-06 2.4200067778164136e-06 2.2794111055625846e-06 2.429941007254076e-06 
2.4134319990049685e-06 2.396759581787274e-06 2.4189880206230273e-06 2.2783480848580056e-06 2.428970319311828e-06 
2.4144686654905257e-06 2.3983171281152383e-06 2.4206172701811714e-06 2.2796798401882494e-06 2.4303350724185008e-06 
2.4261610128974032e-06 2.4106400898214173e-06 2.432660651755971e-06 2.291668172177377e-06 2.4421186060886283e-06 
2.433079843525463e-06 2.4174095524222983e-06 2.439663599098498e-06 2.2985736409463742e-06 2.4491561285762406e-06 
2.421083021612285e-06 2.4071306300596207e-06 2.428765595866699e-06 2.28733216638784e-06 2.437525056819723e-06 
2.419056811913423e-06 2.4049741703083725e-06 2.4265413006054095e-06 2.285216724957517e-06 2.4353749910605582e-06 
2.4164354046224226e-06 2.4016196401252924e-06 2.4234787878665287e-06 2.2822635517144005e-06 2.432620495503601e-06 
2.4120559197701313e-06 2.3963555729287244e-06 2.4193638047337203e-06 2.2776636098302374e-06 2.4287466545827982e-06 
2.411833014099094e-06 2.3961385364339543e-06 2.4191303694475144e-06 2.277439652806611e-06 2.4285130461515984e-06 
2.408684429645587e-06 2.393992264567474e-06 2.41802265758897e-06 2.2750613448248115e-06 2.426748957287091e-06 
2.408202739816013e-06 2.393476748241219e-06 2.417584419614824e-06 2.2745784733159064e-06 2.4263144643059914e-06 
2.4041539471949257e-06 2.3897101395282773e-06 2.4136377880584935e-06 2.27063155453179e-06 2.422260230190754e-06 
2.4071296554561695e-06 2.3936716324789968e-06 2.4165676887146535e-06 2.2739054332050117e-06 2.424880640115642e-06 
2.412866281279471e-06 2.399544828059336e-06 2.4223707650953577e-06 2.2797110026007516e-06 2.4306291275570097e-06 
2.413733875513248e-06 2.4003908694996594e-06 2.4232736573878244e-06 2.2805818171863572e-06 2.4315332229942426e-06 
2.414200175887273e-06 2.4003628450713127e-06 2.423415917190662e-06 2.2808218310427086e-06 2.431887532244665e-06 
2.4109617229252053e-06 2.399381581302676e-06 2.4223461295134633e-06 2.278778231967412e-06 2.429736865392031e-06 
2.4098944240606053e-06 2.396989834891879e-06 2.421274571492151e-06 2.277298898539004e-06 2.429092209927975e-06 
2.411812047836013e-06 2.3992995057582358e-06 2.424712921770289e-06 2.279701460382137e-06 2.4321560386435877e-06 
2.4059553807795205e-06 2.391170434605649e-06 2.4176407154428584e-06 2.272852585247441e-06 2.4260125023184174e-06 
2.404947292164521e-06 2.3900493563344318e-06 2.41685543258352e-06 2.2718619151188407e-06 2.4252269528956836e-06 
2.406751808387529e-06 2.391739314774024e-06 2.418719771068655e-06 2.273650012445998e-06 2.4271183391825718e-06 
2.411649237952372e-06 2.3963642533065347e-06 2.423075067292668e-06 2.2783452282601217e-06 2.4316501267333104e-06 
2.4083131734504497e-06 2.391106544823252e-06 2.4194152749875792e-06 2.2743519191681538e-06 2.428659562956039e-06 
2.395108272911909e-06 2.3780979245627245e-06 2.406289971356055e-06 2.2611978219071605e-06 2.4154576469622263e-06 
2.3866764413907998e-06 2.36969738124531e-06 2.3975265026331844e-06 2.2526782264515626e-06 2.4067381711319417e-06 
2.387330769026187e-06 2.3710095993164723e-06 2.399359615482735e-06 2.253814020114623e-06 2.4081670134945103e-06 
2.3814333916916997e-06 2.3644563231569637e-06 2.3936004535779205e-06 2.2477444648138217e-06 2.4025950154841415e-06 
2.378350738491273e-06 2.362620822567293e-06 2.390959775525798e-06 2.2451323645506904e-06 2.399482050848786e-06 
2.377045595922998e-06 2.3603526633649355e-06 2.3888007758462696e-06 2.243331253115602e-06 2.3977717158222586e-06 
2.36908285236969e-06 2.3517317858184963e-06 2.380031828331384e-06 2.2349623150758005e-06 2.3893455862731966e-06 
2.3611025773405734e-06 2.3445163589663037e-06 2.3717820059085544e-06 2.227127663515382e-06 2.380894494553785e-06 
2.358629972095941e-06 2.3427341849987433e-06 2.3697378978498727e-06 2.2249586991391807e-06 2.3785585885265742e-06 
2.3630327016220907e-06 2.3473252819702115e-06 2.3745742948255202e-06 2.229531020567374e-06 2.383263674842256e-06 
2.3652880896795084e-06 2.3485200326315468e-06 2.376099838293566e-06 2.231299460472533e-06 2.3852491117852936e-06 
2.3727729514116434e-06 2.3578750570018588e-06 2.3845106134040733e-06 2.2395813057849695e-06 2.392908603040089e-06 
2.3676332977921816e-06 2.3522170679067834e-06 2.378389891931067e-06 2.2340407805371716e-06 2.3871147392372393e-06 
2.3560524140725074e-06 2.3418088359313023e-06 2.3677679498141665e-06 2.223018271344602e-06 2.375958771776796e-06 
2.3530094877416696e-06 2.339006936132831e-06 2.3648106397931243e-06 2.2200624277248026e-06 2.37290991612295e-06 
2.366040429626283e-06 2.351841112341943e-06 2.3766976450443954e-06 2.2327895950837196e-06 2.385047917507324e-06 
2.3635077484858078e-06 2.348748918793462e-06 2.3761569091951505e-06 2.230558380372894e-06 2.3843605129098768e-06 
2.367751763442772e-06 2.3530046635726568e-06 2.3804282802648323e-06 2.234821331987427e-06 2.3886238351158653e-06 
2.3718407905145275e-06 2.3548302710715862e-06 2.384104088876347e-06 2.2381458862028305e-06 2.3930930726035396e-06 
2.3691242870209404e-06 2.3510906469365364e-06 2.3808721557137128e-06 2.2349975220050423e-06 2.390273207556126e-06 
2.357815663475181e-06 2.3409942774925573e-06 2.371100955364125e-06 2.2243987572629536e-06 2.379860803960805e-06 
2.3529514517951788e-06 2.33548496748597e-06 2.3660034134730127e-06 2.219277987027119e-06 2.375007765849066e-06 
2.3520388924416567e-06 2.3352744868890118e-06 2.365288017384142e-06 2.218617681137095e-06 2.3740352669788265e-06 
2.3582049221110566e-06 2.3422625342756028e-06 2.3715683140608203e-06 2.2250667393018802e-06 2.3800339191435738e-06 
2.357523917933893e-06 2.3416235739906245e-06 2.3708920198439413e-06 2.224397896078206e-06 2.3793433508646336e-06 
2.361492986987353e-06 2.3466395468986725e-06 2.375044875934117e-06 2.2287310528675273e-06 2.3831307737601517e-06 
2.35843298208972e-06 2.344234703065839e-06 2.371853428045084e-06 2.2258284978983173e-06 2.37975061647525e-06 
2.3583970583973515e-06 2.3441867206776895e-06 2.371825397017333e-06 2.2257908035967315e-06 2.379725159255641e-06 
2.3597865358100174e-06 2.345324631845843e-06 2.3728461916539716e-06 2.2270180345349127e-06 2.3808871158010783e-06 
2.3561086551532286e-06 2.3414818336577173e-06 2.3689726198487948e-06 2.2232355239827365e-06 2.3770983378056985e-06 
2.347200323923662e-06 2.3333740568270907e-06 2.362322941684061e-06 2.2151018381759913e-06 2.3698214466339625e-06 
2.3481577548017384e-06 2.3335849097884163e-06 2.363305829815867e-06 2.2158456989506674e-06 2.3710394589780342e-06 
2.360786334303622e-06 2.345532670977425e-06 2.3745799041363965e-06 2.2279633138113245e-06 2.3827544150973133e-06 
2.3588380282293927e-06 2.3437047274055848e-06 2.3727969302778514e-06 2.226087402263518e-06 2.380905662407617e-06 
2.3592094497943577e-06 2.3439629819147136e-06 2.373449287918305e-06 2.226495502803708e-06 2.3815482160735622e-06 
2.3565391852329196e-06 2.341305773713418e-06 2.3707620169431213e-06 2.2238193214171246e-06 2.3788594208612677e-06 
2.363110080176683e-06 2.3486342881335455e-06 2.3773842690995627e-06 2.230641532399586e-06 2.3852307796669986e-06 
2.367530308828633e-06 2.3528283294077234e-06 2.3817362951133407e-06 2.2349867822654706e-06 2.3896666995964024e-06 
2.3708143384364663e-06 2.355902205895004e-06 2.384686114880754e-06 2.238132771457291e-06 2.3927388280222463e-06 
2.3745573504164524e-06 2.3594282204970035e-06 2.388443031499172e-06 2.2418224523858684e-06 2.396563193480749e-06 
2.372981445049403e-06 2.3577655310764745e-06 2.3864600697804636e-06 2.240117439170489e-06 2.3946747212413767e-06 
2.3733055322847762e-06 2.358164548837437e-06 2.3868768699550815e-06 2.240487220271498e-06 2.395052316770477e-06 
2.370221779582493e-06 2.353994357552623e-06 2.383816303408277e-06 2.237081522288536e-06 2.392335858942738e-06 
2.3760699097823095e-06 2.3587850621917534e-06 2.3906593331854087e-06 2.2428813445699175e-06 2.3993540971086723e-06 
2.3756859366804476e-06 2.3586018847906403e-06 2.3903187073070422e-06 2.2425657246016065e-06 2.3989421163729214e-06 
2.3677961470350707e-06 2.350975451451257e-06 2.3831007669106033e-06 2.234905748441748e-06 2.39152910750242e-06 
2.3788219735392834e-06 2.36286711781022e-06 2.3947956847718854e-06 2.2463754246281846e-06 2.4028377627686486e-06 
2.3796000294987767e-06 2.3634040772635784e-06 2.3946473810012156e-06 2.2468506826169734e-06 2.4029187830076567e-06 
2.3845225535752194e-06 2.3693801789546646e-06 2.4012395000308694e-06 2.2525135773624247e-06 2.4088998799463336e-06 
2.388861721949334e-06 2.3733936651178704e-06 2.405683922861103e-06 2.2567934712185437e-06 2.413431443710824e-06 
2.391104031944622e-06 2.372401040220999e-06 2.4072058706010392e-06 2.2579259917484713e-06 2.4161055776137675e-06 
2.404479286299932e-06 2.385612975601671e-06 2.42066328181038e-06 2.2713032046383274e-06 2.429602348846392e-06 
2.4121237308163077e-06 2.393485835410561e-06 2.4277267768533927e-06 2.2788776488053315e-06 2.4366890651223763e-06 
2.4030361407280163e-06 2.385876344402006e-06 2.4183399628493476e-06 2.2701191534810728e-06 2.42687873334741e-06 
2.3919367196086146e-06 2.3747776055275767e-06 2.405909260068449e-06 2.258662164921952e-06 2.4146660480897834e-06 
2.378290667054093e-06 2.3597390999080846e-06 2.3905101535437097e-06 2.2441479306440854e-06 2.3999998392422424e-06 
2.3972277790523383e-06 2.3776194765046265e-06 2.408185946911596e-06 2.2625067954322635e-06 2.418222142351223e-06 
2.3831614443204374e-06 2.364964035813924e-06 2.3940789650557203e-06 2.248813027036623e-06 2.403669657190494e-06 
2.3816511858753063e-06 2.364587909584164e-06 2.393075534161319e-06 2.2477564874226158e-06 2.4022196705336554e-06 
2.381411187419623e-06 2.3648180926206056e-06 2.3925044410456206e-06 2.2475753966875277e-06 2.4015522245096812e-06 
2.37879751582656e-06 2.3622299132780348e-06 2.390098344767392e-06 2.2450139731866385e-06 2.3991037699634293e-06 
2.3925287700045697e-06 2.3749309234434357e-06 2.403215024188765e-06 2.2583198258087626e-06 2.4126521668771896e-06 
2.3814648399881012e-06 2.362283063783225e-06 2.391573197158912e-06 2.246628860123191e-06 2.401611913239134e-06 
2.3828044989033203e-06 2.3633124630406964e-06 2.3930884203180113e-06 2.2479234529141858e-06 2.403197594427819e-06 
2.3754300530884605e-06 2.3560605314306297e-06 2.3851620369604087e-06 2.2404359980264936e-06 2.3953224162326767e-06 
2.3777884444232763e-06 2.3579787055952506e-06 2.387033343717839e-06 2.242553458785586e-06 2.3974148510893576e-06 
2.3581730329742147e-06 2.3393474409985463e-06 2.367411326569362e-06 2.2231842614893857e-06 2.3774778520407777e-06 
2.367666469698614e-06 2.349151996617581e-06 2.3763754197251022e-06 2.232663242652853e-06 2.3864297803157203e-06 
2.3652815303167418e-06 2.3467611427503323e-06 2.373991347937116e-06 2.230271834542801e-06 2.3840473389034063e-06 
2.361236245853415e-06 2.342694932677874e-06 2.3696629155045366e-06 2.2261450223825406e-06 2.3797719246834555e-06 
2.361607078081388e-06 2.3438107707624684e-06 2.3707319751028832e-06 2.2269028370614643e-06 2.3804875583382887e-06 
2.3628166976659703e-06 2.3431432684456044e-06 2.369433283981373e-06 2.226969142562821e-06 2.3802026211701738e-06 
2.3637214766899633e-06 2.3439926999344076e-06 2.3703476552463423e-06 2.2278616375062906e-06 2.3811331973397136e-06 
2.3674307232960708e-06 2.347422013082857e-06 2.37357160209637e-06 2.2313829353871465e-06 2.384526822618651e-06 
2.367613581734046e-06 2.3476064081094266e-06 2.373755973433918e-06 2.2315669759649743e-06 2.3847104622706637e-06 
2.3719019455492563e-06 2.3521334783058877e-06 2.3783900740992678e-06 2.2360150890928016e-06 2.389211450742259e-06 
2.3713704276227457e-06 2.3503063499295236e-06 2.377528647032611e-06 2.2350238999652052e-06 2.388819245734215e-06 
2.370694176692667e-06 2.349767212937124e-06 2.376844324274969e-06 2.234384592849551e-06 2.388092316593048e-06 
2.366947557044744e-06 2.346940300100259e-06 2.3737897288293296e-06 2.2310624981360964e-06 2.3846291397625045e-06 
2.371383744926054e-06 2.3502127100162847e-06 2.3755965929092184e-06 2.2345566210627383e-06 2.3872415712030917e-06 
2.3721521344554675e-06 2.3503111685358636e-06 2.3756902889806925e-06 2.234974925456677e-06 2.387660986330065e-06 
2.374676070363929e-06 2.354107829658382e-06 2.3792793698193445e-06 2.2381235061947254e-06 2.3906670990360684e-06 
2.3759841976049356e-06 2.35449142998155e-06 2.379763243335569e-06 2.2389724791594907e-06 2.3915829296898113e-06 
2.392922346776076e-06 2.372226412760153e-06 2.396617038770785e-06 2.256162457799559e-06 2.4081959899275356e-06 
2.392241591427743e-06 2.371141945915278e-06 2.3959227543027062e-06 2.255357135810255e-06 2.407633356587994e-06 
2.3936801636337282e-06 2.3719404894588398e-06 2.395705606726889e-06 2.256236252126614e-06 2.407893799551751e-06 
2.3843769984708218e-06 2.3623581212732304e-06 2.3846920613542547e-06 2.2464536913259085e-06 2.3972506374771683e-06 
2.3997649717252584e-06 2.3783258461253635e-06 2.4008731751189115e-06 2.2622202390013573e-06 2.4131160180848737e-06 
2.398572216188458e-06 2.3765964677314166e-06 2.3995819670004284e-06 2.2608426707248802e-06 2.4120131521117467e-06 
2.4015173190901155e-06 2.3788415298769347e-06 2.402718458467344e-06 2.263627454792218e-06 2.4153428341137596e-06 
2.396317341766442e-06 2.3733455389909557e-06 2.39696017493347e-06 2.2582056652458627e-06 2.4097710871023123e-06 
2.395790015467089e-06 2.372825690426005e-06 2.3964266768622734e-06 2.257678140971904e-06 2.409236181131835e-06 
2.3995656923748844e-06 2.3761538598847126e-06 2.4001633659081645e-06 2.261320155549098e-06 2.413122936167627e-06 
2.3981087379318656e-06 2.374020976065244e-06 2.398351339892385e-06 2.259582241575297e-06 2.4115859218462354e-06 
2.392239206940525e-06 2.367747735437159e-06 2.392749514579598e-06 2.2536418763511974e-06 2.406068974635279e-06 
2.3949432771761857e-06 2.370212649716948e-06 2.3954836198798417e-06 2.2562880991175953e-06 2.4088748436749093e-06 
2.3960078816626624e-06 2.371373733354423e-06 2.396283487223659e-06 2.2573240617066613e-06 2.409687527223063e-06 
2.394635786093732e-06 2.368172177031518e-06 2.394667876189675e-06 2.255363186133399e-06 2.4086974053877803e-06 
2.39044971804321e-06 2.36364368675846e-06 2.3904651602424637e-06 2.251066439630059e-06 2.4046066631355858e-06 
2.3909485401385197e-06 2.3641783974629527e-06 2.3909988757283017e-06 2.2515844314481826e-06 2.405123170992516e-06 
2.397913234915623e-06 2.371916889142968e-06 2.399634742078623e-06 2.2591645168922877e-06 2.41323604634957e-06 
2.395813247322653e-06 2.3700265219010276e-06 2.398691155793314e-06 2.2573865939971256e-06 2.4120343279882148e-06 
2.4023023587204178e-06 2.377921017650137e-06 2.4059295587482693e-06 2.2644654262412585e-06 2.418700278174405e-06 
2.396411674520326e-06 2.3722286476488228e-06 2.4001943788544373e-06 2.2586561894465527e-06 2.4128756983162727e-06 
2.3954592747741064e-06 2.3713162815797828e-06 2.3991953130124544e-06 2.2577026219990594e-06 2.411871476366439e-06 
2.3953341313425566e-06 2.37110858023366e-06 2.3989377873659195e-06 2.2575227570658715e-06 2.411662181033734e-06 
2.3942891411927762e-06 2.3707542029722705e-06 2.397937778639765e-06 2.2566860162419702e-06 2.410433809360892e-06 
2.408911773402919e-06 2.3854218306945093e-06 2.4128740582176963e-06 2.2714232567441333e-06 2.4253047973732254e-06 
2.4086650205282352e-06 2.3854365995502525e-06 2.4134203175711327e-06 2.2714358859395794e-06 2.4256366553173292e-06 
2.4035958434905977e-06 2.378616566360353e-06 2.4061999257171853e-06 2.265353167717383e-06 2.419330727306109e-06 
2.3963775138003357e-06 2.3719140132433932e-06 2.3999841187909794e-06 2.25850030932426e-06 2.412784161642638e-06 
2.410327535878988e-06 2.386555114559534e-06 2.4136464618956653e-06 2.2726115528806784e-06 2.426273718249626e-06 
2.4189179517210714e-06 2.3938948479658875e-06 2.421316566011033e-06 2.2806457690798194e-06 2.434496158944061e-06 
2.4165114219310738e-06 2.3911815887736407e-06 2.41978120107196e-06 2.2783473325305463e-06 2.432914906411308e-06 
2.4160484793537405e-06 2.390567820906712e-06 2.4196773402450554e-06 2.277923989451362e-06 2.432799905287183e-06 
2.4155227930560884e-06 2.3893804126173405e-06 2.4185894448412205e-06 2.277077754518209e-06 2.4320162108431297e-06 
2.4022456036351057e-06 2.376228932454742e-06 2.4045518712369996e-06 2.2636339668853963e-06 2.4180633269741865e-06 
2.3997381047571448e-06 2.3738140853696284e-06 2.4019355217409537e-06 2.2611229174097186e-06 2.415435208408274e-06 
2.398208538785938e-06 2.37178676517251e-06 2.40028422696077e-06 2.2594200736263476e-06 2.4139629471394835e-06 
2.408841817323927e-06 2.382082474952978e-06 2.4099619237367906e-06 2.2697589342085083e-06 2.42390704146523e-06 
2.406489843764187e-06 2.3801171845951757e-06 2.40997969013812e-06 2.268060554468898e-06 2.4234094720567305e-06 
2.4071417162837034e-06 2.380828960683289e-06 2.410547279058678e-06 2.268710928668551e-06 2.4239719141854286e-06 
2.3995856063407134e-06 2.3745369031803037e-06 2.4048656067509138e-06 2.2619401764164636e-06 2.4175764833271392e-06 
2.379759721663863e-06 2.355514996156532e-06 2.385131471295026e-06 2.242324981314301e-06 2.397569262410563e-06 
2.38621178857425e-06 2.36064276025396e-06 2.3908776286914296e-06 2.2482464344554683e-06 2.4038552442903576e-06 
2.385887957256769e-06 2.360372639727305e-06 2.3906152199577324e-06 2.2479516972370074e-06 2.403565520851291e-06 
2.383989081241991e-06 2.359568747594195e-06 2.3902485323555165e-06 2.24672411350459e-06 2.4025960564804047e-06 
2.3819125049994456e-06 2.3567486268411086e-06 2.3862086956574763e-06 2.243966417417876e-06 2.39911778826048e-06 
2.3764513175185827e-06 2.351413859153376e-06 2.3799999718173327e-06 2.238355589882537e-06 2.392991828674693e-06 
2.3671439577300067e-06 2.343945033485774e-06 2.3717923365224555e-06 2.2298146369563683e-06 2.3840145150071686e-06 
2.3666730171659867e-06 2.3437396551664353e-06 2.3715068461949393e-06 2.229462881122918e-06 2.383613492303804e-06 
2.363584296213824e-06 2.3404710753385088e-06 2.3684397570716024e-06 2.2263207054621406e-06 2.380600176429289e-06 
2.379569899844946e-06 2.3590800512495996e-06 2.3851018843387894e-06 2.2432637611923497e-06 2.396312028660213e-06 
2.3903861580241853e-06 2.3702283669248015e-06 2.3958103050720516e-06 2.254175477295021e-06 2.4069323012509284e-06 
2.389001296250821e-06 2.3675516461700013e-06 2.395701480877789e-06 2.2527052179103705e-06 2.407027218859362e-06 
2.3783481635721056e-06 2.3550233711712778e-06 2.3857999108990573e-06 2.2416695832498963e-06 2.3976004735995355e-06 
2.383274253476455e-06 2.360504724537293e-06 2.3913659994636363e-06 2.2469185471705497e-06 2.4028839423556262e-06 
2.382788958284234e-06 2.3590739258708737e-06 2.3897240807639185e-06 2.24588399643441e-06 2.4017347955145034e-06 
2.3826643374878433e-06 2.3600321017259425e-06 2.390324395334509e-06 2.2462424933276743e-06 2.4018696661634076e-06 
2.3827743776968553e-06 2.3593792869871015e-06 2.3904474930864306e-06 2.2461382331686448e-06 2.4022342298489913e-06 
2.367636441805449e-06 2.344572044215321e-06 2.3754335842111607e-06 2.231093477540017e-06 2.387093339714398e-06 
2.3651462951716215e-06 2.3420285444210287e-06 2.37309322564546e-06 2.228619241730453e-06 2.38474513490489e-06 
2.366658959091602e-06 2.341857148781958e-06 2.373010055698501e-06 2.229272602831316e-06 2.385463069312192e-06 
2.370548145934648e-06 2.3465380195431856e-06 2.3780083810576026e-06 2.23366113009579e-06 2.3900257935637464e-06 
2.3706653128097004e-06 2.3455664828116988e-06 2.3766781352808944e-06 2.2331221074266815e-06 2.3892820750854762e-06 
2.370935331967686e-06 2.344406091757886e-06 2.3762189921270834e-06 2.2328159647964472e-06 2.3893996701179678e-06 
2.370905696016542e-06 2.344394026817028e-06 2.3761706600525e-06 2.2327866959898674e-06 2.3893488301523893e-06 
2.367106842516662e-06 2.3403094729558944e-06 2.373476276526573e-06 2.2291674899994585e-06 2.386562335800542e-06 
2.3683687433445267e-06 2.3418802751834132e-06 2.374667583231847e-06 2.2305005363202084e-06 2.3876670368157383e-06 
2.377162290434481e-06 2.350957267933771e-06 2.3830290497426494e-06 2.2392864915463487e-06 2.3960103066127884e-06 
2.3794919045809893e-06 2.353484571031625e-06 2.38529293436014e-06 2.2416603270577666e-06 2.3982222051771253e-06 
2.3790369401114413e-06 2.353853141517244e-06 2.3852716148804713e-06 2.2415401164355053e-06 2.3978665248804514e-06 
2.378777557160912e-06 2.3535991551751e-06 2.3850294441686867e-06 2.2412858667996527e-06 2.397619770498002e-06 
2.3890904495409166e-06 2.362227329431367e-06 2.395199750084426e-06 2.2511142474795283e-06 2.408351360043976e-06 
2.3857757544674555e-06 2.3600209021658347e-06 2.39120555308905e-06 2.2479387577847942e-06 2.4041161260198204e-06 
2.3813433299841705e-06 2.3559825430116893e-06 2.387042663373024e-06 2.24367287429787e-06 2.3997826823086338e-06 
2.3956542049925486e-06 2.369284013520064e-06 2.4003545382267507e-06 2.2574899999157597e-06 2.4135826619448985e-06 
2.405243233279537e-06 2.3779778185456063e-06 2.4080648518522633e-06 2.266402938671362e-06 2.421889965353088e-06 
2.403658259029031e-06 2.3758753858567852e-06 2.406513225672669e-06 2.2646773082441775e-06 2.42049776898234e-06 
2.398268014887122e-06 2.366905255229381e-06 2.3985509676835534e-06 2.2576815924343442e-06 2.4141020922999046e-06 
2.39892173987771e-06 2.367467950625263e-06 2.3992900104873824e-06 2.2583315675311014e-06 2.414855987714108e-06 
2.409585196213484e-06 2.378202169810181e-06 2.4092947338591097e-06 2.2688822490412567e-06 2.4249482998658534e-06 
2.410808555706078e-06 2.3794302141600924e-06 2.4102099709069993e-06 2.2700380632459737e-06 2.4259132710463356e-06 
2.4157312616020607e-06 2.383558442939694e-06 2.415258583047644e-06 2.274781342035799e-06 2.431194258562949e-06 
2.4234125910199514e-06 2.391109957667971e-06 2.424136022849963e-06 2.2827224674647077e-06 2.439914826783527e-06 
2.4190086643250613e-06 2.386400454039871e-06 2.419841976014941e-06 2.2782532481671006e-06 2.435699355897761e-06 
2.420200138425644e-06 2.3875233623136494e-06 2.4211823696427156e-06 2.2794638535327816e-06 2.437036876097873e-06 
2.4145862058462308e-06 2.3817905085592176e-06 2.4155331770245842e-06 2.2737985358851118e-06 2.4314309228534504e-06 
2.416813529266114e-06 2.3840685939736513e-06 2.418204407342742e-06 2.276149589796841e-06 2.4340123679570058e-06 
2.408425273433873e-06 2.375806230546209e-06 2.4096092097130108e-06 2.2677294737124402e-06 2.42541093920627e-06 
2.3946182869877784e-06 2.3627940863018965e-06 2.3961848407230456e-06 2.254201045610218e-06 2.411669260202095e-06 
2.3924875300620132e-06 2.361167479228206e-06 2.392726113500873e-06 2.2518909910936205e-06 2.408270599675968e-06 
2.3925906370124967e-06 2.3612246717353726e-06 2.3927655056202567e-06 2.2519668482013815e-06 2.4083351931546186e-06 
2.3957853967926165e-06 2.3634482159437008e-06 2.394665335324187e-06 2.254601280860634e-06 2.410759445023223e-06 
2.3872755117603224e-06 2.3549282110619567e-06 2.3855979720289037e-06 2.245943464511077e-06 2.401787312041171e-06 
2.3903228321482113e-06 2.3575298691358617e-06 2.38838754601234e-06 2.248815466766069e-06 2.404761779175756e-06 
2.4023581761231166e-06 2.3685681150397417e-06 2.399637438136916e-06 2.260422339909699e-06 2.4164603803824205e-06 
2.4055037280528875e-06 2.372020625692838e-06 2.402517291570663e-06 2.2635974239384544e-06 2.4192869506060302e-06 
2.413397763671862e-06 2.3800513833741063e-06 2.410654052672939e-06 2.2715995854717263e-06 2.4273404058236747e-06 
2.407998129393198e-06 2.375000035252831e-06 2.405316448626032e-06 2.2662990518695846e-06 2.421881243956135e-06 
2.4087883858848363e-06 2.375549176562797e-06 2.4058885585128123e-06 2.266975076035924e-06 2.422566417550508e-06 
2.4052496698807706e-06 2.3718675171297086e-06 2.4023871452089845e-06 2.2633986927821758e-06 2.4191040599356604e-06 
2.4059444683330975e-06 2.3719393914275784e-06 2.4029911171721336e-06 2.2639039670142337e-06 2.419921405043771e-06 
2.4134893450968104e-06 2.378704621539396e-06 2.4082261035240953e-06 2.270729753522363e-06 2.4257891694589357e-06 
2.4140343277252696e-06 2.379156556478341e-06 2.4087701282836893e-06 2.271250095736813e-06 2.426363010453571e-06 
2.4227169360176244e-06 2.3867249632907707e-06 2.4168569167919357e-06 2.2795127837735946e-06 2.4349040973164457e-06 
2.409263780466284e-06 2.3740567862950415e-06 2.4045579187706135e-06 2.266505467951725e-06 2.4221623429653705e-06 
2.4101479412572072e-06 2.374521410035689e-06 2.405422133557597e-06 2.2672729911627246e-06 2.4231633755913706e-06 
2.412046709438767e-06 2.3776027858162998e-06 2.407771876642238e-06 2.269598906111023e-06 2.4250619988221017e-06 
2.409833640268508e-06 2.3785417055512323e-06 2.405121622636735e-06 2.268160935550697e-06 2.4214795075050602e-06 
2.418289116226546e-06 2.3877403794691017e-06 2.413857196389582e-06 2.276904854273219e-06 2.4299318658050515e-06 
2.4185878909912796e-06 2.387980376334591e-06 2.4138030833436577e-06 2.2771105937301275e-06 2.4299549803159714e-06 
2.4227235832763024e-06 2.3919854019132875e-06 2.41805333933537e-06 2.28124209160146e-06 2.4342282445658014e-06 
2.426599579770315e-06 2.396997749355637e-06 2.4227877112045914e-06 2.285636920003548e-06 2.4384576892820215e-06 
2.4290663641106248e-06 2.4001474816660833e-06 2.42531958606811e-06 2.288318556363809e-06 2.4407606069550365e-06 
2.4287568678778174e-06 2.399694530758988e-06 2.424841883674766e-06 2.2879305972185198e-06 2.440356571463486e-06 
2.4364179578590188e-06 2.4077615081351337e-06 2.432479152363118e-06 2.295718237926591e-06 2.4478683759934507e-06 
2.4555200785781587e-06 2.4266457384859317e-06 2.450926855922313e-06 2.314652437067734e-06 2.4664949419987562e-06 
2.452797661067899e-06 2.423486019247944e-06 2.4483936692861726e-06 2.311839576199567e-06 2.464070241117744e-06 
2.450535074125715e-06 2.4213288984436115e-06 2.4462487042746695e-06 2.3096285232324154e-06 2.461871977492286e-06 
2.4525151983791227e-06 2.4236675714646158e-06 2.4486048649326845e-06 2.311797236666212e-06 2.464051402479188e-06 
2.4631504677052396e-06 2.4340357173068336e-06 2.456983118920462e-06 2.321891823465236e-06 2.4728885863077067e-06 
2.4645154880472066e-06 2.4360592655832247e-06 2.4584427679147696e-06 2.3234715716437766e-06 2.474121741837871e-06 
2.4613057289016552e-06 2.433100113679872e-06 2.4553472702599038e-06 2.3203532394186995e-06 2.470926933221579e-06 
2.4619564924883226e-06 2.4337243659570586e-06 2.455965333927595e-06 2.32099057704791e-06 2.471558919506969e-06 
2.4500940737671417e-06 2.4230812535362763e-06 2.443700871730835e-06 2.3093817488694773e-06 2.458969258837507e-06 
2.4541334873106662e-06 2.425978241530683e-06 2.4471235415257152e-06 2.3129627963291154e-06 2.4628602114488783e-06 
2.4613349752618746e-06 2.432774457775145e-06 2.4528039550291567e-06 2.3197456489934184e-06 2.4689218234001005e-06 
2.460933921344438e-06 2.432394864184817e-06 2.452557271036927e-06 2.319381647879971e-06 2.468642776217734e-06 
2.456146205736595e-06 2.426460840211052e-06 2.4465762377935615e-06 2.3140037746208143e-06 2.4632260672917798e-06 
2.4503263052665245e-06 2.4214594408991215e-06 2.440875746531298e-06 2.3084392326405575e-06 2.457243093083463e-06 
2.430878929069495e-06 2.402825711296025e-06 2.421955875049672e-06 2.2893032122453495e-06 2.4379743025472108e-06 
2.4297269860020067e-06 2.401837278577901e-06 2.420922074269568e-06 2.288221663727579e-06 2.436868496010488e-06 
2.4150679575753112e-06 2.3870361126614577e-06 2.406671420221793e-06 2.2735744892243996e-06 2.422595467634751e-06 
2.417519806462342e-06 2.389578253942511e-06 2.4091859575805436e-06 2.2760707066330148e-06 2.4250708070454335e-06 
2.409577867211766e-06 2.381453857907238e-06 2.4005797903895023e-06 2.2679246096012004e-06 2.416632382788002e-06 
2.4063365011653784e-06 2.3784301759297536e-06 2.3972856680889838e-06 2.2647312698385714e-06 2.413276963061598e-06 
2.408584289985427e-06 2.3807393822046943e-06 2.3991154546495646e-06 2.2669181461279285e-06 2.4151560528690024e-06 
2.3956315381986e-06 2.3679632701927347e-06 2.3867171920538044e-06 2.2541038232161375e-06 2.4026091114214084e-06 
2.393194899247297e-06 2.3656748582422088e-06 2.3847655292982325e-06 2.2518043845340128e-06 2.4005298018816297e-06 
2.396041354022442e-06 2.3694932336921914e-06 2.3872191633716526e-06 2.2548697746639523e-06 2.4027362196201654e-06 
2.3962309508522073e-06 2.3698922898862093e-06 2.3875207911523352e-06 2.2551454198684895e-06 2.402952109457215e-06 
2.3993326642817345e-06 2.3731943421257865e-06 2.3904392160531403e-06 2.2582775132988473e-06 2.4058364567485116e-06 
2.3981607881595063e-06 2.371747643710995e-06 2.3890539961800645e-06 2.2569776561855413e-06 2.404574635972823e-06 
2.3954596825398707e-06 2.3705109361394173e-06 2.386534469430479e-06 2.2547534914164873e-06 2.401554251741138e-06 
2.395611559480181e-06 2.370919107350384e-06 2.3868105844209292e-06 2.2550087534351186e-06 2.4017274817826697e-06 
2.40001403054076e-06 2.376115682435997e-06 2.390884691368464e-06 2.259600800479516e-06 2.405600040970665e-06 
2.4008122627977638e-06 2.377271194927682e-06 2.391663550984904e-06 2.2605077457708998e-06 2.4062670143272157e-06 
2.3952868211119097e-06 2.3713314762603516e-06 2.386229517614739e-06 2.2548605821663587e-06 2.4009512282909567e-06 
2.394287274637479e-06 2.370464895958314e-06 2.3853915492933057e-06 2.2539316854893993e-06 2.400043867725776e-06 
2.3897446713863518e-06 2.3638206567620155e-06 2.3791798283776315e-06 2.2484083844665172e-06 2.394782829391452e-06 
2.3892527362094067e-06 2.3633620344549615e-06 2.378903975349522e-06 2.247967529513769e-06 2.39446069362594e-06 
2.3864473786231175e-06 2.3595579583493617e-06 2.3765725231149803e-06 2.24494491611046e-06 2.3923722294022527e-06 
2.3837453405818666e-06 2.358247850445461e-06 2.3746332813619533e-06 2.242811085510667e-06 2.3898598580064515e-06 
2.384918997840067e-06 2.3598178478775713e-06 2.376120392800394e-06 2.244170030860466e-06 2.391167982350086e-06 
2.3852498534474807e-06 2.360391620368187e-06 2.37681638616838e-06 2.2446480017388487e-06 2.39172580495756e-06 
2.3882130526688784e-06 2.3633544763393876e-06 2.379456526280454e-06 2.2475532768987848e-06 2.3944192895870712e-06 
2.3819276098032215e-06 2.3570580350434775e-06 2.37306161213975e-06 2.241230350693606e-06 2.3880456744007577e-06 
2.400141730106444e-06 2.373070154462688e-06 2.389366031236389e-06 2.258434803422217e-06 2.4053731847906053e-06 
2.406193671796844e-06 2.3791479931867315e-06 2.395017904425669e-06 2.264428880452152e-06 2.4110828330999744e-06 
2.40885169702975e-06 2.3816471337375607e-06 2.3976942490556146e-06 2.267047294979914e-06 2.4138073480136775e-06 
2.394887905797977e-06 2.3671166777588606e-06 2.3835963046385426e-06 2.252858080025799e-06 2.399913110973513e-06 
2.415403468628392e-06 2.389141742755798e-06 2.4056740630941542e-06 2.2741772905185885e-06 2.421249190248863e-06 
2.403226464383835e-06 2.377023034206135e-06 2.3936971726017156e-06 2.262033528133181e-06 2.4092201550063457e-06 
2.4152651086451833e-06 2.3898132664000855e-06 2.4055999652773216e-06 2.2742986486507243e-06 2.420904011570553e-06 
2.4160257317063197e-06 2.3910039708555357e-06 2.4067926695833e-06 2.27527717741202e-06 2.4218873152375884e-06 
2.4169581689316035e-06 2.3915650314432273e-06 2.407395938005597e-06 2.2760331058047825e-06 2.4226642363068106e-06 
2.4165516140314083e-06 2.3913289093805596e-06 2.4070899263942717e-06 2.2756976808562374e-06 2.422286837730561e-06 
2.402493138894968e-06 2.3788364497633245e-06 2.3952366627165655e-06 2.262527941307843e-06 2.4095667090608746e-06 
2.4013797646931117e-06 2.376621981534559e-06 2.3938352795687674e-06 2.2610175736687344e-06 2.408566838195223e-06 
2.4014041729639784e-06 2.3760625003509396e-06 2.3932633376537603e-06 2.260744963661261e-06 2.4082807234914493e-06 
2.4120315837522024e-06 2.3883619424194e-06 2.4052272731261516e-06 2.272171583436371e-06 2.4194875735448866e-06 
2.4069527261493347e-06 2.382431547164001e-06 2.399611399572706e-06 2.2667144284060647e-06 2.4142336851552135e-06 
2.4122708547482335e-06 2.3874160999661383e-06 2.4050681725247947e-06 2.2719691722137204e-06 2.419775134290984e-06 
2.4023040194665535e-06 2.3779412651150387e-06 2.395239302101074e-06 2.262160432800892e-06 2.4097649803203464e-06 
2.4042464659843744e-06 2.380375232433728e-06 2.3964832815134935e-06 2.264118034032079e-06 2.4109656791729925e-06 
2.4147356160163875e-06 2.3912396483011265e-06 2.406202746139505e-06 2.27459225072777e-06 2.4206910746056578e-06 
2.4130414013417763e-06 2.389520185717347e-06 2.404622478895963e-06 2.272909183176484e-06 2.4191001764511912e-06 
2.4146102719745443e-06 2.3914365529069103e-06 2.405578865834566e-06 2.274469913926452e-06 2.4200451666366662e-06 
2.392919011243393e-06 2.3716812112202123e-06 2.3853127617041896e-06 2.2536185520996063e-06 2.398920486467307e-06 
2.392326757199615e-06 2.3700304553239137e-06 2.3834422506981623e-06 2.252445235555025e-06 2.39760085006247e-06 
