-184.43179095203257 -143.1614590102966 623.7310665900147 
-184.0903954900035 -143.35219831667848 623.7812831683227 
-184.10909684135643 -143.55382120228128 623.8502828500767 
-183.52813406478475 -144.64794913313125 624.7828828977698 
-183.35229291545073 -145.44828675815614 625.5583372889243 
-184.10730691104646 -147.0508473906263 622.1246484734124 
-184.09411816195788 -147.18559637391644 622.0084736918386 
-186.609935107938 -153.55217313717017 621.3166918329416 
-185.87166111469608 -154.80123576693003 620.6606823900506 
-187.5201154437105 -154.74327093401877 620.5120094916816 
-188.0258919736456 -155.30926215096883 622.3369898804251 
-187.97890028975027 -155.37843116304654 622.388396329248 
-188.0893516327597 -155.23197447390382 622.565904937909 
-188.08645478716582 -155.15183502485706 621.683430481035 
-190.27156804433295 -154.0417824422786 623.3402584666529 
-186.9715326600193 -153.39095257624584 624.4301942187653 
-188.32411056092033 -154.9190212636644 621.8932973335352 
-188.780397472738 -156.2991108856686 625.6307292928824 
-186.71962089059687 -150.8648918087647 628.3126907823982 
-183.87758334333319 -153.10207013848247 632.0689180699599 
-184.42364513473117 -147.079305933636 626.1582524313327 
-186.3895581675326 -144.93812671476056 624.4406581537252 
-186.6561356191906 -144.83624876049797 624.4042800188378 
-186.4947186702398 -145.34261869566927 623.8742494065133 
-188.2274579212376 -145.4052397890239 623.7973138592621 
-188.22109964062733 -145.49315657983018 623.5742216890516 
-189.73064709128772 -148.30807347706107 622.4106381169723 
-189.74489461067066 -148.09686714008967 622.2209070259414 
-189.50432200962473 -146.70801161099695 619.6279346716951 
-193.6584762162476 -147.48216358751816 621.3770726437893 
-189.73687384221014 -151.60620981652175 627.562967081706 
-189.21233153901818 -150.63700853355522 627.1322733850998 
-186.56768362864224 -152.26985182245784 624.5343545005818 
-190.897920408322 -156.3453479682857 627.4005393302971 
-191.74445344025114 -159.56313351105342 627.6798053394178 
-194.7820497825926 -162.5459556919724 626.5698143571984 
-197.00523155005905 -167.33041846267298 626.963085929709 
-197.09274880890578 -168.2678549927444 628.2760841069129 
-199.99103917020796 -169.96098023640556 634.7265466976528 
-201.36516963021035 -170.58980733882623 631.7863653269683 
-201.77579919726318 -170.36378052995317 630.5263462060893 
-201.30062064561355 -169.7720647572209 631.5972632608612 
-201.7282511863833 -169.55246837796022 631.694543718841 
-200.78561662298324 -169.94853990065153 630.9646334056556 
-200.35499798647766 -168.27351493408804 631.8734079120677 
-199.71984845302387 -168.7321901738313 634.7591998159551 
-204.3838153710029 -166.4504479812002 632.8217019207586 
-204.08875077020403 -166.28361426780947 632.9322481667754 
-204.59011436144795 -164.25134740693787 633.6922891058084 
-203.91159692085404 -164.19837250778048 633.5194802448943 
-204.78895534647592 -162.128672099119 634.019811472858 
-202.86925769725235 -164.4723466628956 635.372904525166 
-204.88677760624049 -169.087339330789 634.179900423426 
-202.70116683013032 -171.79626364164906 632.5858828929292 
-203.24401476129265 -172.4178522087979 632.8913258705021 
-203.37478660196635 -171.88607308111435 634.602001256759 
-199.58632631461356 -170.3311178306814 637.0836715850866 
-202.37155157593654 -170.68512504099343 638.0110702507773 
-201.3001175085068 -170.63132093584073 636.8736453008412 
-197.96059094831818 -166.93729585731003 632.195829319516 
-199.88238360499406 -165.384644613266 626.5428232010255 
-198.3886668321294 -164.15904490106553 627.3917391357691 
-197.65243548804852 -164.25049118010946 627.3772555176545 
-197.76682376619084 -164.19152284876222 627.3711854359581 
-196.56806153315554 -165.9052663192302 627.0402698334692 
-198.1253890951699 -167.56439953673618 627.0064097918216 
-197.31921992057093 -169.01259539680905 626.9336614368424 
-195.3671157787574 -170.88583449595606 626.7656797965733 
-190.73677196993546 -165.216367352568 624.4986075402996 
-184.3340725611455 -166.02780805281654 625.3033186923957 
-185.21792865438385 -167.06563794266353 623.032960694688 
-184.27170304025097 -166.6173020756328 623.7542318163264 
-184.12245567617356 -166.49888955085623 623.8909923022597 
-181.51514531215602 -166.59583452540124 621.7231001150407 
-180.20504900682567 -165.34298183689768 623.0198837465036 
-180.03722890527374 -166.28961341468874 622.7244544914053 
-180.15517835322026 -166.23398284356728 622.6531895571395 
-175.2286725401008 -173.24010511846026 622.7804565984476 
-177.26639147477576 -174.08768292301633 618.8672757851825 
-179.47807488091644 -176.01662289166993 618.734610913188 
-177.87341587244202 -175.7046810850518 619.8311481359979 
-174.3661238931739 -172.481117941636 620.4911550235937 
-174.16786716454934 -173.546620310479 619.741031459621 
-174.29487654804078 -172.13107733090646 617.108481918103 
-173.15532491120757 -172.15370037615975 617.1249835988388 
-172.77753643824119 -172.16156949554954 613.8160018314433 
-173.158083434016 -178.9667378246593 617.2158426559655 
-174.53529705024806 -182.64048672242814 619.5949325645408 
-169.03915293944954 -180.73083093831002 617.062841226414 
-164.37490834435062 -177.01260907683977 619.6338490437896 
-164.01836340510187 -175.2310591405464 621.6269366657871 
-165.2870663318658 -175.83816846346014 621.5841777842774 
-166.72779462249875 -175.1896171162034 620.1493551841163 
-165.19344626936854 -176.63808207043678 614.9912746749287 
-165.2076995514162 -178.8181635550099 610.260849319031 
-164.77489707868497 -178.33649676592754 610.1619448100021 
-169.74054306542197 -178.5723646487158 611.7089321618895 
-164.55652490892706 -184.57304541726452 613.7985568127145 
-165.3511943857115 -185.97017895772598 614.6768520952129 
-163.83686014741707 -186.49960647536415 616.1152707922785 
-163.01634867781652 -185.94994126187632 617.9051260055618 
-162.97905149942807 -185.703021342061 617.6807650342498 
-164.08681017234863 -184.2922211273442 615.2505884446514 
-163.66131489041385 -184.5015748389331 615.1575614945638 
-163.40632656029058 -180.88554371731067 614.9530631058772 
-160.60745496267478 -180.23797734159578 615.8596228378349 
-160.3663983312118 -183.70949854513796 618.8048047857842 
-160.79659935440486 -180.46596126499648 619.855512465083 
-159.46531212120306 -181.6271087485031 618.9217199581971 
-158.54696574064133 -180.09266591032917 618.7246233588348 
-157.90317113122902 -178.86236895657686 619.5045680252347 
-156.39840948103088 -178.44728416103115 618.1638782100489 
-154.4182649135126 -179.3336251281682 618.6556681492661 
-155.72315053931786 -180.6518147605206 617.6519060867926 
-155.44464562577292 -180.530520098997 617.8149471733551 
-156.85174694343567 -180.9825264143283 621.8766679947349 
-156.82825614145557 -181.182048073048 621.1321120983815 
-152.97340441415935 -176.7010206013343 619.1448255503791 
-153.0591294511535 -176.73415139267505 619.1723638440475 
-151.52069441385672 -177.05382812519613 622.1017833864015 
-149.43578925961984 -177.62269699066684 619.4701031063514 
-149.50830037361814 -177.43266355625616 619.5338961260823 
-151.87930548871665 -179.60054435479623 618.7887161320962 
-150.59279519882568 -180.2298969726722 619.1862423755528 
-150.89108459536828 -180.93080410660355 619.0541735747793 
-151.001371653928 -179.67987942861163 617.9349224605746 
-150.89196453117543 -177.03526346032513 617.8873185061809 
-152.65286919170575 -175.10423162974442 618.7189858635222 
-149.60971490934628 -169.11675316188848 615.3260128161699 
-154.0637703177446 -173.21098860631164 611.1170843201854 
-154.51026703759365 -168.05475625193856 610.8737121149529 
-156.99778198328693 -168.34375081230246 612.9652560986607 
-157.60323309341487 -168.62880825074842 615.279436747363 
-157.0279068717463 -167.72569414911675 616.363117313933 
-157.48936982988724 -168.41691994994693 611.916240838735 
-157.69557867132852 -168.8789037299479 610.8994226352515 
-157.53750269844446 -164.7856845367715 611.5318084392741 
-159.23172553707894 -164.03529894874973 612.1657909667704 
-164.23579678498947 -162.92429332913727 612.6495865907572 
-164.81041721913923 -163.36921049977934 612.2325003422687 
-163.2553481321537 -165.43173426067312 610.9171831253523 
-161.6315954133484 -166.58119984546505 609.5684200428706 
-160.74180366225843 -166.20252277145212 608.107938630296 
-160.8213376258379 -165.60822731056152 607.7009585896354 
-159.9801097216707 -166.76614570253167 603.984426884231 
-159.86459027451534 -166.88998436460778 603.9587157364969 
-159.94358894314612 -166.2754382110348 603.5548825942953 
-164.04129844554555 -159.0415501093422 604.0903159633416 
-165.71473232423358 -158.79885477318706 602.6109748565594 
-167.13469286589884 -160.15506983476672 603.6432519098666 
-167.18793031432764 -161.8143088736807 603.6183217323838 
-164.61239243496846 -160.06254288106098 605.6785160453203 
-164.4069404393153 -160.0859896556557 606.103486392107 
-165.45696334634047 -158.7752611940385 604.3910210430255 
-165.27032488659117 -159.14892182753832 603.9187287308503 
-167.50042200091292 -157.56796836314405 610.380018052778 
-169.40722943485605 -159.06855236874608 611.2247299883124 
-165.2385815807372 -154.9242751269358 613.3008642496343 
-172.6877783914693 -153.27917777858121 606.9806146289096 
-172.2467604920124 -150.4164204362726 609.2690003782457 
-173.36912504168308 -150.30508593159237 608.9252140129165 
-172.4046721256539 -149.81798042174847 610.0074211979581 
-172.54336427964577 -149.48565933757828 609.8840966045634 
-172.39094166858135 -149.55836035960323 610.1565096388122 
-171.89082437909394 -148.6881243412462 609.201450221888 
-170.37079777745262 -149.79103848182277 606.047231119801 
-171.30475839602278 -148.17040875972276 606.9878076335476 
-174.89954285007232 -152.0753439303652 607.3742473090448 
-173.91751006192263 -150.8761992508287 607.9354655778341 
-172.96653137800828 -148.2533397946185 604.4542611019949 
-173.87720703266274 -149.05490787225318 605.3531050516755 
-174.1357764011454 -149.24263714727502 605.5095052399171 
-177.1175633957732 -146.98579341981483 599.9178802670789 
-177.2056868608065 -148.69321146709842 598.1155751701791 
-179.69533009720791 -148.95777071976022 592.7047138415337 
-179.95739149078133 -148.66329569096132 593.3707605798121 
-178.396047359713 -148.63345737873465 597.1072881367571 
-179.45019049252298 -152.77651347276176 602.805691308894 
-178.01460146875095 -151.3484131532931 603.5205798796275 
-180.18038244554427 -152.14956999461256 603.6252861991641 
-179.30314384532952 -152.3055482235878 605.2871642897957 
-176.2460848076787 -146.65805189271865 609.7890524174289 
-176.29817019511378 -148.12600758650672 608.9105359996761 
-176.2524717668786 -148.4174377332438 608.5191808757743 
-176.8245378463454 -148.35607231182482 607.0814182982432 
-176.9026974325414 -148.8790123204007 607.4605218187921 
-176.78662246075712 -148.33315837470053 607.1090683186083 
-176.9842615381759 -149.2181307150757 599.5039871032551 
-177.26693456482985 -149.82097381213842 599.8781507045785 
-178.65515569076783 -149.92209538363895 599.4998686918939 
-178.64085627759306 -150.01221965236476 599.1406555328764 
-177.57970030420194 -150.8519778504966 595.2378536154041 
-185.1310654857608 -149.73850680830697 594.9454667503899 
-185.19746714181923 -149.49794535432235 594.8029989296209 
-185.86845725076415 -148.25641605223814 595.2242441881351 
-186.76257970895563 -146.53937197937398 596.117572320831 
-184.4824799962845 -147.98605337584848 597.3584627676724 
-184.30253934692004 -146.1235637280229 600.070551248276 
-182.68267923498027 -149.2691305260293 599.0441169883378 
-179.6142689636155 -151.85734968051918 600.6759834824549 
-178.69318512468809 -150.635148284341 598.604271859214 
-173.9408121980309 -150.39925483506386 600.7753182904793 
-167.38129502410288 -146.95472508331247 605.0041622842533 
-166.48493920651467 -147.51147875826683 603.0336793357685 
-167.16438346750547 -147.6793304514013 603.0724544405979 
-166.320088910841 -146.6772952371461 601.8509928127506 
-168.42821400576653 -150.48534390728722 601.6162640911007 
-166.3850455534786 -151.69701175026572 601.1995147108678 
-166.12166057162437 -152.69919010416092 596.3801118227528 
-169.90107372218228 -151.85671131748455 596.9282242712666 
-171.67830990228242 -153.09500396855287 594.8621221982579 
-170.86606956304064 -155.60786683570686 596.1407639017984 
-170.67092006656185 -155.61450443721833 596.4850946835746 
-168.45847655941017 -156.12271096453037 596.6642401451369 
-170.18203037676327 -162.68639719638963 599.003179200122 
-170.19853488559602 -161.73541487114758 601.0692447056852 
-172.61005478048168 -164.8557607328387 602.3428391535475 
-175.0042800548265 -160.0879944997149 598.2238589384639 
-174.758883570682 -160.94866504572875 601.4288578316758 
-176.1827833370942 -161.43950239280954 602.034194729823 
-175.559206159508 -160.9287273227356 602.7082846487903 
-175.5925831800614 -159.6611859175573 603.303879837119 
-174.72913633777935 -159.09059419363876 602.2360807960929 
-174.4995106859074 -159.4044194449383 602.5760491184616 
-173.52686611437275 -163.7997509764478 607.6337464628964 
-167.89628457675968 -169.49631567003414 612.4710507900077 
-167.09222329563707 -172.02626758835427 612.5597653062805 
-167.23058826023208 -171.90920456255813 612.4882168321559 
-167.31294999062976 -172.17622852572785 612.4992051165465 
-168.31373648773373 -172.0817041388171 612.9254287255358 
-171.5350198894086 -173.6329535220488 610.5467195108159 
-176.48571860261706 -170.716157808325 607.352246656832 
-175.02345639810397 -168.4891542475388 607.4944571383888 
-173.69972729966756 -170.62732224887688 607.5381408454263 
-175.20585976644793 -170.79821169061302 609.565559299031 
-174.9584692492734 -170.9668095938518 609.9215982933026 
-175.82941819315036 -170.54603891610336 610.4096148390428 
-176.754117612516 -171.6220703614355 611.2223377061199 
-176.81799393572493 -170.33805710512746 608.4794272497925 
-178.8436527906534 -169.53113553290294 613.2388853105956 
-181.80370110351726 -167.99465551030383 614.6576255182454 
-184.31432053646327 -163.83737749765976 616.4367307592098 
-182.73437167722844 -163.3078681295661 614.9305085721006 
-183.45834807102494 -163.09802218135746 615.3281582579597 
-182.3003794078091 -162.62483521140618 615.527484093124 
-182.6571435077611 -163.66886228759256 618.2687895126332 
-180.9109637333563 -161.54000346974956 619.6895775509466 
-180.9385056769468 -161.46383702288526 619.8739405594619 
-181.10972670683924 -161.27050398851443 618.7918450177913 
-181.63251184303442 -162.1792425108984 618.4082745106272 
-179.11111672781928 -162.48187027885106 619.6389068154049 
-175.39197383764025 -163.03395270905682 620.7809416460541 
-177.8531278203531 -162.81609317433853 620.2766917809791 
-173.84295731798193 -161.82414124148454 628.720779871327 
-173.69107731966136 -162.55532354758265 628.2730161961924 
-174.8998953108715 -160.7330523457672 631.5301862332155 
-174.54906747135033 -161.1141335357582 630.79251232803 
-174.52692281014876 -161.1070620782537 630.8300820505456 
-171.58014021182552 -156.51465476731883 630.3075632910129 
-173.111488027105 -153.96828037033467 631.7985154287794 
-171.63903745467786 -154.09520524512277 629.949790866949 
-172.09309947964073 -154.15883657223588 630.2490948477682 
-169.9801252595205 -150.18565603265318 630.2704472370551 
-169.21588708087532 -151.75576103982937 630.8714046491925 
-169.70386084372595 -151.85515935037913 631.1334952454439 
-170.2934814878017 -152.28381515850774 631.52709787232 
-171.8038740540594 -148.21205273466492 631.2977402554916 
-174.20244747318225 -148.12923492836973 631.5576677794871 
-173.1231657374113 -147.90414839465274 629.1696521193234 
-171.65571804851461 -149.86300372306286 629.5920526754018 
-170.6601250938443 -149.42988303369194 628.7545696757826 
-171.8267172031078 -151.04644824246517 628.0655401894112 
-173.04625359513838 -150.45222970838577 626.6039643091842 
-172.34708880785192 -152.58415339133217 627.3494324328162 
-172.55351343798114 -152.00038051093804 627.8858811807025 
-169.8883687675458 -152.14456539227547 628.3122758093142 
-168.24329670387525 -150.78992578977943 632.0466567651832 
-168.0186914692847 -150.43551939909986 632.6771539850462 
-168.07722235724162 -146.23278113396066 630.3396891088366 
-173.4059454660985 -150.9485955561217 627.4606310922752 
-170.7081121298232 -146.4959829944621 627.5806583661816 
-170.9675837664292 -144.96885935282756 628.2351732564963 
-170.79963682357416 -144.31074583738152 627.7465518655177 
-170.76955025209753 -144.30685260371465 627.7682889414419 
-170.5201407733438 -144.0833492746038 628.077246568866 
-171.95857639341554 -144.3473458974045 630.0249481929617 
-169.41075959287213 -148.30617890524175 628.3825685133343 
-168.77643986771096 -148.05900731183576 625.9361508100925 
-168.36760243115882 -148.1088780945937 624.184959659179 
-162.82313518773043 -145.4526570194594 625.7358833110314 
-162.87438977580015 -145.31063236449927 625.9898633525888 
-163.1145887654109 -145.47607951584314 626.3105155770777 
-165.29076258384754 -145.883442921856 627.3413433095054 
-165.53698618397797 -145.62077011042027 627.4385769261452 
-165.58996738676115 -145.65091838489448 627.4684145882862 
-158.9710154080791 -148.3498236623821 628.9249037717822 
-163.10320896914874 -153.0432345650145 627.2916789099614 
-161.76721358308114 -154.19942448045666 626.2807663949576 
-161.86224879609478 -154.26419825466664 628.556908905673 
-163.46898679934492 -154.12445886601458 627.5505041603535 
-162.8694276939814 -152.2589409949323 628.5494444842666 
-162.72461572333106 -151.17156942518045 629.4324795550712 
-162.12218868603046 -152.5588556913564 630.387344731158 
-164.25999615355374 -150.6049104605798 630.0036738686019 
-164.03976982556847 -148.73086987561808 631.0818117904465 
-164.9565332847329 -148.97104848865584 632.2481569707035 
-168.06244129383055 -146.9504353501391 632.2892053398521 
-164.73302664804393 -147.96302901373215 629.9781865421297 
-162.31043181708714 -148.19319939170447 629.8099713847383 
-161.36673021827772 -148.0932417863063 630.2782289776092 
-161.19797611183466 -147.73404145907648 627.4446558310339 
-161.30741075875153 -147.68861635794133 628.0338888949176 
-159.53943575136307 -149.05975607380603 628.942262796705 
-159.42024834293474 -147.43654955690155 629.9272696179042 
-161.86398454884346 -147.18055082011446 630.9586151746176 
-161.1918677605196 -151.00255515505955 630.5846118977689 
-161.17210706031912 -150.82865644693013 629.5485397311628 
-165.09844728194201 -153.96785272507412 629.2316731165616 
-170.7353364486248 -156.84500832775782 632.0548894596717 
-171.90018250234775 -157.55593496317408 631.7237303762927 
-176.8118691415318 -155.68657182854878 631.9914195375354 
-177.69607653963473 -153.02030975363516 630.6030870755919 
-175.98358507002578 -152.58684315466073 627.15954851863 
-176.3888116509992 -152.2343791929995 627.0203630446582 
-177.64125349311962 -158.65418289634047 628.8027233641694 
-178.70566703990943 -156.9864534926679 630.0600260243891 
-179.6646762843302 -155.06555980417227 629.6348697392045 
-179.7501571666799 -155.05863864340975 629.8563154734984 
-183.68427485946677 -156.40487109076372 627.335815702485 
-183.68573105027198 -156.38740092556353 627.3056427390112 
-185.63211050029284 -155.6396116372597 629.9903678679611 
-183.8859338844218 -154.35307068705336 629.8784992335598 
-183.96633269973438 -154.34682629750526 629.8344253821075 
-183.32684507822472 -154.9639238936451 629.3454745600383 
-182.70280169505597 -154.31316361233544 631.0172681997562 
-181.51038983462595 -154.64266789166663 631.4693727663984 
-181.53066038340077 -154.44030748072888 631.3960115442432 
-180.82866006958568 -154.36377472606196 632.3872910963767 
-179.25912252629658 -156.89000497573434 630.1632436709749 
-178.75894696539677 -156.87276053521705 630.7029996454638 
-178.85039031161693 -155.79234392083862 629.8851190545578 
-179.31446903773963 -155.47396013119564 630.2729341805598 
-177.61973093094298 -153.64583741233437 631.5099542131047 
-179.5883559093264 -153.5488752409762 632.442481175514 
-179.20905025704408 -153.1728066652889 632.0866532545773 
-180.4321318606871 -152.2104895782478 630.3629933106806 
-182.01669265326765 -151.5095638578324 631.2730676524832 
-180.96609478529263 -148.63996816095985 630.4807841592942 
-180.33976591795218 -151.86671028960131 630.9411442610816 
-177.38875388952093 -150.50206188740614 629.8624604693389 
-178.2435627417865 -150.40448260107527 629.7329755388802 
-177.33339355928007 -151.51937586661896 629.3831569566747 
-171.86013256772839 -147.38911259571964 629.1594761701512 
-176.7829094685825 -149.9285923611305 626.369566535532 
-176.53064904275362 -151.21635235955836 629.5501673038095 
-177.01387304333082 -150.28609205053024 627.9553864723912 
-183.9712477299385 -152.23695730782356 629.7521390932642 
-183.51580375887693 -154.62192357063682 628.0999361618912 
-187.87046982534872 -153.92497890540977 628.1713344074161 
-188.5622137001957 -152.67702176921176 631.1524043481903 
-190.0591556296995 -158.25481244377667 630.170197806168 
-191.03075276831697 -158.46240598335208 629.5901495001758 
-190.3043160633129 -165.7567138457577 632.0280131018507 
-191.37215649254472 -164.55291627789137 632.6446877541582 
-191.57831490672424 -164.5995196114224 631.4728891873538 
-193.09009100337158 -163.8329704455138 630.9647283517711 
-192.5554110682044 -166.27297836029237 634.8532538528617 
-192.12253348642582 -166.35218338359624 636.7151246629394 
-193.50873287318245 -169.86025437543358 635.1302522146706 
-193.50873094990482 -169.86024976356833 635.13025439435 
-194.94205380224778 -171.22548297805977 636.6536662611293 
-195.79453468924174 -171.51828724361587 636.9835978428395 
-195.7797341028186 -168.44873373467166 639.6668892821298 
-195.34605497354377 -171.3941173703489 641.0963405285269 
-195.15510522024002 -172.85233069300634 641.1219133834481 
-196.0904979409835 -172.6851457077457 641.6671083445476 
-193.42142921414435 -173.60494546811506 641.9476068580044 
-193.45515425807076 -173.65633521787345 641.0676817469746 
-194.09550448751335 -174.32909523001268 640.8269269144679 
-191.95641763969238 -167.9982570184264 638.0355476698729 
-191.25179480507882 -168.08202066324696 638.2560142249151 
-191.33205324170734 -167.93828466324217 639.2626446095799 
-190.10601724223525 -169.45489832738082 638.8635310577122 
-188.1767304115415 -170.57465812589072 638.8357909319263 
-189.1748914985654 -166.48042074424916 638.4055962794473 
-188.9303789236668 -166.27171498966666 638.6227830404109 
-185.72530105979877 -160.59110715166582 637.815534298806 
-185.5347983249084 -165.41936624503373 639.3210419479624 
-181.38266418648573 -162.65001026893245 637.0738281139395 
-181.26195966685603 -162.76910155294073 636.925506303014 
-178.36909528397302 -163.26304218771716 636.4216180048508 
-178.41378210468508 -163.35410676941746 635.5410702968534 
-181.33534640181753 -161.37281113696093 630.6827943168088 
-181.70272485461663 -159.44456548761215 631.1115993087583 
-182.84704962395978 -158.8187510209667 628.9552933132805 
-184.97708440080888 -160.56668129616608 630.3459467421178 
-181.02785308549352 -162.71790538454678 629.3079445422406 
-184.19547261420823 -165.25545888978104 631.0148134121744 
-181.92749798637195 -163.36062573216185 629.4322812610897 
-183.24284606445713 -158.49415632503198 632.0857334104355 
-186.68413265165216 -160.9619686458836 632.0821366493943 
-187.32966810958806 -159.57984030120218 631.839368960983 
-187.38745264912288 -159.48979755357053 631.7778553851127 
-189.06753862419254 -159.11983395681887 635.3682532672532 
-189.2572204467911 -159.33545751334535 634.6737109512004 
-188.85221714272384 -162.77639406730492 636.8261288649186 
-186.5262517585351 -166.03220712512507 639.8730955993468 
-187.4897662454617 -169.80395763051536 637.5831120441424 
-188.59209878653493 -168.68210020412567 635.8056616442036 
-188.60824066310082 -168.69142760424995 635.6197088996453 
-186.6276527758813 -170.39378970285577 635.0987141761009 
-190.74131668038189 -171.551171499614 627.528293639799 
-186.49740271445498 -171.19112733232288 625.290266551834 
-186.964486354464 -167.50028762950546 620.9501403788125 
-187.96625800285418 -169.56683843333565 616.3727016568649 
-189.32503285551977 -164.67363229566493 618.962763353496 
-188.087567561942 -162.39837017456767 618.7394487340828 
-188.6603398841322 -162.21633062901668 617.7070448610818 
-187.73257101985433 -162.24334246714898 619.5131026399927 
-191.23439529543194 -169.3771268001102 620.3387222535814 
-192.28547856231154 -168.93226883234558 620.0031352700021 
-193.72671845743565 -169.22579409002137 620.194062828098 
-194.1013742104448 -169.42698087476168 619.8852878604825 
-192.69897536599714 -168.40032997681837 617.3216167601271 
-189.46944236454897 -169.37817570040434 614.2175877732384 
-190.0375063142602 -169.31893113720824 614.2472911290017 
-189.16004916678702 -170.1618828244318 615.4991235625045 
-189.32005625634213 -170.18077900548982 615.5157210552157 
-187.03692784708542 -170.52996953614186 615.0256609485167 
-183.9706361779312 -171.88124313370818 614.7047423524785 
-182.986332681353 -171.96789135945514 614.8882679404826 
-182.53208281519022 -173.32215967677678 615.1545825716063 
-186.13270741678562 -172.4797693063098 613.2399656489698 
-186.21244382989423 -172.51615940466985 613.3488665956437 
-186.83854076424146 -172.46469175241566 616.540303751096 
-188.34785960831604 -171.72961701689837 616.5605002164441 
-189.23790375340894 -171.933074085174 614.5678302115814 
-190.57176418539407 -172.6232943131349 613.6446232801127 
-190.6126090836359 -172.8074432506749 613.2197176910952 
-189.2236608152543 -173.20505678771232 612.8483663914515 
-188.92816438292877 -174.43024115805036 613.8153948825657 
-190.0334225563156 -172.49338750678055 613.053295559641 
-187.5428714324213 -171.52316594500576 616.1813322477897 
-188.4797203747322 -173.11748392012882 616.6614566136031 
-187.64519764631297 -173.21595366166102 615.65787392865 
-187.5976888042253 -172.60878890700334 619.9842339670301 
-186.95758156538412 -172.71730049293714 619.7218411752989 
-187.51870072622626 -174.67622552357238 620.0397227329801 
-187.33569377804844 -175.6902423830532 620.804152199595 
-185.89560037937682 -178.74879633168266 620.7633113280662 
-189.08468530810111 -175.05006297392742 622.6103439607886 
-188.17718769645307 -175.91017873315857 624.5768843490581 
-185.78041978558082 -177.08131164527956 622.1258883512703 
-188.7586728176195 -175.72332028245557 618.1664656271564 
-191.94271159203595 -178.7192324765779 618.2256009147375 
-193.96513173223553 -178.26039594953798 620.4439923096347 
-191.4363325269819 -175.14305369616906 624.3983040335247 
-189.42527544014908 -172.46041801299475 628.127994861487 
-189.62580710456115 -171.03952191017495 629.4091394930216 
-189.82486083709287 -170.91094457133835 629.0609063310684 
-190.19282442220305 -171.24543542109967 630.2537184499837 
-190.1335923373309 -170.2949608174286 631.3322880651907 
-190.0190874640743 -170.21325334035907 631.5473825185508 
-189.31759206334573 -169.76150091751265 631.0998288489022 
-189.95891924349039 -169.90450842674622 631.1254710563486 
-191.9334729494875 -169.87929221891005 629.1711847530454 
-192.4637329534394 -171.9059122478228 628.6208590797212 
-201.67479409906977 -169.76800509078257 627.0894523734878 
-202.89100364283865 -171.27635855676118 629.0190846149952 
-202.69099264400649 -173.65305612114963 630.1822457397253 
-202.6744565937754 -173.99717271119607 631.1132335284158 
-202.20025165567398 -173.51536791209952 629.5847986263958 
-201.72733026367865 -172.0942564636681 633.895750280889 
-202.24422238060382 -170.81002550250435 635.4729782948153 
-200.9579285869935 -173.0393307954838 633.8570235124768 
-205.87616986621953 -177.4105757654329 631.7580222940121 
-209.20338156851315 -179.11182900093593 635.4214710427241 
-211.3587335288059 -179.2692991938523 636.6856976586649 
-214.83771861876548 -178.58965260542678 635.5295108255641 
-214.50073692276916 -175.9530239337804 629.9048391621897 
-213.69259341617015 -176.36516521398042 631.0839707585468 
-212.62025737628994 -177.65004802388728 629.4215537029729 
-214.5411077110981 -176.74473281204854 628.2415627274017 
-215.0280836157651 -177.27441402260044 628.777282083253 
-213.6510296652152 -174.24109972585237 628.7666736607615 
-213.35439349985552 -175.20878416665835 625.9615335447688 
-214.2603390402768 -175.69487962590432 624.2090578920572 
-214.26900254216037 -175.72069287583025 624.2129014500903 
-215.1921537217304 -177.58452380095358 627.6576953930694 
-215.7224802589733 -178.84146088344502 628.2969938105655 
-215.30997051888372 -177.91111319039652 627.2781008718923 
-216.9956265371826 -175.91662422142696 625.0121288525804 
-216.95987119624638 -175.6992508175399 624.7777681935486 
-219.73693668371212 -170.79608599070548 622.9440128017366 
-220.51426514411398 -170.6776530675686 623.1473206514644 
-220.32260971550872 -170.75361891041757 623.0224895919761 
-221.07166743344277 -169.32293671911577 622.3604864035105 
-217.47551092868136 -166.7471472130791 622.443364080355 
-217.94757786945158 -167.16807768959035 622.8050341182586 
