1.7667787135902603e-07 4.4102702913483065e-07 4.3190171724904974e-07 3.218447121749112e-07 3.2929327697384106e-07 
1.7773516809774397e-07 4.408193595146256e-07 4.340458311240537e-07 3.2235065177541907e-07 3.3202976724174997e-07 
1.809524611413859e-07 4.4460298391329514e-07 4.3748595569580233e-07 3.278354698718872e-07 3.349182328984735e-07 
1.911313141848012e-07 4.536692889156009e-07 4.472586612404796e-07 3.3539936638796277e-07 3.4447700244418884e-07 
1.753551058846166e-07 4.3926774002096406e-07 4.3354344649218206e-07 3.272018143273102e-07 3.312658211325072e-07 
1.764505304844754e-07 4.400827388824788e-07 4.34786615102162e-07 3.2807992832604946e-07 3.325652114414967e-07 
1.6887604071169735e-07 4.3715322557865015e-07 4.23741005339869e-07 3.257942924955187e-07 3.1951626671769795e-07 
1.7081969146652154e-07 4.331822717245173e-07 4.3122616090271506e-07 3.325486925560925e-07 3.297685609787013e-07 
1.734213564606867e-07 4.350657154135894e-07 4.3393063989184264e-07 3.3621019295336165e-07 3.325198842428767e-07 
1.8028868663124607e-07 4.426575966031033e-07 4.3985320753037174e-07 3.422838987310601e-07 3.3753451638222494e-07 
1.839379777233575e-07 4.477852595450247e-07 4.423198394323106e-07 3.4332092107080606e-07 3.391029701411675e-07 
1.7007830299965161e-07 4.348527505561134e-07 4.2855432332636044e-07 3.3216534256333e-07 3.259227960251352e-07 
1.652563729800664e-07 4.3490575697415425e-07 4.185492819442981e-07 3.289881746276973e-07 3.1350678038088295e-07 
1.681729587679251e-07 4.380108417239154e-07 4.2078234928918254e-07 3.2415382748955827e-07 3.15690512041514e-07 
1.7272766873230426e-07 4.431735573269217e-07 4.244138468357804e-07 3.3291783144751473e-07 3.183999711391123e-07 
1.6934633385319906e-07 4.39847488860007e-07 4.2128456702535463e-07 3.302310113470415e-07 3.1550286171566427e-07 
1.7180028157238855e-07 4.425434899497596e-07 4.2284063171554353e-07 3.347347279703831e-07 3.165541180144154e-07 
1.710555110985271e-07 4.4154333149593523e-07 4.2256095762869657e-07 3.341346212114317e-07 3.1649734270649234e-07 
1.7180880151975783e-07 4.426260185957461e-07 4.227183783069202e-07 3.3479435544433735e-07 3.1637890902655204e-07 
1.6749700682379214e-07 4.407591663330213e-07 4.144799786710905e-07 3.291789315825268e-07 3.068818202840512e-07 
1.5829165373293534e-07 4.329616388710923e-07 4.0296386003848243e-07 3.1965681571932275e-07 2.950677340339501e-07 
1.5809385086171952e-07 4.324774073586226e-07 4.0358529561989223e-07 3.1945019462596633e-07 2.9596573867266663e-07 
1.5373371144212725e-07 4.289609175115973e-07 3.972650446638719e-07 3.136210212040898e-07 2.8934066080261314e-07 
1.5358167808403875e-07 4.2867052621621547e-07 3.9762005511750827e-07 3.139391654959792e-07 2.8983296132257306e-07 
1.4270253927200708e-07 4.149771527714356e-07 3.9430936807946675e-07 3.013947911380597e-07 2.8999231662273667e-07 
1.4252038083680003e-07 4.149777382951871e-07 3.9381978240386416e-07 3.0126858807786044e-07 2.8938684823010304e-07 
1.41823125517077e-07 4.143828498767835e-07 3.9347455607920594e-07 3.042129263369236e-07 2.8894638188691846e-07 
1.35070438580623e-07 4.0524509552799566e-07 3.9124525859773904e-07 2.969663641906844e-07 2.891214818954524e-07 
1.5384839046521363e-07 4.2213958506556276e-07 4.10120223343269e-07 3.1160062495880334e-07 3.0727979872127464e-07 
1.5692644381990418e-07 4.2486769648946267e-07 4.135114931576831e-07 3.1891353274823194e-07 3.104077066477013e-07 
1.5801140472148613e-07 4.2770744246063223e-07 4.115948017315397e-07 3.2378988232404925e-07 3.070647252929409e-07 
1.6199432271321544e-07 4.301851986402616e-07 4.1763046523560005e-07 3.251222081905317e-07 3.1381767704336944e-07 
1.5351059127906808e-07 4.2337888560502394e-07 4.0764333215999577e-07 3.18527515607733e-07 3.03528931424097e-07 
1.4959310266651787e-07 4.2285992290688196e-07 3.9881158018794753e-07 3.1243318188596067e-07 2.928916776015387e-07 
1.4819117578052602e-07 4.218031004914416e-07 3.9682095870055597e-07 3.1131613794654087e-07 2.9075579308592713e-07 
1.4790627687076564e-07 4.181838066223959e-07 4.022517185084394e-07 3.0664478980146946e-07 2.987615078791708e-07 
1.5259558503702895e-07 4.223085273651447e-07 4.07396277716793e-07 3.123131633172868e-07 3.037618688427351e-07 
1.5580457184746336e-07 4.2697074309157184e-07 4.081821033036318e-07 3.170091293774052e-07 3.0323064167801106e-07 
1.588410485220946e-07 4.283852551063403e-07 4.132392989094036e-07 3.2086498107531213e-07 3.0898929489153367e-07 
1.6090515074039437e-07 4.2827836402009e-07 4.175609637355455e-07 3.2416589736219337e-07 3.143142568309139e-07 
1.6288268229687862e-07 4.3206306474561586e-07 4.172740889849761e-07 3.254057959842049e-07 3.1282633201569384e-07 
1.719772761985291e-07 4.395013050921667e-07 4.2718518469604107e-07 3.3574738901801097e-07 3.227745597230204e-07 
1.7164988308559483e-07 4.3913988778703047e-07 4.269550116578163e-07 3.353189024846573e-07 3.2260097315829365e-07 
1.7198745612164447e-07 4.392613525582204e-07 4.2749484886136526e-07 3.356795229994678e-07 3.2323043971289974e-07 
1.9275552763451507e-07 4.609656009575099e-07 4.451321387263395e-07 3.5567015268404976e-07 3.386269799116629e-07 
1.6663455250241524e-07 4.3697090064923764e-07 4.189794117035379e-07 3.291611872048262e-07 3.13457689903019e-07 
1.7343339798008226e-07 4.465516447185899e-07 4.195457884777696e-07 3.29349897430479e-07 3.117314617321699e-07 
1.7515844259389808e-07 4.4851764510970477e-07 4.198782403418118e-07 3.290538020167151e-07 3.117309589952077e-07 
1.781489848202854e-07 4.505300637816264e-07 4.227882881427974e-07 3.2769415773891304e-07 3.150665731222218e-07 
1.775953715473958e-07 4.4992728774668057e-07 4.2358335025375854e-07 3.2942950735661243e-07 3.1600381687791995e-07 
1.7700744203859162e-07 4.493362942212699e-07 4.2317278526237633e-07 3.291180359755558e-07 3.1564663795495164e-07 
1.9210683343305305e-07 4.6523132648003335e-07 4.3544115409906743e-07 3.4466191062188017e-07 3.261837667927302e-07 
1.923092574178509e-07 4.65307802661647e-07 4.3578152765098e-07 3.444913952827727e-07 3.2660367989290537e-07 
2.02624392882875e-07 4.743084563534669e-07 4.4441584508752436e-07 3.475102150735969e-07 3.353370867966185e-07 
2.0272075504916806e-07 4.744930040314258e-07 4.442371527102959e-07 3.475207313832002e-07 3.350833146791683e-07 
1.8813993061062375e-07 4.605603695779864e-07 4.3212984584845317e-07 3.3789868129853725e-07 3.236461394452329e-07 
1.9001372396801667e-07 4.6185633333437104e-07 4.3522189201678e-07 3.3990697542738484e-07 3.2703161253913224e-07 
1.9588295878238667e-07 4.6873199035509454e-07 4.395266089071159e-07 3.483336163317401e-07 3.302113894434302e-07 
1.9552243899373238e-07 4.686257416384991e-07 4.390917750370665e-07 3.4945916360280226e-07 3.2960650784815705e-07 
1.8790818066777135e-07 4.615317315637255e-07 4.3124832315303276e-07 3.4312300804503237e-07 3.219014744754729e-07 
1.8567454726051282e-07 4.58196180994826e-07 4.318280414836012e-07 3.411201146040331e-07 3.234844867134259e-07 
1.7785120079331365e-07 4.516326610158153e-07 4.2213828880277175e-07 3.345810347247826e-07 3.1342649576765533e-07 
1.7197514480716323e-07 4.4471812960090637e-07 4.173789980421432e-07 3.2362050719109934e-07 3.099295306181942e-07 
1.608423544764361e-07 4.3077668187926184e-07 4.1178146475426745e-07 3.1108810633842537e-07 3.072530906760685e-07 
1.4829858363699193e-07 4.2072169307444104e-07 3.9748573529889615e-07 3.024401860635842e-07 2.924492962181772e-07 
1.4769596915124085e-07 4.2022082266848084e-07 3.980375481148462e-07 3.052900581604998e-07 2.930272733050512e-07 
1.4540967949837998e-07 4.187678491440518e-07 3.9369207428361356e-07 3.014741996418346e-07 2.8824770450199136e-07 
1.4649516230786418e-07 4.198015694223528e-07 3.947042227021064e-07 3.023449000036907e-07 2.8918965528368306e-07 
1.463917344538481e-07 4.2008839976058107e-07 3.938032522814991e-07 3.0248166135584975e-07 2.879810544336778e-07 
1.4265197329333818e-07 4.159613070479294e-07 3.910803419586408e-07 2.982252991530022e-07 2.8594065703384996e-07 
1.448962485507888e-07 4.1786476474509924e-07 3.9414452140343337e-07 3.0111813515967693e-07 2.890668863791544e-07 
1.494919633523009e-07 4.2244114434299555e-07 3.984354930388908e-07 3.059462084522426e-07 2.9291915024561985e-07 
1.4538649976035423e-07 4.187472157253984e-07 3.92263066416066e-07 2.986752520361807e-07 2.867203722327625e-07 
1.4967417307790227e-07 4.233405282899751e-07 3.9531730688905964e-07 3.027274994232098e-07 2.890940456890628e-07 
1.444135365607056e-07 4.1743124212600256e-07 3.922548908701213e-07 2.9784499711929193e-07 2.8709962430881575e-07 
1.4566185581557462e-07 4.17350290885559e-07 3.929505478099605e-07 2.939884980575585e-07 2.884348320701897e-07 
1.5107082615914277e-07 4.2256911889327447e-07 3.966875677541085e-07 2.9712432667939197e-07 2.916524734971429e-07 
1.4591080914728848e-07 4.2127196323601195e-07 3.8275249016560933e-07 2.953271261859084e-07 2.746837815987892e-07 
1.5133993554918456e-07 4.271796052191279e-07 3.8532233152310145e-07 3.0062752529901886e-07 2.761135609915171e-07 
1.5405022586174753e-07 4.295632673979959e-07 3.9047248456307387e-07 3.039189523870259e-07 2.8164613791085503e-07 
1.5744746293557884e-07 4.3447134637786273e-07 3.896457529299452e-07 3.12082710423842e-07 2.7886679232045143e-07 
1.6794632907828037e-07 4.449530401596666e-07 4.0089157386014917e-07 3.2520606413115326e-07 2.8947705920774626e-07 
1.7173864927141654e-07 4.4928874284147293e-07 3.969085223158265e-07 3.2751308169516153e-07 2.836783868096387e-07 
1.7260417876205576e-07 4.501707682831476e-07 3.9547849833022617e-07 3.3087796022035257e-07 2.8163384344240693e-07 
1.6892357787838932e-07 4.4633492709031783e-07 3.953634816502523e-07 3.2972098054447783e-07 2.8233385933807476e-07 
1.7143680590479152e-07 4.48768078147851e-07 3.9655020296180425e-07 3.3289355076431936e-07 2.8314444484715953e-07 
1.6875421045291283e-07 4.4605489396164335e-07 3.971566123957505e-07 3.301115145118837e-07 2.8452912678283306e-07 
1.7487408129079352e-07 4.5239252883100836e-07 3.9994679160660475e-07 3.299661500554704e-07 2.865899568148861e-07 
1.7380266509362887e-07 4.5101026811725745e-07 4.0274380405019194e-07 3.2809975367585673e-07 2.9033570105174547e-07 
1.738084617741463e-07 4.513694145910433e-07 3.9452549332014906e-07 3.2866083464422715e-07 2.803849566193119e-07 
1.7577870338009236e-07 4.533789021274459e-07 3.9802923389754284e-07 3.322976874462124e-07 2.839870278040601e-07 
1.8475039129492864e-07 4.623225561699259e-07 4.047577359458123e-07 3.415935918168844e-07 2.898940278189565e-07 
1.7802862960606207e-07 4.5558477200688024e-07 3.971957453673677e-07 3.334651199233908e-07 2.825390424737625e-07 
1.6493725566594603e-07 4.4252224196057014e-07 3.8770644766983254e-07 3.213702090858821e-07 2.743081275614819e-07 
1.5990508232769964e-07 4.374981310043348e-07 3.846338582067041e-07 3.1829510046430153e-07 2.7179172493200786e-07 
1.619282425582453e-07 4.380685741372887e-07 3.8770596351298755e-07 3.0815870847345595e-07 2.7629071923967e-07 
1.846711295722426e-07 4.599569064147786e-07 4.160846687111107e-07 3.302977988786037e-07 3.048469201733375e-07 
1.8705545362196545e-07 4.623122610725073e-07 4.1851012396088236e-07 3.3265026007379165e-07 3.0716747455699024e-07 
1.9329326272783999e-07 4.6895138593348867e-07 4.2705974024559416e-07 3.4336885767032474e-07 3.153432544259285e-07 
1.8929004723422365e-07 4.6492584641911226e-07 4.188295225914726e-07 3.350221162476774e-07 3.0688412031933716e-07 
1.938040430570291e-07 4.698631699071368e-07 4.233605957145543e-07 3.4162172608214666e-07 3.1089430084126606e-07 
1.861447602434034e-07 4.6227281012867923e-07 4.1712790365853566e-07 3.3529022754272663e-07 3.051771619595959e-07 
1.9461534278711963e-07 4.7162506665661146e-07 4.2331786587735275e-07 3.4881475504470767e-07 3.099164855335814e-07 
1.9462246931750338e-07 4.716473331330538e-07 4.232056016744036e-07 3.4882513073943255e-07 3.0977744037985276e-07 
1.958109281330867e-07 4.7270453794519653e-07 4.253652108402772e-07 3.5024665309230794e-07 3.120856126720178e-07 
2.0196380251761995e-07 4.78741979704848e-07 4.3085507509226233e-07 3.546588931080306e-07 3.1732645553158634e-07 
2.0861329776578945e-07 4.855171626160268e-07 4.344627748582974e-07 3.591586804060721e-07 3.202289018907407e-07 
2.0454103822584258e-07 4.81247333399422e-07 4.3440626958575007e-07 3.588930373103504e-07 3.2086067515818916e-07 
2.0511885049634364e-07 4.817506878954647e-07 4.35396945236996e-07 3.595135719481096e-07 3.219193229974177e-07 
1.9856529306937682e-07 4.7513049020738805e-07 4.303135355318647e-07 3.5444034816014797e-07 3.173240475257025e-07 
1.964371865138362e-07 4.734111729706369e-07 4.2543537545505266e-07 3.511307547018468e-07 3.119878254038256e-07 
1.9547433291902517e-07 4.7250275842122374e-07 4.239617546009204e-07 3.497176557927802e-07 3.104746205539013e-07 
1.968426474448637e-07 4.7410825099745007e-07 4.2317222657721624e-07 3.514439283234193e-07 3.091447458329784e-07 
1.9737844118848613e-07 4.74774858251562e-07 4.2210493314396437e-07 3.5443667674486373e-07 3.076061106826729e-07 
1.7451290262880212e-07 4.5191470303770746e-07 4.027089334576235e-07 3.3143852961715585e-07 2.899046526897797e-07 
1.7016074580251275e-07 4.4765262748973424e-07 3.973136613623238e-07 3.2904306111855113e-07 2.8440881321305867e-07 
1.7234071018773218e-07 4.499389403024749e-07 3.9505130372665834e-07 3.293565328708452e-07 2.8123650788241974e-07 
1.6998318861472645e-07 4.4528670134324997e-07 4.0462832545947535e-07 3.179594512115718e-07 2.946394238331713e-07 
1.7004232958676422e-07 4.4536676824942505e-07 4.0458057968164163e-07 3.1801265706093394e-07 2.9456067326603925e-07 
1.8092237510642362e-07 4.5527075744026456e-07 4.1911130890046874e-07 3.2925144143301965e-07 3.0944310260644825e-07 
1.7485512807194335e-07 4.486636995166664e-07 4.145408719355048e-07 3.224788166816699e-07 3.0575699533201607e-07 
1.6827014656420604e-07 4.4189814428436865e-07 4.1004509925431064e-07 3.173558546719619e-07 3.0203110881232557e-07 
1.6925139818225272e-07 4.4247719114156017e-07 4.1278775062670557e-07 3.1937297882506354e-07 3.0510721651009083e-07 
1.5939214486595097e-07 4.3222937471336755e-07 4.0746037274359e-07 3.1532784456789723e-07 3.010890965569308e-07 
1.5591382714372485e-07 4.2807748314657575e-07 4.05554196071717e-07 3.1150783485249413e-07 3.000087415304378e-07 
1.5505457257294202e-07 4.2730044025469336e-07 4.045547132823387e-07 3.104866059394054e-07 2.990285180098373e-07 
1.5485788843304177e-07 4.2717886415150746e-07 4.0431381184582175e-07 3.10532743277226e-07 2.987523334785991e-07 
1.6842457089913125e-07 4.422905207343941e-07 4.1357630779194227e-07 3.2560549648149936e-07 3.05578217939261e-07 
1.6808908630733795e-07 4.419671833758433e-07 4.1327544078231585e-07 3.2540132991701676e-07 3.05294718322631e-07 
1.7160768250562726e-07 4.4462817521070583e-07 4.181670383584433e-07 3.277203435915164e-07 3.105795419565977e-07 
1.6892071266793765e-07 4.4221184233597016e-07 4.1485053261256063e-07 3.241448417725576e-07 3.0728235631136625e-07 
1.6370065049309273e-07 4.3694008532488905e-07 4.1101587595449814e-07 3.2178065050794913e-07 3.0392484090888014e-07 
1.6812707615273795e-07 4.397212970276444e-07 4.178800254269931e-07 3.242540297550625e-07 3.116298627914977e-07 
1.6595640269350127e-07 4.3699955668002747e-07 4.167630893292427e-07 3.2163888061389986e-07 3.110860764096561e-07 
1.664536644091442e-07 4.377018393368754e-07 4.1690868804836727e-07 3.223151530169038e-07 3.1104683393883885e-07 
1.6462637076194822e-07 4.3590603515038435e-07 4.1511929622839207e-07 3.202275076400866e-07 3.0940079920435744e-07 
1.6448831749064658e-07 4.3576574744405556e-07 4.150325349643324e-07 3.202167534374255e-07 3.0932706565403747e-07 
1.624497959486816e-07 4.311698731678719e-07 4.175442902153101e-07 3.213867677674102e-07 3.13584544958869e-07 
1.6922063639749698e-07 4.3767725533086037e-07 4.240383668259126e-07 3.287940407163826e-07 3.1958492425956136e-07 
1.6959706694632247e-07 4.3797447901608647e-07 4.244787254896356e-07 3.2919263782852807e-07 3.200367923310943e-07 
1.6910019535199044e-07 4.375744976405853e-07 4.2390134050053185e-07 3.284124409401961e-07 3.1945939708999583e-07 
1.680539165268228e-07 4.394974190968792e-07 4.1848929470134123e-07 3.264331429265012e-07 3.1230279372541297e-07 
1.6289995356722395e-07 4.330119875369799e-07 4.160639059061836e-07 3.2482594277139066e-07 3.1107290476908976e-07 
1.683746864494197e-07 4.3094581862938704e-07 4.286405978190685e-07 3.312797358358981e-07 3.272319289864512e-07 
1.6816800621023776e-07 4.305876353636596e-07 4.2858567873570883e-07 3.309449757858754e-07 3.2727934862831625e-07 
1.7537894269174923e-07 4.3640287297912605e-07 4.363389564073501e-07 3.371492339081003e-07 3.3511639750479464e-07 
1.757751442957416e-07 4.367183905561e-07 4.3672491659840294e-07 3.3772782791268483e-07 3.354942651668238e-07 
1.747066905868028e-07 4.35544001624359e-07 4.356714239468386e-07 3.373786307776733e-07 3.345401342133789e-07 
1.744154365990455e-07 4.368111780600483e-07 4.34582962093356e-07 3.355353943731036e-07 3.328200743750544e-07 
1.7595618868090235e-07 4.4003109294759936e-07 4.347667184841509e-07 3.3569422148714974e-07 3.320994344189115e-07 
1.7139223020338517e-07 4.362815591970165e-07 4.297203636481229e-07 3.3290453127914706e-07 3.269431989204852e-07 
1.7104306032834008e-07 4.377232475079132e-07 4.2737552437369693e-07 3.3434822605650006e-07 3.235555809295548e-07 
1.8526276675189326e-07 4.522438354326188e-07 4.400819297660154e-07 3.473327939761902e-07 3.349401944744255e-07 
1.8357419362728823e-07 4.508967880262354e-07 4.38248779302822e-07 3.451412532398495e-07 3.3309006466959203e-07 
1.8388991993740724e-07 4.509166043771862e-07 4.387221815494801e-07 3.463267868888955e-07 3.3364499893515417e-07 
1.813004836438165e-07 4.4906657772746785e-07 4.3575291977723507e-07 3.421989949733162e-07 3.3057512266933277e-07 
1.7636033282475928e-07 4.4479349205029503e-07 4.3038824749400954e-07 3.3804467945800263e-07 3.252037359053535e-07 
1.7659925676422392e-07 4.4513484126708707e-07 4.3051822987755335e-07 3.37882960163824e-07 3.25276693367699e-07 
1.8141074212014575e-07 4.488807621300869e-07 4.360702048216411e-07 3.433346189093205e-07 3.309884182283192e-07 
1.8390420501743126e-07 4.470770862220734e-07 4.429237081386736e-07 3.417097810351735e-07 3.401250001011188e-07 
1.8440799800161525e-07 4.486014968237169e-07 4.4247537349472195e-07 3.416226596378342e-07 3.391418615244741e-07 
1.7222637169067542e-07 4.350161066538366e-07 4.3205229461743256e-07 3.348204029263906e-07 3.3020144219565394e-07 
1.7281536169968867e-07 4.3385251381744317e-07 4.34077965044333e-07 3.338641087038222e-07 3.331220249013454e-07 
1.8418456012076238e-07 4.439496245532688e-07 4.4547896310565835e-07 3.369371580806277e-07 3.444979953424883e-07 
1.8417748787701332e-07 4.4389353540309874e-07 4.4550625240242496e-07 3.36921834942502e-07 3.4454932287190414e-07 
1.804966843586458e-07 4.4103749312954087e-07 4.416941849942469e-07 3.35469513022947e-07 3.405811156810794e-07 
1.6817890517308768e-07 4.2862720601390195e-07 4.303666172029841e-07 3.257711972723232e-07 3.302850909679295e-07 
1.4718183207835918e-07 4.103992972940045e-07 4.083112735219746e-07 3.013410781435399e-07 3.0899949929074915e-07 
1.3806143298347687e-07 4.0196107411133863e-07 3.996271484530216e-07 2.940542992880578e-07 3.008975446163261e-07 
1.4637554012230003e-07 4.1015848972594026e-07 4.073091993456965e-07 3.015597061116697e-07 3.077706046999567e-07 
1.4918268929225408e-07 4.120121133316069e-07 4.100590055748536e-07 3.0154855765498893e-07 3.107655360121694e-07 
1.5038248698175017e-07 4.141697383719555e-07 4.1033423385173737e-07 3.026712431724682e-07 3.104215034935245e-07 
1.5266118392375825e-07 4.081671663962175e-07 4.174845625281893e-07 3.020949642692629e-07 3.2140109252114104e-07 
1.5058137057906974e-07 4.077885057367097e-07 4.1361205226808136e-07 2.969739786878491e-07 3.169806473042689e-07 
1.3986687751668136e-07 3.9072953755970293e-07 4.0609807488915565e-07 2.8516349730525074e-07 3.134228910569643e-07 
1.4004294388453918e-07 3.8311991879547074e-07 4.044277616634436e-07 2.7261110886805805e-07 3.15055085250791e-07 
1.38300099638378e-07 3.785978530963868e-07 4.0237829761763726e-07 2.681665609347502e-07 3.143141249479044e-07 
1.3664679455687166e-07 3.773572257241827e-07 4.011321544292907e-07 2.677760299456161e-07 3.1307399494720033e-07 
1.2714891482120623e-07 3.6713782607386566e-07 3.9503055081447675e-07 2.677397098100618e-07 3.082247984217461e-07 
1.30172547603682e-07 3.650926822621311e-07 3.980626076385062e-07 2.68164619369453e-07 3.128870447046762e-07 
1.233677027238553e-07 3.5606644689465384e-07 3.9109379513537137e-07 2.6094975692824136e-07 3.0750395823268326e-07 
1.1439881087810408e-07 3.5445286547143293e-07 3.835130635782864e-07 2.6200419885350563e-07 2.980359630526087e-07 
1.2193057741873448e-07 3.578496699628134e-07 3.910966336803222e-07 2.682546408445621e-07 3.062907071781051e-07 
1.2904698510792402e-07 3.597853805943553e-07 3.980510353230227e-07 2.736869353871264e-07 3.1435115436769913e-07 
1.272471293739156e-07 3.60274039632487e-07 3.96434066726874e-07 2.7340209393696214e-07 3.120710276531833e-07 
1.3418762891419052e-07 3.596319119302854e-07 4.0279779292423393e-07 2.806124481565704e-07 3.203095362865435e-07 
1.352352322384764e-07 3.5886881298074685e-07 4.0363957804888543e-07 2.784435847263466e-07 3.217802619895791e-07 
1.4663351468447427e-07 3.63345554244729e-07 4.1433534125113005e-07 2.856844340984857e-07 3.337825118725278e-07 
1.4141173073959436e-07 3.5677024472353006e-07 4.085339580141071e-07 2.7809757085182155e-07 3.2903479280504033e-07 
1.28264720196761e-07 3.415862759861639e-07 3.941045609166687e-07 2.7022066815118446e-07 3.164501870576307e-07 
1.2426295461388654e-07 3.419231565843107e-07 3.9087911761693797e-07 2.685434468815371e-07 3.1216226847735826e-07 
1.266116541831071e-07 3.4262181170566086e-07 3.927551530399175e-07 2.724839158488366e-07 3.1424474585194594e-07 
1.30742526946091e-07 3.4265051232526485e-07 3.964185177741638e-07 2.716451229994025e-07 3.189950584730119e-07 
1.1469184664850583e-07 3.322688231630509e-07 3.8057785345036994e-07 2.5295920490866845e-07 3.032004622086488e-07 
1.1314140865175168e-07 3.3079775981507015e-07 3.789633242791145e-07 2.5216719762653345e-07 3.017167723117009e-07 
1.1329250002318943e-07 3.297709740136949e-07 3.7881726825587424e-07 2.5181356634670884e-07 3.019547179740853e-07 
1.158611181888583e-07 3.233950565304762e-07 3.7894081224327894e-07 2.4949777425163414e-07 3.048117188710396e-07 
1.0152377686602866e-07 3.07408337496074e-07 3.6156175599527925e-07 2.2885487913465715e-07 2.898128396931733e-07 
9.95759810637156e-08 3.0837244885871177e-07 3.6052143016757536e-07 2.2920493999772147e-07 2.8803097221291126e-07 
1.0058455617884352e-07 3.1190135157631053e-07 3.624935141598932e-07 2.3095046159311438e-07 2.8905741967608823e-07 
1.0693573258018925e-07 3.0343780150153206e-07 3.6388658301080264e-07 2.2778087998430062e-07 2.945800181019555e-07 
1.0607968222482046e-07 2.9761913228216024e-07 3.6075280086978075e-07 2.2451065381091695e-07 2.9311587470948574e-07 
1.141634077616936e-07 3.0035077311430997e-07 3.6826303387205793e-07 2.3191973064232952e-07 3.0134704560701347e-07 
1.1512867727220074e-07 3.0007681423336574e-07 3.6917492878663643e-07 2.3803198847154484e-07 3.023565290466014e-07 
1.1520497447235089e-07 2.9934701478390555e-07 3.688917264609042e-07 2.3839936626944927e-07 3.022917884461803e-07 
1.1220444662577111e-07 2.9927602390407055e-07 3.666693761648282e-07 2.3641357905653182e-07 2.995003454775885e-07 
1.1236657855022018e-07 2.9933738825542356e-07 3.668162746192144e-07 2.3650958453939343e-07 2.996613683062288e-07 
1.154296035379193e-07 2.971647539692391e-07 3.6792921607532744e-07 2.4003360050096943e-07 3.0195721333506483e-07 
1.2185010850961342e-07 3.007530999500507e-07 3.743617214714459e-07 2.405956333638932e-07 3.0874215360966475e-07 
1.22528152251991e-07 3.0012215264672415e-07 3.745108346131755e-07 2.440492390057476e-07 3.0910573421503427e-07 
1.2819421070552178e-07 3.053657752633977e-07 3.810289384923722e-07 2.4943002008435103e-07 3.1517989990276247e-07 
1.2919770795142403e-07 3.0514618801227525e-07 3.8162911288072794e-07 2.5027569913963116e-07 3.160406497741274e-07 
1.270155225363188e-07 2.968292224214116e-07 3.7608736042223876e-07 2.4529260690493763e-07 3.1258416110460525e-07 
1.2708715810797361e-07 2.9699155277212446e-07 3.7623261809622283e-07 2.451845601145323e-07 3.1270273126336017e-07 
1.255044551521533e-07 2.962317266638386e-07 3.7472043800794973e-07 2.441891996105369e-07 3.110921699544127e-07 
1.1600793039583386e-07 2.951432859839828e-07 3.674416336140567e-07 2.3378167195295579e-07 3.0240055516043673e-07 
1.1291184416559971e-07 2.859153579073475e-07 3.601386244666079e-07 2.2179904039998444e-07 2.974776577975673e-07 
8.446671001910515e-08 2.881886832806427e-07 3.4083370252583265e-07 2.1621845904283798e-07 2.71755317117004e-07 
6.116915489796363e-08 2.665776789820876e-07 3.104353104400204e-07 1.8998457208561925e-07 2.440098688223229e-07 
5.7040851169744823e-08 2.67074292608585e-07 3.0791496134128446e-07 1.923270992698499e-07 2.405156559352213e-07 
5.590445220510494e-08 2.747619565109796e-07 3.1148540777818e-07 2.0493621598156072e-07 2.41115534152039e-07 
4.6769680645168345e-08 2.8110820804730993e-07 3.08233104199164e-07 2.0446574020222891e-07 2.342065624553297e-07 
3.9914982542791714e-08 2.916596407754259e-07 3.0717578740089936e-07 2.0864721047591324e-07 2.2810119560278208e-07 
3.9352604215411425e-08 2.9006755503591364e-07 3.0591738173785115e-07 2.0857935096413065e-07 2.2725284204636202e-07 
4.603531427150723e-08 2.9539856598746793e-07 3.136752603156903e-07 2.114661309699053e-07 2.3448633756022048e-07 
3.943500889093771e-08 2.966356282271646e-07 3.0835204191769426e-07 2.0899795600026811e-07 2.2738112104364955e-07 
4.259713122717475e-08 2.9971215475377987e-07 3.1152322386986956e-07 2.131743224198879e-07 2.2989371146618143e-07 
4.131757878774986e-08 3.0071979556584597e-07 3.1070655603144637e-07 2.1074766146439467e-07 2.2851824595594171e-07 
4.4992280142479055e-08 3.127354875932926e-07 3.1338735466629397e-07 2.1943045336689516e-07 2.2656173152824576e-07 
4.476152056814951e-08 3.1256959977604637e-07 3.1321740099617966e-07 2.1874294703120592e-07 2.2643968702764224e-07 
6.142246889258407e-08 3.278295024022537e-07 3.2891325223184355e-07 2.3315896270584984e-07 2.395508805141613e-07 
6.466920609122263e-08 3.24905273978857e-07 3.337773470724831e-07 2.3209368822351838e-07 2.468776233145968e-07 
8.95805195286799e-08 3.40608505771145e-07 3.589941540987465e-07 2.4848680196653406e-07 2.722384536467226e-07 
1.0067158729730598e-07 3.519012830789137e-07 3.6982921920189273e-07 2.5850510904393395e-07 2.8145759882697404e-07 
1.1086518852932624e-07 3.598681742778692e-07 3.798929553234736e-07 2.715878356329118e-07 2.909296969780249e-07 
1.1118481602236291e-07 3.5955898759948424e-07 3.8024723057746105e-07 2.718397972510009e-07 2.9149348786080255e-07 
1.1279590803757795e-07 3.6082534556288355e-07 3.819213743935286e-07 2.725974963796852e-07 2.931403071218678e-07 
1.1410930812562707e-07 3.6061613325616845e-07 3.832065298055205e-07 2.7437618383480113e-07 2.9482570113177686e-07 
1.0086331253063405e-07 3.5282867253442127e-07 3.6992246198132203e-07 2.6185441554132897e-07 2.8109743800439406e-07 
9.915937321166354e-08 3.4822630737749033e-07 3.6852484334825856e-07 2.557337117620728e-07 2.81274573719478e-07 
9.786927112965397e-08 3.466843885717682e-07 3.67150045091989e-07 2.529287742046128e-07 2.802240946123169e-07 
9.748188309163103e-08 3.4614829894609126e-07 3.6676401820881813e-07 2.523902475485543e-07 2.799550029213751e-07 
1.0274144948623294e-07 3.5742319567774815e-07 3.711916995456e-07 2.6083811165177145e-07 2.810865392979437e-07 
1.0061862338498826e-07 3.5463997248213953e-07 3.693785202433464e-07 2.602027362694653e-07 2.797956542415025e-07 
9.384632728421353e-08 3.4057461126296734e-07 3.633382218491777e-07 2.5299651696585205e-07 2.7763934156004006e-07 
1.015044231150841e-07 3.4774594560788657e-07 3.710175239724372e-07 2.581357729856538e-07 2.845526688703443e-07 
9.751371917194043e-08 3.379064755308825e-07 3.657932139033554e-07 2.430658628926394e-07 2.8238585888161443e-07 
9.433306946913629e-08 3.368872476609e-07 3.627592224729917e-07 2.415422216565603e-07 2.7893180408572064e-07 
9.337021643749007e-08 3.3754786549500853e-07 3.6204575864366765e-07 2.423568232156435e-07 2.77696561390094e-07 
8.38647457174342e-08 3.357441506711813e-07 3.5287989661920037e-07 2.395981094850302e-07 2.6671143898174503e-07 
8.412632598617044e-08 3.390582773941316e-07 3.5292137750331214e-07 2.417187245710641e-07 2.6539994608367637e-07 
7.826238033438611e-08 3.2809556618698977e-07 3.4754832033135474e-07 2.349923725534105e-07 2.6303820714889813e-07 
9.424197250211942e-08 3.365440476073723e-07 3.6318681127231134e-07 2.5480630960587726e-07 2.790030774884809e-07 
9.903552785875388e-08 3.376144453241353e-07 3.6789756170213187e-07 2.5666155001268303e-07 2.8455159392185073e-07 
9.993291453872798e-08 3.40808349502221e-07 3.6923558857959937e-07 2.5635534790765696e-07 2.8500140002557734e-07 
1.018753932714571e-07 3.4391141666073077e-07 3.712961150072817e-07 2.5834421999847617e-07 2.86374088994637e-07 
1.0075006495088177e-07 3.4114136247641047e-07 3.70083004931372e-07 2.557340775085759e-07 2.859785443989177e-07 
9.58632702944896e-08 3.387716627950867e-07 3.6526904922857293e-07 2.503544075359909e-07 2.809163045399321e-07 
9.220289944627103e-08 3.390482776186167e-07 3.614724279424152e-07 2.539632254239581e-07 2.758328072905696e-07 
9.015059622560482e-08 3.3839568308656033e-07 3.5934919365770577e-07 2.5317786575788154e-07 2.7340484665967747e-07 
8.97787651788245e-08 3.3820129263816825e-07 3.58981978784364e-07 2.528774505734016e-07 2.7302037032865695e-07 
8.960762312113103e-08 3.3558659244583106e-07 3.5905835784273395e-07 2.488087297872485e-07 2.742480904523832e-07 
8.981342916771891e-08 3.349408209353206e-07 3.59243651517067e-07 2.4830267728694664e-07 2.747551127243485e-07 
8.943211258486863e-08 3.367624915357841e-07 3.5895235592749064e-07 2.473239803498555e-07 2.737078088568302e-07 
9.381324111568809e-08 3.3275876401606614e-07 3.6281506592864733e-07 2.466204005787966e-07 2.802594833733423e-07 
9.7067863844642e-08 3.4368558513241846e-07 3.662146781186105e-07 2.592196544548458e-07 2.7994934207020104e-07 
1.0091765892605234e-07 3.411687914962275e-07 3.702267550083396e-07 2.563228331887655e-07 2.861332147406064e-07 
9.725790159957207e-08 3.3646836153432043e-07 3.6641175253124595e-07 2.5127104831454165e-07 2.832448472928833e-07 
8.253894918688613e-08 3.4182478085881147e-07 3.508127110374067e-07 2.439352281896045e-07 2.6154534143265945e-07 
9.049556277804483e-08 3.428956082074773e-07 3.5891884710869755e-07 2.436952018476876e-07 2.7159693248283357e-07 
8.586420973108534e-08 3.398545536984402e-07 3.524001674418087e-07 2.3459901256920472e-07 2.6505436363549553e-07 
9.653240272626677e-08 3.494142201371382e-07 3.627247108142325e-07 2.4303688035763144e-07 2.7435463545731414e-07 
1.0161524604840152e-07 3.5303609631015267e-07 3.6897985389185476e-07 2.4996710716479655e-07 2.8057363821119336e-07 
1.03239153118213e-07 3.555435990625294e-07 3.7175334689366914e-07 2.574056212002345e-07 2.8268951045984457e-07 
8.758100395316674e-08 3.510105062072173e-07 3.535368364821023e-07 2.4737300039759827e-07 2.6154051007420283e-07 
7.898093182753764e-08 3.452668301377888e-07 3.4494545452366023e-07 2.453424030437981e-07 2.5274029366214914e-07 
7.810336062887602e-08 3.4466568117777806e-07 3.439856935721703e-07 2.445068238136744e-07 2.5178180761902024e-07 
7.807542962791203e-08 3.4454157616551626e-07 3.4393841775900497e-07 2.4361611088780644e-07 2.5181347275446233e-07 
7.733079532009624e-08 3.4268678358573857e-07 3.4364172472642867e-07 2.4104432857844904e-07 2.5225329639898925e-07 
8.242976040120664e-08 3.50876382034358e-07 3.4057865565380974e-07 2.3483334924129088e-07 2.46203556323134e-07 
8.252406222368942e-08 3.509847818211481e-07 3.4062289076562455e-07 2.3488784639068463e-07 2.4622088854177666e-07 
8.28985032405868e-08 3.523631000601457e-07 3.4077857219544186e-07 2.3679722649962056e-07 2.457707906910233e-07 
8.041708109490488e-08 3.5203663458412974e-07 3.357223654341339e-07 2.3542587099623768e-07 2.3957018346865957e-07 
8.307589930508586e-08 3.54887886158674e-07 3.382993472174154e-07 2.3845259290211465e-07 2.4165120105785644e-07 
8.339488759045489e-08 3.5585982858983893e-07 3.370167753795905e-07 2.384647360365699e-07 2.3972971208011037e-07 
9.711628107247514e-08 3.6771034492758846e-07 3.5381656122349827e-07 2.5245510962382856e-07 2.561164439776546e-07 
1.0068254017287246e-07 3.723728572114661e-07 3.5728696303915795e-07 2.5936831184622386e-07 2.584834700903047e-07 
9.661274976277618e-08 3.7016358279736256e-07 3.5239176719778076e-07 2.6035513564888184e-07 2.528794616334086e-07 
9.799793866237851e-08 3.711868581720899e-07 3.539256102910374e-07 2.605815450479915e-07 2.544836445594978e-07 
9.672145793273556e-08 3.706370749246959e-07 3.515206858253211e-07 2.5960797645734315e-07 2.5168480964164383e-07 
9.718942433715822e-08 3.7063562865693897e-07 3.52302424729739e-07 2.5862333347797703e-07 2.5274700066348917e-07 
1.0196527085741413e-07 3.7493666366370454e-07 3.5769366970538505e-07 2.641226600924028e-07 2.578445874320784e-07 
1.0344909496816415e-07 3.758918217526532e-07 3.5965447682445847e-07 2.64793543861406e-07 2.59985863153863e-07 
9.763652673568256e-08 3.723148005524141e-07 3.514176972583791e-07 2.636695759906726e-07 2.507806113837901e-07 
9.744436151169867e-08 3.72638088317024e-07 3.5005286839859164e-07 2.639650202304153e-07 2.489515161384879e-07 
9.535882893992905e-08 3.7098917976141946e-07 3.4692226217747345e-07 2.6057187834813493e-07 2.4572750414772404e-07 
1.1293983145448019e-07 3.904190383548467e-07 3.4962128148016055e-07 2.784306020796938e-07 2.424542873353708e-07 
1.1482324721937957e-07 3.920081635594117e-07 3.558439458620361e-07 2.7931984302370586e-07 2.4963506504074673e-07 
1.1449274996569094e-07 3.916028849951372e-07 3.5613337276136277e-07 2.792321299492619e-07 2.5011141940447016e-07 
1.1596729439179103e-07 3.922545544930082e-07 3.616910930448003e-07 2.7959306422148506e-07 2.5680030665255166e-07 
1.2019500290228348e-07 3.9588356330293173e-07 3.67404647180562e-07 2.836058358030661e-07 2.626699674580781e-07 
1.1741230986110309e-07 3.932174982421839e-07 3.645846255273444e-07 2.8358682427931963e-07 2.599358866054906e-07 
1.1241311779422459e-07 3.8866997926040305e-07 3.5759992527736334e-07 2.812485029007219e-07 2.5272933707700196e-07 
1.1380325577742571e-07 3.898846072623549e-07 3.593210278051323e-07 2.828212622523834e-07 2.5444928416829184e-07 
1.0845727595480284e-07 3.848187951663102e-07 3.551936962253951e-07 2.726083180449485e-07 2.5122539715609175e-07 
1.1087227720953173e-07 3.8801242349875655e-07 3.527323713290809e-07 2.7364756469301104e-07 2.4719656150292254e-07 
1.0752234662222782e-07 3.8341247136674375e-07 3.562940554878937e-07 2.7350965390276944e-07 2.529687387040041e-07 
1.0717087677440468e-07 3.8258913672293354e-07 3.5747949916634476e-07 2.732460634307476e-07 2.547096763967137e-07 
1.0931109966401906e-07 3.830472887795772e-07 3.6299524983404325e-07 2.7255871143809686e-07 2.6151972329814753e-07 
1.1472235982538339e-07 3.9008806938156257e-07 3.638963123129055e-07 2.800988432813628e-07 2.6014888968264535e-07 
1.0643265568138097e-07 3.8252156216553725e-07 3.546633161922813e-07 2.7300202271019594e-07 2.512296614377017e-07 
1.0680966791190459e-07 3.8289399414036177e-07 3.549812463284022e-07 2.733921386466436e-07 2.514957703057451e-07 
1.1678800573626582e-07 3.9320574911817936e-07 3.612576819203293e-07 2.838154294639406e-07 2.558115463993474e-07 
1.1226277854207677e-07 3.8704067885813895e-07 3.633242685481937e-07 2.791149697025099e-07 2.603968112314109e-07 
1.1638640941341775e-07 3.895870507374095e-07 3.684862033197644e-07 2.742085688848012e-07 2.664422630371948e-07 
1.1640822135696449e-07 3.903394602174729e-07 3.66990420047236e-07 2.744159108094019e-07 2.6433188005391336e-07 
1.1654218753000419e-07 3.9086470886502697e-07 3.6621096690750925e-07 2.7465164424797437e-07 2.631878559969621e-07 
1.1795158916522258e-07 3.9245249979618933e-07 3.6799880724320817e-07 2.7816703185760936e-07 2.647181288630758e-07 
1.0970686047385665e-07 3.826788587894507e-07 3.639742515710537e-07 2.700300668491787e-07 2.6303813015854646e-07 
1.1033189169845117e-07 3.821975219282768e-07 3.651362626185697e-07 2.6751125736734633e-07 2.648633634752245e-07 
1.061509326810819e-07 3.8114667852428773e-07 3.533473542986244e-07 2.623847295424682e-07 2.507428312754244e-07 
1.0200598628169117e-07 3.7811245762258325e-07 3.446768783474409e-07 2.5831776064165e-07 2.41059584679093e-07 
1.1416675056851283e-07 3.9036301767790444e-07 3.527718552224059e-07 2.6809621964048345e-07 2.471124650463349e-07 
1.1427208036502564e-07 3.913538256128181e-07 3.53518254041652e-07 2.7335236036649965e-07 2.473004168805548e-07 
1.1980150917310052e-07 3.9687276929471756e-07 3.594150952275619e-07 2.797179556700944e-07 2.5272057627751793e-07 
1.2298308369030482e-07 3.996880022445232e-07 3.627615072106365e-07 2.805035559315445e-07 2.561056179842965e-07 
1.223894253538794e-07 3.9698013085248534e-07 3.5270963835883613e-07 2.6719189006012205e-07 2.457733992975631e-07 
1.2802541360093835e-07 4.0038343913125937e-07 3.5950545835764315e-07 2.667932381637879e-07 2.537513392876635e-07 
1.1950866997446752e-07 3.9575661708392053e-07 3.52774815708666e-07 2.7107387363206416e-07 2.45565124426256e-07 
1.1026024883501254e-07 3.8455070652223055e-07 3.3282045389833735e-07 2.5565561357216744e-07 2.2517111406914302e-07 
9.834262594903803e-08 3.7184979413721434e-07 3.288306004473639e-07 2.432216673917972e-07 2.2467320924942937e-07 
8.978507621253013e-08 3.616005497488863e-07 3.220225288570241e-07 2.321604287476473e-07 2.2018787740477049e-07 
8.998296926154816e-08 3.6432634143089693e-07 3.1751271107033346e-07 2.393903389220655e-07 2.1279947659844178e-07 
8.227895104473054e-08 3.5776816477221867e-07 3.14750434205469e-07 2.3677133655152337e-07 2.1133998790436725e-07 
7.736709768411705e-08 3.512021161742339e-07 3.069576300296438e-07 2.2827533881437406e-07 2.044108816984015e-07 
7.842565947097276e-08 3.5231503597887914e-07 3.0844385584967207e-07 2.2903672527822425e-07 2.0587280142154508e-07 
7.846706386552091e-08 3.525116467877036e-07 3.0856411569043466e-07 2.295492942289427e-07 2.0590346463950675e-07 
7.833459750058738e-08 3.520996387335175e-07 3.0769438627889947e-07 2.287678998372983e-07 2.0502982628561285e-07 
9.131610021287448e-08 3.644366038477608e-07 3.140587619200658e-07 2.3770871912941675e-07 2.0872066332562993e-07 
8.886223281627006e-08 3.606040396587778e-07 3.091224118585325e-07 2.3264354565339086e-07 2.0421196909220324e-07 
8.853067872361009e-08 3.6028908981593253e-07 3.0887469267425735e-07 2.3244547537058665e-07 2.040044729260566e-07 
9.155265494254085e-08 3.6257965680968253e-07 3.108761892939805e-07 2.3266726811686817e-07 2.0597131661587535e-07 
9.169046679295425e-08 3.635958073844313e-07 3.226912174128488e-07 2.3378815084411176e-07 2.2031342011945466e-07 
8.873290999219771e-08 3.6265530147200153e-07 3.234822565198558e-07 2.3677522876033016e-07 2.2102825244876155e-07 
8.693569584071281e-08 3.6183331985718165e-07 3.269707773809289e-07 2.3902329258249276e-07 2.2529833056715795e-07 
9.542031593618582e-08 3.7156912067554485e-07 3.402170970674072e-07 2.534570273692535e-07 2.3769999722057384e-07 
9.187929899127417e-08 3.6792786991372545e-07 3.3996272419911173e-07 2.524227030750461e-07 2.38503202848911e-07 
8.728743759755123e-08 3.621362565145861e-07 3.420289995330046e-07 2.5861992484524164e-07 2.4258676363507043e-07 
9.03917227222462e-08 3.659573240448157e-07 3.432033570987425e-07 2.5954411860735557e-07 2.427330658250034e-07 
8.268398478544561e-08 3.5866010910217566e-07 3.358878133027516e-07 2.5132894414964817e-07 2.363549265489461e-07 
7.562391801716295e-08 3.5188261110516893e-07 3.266878825277335e-07 2.392110053286802e-07 2.2779138734256713e-07 
6.314462608265249e-08 3.3995009891046e-07 3.0209089499495093e-07 2.314396459798885e-07 2.015558138584278e-07 
6.551633088903514e-08 3.4199891169533473e-07 3.024737863893127e-07 2.347075924916505e-07 2.0117685174344039e-07 
6.106182888238412e-08 3.384151259946752e-07 3.0608331526975777e-07 2.2809626071170776e-07 2.072387576839359e-07 
6.366896679359058e-08 3.4097736109496884e-07 3.0672076041331903e-07 2.3037146704773437e-07 2.0701188920458812e-07 
5.9399353036490886e-08 3.336703033382001e-07 2.930958010809032e-07 2.1747556396246174e-07 1.9350757437074453e-07 
7.401707729462527e-08 3.449391463424847e-07 2.9622170488938e-07 2.2035286701073806e-07 1.9377675626222186e-07 
7.982381802112455e-08 3.458085892361267e-07 2.9127837747465555e-07 2.155140600716347e-07 1.882593847962221e-07 
6.635053057761747e-08 3.34617149315694e-07 2.913051764892211e-07 2.080008241774228e-07 1.9229815033016964e-07 
6.769458324947548e-08 3.342567320798844e-07 2.869246750564149e-07 2.0693658228988293e-07 1.8712169388829687e-07 
6.828961455871087e-08 3.297408916609938e-07 2.7385359916576023e-07 2.033552373462382e-07 1.7273144302525474e-07 
6.313003699323847e-08 3.1958897722939824e-07 2.6081456285315466e-07 1.9810917024009e-07 1.6040534788531466e-07 
6.334989811692102e-08 3.1883577977726523e-07 2.5974780737013245e-07 1.969007610805969e-07 1.5951181125323602e-07 
7.205383153378445e-08 3.36263127322796e-07 2.7533581751136067e-07 2.163325446404913e-07 1.7087188169500947e-07 
8.238286812616686e-08 3.469875943017708e-07 2.8174437613762006e-07 2.2380236966457196e-07 1.7492748045676427e-07 
7.962941876185354e-08 3.380265780067804e-07 2.690937879624462e-07 2.1477592997919198e-07 1.6294988390474433e-07 
7.978303054304715e-08 3.359833611370764e-07 2.648748107649707e-07 2.1426260342460804e-07 1.5840940802130997e-07 
7.816415098837638e-08 3.316850625865223e-07 2.607393193248411e-07 2.0860584565096129e-07 1.5531140957473473e-07 
7.662973369860995e-08 3.289600564055987e-07 2.579680250926253e-07 2.072602930895291e-07 1.528690082299009e-07 
7.699620942668803e-08 3.28429225311916e-07 2.5666428828482993e-07 2.0701341648585352e-07 1.5146515991515232e-07 
7.867411981005643e-08 3.263234393919242e-07 2.5173042967581515e-07 2.052103411153093e-07 1.4631881908774455e-07 
6.817896967911147e-08 3.2157776539443915e-07 2.553780242350243e-07 2.058975867743654e-07 1.521427740388998e-07 
7.470861390200189e-08 3.291067492376887e-07 2.5983392577754767e-07 2.0915653510639515e-07 1.5484438495840084e-07 
8.93966968701779e-08 3.4361604839050454e-07 2.6446275130697183e-07 2.2857827170377935e-07 1.5437936476071132e-07 
7.485514007294528e-08 3.2942863148683204e-07 2.5909399722924853e-07 2.1464503184797094e-07 1.5327753046794758e-07 
7.652284336091612e-08 3.309115455638618e-07 2.5946646866136865e-07 2.1558286448756713e-07 1.5317269927185828e-07 
7.720426239960445e-08 3.319482851653037e-07 2.6024345000529033e-07 2.16847144809347e-07 1.5368402075854655e-07 
7.757287546242596e-08 3.3246786566732156e-07 2.606547532993253e-07 2.1688604123096552e-07 1.540155109909341e-07 
8.19838685354893e-08 3.3516918235541317e-07 2.596722614615476e-07 2.202790167205052e-07 1.517056695658126e-07 
7.719533222913328e-08 3.326501578901674e-07 2.613774294743728e-07 2.2130441705888333e-07 1.5456026379697497e-07 
9.463051744456853e-08 3.548986846004039e-07 2.7784019539997475e-07 2.351360941642876e-07 1.669724130912824e-07 
9.909814224960827e-08 3.6374362982559267e-07 2.892465547188948e-07 2.4266650852635117e-07 1.7794033041176844e-07 
9.744424138791913e-08 3.6118647950857426e-07 2.8631772530838965e-07 2.407747658387237e-07 1.7517735226117807e-07 
9.255104669912854e-08 3.550414048677259e-07 2.814002822943743e-07 2.3376820878095452e-07 1.7137260672074037e-07 
9.18492666948184e-08 3.556925300357368e-07 2.8434414406523643e-07 2.3262179960813163e-07 1.7491467478426101e-07 
9.498834192798513e-08 3.594724815104428e-07 2.923792770902887e-07 2.283793128045893e-07 1.8456922117979857e-07 
9.09696027677652e-08 3.492234259224059e-07 2.856537392643721e-07 2.1164297203931267e-07 1.8161055840070882e-07 
9.158786109537368e-08 3.4969627202780094e-07 2.858554690388369e-07 2.1184703668664348e-07 1.8174243723209916e-07 
9.206917593096015e-08 3.510635831172339e-07 2.854658118747161e-07 2.1470963803352771e-07 1.8036850773214373e-07 
9.202053308501732e-08 3.509969187900638e-07 2.854312052880713e-07 2.1463362752403873e-07 1.8035399025093768e-07 
9.627970480480604e-08 3.5532362327793295e-07 2.8841221397541144e-07 2.1764476605108875e-07 1.826831434852579e-07 
9.220511948315074e-08 3.5058905060037236e-07 2.830226230497114e-07 2.1503594575240728e-07 1.7738251217110735e-07 
7.469894683094877e-08 3.3112000172265004e-07 2.758407248088336e-07 1.968318668687282e-07 1.7623128700478367e-07 
7.120456400828735e-08 3.282039657661171e-07 2.7111194247320057e-07 1.9761685553375884e-07 1.70855009115514e-07 
6.120439255493677e-08 3.183604014551213e-07 2.653356250733151e-07 1.926125884681699e-07 1.6723328870983075e-07 
6.008251207303919e-08 3.182308263748218e-07 2.6641796815785154e-07 1.9291025699923013e-07 1.6854463306439382e-07 
6.773516268482661e-08 3.1579056488259275e-07 2.576816360043017e-07 1.8521391831513816e-07 1.6008952049572514e-07 
6.994909369333622e-08 3.186295999177585e-07 2.610381361228131e-07 1.859093193736846e-07 1.6335900099193784e-07 
6.360925687857459e-08 3.2305894995206814e-07 2.684326111500868e-07 1.9793703442688308e-07 1.6878409953618885e-07 
6.391769023975481e-08 3.2354460326187407e-07 2.6848406687790106e-07 1.9869375359575323e-07 1.6858245324967577e-07 
5.298916222462422e-08 3.169770518909501e-07 2.715404726200568e-07 1.9575776137513322e-07 1.7475840975404716e-07 
5.3239212035585964e-08 3.1705561826710485e-07 2.714268955451965e-07 1.9567121107550725e-07 1.7460674680667482e-07 
4.372272726700763e-08 3.153854320638515e-07 2.7846532250277155e-07 2.0169388754033525e-07 1.831146633213354e-07 
5.3757124549779807e-08 3.126240851309586e-07 2.5905801948297576e-07 1.9824166520289998e-07 1.6054614055532718e-07 
5.3135972339304006e-08 3.128890307041697e-07 2.5933899246427304e-07 2.0173176234228464e-07 1.6047474003771258e-07 
5.2834971752034493e-08 3.126927477423073e-07 2.5944149629702933e-07 2.013199750658872e-07 1.6070716187739231e-07 
5.239019506598698e-08 3.109402904715462e-07 2.5742360187572997e-07 2.002295738972032e-07 1.5899373322159415e-07 
5.5288289038157744e-08 3.1482708577948465e-07 2.5969941259010214e-07 2.0321626939630004e-07 1.600693553607999e-07 
5.1986846196857814e-08 3.0861931166252186e-07 2.566464769903664e-07 1.9231936255677448e-07 1.597010753374889e-07 
4.4817487082623316e-08 3.101426206006912e-07 2.646899797583823e-07 2.0192804734478798e-07 1.680812076321881e-07 
3.823847403137842e-08 3.0110752398657367e-07 2.5940893069234213e-07 1.9923956284704724e-07 1.6553222978313767e-07 
3.43906226982101e-08 3.0404903413388485e-07 2.6899572824608176e-07 1.9527279344112202e-07 1.762676793880838e-07 
2.8444968941854438e-08 3.0229292667332784e-07 2.731339290072625e-07 1.9967283873760954e-07 1.8177668525754878e-07 
2.738371334735195e-08 2.949765596163126e-07 2.637205908482778e-07 1.887888724019805e-07 1.7399913141984453e-07 
4.164969926002339e-08 2.99430902812416e-07 2.558801627712471e-07 1.8629229966131516e-07 1.6287707662166852e-07 
4.35375977653075e-08 2.9616856780822574e-07 2.5147129735106753e-07 1.8122298744599084e-07 1.5937873984708495e-07 
5.0433082939812984e-08 2.879919854916149e-07 2.3637313095572863e-07 1.7577177790006373e-07 1.451161923161929e-07 
5.1906525825930816e-08 2.7469526465243223e-07 2.2795719944525088e-07 1.6169392634931336e-07 1.4271878289086264e-07 
5.4009766736367156e-08 2.74903465348694e-07 2.2599708866625768e-07 1.6191991566375007e-07 1.4031167514580005e-07 
5.165316119220043e-08 2.7676090618601924e-07 2.296645335539624e-07 1.6267310537019636e-07 1.436940039383176e-07 
5.300359006229378e-08 2.8013103388802807e-07 2.2928284018021624e-07 1.6735633658210649e-07 1.4112303680337955e-07 
5.968018350766458e-08 2.8607387821307003e-07 2.2600046352688313e-07 1.7577696298306905e-07 1.3360043681747764e-07 
6.85447182257003e-08 2.893608469663314e-07 2.209252619650102e-07 1.7704485665947123e-07 1.2605084795980265e-07 
7.904777732481929e-08 3.0859037732749775e-07 2.3244766590497378e-07 1.8366036740647428e-07 1.3192957592931734e-07 
8.892775167689984e-08 3.142796287440669e-07 2.3079333885773751e-07 1.8506575216946884e-07 1.283167780417184e-07 
8.418926646741718e-08 3.090491469291129e-07 2.3138739050046141e-07 1.7832185512609018e-07 1.3194622211879274e-07 
8.44770127943024e-08 3.0711084364575557e-07 2.3005058868885003e-07 1.7535608169075434e-07 1.3164592398272355e-07 
8.404803772928579e-08 3.072194088975025e-07 2.3072354067012408e-07 1.7529147372789152e-07 1.3242836472776525e-07 
8.613496712611239e-08 3.0924977281705837e-07 2.2880249989766e-07 1.7971802889004104e-07 1.2848185969684875e-07 
9.193184522604915e-08 3.1351432786941895e-07 2.323518018503209e-07 1.7701668581206811e-07 1.3278422465169907e-07 
9.503250057484461e-08 3.1700930498660785e-07 2.3577754753690942e-07 1.7710296668817957e-07 1.3636714145407065e-07 
9.76704056324398e-08 3.180018910167378e-07 2.3583313494335764e-07 1.7624418617795827e-07 1.367196801957022e-07 
1.0439321963006534e-07 3.2663574541221773e-07 2.382199318086186e-07 1.845256714620055e-07 1.359010645949436e-07 
9.90177872380918e-08 3.2564507358043534e-07 2.420676619739321e-07 1.8448815211954295e-07 1.403054283849165e-07 
9.898207415591015e-08 3.258098141401356e-07 2.4227729490712247e-07 1.8467359973463925e-07 1.4046927143651135e-07 
9.86406375467103e-08 3.2804733377514435e-07 2.4389087111722156e-07 1.8832064535567784e-07 1.4087473422259423e-07 
1.0772490340391755e-07 3.42691325929978e-07 2.5742011734182405e-07 1.9800529275087224e-07 1.5269555434787617e-07 
1.028356716373133e-07 3.4399462585279674e-07 2.649689333916085e-07 2.0009600415686302e-07 1.606989904233641e-07 
1.0310202614534476e-07 3.444494049158328e-07 2.652077184513194e-07 2.006172176053668e-07 1.6078656296314522e-07 
1.0130076998994781e-07 3.4302344655568497e-07 2.646333032592708e-07 1.9990153748127173e-07 1.6039481756361776e-07 
1.0048800964836102e-07 3.51630655427065e-07 2.719028859535447e-07 2.1573128455932064e-07 1.636901766928985e-07 
1.017954337034408e-07 3.51279107875409e-07 2.7009074910549236e-07 2.1467472263315023e-07 1.618401709627873e-07 
1.0975141033000977e-07 3.557917264795444e-07 2.718330784755658e-07 2.1388175869897977e-07 1.6390281425937655e-07 
1.1015948058751803e-07 3.561390310343957e-07 2.720521607747596e-07 2.140382242952692e-07 1.6410515594960152e-07 
1.1778273254560429e-07 3.646922374305243e-07 2.7321330858809384e-07 2.255296692382833e-07 1.6186091113285105e-07 
1.1883504186981995e-07 3.658146840692683e-07 2.7445635223769104e-07 2.2579823376363926e-07 1.6322149542970227e-07 
1.2408296419841404e-07 3.736101063091212e-07 2.827112601152215e-07 2.3180856521359573e-07 1.7107866889356693e-07 
1.2304817391626002e-07 3.70852035730748e-07 2.7972682738453634e-07 2.2845230475800754e-07 1.6859289841763524e-07 
1.3215950313594673e-07 3.8061889676174784e-07 2.8544778010811947e-07 2.3735572771563634e-07 1.7282839280917567e-07 
1.3946455848321448e-07 3.766890139088897e-07 2.703234736013412e-07 2.318966002588761e-07 1.5743406920321617e-07 
1.4322407295853476e-07 3.8239377779402373e-07 2.7495327960675516e-07 2.378371981475529e-07 1.6121512277282664e-07 
1.4495625067789442e-07 3.8303510515966364e-07 2.7117718751311253e-07 2.421569874659941e-07 1.557203787109871e-07 
1.541959315250208e-07 3.914248566136441e-07 2.731741889930284e-07 2.5250033804650415e-07 1.559395044910402e-07 
1.576281583906695e-07 3.9119067986769777e-07 2.699485490468653e-07 2.503836662310502e-07 1.5322306641795488e-07 
1.5947233026358481e-07 3.933528396194207e-07 2.7097475764359315e-07 2.533202438000618e-07 1.5378458388191484e-07 
1.5950802687207938e-07 3.931403275011481e-07 2.7003567857238875e-07 2.5414277785665327e-07 1.5250671353979998e-07 
1.639586210815166e-07 3.967362222920698e-07 2.7085029756201635e-07 2.5804177729439995e-07 1.5292727845865998e-07 
1.5572914834281706e-07 3.8968448649279657e-07 2.674702878670172e-07 2.530211350759597e-07 1.495152024303255e-07 
1.573622115847801e-07 3.930765417511184e-07 2.711561672898543e-07 2.565544275840065e-07 1.5293685969220865e-07 
1.4410979573604096e-07 3.768509143369767e-07 2.563224265839202e-07 2.5161891530886824e-07 1.368948004768403e-07 
1.4867582031427983e-07 3.7790506315372834e-07 2.5298304543313804e-07 2.540783153896839e-07 1.3293546166144795e-07 
1.5054884536700596e-07 3.7756375173993733e-07 2.515794511747121e-07 2.476490714097492e-07 1.3257776224882588e-07 
1.5170022517227563e-07 3.770749155947899e-07 2.4983433414574425e-07 2.4653268870903596e-07 1.309595155328195e-07 
1.4387372403285512e-07 3.7228118521892033e-07 2.516452009138239e-07 2.3899135791968317e-07 1.3428088816939293e-07 
1.430966675259413e-07 3.8050006572083025e-07 2.6598014793713735e-07 2.4547899802624925e-07 1.4880302920091615e-07 
1.4463547074843673e-07 3.8090298316369706e-07 2.652883031473866e-07 2.450078464861516e-07 1.4822007882655903e-07 
1.4312902141428565e-07 3.831854606366445e-07 2.6973003398607386e-07 2.497038857885065e-07 1.5204863296855036e-07 
1.424933896772916e-07 3.869580169297685e-07 2.7678751049643013e-07 2.538881639422631e-07 1.5905658950107794e-07 
1.5050206429274997e-07 3.8873347473594226e-07 2.716096974564345e-07 2.5250488660458756e-07 1.5388128504096289e-07 
1.530060466823253e-07 3.8906100869421414e-07 2.6994536871140273e-07 2.5144186979906037e-07 1.524594010749156e-07 
1.5777102036917593e-07 3.9470940603283103e-07 2.730764817996431e-07 2.5901320718116407e-07 1.5454484211143112e-07 
1.5728642206249138e-07 3.967388137132872e-07 2.769601318128086e-07 2.613739459793821e-07 1.5831405187419425e-07 
1.5973223119991334e-07 4.0499025735310983e-07 2.8904959159988685e-07 2.6878445223628154e-07 1.7036067190827756e-07 
1.5711912650790406e-07 4.0241208679941827e-07 2.8745918626979166e-07 2.665476627173989e-07 1.689026446520427e-07 
1.6097558450510144e-07 4.060812737989139e-07 2.9014060587732195e-07 2.683987564488687e-07 1.7173710352446184e-07 
1.6288672576864622e-07 4.0842892423975826e-07 2.9179386886089437e-07 2.713652193345237e-07 1.730778593494483e-07 
1.6196660919676112e-07 4.0681859726663907e-07 2.8974956070229974e-07 2.7026761902028484e-07 1.7097366855561054e-07 
1.5878232559306715e-07 4.0290298404684686e-07 2.8678159704320064e-07 2.658428579098326e-07 1.6839595963482714e-07 
1.646268182659674e-07 4.0516289885910977e-07 2.838303354692554e-07 2.677979741291426e-07 1.6513648298456897e-07 
1.600768963095921e-07 4.0141175756968483e-07 2.8096969122461244e-07 2.6860203459279016e-07 1.6148329584149653e-07 
1.6332920653328098e-07 4.1059990801269016e-07 2.9282018899474606e-07 2.8499796207448934e-07 1.7219341987292444e-07 
1.6304064197322273e-07 4.097058550117143e-07 2.9147054360701993e-07 2.846305128810616e-07 1.7079846846853466e-07 
1.650532231583551e-07 4.10860721403353e-07 2.9123655951280483e-07 2.8825566764587905e-07 1.7030639657115818e-07 
1.551740470774874e-07 3.994350074108695e-07 2.8204918703202513e-07 2.7586873645607395e-07 1.6165051812193015e-07 
1.5345745491272927e-07 3.9166848654736357e-07 2.702984229059141e-07 2.6939466326646156e-07 1.4976721163761519e-07 
1.558282281588976e-07 3.947673745247498e-07 2.7337871628584194e-07 2.6618315186242974e-07 1.534149072677671e-07 
1.610103968159686e-07 3.995379694323871e-07 2.755906648464106e-07 2.7152757756671496e-07 1.5520513395077346e-07 
1.5980597096216918e-07 3.986276052336408e-07 2.754128947287685e-07 2.7047772281975776e-07 1.5511817865501665e-07 
1.6024456939398148e-07 3.9863484229542143e-07 2.746640695008556e-07 2.7308869950139793e-07 1.54011321728003e-07 
1.5975676852950422e-07 3.937049759458732e-07 2.666992679390769e-07 2.698475653691736e-07 1.4587643317639086e-07 
1.6315651394893267e-07 3.994608723432359e-07 2.727243053642909e-07 2.757750530453953e-07 1.5174164800642033e-07 
1.679985620866802e-07 4.143049508151269e-07 2.9398806402455254e-07 2.886676663291302e-07 1.7311550866186283e-07 
1.6115057729192478e-07 4.0712243089644354e-07 2.889506079847481e-07 2.826764584051618e-07 1.6831085735328764e-07 
1.6308239893122293e-07 4.0956435250397955e-07 2.911589755331801e-07 2.853366484455839e-07 1.704220181416025e-07 
1.650003463569144e-07 4.1186840998989114e-07 2.931237556713915e-07 2.869595220367049e-07 1.7234995524521776e-07 
1.561138891929201e-07 4.0213105024288734e-07 2.862905214481031e-07 2.728941669467284e-07 1.6649410957253972e-07 
1.5615591567555965e-07 4.018651923529412e-07 2.8564701919608104e-07 2.73249955640892e-07 1.6574971954559668e-07 
1.7005206814738805e-07 4.108233997084612e-07 2.8555233660959983e-07 2.7962711428226863e-07 1.6521275694909155e-07 
1.6773442675201797e-07 4.0812817469637436e-07 2.8299214775395274e-07 2.798063024361753e-07 1.6232336667342073e-07 
