-25.401373365506146 -24.287752779757483 -24.54203389434781 -23.79200285835138 -25.09232267497687 
-25.443933450707476 -24.32598601838538 -24.57604199657358 -23.83729954216105 -25.129254158312733 
-25.4109588574196 -24.283919983723933 -24.53785182465134 -23.79930560697973 -25.09490549823981 
-25.43373280249037 -24.315568111549297 -24.56597566665684 -23.826086531502554 -25.119256900908226 
-25.361409524069728 -24.25110858653902 -24.48386434197357 -23.747116937986462 -25.037225699937323 
-25.408355224836455 -24.30336777984671 -24.537203016349977 -23.799989973974277 -25.087504586439735 
-25.404029741295247 -24.310772808411244 -24.539452580362394 -23.797651585832142 -25.084982853010217 
-25.38899815412657 -24.314757553400213 -24.5595733479674 -23.787323814494442 -25.09219750637652 
-25.433099685167463 -24.35064330512681 -24.59901361516002 -23.833925932822495 -25.134845494679325 
-25.467505650761026 -24.374970530749437 -24.621801523627965 -23.869001781852262 -25.162888714124293 
-25.42913050683785 -24.326013419462313 -24.590817455014687 -23.825968469109114 -25.133507756464468 
-25.416108085847185 -24.330617757023788 -24.586812980487736 -23.81526524482034 -25.122560509920447 
-25.44781910032981 -24.361380392106696 -24.614482286293793 -23.84950351677233 -25.151252359685202 
-25.464221816521615 -24.382521203996035 -24.626110744950978 -23.867795836255183 -25.162472077950184 
-25.427682177741758 -24.348065908262626 -24.60127555940845 -23.82915621954207 -25.13467798094962 
-25.48802908649256 -24.40727632862479 -24.653361686823303 -23.894354129522398 -25.188637300355836 
-25.603287685654564 -24.518789072374474 -24.74623805160185 -24.018105453915908 -25.286951994646543 
-25.614980521658865 -24.531167505622506 -24.7587474211292 -24.0310915417174 -25.299049839131882 
-25.59177586454709 -24.511534276791522 -24.73910291786872 -24.006538230370225 -25.27769652972856 
-25.603660922285144 -24.536662275615456 -24.750445141528914 -24.02166742749894 -25.2852790957255 
-25.66064378837926 -24.5907329636418 -24.829955669638068 -24.08551481145669 -25.360670198675976 
-25.66703412280438 -24.598400916396514 -24.84047894937345 -24.093087497460658 -25.36992830575376 
-25.66420743790914 -24.606800227874857 -24.85083537133221 -24.0930106131661 -25.374265117436337 
-25.625267973491532 -24.570686556969576 -24.78998196464623 -24.048880692408673 -25.317350572817688 
-25.584151324669165 -24.52776365386208 -24.744900920039285 -24.003223277558405 -25.27377034395363 
-25.6028057727725 -24.55634987467309 -24.78073618865598 -24.026805395524264 -25.30303619273728 
-25.58366416698813 -24.533050802412234 -24.744206065212964 -24.003643996532517 -25.271444758298813 
-25.504243567045037 -24.469481645198556 -24.665791958949526 -23.91949755410981 -25.188476411406015 
-25.608890934855737 -24.588719654807704 -24.772243725798077 -24.036804818641386 -25.2899352244644 
-25.620715999763746 -24.603226860806743 -24.786169782396257 -24.05039446828708 -25.302596439826814 
-25.623405442601424 -24.608634290568645 -24.793682867331228 -24.05421427090475 -25.308294357864312 
-25.640463457466083 -24.61349489892062 -24.786506611871246 -24.068810254152567 -25.30971471797831 
-25.60843569849817 -24.579596899551547 -24.743393124876604 -24.032621521202657 -25.269589065404844 
-25.688922542818517 -24.66321797522245 -24.83799500440547 -24.122285152753676 -25.360032651218845 
-25.688070553329425 -24.660635641038155 -24.836279831881882 -24.120979484008345 -25.359007715732105 
-25.66801336397522 -24.659258863357977 -24.817260118165365 -24.102517284518925 -25.33436615706141 
-25.657287381265434 -24.644073399618293 -24.798120463068713 -24.089363458514384 -25.318335663931038 
-25.657909655644815 -24.643693430482955 -24.797314495788072 -24.089759809492435 -25.318121414168644 
-25.659018495747347 -24.649822601912433 -24.80762499910739 -24.092549688601736 -25.32502513958171 
-25.688332971959582 -24.683875447605033 -24.8441796974776 -24.126018115486232 -25.358573807040173 
-25.699540951264225 -24.69948572393764 -24.858248627917362 -24.139305386632145 -25.370713930785627 
-25.691136995649046 -24.68951586332102 -24.847996880031985 -24.1296874372174 -25.361336809508288 
-25.785447096754055 -24.803874096110206 -24.94670067644391 -24.236899316130746 -25.452908838719296 
-25.761434895258702 -24.781056128992617 -24.92289532590732 -24.21090374341064 -25.42878866599719 
-25.776484742332485 -24.79099931232335 -24.936838243546276 -24.226291891474048 -25.444416704788125 
-25.787411083478958 -24.804588748497352 -24.94447932653462 -24.23851399268439 -25.451921417905695 
-25.802338732124298 -24.816758911593837 -24.953458935317883 -24.253892071726682 -25.462904285286015 
-25.66996673079474 -24.660928297711962 -24.81403800030003 -24.104236779895118 -25.33230538273348 
-25.601251194560206 -24.587700789794383 -24.744276423938274 -24.02813517731167 -25.26432042747615 
-25.590497751286094 -24.573728730264733 -24.730892695275813 -24.015582774335925 -25.252469578322632 
-25.43830300773297 -24.427416380385452 -24.57778700156166 -23.84997475086793 -25.098347153143877 
-25.46162482743351 -24.44881661033952 -24.609264397568722 -23.875740088014496 -25.12859767221896 
-25.42813099654805 -24.399882804182226 -24.554110041279216 -23.834632647696765 -25.08263965758266 
-25.468747022848532 -24.429427740346156 -24.593378657382402 -23.87701127598146 -25.125295134193195 
-25.56087731618291 -24.531486441539656 -24.688527199249606 -23.979948394481667 -25.21658509863697 
-25.56220099468902 -24.532822220171994 -24.68931316807563 -23.981363756261587 -25.21747621064054 
-25.52649795748846 -24.489850157422893 -24.669602967954475 -23.94208833002851 -25.196645863491966 
-25.52986974972869 -24.49318084587233 -24.67326267313632 -23.945795417531684 -25.20024539942044 
-25.512709131505176 -24.476562866935225 -24.660625235227712 -23.927441362341796 -25.186555188704332 
-25.50432501935117 -24.457907018368985 -24.649260028863793 -23.916214192043768 -25.178842499617474 
-25.466700784556323 -24.41871548258935 -24.610335189330286 -23.874617319422697 -25.140777601753726 
-25.487992986224683 -24.441864792550902 -24.629562766518603 -23.898113399024126 -25.159826969686947 
-25.494553924726617 -24.454069137642293 -24.640124612437248 -23.90660397552716 -25.167876767046025 
-25.489377135868253 -24.450045780150447 -24.635032281386884 -23.90114420861856 -25.162447840133524 
-25.494923156195767 -24.454034886359352 -24.64413171097823 -23.9072195298439 -25.171233280325993 
-25.472634059345125 -24.420572699143065 -24.61137032379206 -23.88002893869772 -25.144014291861012 
-25.558314682824587 -24.513834858425454 -24.704478660444536 -23.975783125778207 -25.233052751807733 
-25.561940699044953 -24.520103327673823 -24.70517893333023 -23.979993387155048 -25.233587356334496 
-25.605238156574202 -24.547365700300873 -24.740153575589403 -24.024001864589962 -25.274843071955715 
-25.603622702932412 -24.545645581073885 -24.7384576980711 -24.022208790551076 -25.2732001717185 
-25.603176469161582 -24.545118663078398 -24.73783571061537 -24.02169314525476 -25.27264035526663 
-25.554663927024805 -24.497652345676187 -24.6975927333325 -23.96937079049249 -25.230510048373418 
-25.48838497888582 -24.426467018105924 -24.629686413922045 -23.895791769057993 -25.164600774392156 
-25.4874799905286 -24.410102324196714 -24.641775843564943 -23.893310865519908 -25.178419971835552 
-25.487407918129335 -24.41134815046283 -24.63850360437091 -23.89317101192556 -25.175445658727227 
-25.511771057239727 -24.447632058092182 -24.677782320423404 -23.92311575829865 -25.208032303034457 
-25.469666469395364 -24.40132033233226 -24.62731887960443 -23.875554727734652 -25.16069987272094 
-25.48030123306789 -24.410693164084762 -24.638775314956916 -23.887073004187727 -25.17231114931127 
-25.274949932660363 -24.198511403463215 -24.42405164701681 -23.659945186168315 -24.96225873494504 
-25.273460292810356 -24.196732572902008 -24.416271209339726 -23.657727758750156 -24.955902630262216 
-25.3302039653924 -24.246366634239294 -24.478328595036274 -23.719265421858566 -25.018691475793062 
-25.344165166350876 -24.26293057383198 -24.49252748574561 -23.73502736676359 -25.032039328867555 
-25.14195450455273 -24.04648495961665 -24.275320601749684 -23.509434975578984 -24.822840323600786 
-25.121988930834434 -24.029846312853735 -24.251070089993874 -23.48769418364661 -24.798611437412575 
-25.09050155970921 -23.991907706516557 -24.22570802631418 -23.45254710924077 -24.773917845895028 
-25.089890336951953 -23.99183637132539 -24.224930551819853 -23.451949645991718 -24.773022151373894 
-25.014003430603978 -23.908221483922148 -24.146883901034272 -23.367085764619134 -24.69793274144746 
-25.093100876677298 -23.984298957192166 -24.23171015986007 -23.454051767967528 -24.782126740363125 
-25.2048071927437 -24.11641788414839 -24.374109552236376 -23.582851262289978 -24.91171910083345 
-25.153323415710403 -24.082804006527894 -24.343839063402015 -23.531323737079987 -24.871977557700433 
-25.160704533347143 -24.089754712730027 -24.351565819007547 -23.539390253723127 -24.879729685906426 
-25.147981727911073 -24.07330232564233 -24.34537917398812 -23.525493818353965 -24.873276967182832 
-25.179036893426186 -24.09887743644134 -24.38143734372801 -23.55923867226585 -24.909743459500362 
-25.20026281529735 -24.127404185139454 -24.412928863910324 -23.584800032905136 -24.936889966992382 
-25.15479457268954 -24.080449787307174 -24.36779815710085 -23.534703813093557 -24.892271403104928 
-25.130568143473013 -24.04392537661667 -24.33953014081915 -23.50573447754141 -24.86847273347726 
-25.144590465820954 -24.05816891486559 -24.36459880122507 -23.522413535408106 -24.891086411877964 
-25.21658253556251 -24.138097630774666 -24.43026020580122 -23.601935717494314 -24.95556665062594 
-25.227660594751825 -24.161224795149522 -24.443976756892013 -23.616280125847283 -24.96522538719833 
-25.229894961120692 -24.16289849238656 -24.44648861410421 -23.618672329440273 -24.967832172361312 
-25.315783041504204 -24.2391612847925 -24.52934660476876 -23.711029812337003 -25.053802142020672 
-25.317329163135383 -24.23995845613244 -24.52985303813726 -23.712495177228078 -25.05473836160452 
-25.316553561543614 -24.23905302935036 -24.528916844570503 -23.711606915121493 -25.053876087622157 
-25.374761278375004 -24.306676386757545 -24.598196172417346 -23.778109531553937 -25.117911840954264 
-25.435691668821775 -24.341553421647006 -24.646722088827318 -23.839580476301478 -25.176323732447784 
-25.542855285769335 -24.45206291306465 -24.75123969910109 -23.957217223041482 -25.280080700433288 
-25.547990976036118 -24.451957617184036 -24.75456029111345 -23.96188252083556 -25.28526863868578 
-25.554198877424668 -24.459764216927866 -24.75872072082943 -23.96869279817406 -25.28938529264333 
-25.57734003480556 -24.482191202455 -24.784151029699075 -23.994189348447108 -25.314455435751682 
-25.58353874405266 -24.49114842033123 -24.794334875945893 -24.001815262145442 -25.32298355863466 
-25.68000462111685 -24.58893533017914 -24.886397862210742 -24.107160226799408 -25.415276169796385 
-25.535786330976137 -24.42971839798335 -24.743140132320804 -23.94716345001656 -25.27658991839843 
-25.543780501270618 -24.435054084540525 -24.7597162915076 -23.956526660536085 -25.29207155022894 
-25.403369085741943 -24.292893016057235 -24.62011520876986 -23.802452507138923 -25.153275324449822 
-25.243929159662258 -24.128818554975865 -24.453920457145614 -23.626074148855963 -24.990387238998935 
-25.239152331447343 -24.124626267422684 -24.449946342126793 -23.621006646078428 -24.98609203973247 
-25.24210457780606 -24.13087441667382 -24.46018896169514 -23.62557078551923 -24.993832787281264 
-25.193411276988385 -24.0893227328163 -24.417356937330254 -23.573841210610283 -24.94788674387111 
-25.204208888727962 -24.10284832387252 -24.427287172031313 -23.585987155450752 -24.957186317564805 
-25.14724677827894 -24.010405280514632 -24.371328991971154 -23.518604009220056 -24.911292669186523 
-25.154830181344124 -24.01400971409292 -24.373137936403737 -23.52568600182417 -24.915436763711625 
-25.12992734804706 -23.987951515095062 -24.357313112203485 -23.49931350860544 -24.898082480991135 
-25.246592329390893 -24.12343655464703 -24.495885973402878 -23.632767598872576 -25.026252083860825 
-25.249383629877613 -24.126078106577424 -24.49722720024083 -23.635620463341752 -25.027935073914364 
-25.38790383824633 -24.27674970786134 -24.632427809207016 -23.788792504535635 -25.159924518471556 
-25.43931350168745 -24.340858714864964 -24.69965774292639 -23.848921689875397 -25.220015837779115 
-25.45939874048601 -24.371363600065806 -24.734170707084928 -23.874272053115277 -25.248446403358955 
-25.267005778064018 -24.14253354760922 -24.50730183452336 -23.653825434301567 -25.03988807103434 
-25.28781906439994 -24.160868352494873 -24.532250495414104 -23.676879612965422 -25.06458495683883 
-25.31963625650816 -24.208449756385676 -24.57112169865252 -23.714809177084533 -25.097380657454707 
-25.24776438520162 -24.13378804410027 -24.493806793419324 -23.63486105449249 -25.022260803246596 
-25.258004228150426 -24.145892452077035 -24.510389959389073 -23.647178944588987 -25.03693083808497 
-25.253999892682614 -24.141476191439637 -24.504822797495507 -23.64252375999564 -25.03182654725775 
-25.23776875903347 -24.120412284205415 -24.48545428635589 -23.62364543954571 -25.01455114983058 
-25.23039289086475 -24.11658366162682 -24.47905583226023 -23.616157635032863 -25.006964564432806 
-25.196851967790067 -24.082534461246098 -24.454724884654155 -23.580488575310113 -24.980933669921257 
-25.191611791213546 -24.07968002248562 -24.45579438243672 -23.57591003276241 -24.980003970361864 
-25.103846937335405 -23.996290655598855 -24.37926639861132 -23.481690896594387 -24.900151721615075 
-25.074650391640347 -23.969155995854834 -24.35196578921456 -23.4501732887138 -24.87196545451536 
-25.149015879727727 -24.046692510534996 -24.441174387472316 -23.534375806857682 -24.95687289104285 
-25.14123818626142 -24.039122495042193 -24.43929724144344 -23.526728397416633 -24.953712967024913 
-25.18378142112404 -24.090566598457144 -24.481061372391153 -23.574505704714497 -24.992979520830303 
-25.207519280029345 -24.118968148764225 -24.508032446241586 -23.60165718490984 -25.0178653006015 
-25.205820492697924 -24.116768731421374 -24.50777179277577 -23.599934928118827 -25.017448176559554 
-25.319624924326007 -24.241677400750177 -24.63229931324166 -23.72782837730732 -25.13618025219337 
-25.317684908455277 -24.23979616105443 -24.630662046735196 -23.725754590112274 -25.13446904024083 
-25.28232767270218 -24.215356079334285 -24.591473963851584 -23.687954888001627 -25.093109310191323 
-25.17337991967642 -24.098120601894493 -24.48386534897317 -23.567505423731205 -24.98794116789361 
-25.061315803462705 -23.973989203332934 -24.37155488905175 -23.442799721649422 -24.879484488974185 
-25.032572246522662 -23.947340851191257 -24.341766512307814 -23.411373554142983 -24.84942218672414 
-25.02873308787666 -23.94420539521616 -24.339203034234302 -23.407446077127176 -24.846403079653157 
-24.85644087085683 -23.75936124553455 -24.16246091856847 -23.215724085477703 -24.674747369291012 
-24.775816168584257 -23.694215344177934 -24.097599443447763 -23.13165212633831 -24.602453126137874 
-24.77273148364121 -23.694730493596012 -24.09494843134611 -23.128843811521506 -24.59870184946567 
-24.71472745935901 -23.63546972651052 -24.029867712388324 -23.06379202527971 -24.535672240034373 
-24.697484210083545 -23.611812373959708 -24.015983530301256 -23.044405162460464 -24.52295518225837 
-24.567048116971137 -23.46964168902727 -23.868409364970105 -22.89653737368765 -24.382785186042994 
-24.54345466793326 -23.443021836063537 -23.841484957975382 -22.869615882785823 -24.357506341194252 
-24.462968906117737 -23.339866643014886 -23.75789607618502 -22.77724689981018 -24.28126076147882 
-24.466264144057007 -23.344551654486082 -23.761798697184773 -22.781164598238917 -24.2846308360173 
-24.483675676656517 -23.338230337807275 -23.747998020717418 -22.79248148785004 -24.284114624699413 
-24.405877403802407 -23.25597304426043 -23.672494629038354 -22.706390772134185 -24.20965187431338 
-24.41067056725764 -23.258217096421888 -23.673234981985303 -22.710744864447094 -24.21196010255254 
-24.307700585455635 -23.173799510595046 -23.594146009915676 -22.603184667233535 -24.122913075582417 
-24.316453121529193 -23.184676524917265 -23.604654971391355 -22.61340582841777 -24.132417871189347 
-24.261673852291537 -23.117808599883233 -23.54120772593572 -22.54995266666313 -24.074419492701495 
-24.23904590966376 -23.093405651604215 -23.515112326531323 -22.52419839730021 -24.049646510984857 
-24.27356311454139 -23.135096012235522 -23.550632980533123 -22.563457641597864 -24.082810607471586 
-24.197183152792675 -23.038073209112696 -23.456831673211582 -22.473674336093524 -23.998821716994627 
-24.193446156417366 -23.039387048674698 -23.44155492384334 -22.468582688462448 -23.984615304030314 
-24.208262774416596 -23.057056220068233 -23.464526348808548 -22.48651563509786 -24.004980314002907 
-24.181852658802725 -22.993642064072077 -23.437380348926155 -22.452284396069146 -23.98846436002573 
-24.220838418349572 -23.055426602253306 -23.480516179819006 -22.498966973568784 -24.024183223911038 
-24.230951838482767 -23.058054651710805 -23.480053907797355 -22.507600532068864 -24.02805854813316 
-24.225420980736317 -23.05305314224202 -23.47249033196651 -22.50126519156609 -24.020804172166905 
-24.13241024536768 -22.943987101482406 -23.37409857056396 -22.395538517297737 -23.928409598286038 
-24.13314350689565 -22.91017477070399 -23.359247157322926 -22.38974978686646 -23.926571881846158 
-24.12275832752755 -22.895284010951244 -23.350514066718745 -22.377956001574105 -23.91877115062732 
-23.98037736969566 -22.73378235022227 -23.183076753680794 -22.214361090810215 -23.762635134220062 
-23.978393660378586 -22.73323891697909 -23.185454480357066 -22.212954102939804 -23.763667770369437 
-23.969409796134414 -22.724623389714296 -23.177700144885435 -22.203216661869334 -23.75557615750185 
-24.000937907900607 -22.780843925015077 -23.242475357396913 -22.246011022378156 -23.806135351874843 
-24.001087492416715 -22.781033357775854 -23.242632682657785 -22.246182712818978 -23.806279366007757 
-23.91862217984459 -22.684641175131887 -23.15299321149618 -22.152049813151123 -23.722373078992092 
-23.907467844019365 -22.671010399266734 -23.13905122110225 -22.138969632950605 -23.70976666627125 
-23.802552747223544 -22.543797667953967 -23.041274674408726 -22.02111767909561 -23.616994005330895 
-23.732608928304302 -22.483387274490354 -22.978601556703836 -21.945726730147612 -23.550363073474045 
-23.72589109829316 -22.46760168402976 -22.96616673083888 -21.936324553962464 -23.541705605975906 
-23.77703893545106 -22.554123667186175 -23.050856683894608 -22.002593863211104 -23.60912335020737 
-23.777466479929416 -22.556326762632665 -23.05330587871852 -22.00361133392184 -23.6106408653809 
-23.73732169407367 -22.504690530561703 -22.993488857783063 -21.954526305830996 -23.558427605503553 
-23.755836595523803 -22.524404099146494 -23.01419989074043 -21.975561839624547 -23.578260051588828 
-23.74294683087794 -22.478560401174292 -22.986227592935435 -21.9550508711082 -23.562726562608347 
-23.73628920157344 -22.46095015418186 -22.980483895628623 -21.946610933459382 -23.559821658998274 
-23.736115980120104 -22.45707080341454 -22.977838541744248 -21.945623325071708 -23.558737048323763 
-23.749638418761947 -22.488731903403362 -22.986958694280133 -21.961925909922556 -23.56377650601091 
-23.73502915812597 -22.473393116249753 -22.972477252259523 -21.945644925195026 -23.549523269940906 
-23.65718532963416 -22.392432742974478 -22.900956300674864 -21.85985003063371 -23.47777170924968 
-23.860961686416715 -22.597475784394064 -23.11953933541946 -22.08859689412394 -23.692005082974887 
-23.8904250137267 -22.62971636837986 -23.150583020961733 -22.1218331504798 -23.721830036761702 
-23.881113898302758 -22.619675521447036 -23.141494275688046 -22.111465176430272 -23.71292811293661 
-23.735381929394777 -22.42661612454728 -22.994524273715783 -21.9447577910003 -23.579729724982258 
-23.921078767598445 -22.621997610561053 -23.189596297568144 -22.15346768619746 -23.769404967278504 
-23.916116976817463 -22.616319494262143 -23.18529904505253 -22.14801269189961 -23.765175548694387 
-23.897593131147616 -22.59265299472652 -23.15477516645059 -22.124913348978268 -23.7387592146479 
-23.862682651862997 -22.559924182229807 -23.120372514371667 -22.086449051996638 -23.703780959728277 
-23.94755851866529 -22.64907994066475 -23.21917088050681 -22.183442861468762 -23.798037129004285 
-23.937983585898834 -22.643850736592327 -23.20723225348192 -22.17280378676149 -23.78546815827697 
-23.939653914132023 -22.6678419445296 -23.218204783779925 -22.178395564031575 -23.788298144456803 
-23.977922756687505 -22.729476366312326 -23.272849286641218 -22.226021418302835 -23.832825133463686 
-24.0234810255442 -22.772252971067473 -23.319476110071903 -22.27640415359123 -23.879814920854088 
-24.007799850786796 -22.75010052987355 -23.304588342249858 -22.258522669204922 -23.866586090599114 
-24.115309783251433 -22.868507182288027 -23.414483211658762 -22.37911099948583 -23.972579291438336 
-24.044067941944306 -22.788543610916392 -23.33632666165198 -22.298125223798806 -23.89858125917428 
-24.09126754674446 -22.850715548016268 -23.3892736542428 -22.352922128494825 -23.945994927619836 
-24.17537157180554 -22.95321813742659 -23.48420279735187 -22.449817799954587 -24.03320762032712 
-24.173780371400255 -22.947317909018153 -23.475700449297705 -22.44639724950227 -24.02739454261021 
-24.23487245637166 -23.02264996108198 -23.5752831075026 -22.52234204737165 -24.114515587235914 
-24.183814370582482 -22.962852496722675 -23.51521135882342 -22.463323397492573 -24.058977149234977 
-24.23431930651614 -23.00745550441944 -23.549866727658767 -22.51571647504376 -24.09850006118792 
-24.215365881311712 -22.991061613782392 -23.539388043805985 -22.496537731062517 -24.085552558693593 
-24.216481692763367 -22.99194327643812 -23.540638997326738 -22.497772473957085 -24.086834575935114 
-24.263879701185758 -23.042530397944688 -23.59018911451598 -22.550899293962928 -24.134871154532846 
-24.282977348146403 -23.06285487699415 -23.61294612062173 -22.57280186681274 -24.156431017692213 
-24.162334783678148 -22.939447738408887 -23.491497231350863 -22.43895616542548 -24.036353049684237 
-24.167687065911096 -22.945836190841064 -23.499125890282016 -22.44540008142843 -24.043185416977053 
-24.15279186482681 -22.94468937161318 -23.49724907957777 -22.432752338761105 -24.034772666090532 
-24.18318191835303 -22.986432334144453 -23.52932912902027 -22.46788425721887 -24.06325247838032 
-24.11136016833511 -22.8900636092136 -23.437759402640552 -22.382215157960545 -23.982960977161127 
-24.138193294268547 -22.92751279032953 -23.464630862191044 -22.413038196121562 -24.00680435474814 
-24.12836208643796 -22.919393166030318 -23.454947579188527 -22.40237396352326 -23.996653109172144 
-24.149485630832075 -22.92437662189215 -23.468968870124826 -22.42275777827966 -24.016576031320085 
-24.13999321025709 -22.926424986490233 -23.451028522005515 -22.41198930645868 -23.997318367357494 
-24.129921515409293 -22.914584102993686 -23.440540658457465 -22.400580456731134 -23.987445205774392 
-24.311562228645585 -23.084581344546336 -23.59091293372485 -22.594902457040575 -24.14714066130557 
-24.291097599873822 -23.051309724787615 -23.554227159140893 -22.568272515589115 -24.117586899738342 
-24.31563703371347 -23.070898675435913 -23.57655430331181 -22.594537668360175 -24.141671469042436 
-24.314132673986393 -23.06915934668882 -23.574995176562894 -22.59284089838394 -24.140194531846248 
-24.323294173819235 -23.09159653875831 -23.591452870919113 -22.60554263232622 -24.151369007131123 
-24.34155872294714 -23.115534936788976 -23.612634258774904 -22.626812694608105 -24.17028317035907 
-24.24678543890309 -23.002414276652473 -23.519570377351954 -22.52035870654501 -24.082255427174488 
-24.17043126517217 -22.913174396406617 -23.434030999543864 -22.43302502806398 -24.002542200439933 
-24.169698597005976 -22.912734445850262 -23.432479968907728 -22.432109012402094 -24.00109182729466 
-23.974247237182183 -22.70967194013562 -23.225095753084176 -22.212848794940513 -23.799128274286943 
-23.974160425861385 -22.709568594135945 -23.224946809282187 -22.212740770085986 -23.79899778009944 
-24.103696717013392 -22.848671689442995 -23.36148874812659 -22.358410552093474 -23.93089790062338 
-24.232652960116553 -22.984806745189957 -23.485181919207392 -22.50107451943589 -24.05328582909202 
-24.23623766425348 -22.988808108497594 -23.48941347796969 -22.50518768934944 -24.05724840255884 
-24.212861475176425 -22.967083125428033 -23.463604978144772 -22.479110851011427 -24.03159960213013 
-24.165881599718546 -22.93145800510932 -23.41954913703475 -22.42882059181423 -23.98394147040574 
-24.16744059451942 -22.933218428473168 -23.419403366789112 -22.430301047201695 -23.98410486619491 
-24.15435367945541 -22.921202852552 -23.407641685242808 -22.416145187181513 -23.971806584574054 
-24.144117634585044 -22.899783574172474 -23.40257484399065 -22.404407794562403 -23.968743388627544 
-24.13322736234406 -22.889540573724148 -23.394535110461277 -22.39288061444057 -23.95994457152547 
-24.12359446356973 -22.879378113749837 -23.379861305672932 -22.381348609782208 -23.946549648616838 
-24.111549710756947 -22.927775180130027 -23.401611362850062 -22.38047995939671 -23.944270763162464 
-24.166404229369675 -22.992377627798604 -23.460950142404755 -22.44307490385809 -23.999730097227015 
-24.34917707980199 -23.181070479472723 -23.65466307112976 -22.647504818194932 -24.188785824278625 
-24.29939554857866 -23.14334697030405 -23.620938861752606 -22.596699501714696 -24.148438409268394 
-24.336322788342997 -23.180817362383493 -23.649358179890868 -22.636120347654995 -24.17839455277148 
-24.321581307953252 -23.160791083641854 -23.6327787792775 -22.618881128804134 -24.163736164025735 
-24.31990592695871 -23.160894876277084 -23.625690109380784 -22.616367860954867 -24.15731649905247 
-24.446873763001662 -23.318703178989082 -23.776378470056713 -22.764311778911193 -24.293861983863565 
-24.45568185883735 -23.336536090186144 -23.799089690664516 -22.777531991081162 -24.311057468002886 
-24.466172900832632 -23.353372804213805 -23.819232812244792 -22.79157409496682 -24.327336997406448 
-24.425624681150794 -23.305610707793207 -23.771333285108284 -22.744671633141692 -24.283161715485008 
-24.407171651451677 -23.287364701611438 -23.75648313049747 -22.724967574054688 -24.26755358245407 
-24.40921190838597 -23.297714262995257 -23.784309511026223 -22.73282285397157 -24.28757885163796 
-24.405837863206756 -23.29267847573317 -23.780167145246594 -22.728750633441166 -24.284075656479587 
-24.399938454872228 -23.286158549398138 -23.764878576597482 -22.72049617386034 -24.2709714494938 
-24.399711945122448 -23.287279307743006 -23.7668522891678 -22.720810405888756 -24.272102612163124 
-24.395496162699402 -23.291098711973433 -23.76463859022907 -22.71757458806107 -24.267229896496573 
-24.308623212782635 -23.205765864657323 -23.68280732753776 -22.622875595200455 -24.18420684714775 
-24.312939788098618 -23.210105690614114 -23.686217593770863 -22.627478908082566 -24.1877870865508 
-24.362781398076294 -23.243035729726756 -23.722099999158104 -22.6777560787515 -24.231185491478584 
-24.376783898101593 -23.255107459297662 -23.73295788160756 -22.692399575341 -24.243201477973884 
-24.32523979498859 -23.20404322812398 -23.688808124988654 -22.636904682983854 -24.197529943102083 
-24.3446549478724 -23.233215514470118 -23.724861878190055 -22.662566380357987 -24.22726034996019 
-24.45634151720985 -23.389479196861444 -23.847751614034394 -22.793704369859384 -24.33489030828474 
-24.486951999445736 -23.431510720819603 -23.897369673904024 -22.832443281504396 -24.37719812584406 
-24.48285127771338 -23.414060867192063 -23.90952773709428 -22.829123404335647 -24.389711985263602 
-24.388850891869964 -23.34120879081962 -23.81400076749786 -22.728241929824648 -24.28889077770623 
-24.34162468110486 -23.294504389459732 -23.773015735107364 -22.67746276142097 -24.24661862073509 
-24.337964718254156 -23.289596718153106 -23.767528794953293 -22.672907717331512 -24.241877524871256 
-24.309724615296147 -23.259977626202883 -23.7415072069101 -22.642011655692343 -24.2158785882218 
-24.35075984953042 -23.32575013189748 -23.804229574605728 -22.694936482773784 -24.2669684951574 
-24.363742143358508 -23.354495213165478 -23.830590614562283 -22.714156398759357 -24.286058253045297 
-24.283975536765496 -23.270405547003932 -23.747240138205285 -22.62496876982884 -24.204948391877792 
-24.2950660331107 -23.279563557273875 -23.75572165048098 -22.63639022797976 -24.21447847942798 
-24.20847009034958 -23.184498236377948 -23.669090245539365 -22.539703594675174 -24.130544850388986 
-24.188355834269572 -23.16970358503241 -23.644898208557578 -22.517535827961268 -24.105770574818052 
-24.186254814274733 -23.167321269272747 -23.642237670225867 -22.515069539907984 -24.103313071765925 
-24.241164470209583 -23.227766591460366 -23.69763922788863 -22.576518571173878 -24.156857363982425 
-24.28499248462063 -23.266607077157232 -23.75316955379367 -22.626334121979923 -24.211212621573893 
-24.31807060033597 -23.294770401109716 -23.784433849535233 -22.661695230802877 -24.24412340697762 
-24.341904989914994 -23.317177186528156 -23.81360775365266 -22.68879914510383 -24.2725065492388 
-24.359781968853085 -23.346148150330805 -23.843068059785153 -22.71240734425801 -24.296378126253018 
-24.400947919405667 -23.392143620543806 -23.875341997946222 -22.75665808037961 -24.32899203143809 
-24.354790883606057 -23.372359869468582 -23.835623613680823 -22.71112870912677 -24.280642953824227 
-24.417743469768027 -23.438423619289352 -23.902144467324504 -22.78157978237371 -24.345329561123705 
-24.433359381805204 -23.458971965118565 -23.91923037497901 -22.799816077679026 -24.360660047206878 
-24.416662853202652 -23.446839737593393 -23.915936986039867 -22.78481158012943 -24.353371455255925 
-24.410392270109952 -23.438294573420606 -23.908648323788597 -22.7773558436146 -24.346958515822365 
-24.472614258920004 -23.52831434903601 -23.956648849441592 -22.847503390064517 -24.38975589860074 
-24.54254249136214 -23.601113928238718 -24.033704321408777 -22.926180853687185 -24.464294385720436 
-24.53165073376286 -23.562128749518493 -24.02920917025854 -22.910950834763327 -24.466518251261434 
-24.627449012166537 -23.675478685553742 -24.128913970594155 -23.019730521843414 -24.560111028838648 
-24.757334147258163 -23.79910740281177 -24.234366037250425 -23.156614850925322 -24.671917144404674 
-24.76250306989499 -23.814923051620738 -24.234072628986567 -23.162987173191226 -24.669688741250297 
-24.932295073066257 -23.989566382460424 -24.445400242862803 -23.357941133009334 -24.870564966954305 
-24.89998619060725 -23.954782319033427 -24.409996444338717 -23.321524795481068 -24.836605396058687 
-24.88971849379351 -23.94078441580625 -24.402194409300904 -23.310182807293188 -24.82939372659284 
-24.826256135830505 -23.86625269615078 -24.331486087051687 -23.237439319677634 -24.76352497064056 
-24.854135375014863 -23.898737197210664 -24.360546890561295 -23.268958703738235 -24.79094294332542 
-24.835127445165668 -23.879353833475207 -24.338071970686244 -23.247364019569105 -24.769348702464413 
-24.897491029710054 -23.964077276383406 -24.422023398494275 -23.323541144690807 -24.84232000935549 
-24.84709697408107 -23.9181214470711 -24.368159888970013 -23.268303526586976 -24.78806710765275 
-24.86174282814173 -23.94833127617389 -24.403092509925315 -23.29096191794882 -24.814385593882378 
-24.824264764808902 -23.90624180822958 -24.363188210544536 -23.248638790478424 -24.776413664696165 
-24.82397049857238 -23.906285879130408 -24.36278632109962 -23.248348642682103 -24.77593817240401 
-24.793931110510385 -23.871224995438567 -24.331371105377883 -23.214322921444136 -24.746333743467588 
-24.755600856487675 -23.834891120888244 -24.298544399953315 -23.173735442430896 -24.711946725053238 
-24.73328655965335 -23.80984784202542 -24.274081182790027 -23.14837714095276 -24.688772223659996 
-24.743235519855233 -23.82669983147349 -24.284511847666806 -23.160502304178735 -24.69710494179283 
-24.75145460010711 -23.835882089992595 -24.29321246029923 -23.169772458801845 -24.705405656990578 
-24.755920629420274 -23.84224962406691 -24.297377363389117 -23.174918448612786 -24.709074509301743 
-24.75428743574851 -23.836876872902522 -24.286205851797078 -23.170579062922272 -24.70091383115276 
-24.73858907371607 -23.830527324703425 -24.278203633486967 -23.156456302227454 -24.688731242223298 
-24.667425370509136 -23.761154660497567 -24.207872271341387 -23.078855586132093 -24.61795703209232 
-24.643607686264033 -23.73839929610196 -24.178592540093348 -23.05179712638096 -24.589561479091955 
-24.621156256157192 -23.715548470181176 -24.152920923309196 -23.026445766504395 -24.564732872144475 
-24.623996477298704 -23.719676606811362 -24.15805646346911 -23.030240034835586 -24.56902461526684 
-24.554584960362234 -23.645717548477208 -24.084583912311643 -22.95245819473942 -24.49791090315766 
-24.583621049464853 -23.678407268792597 -24.115985444521854 -22.9854310327229 -24.527689105118597 
-24.436506731832424 -23.55070177588965 -23.981952099538944 -22.829862692116166 -24.38594128657283 
-24.473521180130177 -23.587327346166376 -24.015338839071873 -22.86972464014383 -24.420047906020727 
-24.536013436276264 -23.625510537823857 -24.08259813265218 -22.935149721537115 -24.493087347479786 
-24.52690633928708 -23.612685599641694 -24.062673683310294 -22.922318392064867 -24.476452056923534 
-24.527072164671523 -23.616789846410356 -24.070566066369736 -22.924732581257928 -24.48164995149139 
-24.509844762276572 -23.609964523411023 -24.062997540076466 -22.90954826923489 -24.469209725407197 
-24.532540778313873 -23.631443411421586 -24.080005801713114 -22.933097848385913 -24.487641777337373 
-24.421918630388546 -23.521938667715503 -23.979740209876 -22.813908547647728 -24.385332237468575 
-24.451905049165177 -23.554211093252476 -24.005940060363542 -22.846460384795904 -24.411544281518985 
-24.44465773767587 -23.54718596005327 -23.99995325404825 -22.838796431687925 -24.40526323688111 
-24.48170517746557 -23.56243263171929 -24.030547132049804 -22.874513223889792 -24.443261018737843 
-24.499241020945604 -23.595566239495355 -24.06374380923893 -22.89963476151496 -24.468775518376674 
-24.488690919481257 -23.587552701413088 -24.054365703743997 -22.888716547799532 -24.458472223983165 
-24.489626060823014 -23.588598270460125 -24.05457139664817 -22.889608239202204 -24.458790981044274 
-24.52998541551169 -23.63398449951532 -24.09834389660476 -22.935492732613184 -24.5003023771325 
-24.594004655287577 -23.72136802428095 -24.17390948581543 -23.01217532000956 -24.566643302004024 
-24.715342720617627 -23.84436938618721 -24.300991536686055 -23.146765974723778 -24.6916893394436 
-24.695760411946466 -23.827487308223724 -24.28527411434142 -23.126580428780386 -24.67448665236944 
-24.8405691951247 -24.004029451822944 -24.463895914530994 -23.298070577230632 -24.836764067940862 
-24.687063372660617 -23.833264159195025 -24.31113656850829 -23.127075956348108 -24.689303560241612 
-24.693977675246998 -23.85733632597855 -24.334537349761604 -23.141305176644394 -24.704478280316323 
-24.741006998480216 -23.903836217015908 -24.381684460973958 -23.192782875683505 -24.7515985746182 
-24.7309516933539 -23.901560010523554 -24.379855909369596 -23.184977884655865 -24.745936233638574 
-24.709118921222156 -23.881486843992363 -24.369272298312737 -23.163951246741675 -24.732681804185106 
-24.663678173546117 -23.826216556989124 -24.31786227678684 -23.11107866205643 -24.68542095975529 
-24.648695444186444 -23.791822858236884 -24.291992794704385 -23.088872616784116 -24.667315364174314 
-24.712840897588805 -23.87321105726869 -24.377634226130112 -23.167095463536796 -24.743534824105865 
-24.73294968057661 -23.92032558524383 -24.40281731801234 -23.19492161554139 -24.759920983779523 
-24.828362968482622 -24.01494060787094 -24.50392366014701 -23.30061938010904 -24.859815289849635 
-24.854725178143326 -24.04128039547274 -24.538830445899706 -23.331508640187536 -24.892948778941133 
-24.994789279153807 -24.170785656891212 -24.66325426366464 -23.479297420650425 -25.023041788384276 
-25.173089832923566 -24.35927970923896 -24.860351986329988 -23.6804027851189 -25.212922592094955 
-25.21139016278815 -24.405186325774565 -24.901014333818978 -23.724068753644573 -25.250819857066787 
-25.214796802670833 -24.405330109610432 -24.902006351095807 -23.72666917733565 -25.253212387487025 
-25.183714921246562 -24.370166667252164 -24.875418782609145 -23.693130632677708 -25.227000638715694 
-25.177724176344242 -24.36414951555362 -24.870661403186816 -23.686880790332665 -25.222025615668286 
-25.224082416117966 -24.419548349483165 -24.91599858331648 -23.73876119899846 -25.264832519728202 
-25.22646667745866 -24.422776661941327 -24.918066363132354 -23.74142890644164 -25.266713724843285 
-25.176941941280205 -24.368768560156525 -24.877802034077177 -23.688844279306423 -25.22605768527235 
-25.221409396385553 -24.43069707158064 -24.93753589638837 -23.74405830718912 -25.277644270884835 
-25.310555018529868 -24.526676019241577 -25.039376594472074 -23.845685343474415 -25.374748740808727 
-25.31432861845829 -24.52992231667612 -25.043732691470566 -23.849864216852097 -25.37912915691095 
-25.307235248639316 -24.52284662912929 -25.031735705969226 -23.840892819125287 -25.368114150469737 
-25.26813723019005 -24.495462846651847 -25.00845032025589 -23.80414897619353 -25.338492825814683 
-25.178718854062183 -24.410806354755323 -24.919570102064625 -23.707456965705404 -25.248426157460514 
-25.173518581423224 -24.40840341454708 -24.918077187371026 -23.70319263883505 -25.24542157495489 
-25.123865322233456 -24.355099294851414 -24.862655479792593 -23.646876267606743 -25.192334519851897 
-25.096324546272967 -24.33605017532581 -24.838988838128557 -23.619224913741135 -25.165561097714544 
-25.238804561566752 -24.49737482407025 -24.981762923281636 -23.778184724154755 -25.302407496149016 
-25.24034335418513 -24.4986332308672 -24.98312924119169 -23.77977126338739 -25.30388337214066 
-25.250068831113325 -24.513634061194452 -24.984671099684306 -23.789314882892327 -25.3054684887979 
-25.24157484803922 -24.50495286466827 -24.976261065664303 -23.780032928592362 -25.29712291385202 
-25.213677256881056 -24.469683181780837 -24.941910336048295 -23.74667981423569 -25.266246478249613 
-25.167586445420156 -24.407964362606336 -24.88558859558671 -23.691079910066634 -25.216575695817184 
-25.26623288954943 -24.5015112759977 -24.98166268381604 -23.797249256816215 -25.31430925522426 
-25.259579183828038 -24.49560050469266 -24.97656597735552 -23.790495224411828 -25.308714572243176 
-25.074113939676906 -24.301268577410355 -24.772769111567925 -23.581984369661782 -25.1116573857272 
-25.075847214800916 -24.303730293073116 -24.781465881264594 -23.585668873935063 -25.118770659338068 
-25.106352940827506 -24.34422004465644 -24.823113178798323 -23.62345397018514 -25.155261254335414 
-25.141993760437416 -24.37415481607617 -24.856990591646692 -23.660950313796093 -25.191012671265966 
-25.21819161357068 -24.463699725761373 -24.94292955750123 -23.748878137977826 -25.270960392284124 
-25.227149405212415 -24.47129395699629 -24.949437393736687 -23.757817422929747 -25.2783119593512 
-25.217734743046947 -24.461490498080536 -24.939465889210624 -23.747336179435706 -25.26859118732844 
-25.214158683045852 -24.459652283292513 -24.927018680699874 -23.74160202302977 -25.257390676104194 
-25.185196737920563 -24.439309073368577 -24.91959652506486 -23.716758968475432 -25.24336484204474 
-25.21544900283702 -24.472360685819837 -24.955874223945486 -23.751770123880718 -25.277564393975638 
-25.290544013266896 -24.559033912177924 -25.033573546324305 -23.83643424920703 -25.351180703048485 
-25.27738471066513 -24.542388717729295 -25.021543558940778 -23.821729654413886 -25.339978099341906 
-25.288810509335363 -24.556980044052025 -25.034303397144484 -23.835094411460403 -25.351529061811632 
-25.295136325434555 -24.564367603692247 -25.039098292052472 -23.84180790960535 -25.35629554849139 
-25.322283395242167 -24.592497906322578 -25.067041756143865 -23.87179207823843 -25.38371504122827 
-25.329177284493895 -24.597502505103662 -25.07988733529018 -23.880450185682292 -25.395926271912955 
-25.356713019475293 -24.62386795157809 -25.103423191239585 -23.909272660972306 -25.42049179679141 
-25.33641755068585 -24.603219184539824 -25.080520245317018 -23.88643007417872 -25.398261860773104 
-25.340922903194993 -24.608050356181096 -25.086234575925744 -23.891701444528124 -25.403632740538484 
-25.353186399379126 -24.61642886382667 -25.10781784378915 -23.906718612293275 -25.424482878000006 
-25.461012133921955 -24.732976296369515 -25.22499930130037 -24.028169056759864 -25.536996570094743 
-25.408666162173716 -24.679666212593816 -25.165542113528588 -23.969144216045336 -25.479362243072174 
-25.378792550498517 -24.654110396382578 -25.136897288333543 -23.937655982755132 -25.449326597123914 
-25.39609910942559 -24.675033918808083 -25.15600139903033 -23.957623441729112 -25.466983925177544 
-25.382806329813988 -24.668940988618658 -25.12835839531185 -23.940891221807604 -25.440084489868397 
-25.257716290433237 -24.535141726703415 -24.99219810140724 -23.800177312857983 -25.30898733082539 
-25.189132862001287 -24.46026752084272 -24.923495925364335 -23.72414360315497 -25.24234490304896 
-25.129743689995905 -24.401017112569804 -24.85197861023859 -23.65642652830641 -25.173336105507772 
-25.04110147309177 -24.32732524709006 -24.765098160172997 -23.562905850285375 -25.082057407660173 
-25.036652427909857 -24.323395949259663 -24.765583489589872 -23.55931215138041 -25.081448156288474 
-25.00595386977885 -24.301866747960403 -24.736259903492922 -23.527897017624653 -25.049290534315134 
-25.007606064165827 -24.301211562260832 -24.736716549307985 -23.528966065663482 -25.05064473675084 
-25.066108622378295 -24.34746269804522 -24.78820901915755 -23.58882854700815 -25.10687136335416 
-25.062057213937877 -24.34322608563909 -24.782329339802274 -23.583938341756706 -25.101413644380827 
-25.013096529747827 -24.29508972724662 -24.733692914257915 -23.53069484223093 -25.052630816309176 
-25.014716921556825 -24.29633438506326 -24.735941315923455 -23.532539659163177 -25.054861128017336 
-24.981683183371175 -24.261213732642034 -24.702365155545067 -23.495916605173306 -25.022101812470837 
-25.039000696139425 -24.315991217053153 -24.75438521734017 -23.556803977762613 -25.075706519954466 
-25.026987588167188 -24.304682301356863 -24.751129398522764 -23.545877143041324 -25.07058138314771 
-25.06716985960638 -24.341203522697256 -24.781195628171005 -23.586685520029476 -25.10354982806426 
-25.060957263994382 -24.33195985547789 -24.777221458848558 -23.579845961623562 -25.100038753148567 
-25.03991029909585 -24.28472367483934 -24.745757097235213 -23.549502354428498 -25.07825285872424 
-25.039932433121223 -24.28472454969078 -24.745821570108006 -23.549532655858485 -25.078315107352594 
-25.04920636466153 -24.289399064223645 -24.751929735477574 -23.55807788904147 -25.086341371331017 
-25.046551362082894 -24.284179479121292 -24.746381902437264 -23.554027400002084 -25.082109199395646 
-25.053329337493565 -24.29091197358197 -24.75319250263007 -23.56143350164514 -25.088904833768638 
-25.025495621102394 -24.26030589747397 -24.732901831660726 -23.532304569231414 -25.068022743520658 
-25.015258443593552 -24.25032792089995 -24.721676043317316 -23.52092580643135 -25.056949051440142 
-25.05275516760159 -24.245717790659853 -24.724673829983104 -23.546369668406612 -25.078730561236284 
-25.055978586174987 -24.248667633016268 -24.72719492674905 -23.54968289349017 -25.081458839927578 
-25.05224417432389 -24.2457948380287 -24.724103326078804 -23.54589790694756 -25.078004814674884 
-25.033230553938182 -24.222805126423737 -24.707950501135016 -23.525100494172477 -25.06248644385903 
-25.050227574756747 -24.244065262248625 -24.729134525595185 -23.545398007159434 -25.081564914309254 
-25.042126202521217 -24.250236487052092 -24.72799842017828 -23.540644211161933 -25.074983138993787 
-25.079513728553977 -24.28532080291815 -24.765047056895924 -23.581032446095634 -25.112640048824844 
-25.221905460854515 -24.414143099953378 -24.8906439921912 -23.73034566402339 -25.24499668060085 
-25.279465994023937 -24.475219955030767 -24.94883225125406 -23.793943749090673 -25.301868558227923 
-25.29478016632507 -24.49635674780278 -24.983766801132944 -23.81627176098513 -25.331205130569757 
-25.302440779835138 -24.50445188600787 -24.99288231915972 -23.82505526379208 -25.33988446374147 
-25.354726163257027 -24.562422494822798 -25.042774840712127 -23.88250327691641 -25.38845347780878 
-25.345824434451842 -24.550952497475706 -25.034817158406923 -23.872581514046743 -25.38107448246207 
-25.385429639872513 -24.600667895834448 -25.084441831270425 -23.9198978902526 -25.42569778602376 
-25.47405505253279 -24.686058935895275 -25.16928797849404 -24.01510262906082 -25.511938455510816 
-25.394313327716986 -24.60046602648424 -25.09002545615988 -23.92727087453575 -25.434510005967127 
-25.35565107049142 -24.55834914428013 -25.043566465651537 -23.88264047683164 -25.390702307695108 
-25.33990877202058 -24.530334401137566 -25.018304801732555 -23.86115649726598 -25.370889262710563 
-25.34244073952432 -24.533493170047024 -25.021732960323405 -23.86423627469094 -25.373952478439634 
-25.28509422100153 -24.48402987423374 -24.981259965622698 -23.806987196144917 -25.328067097694372 
-25.19292184841659 -24.38559091350797 -24.89655259559234 -23.70712172399344 -25.243968642483935 
-25.23202121179486 -24.41980667092463 -24.939018511405067 -23.749879978004046 -25.28703751865372 
-25.272446338455623 -24.460210719070602 -24.9764734006052 -23.793289846117318 -25.324957808182575 
-25.26134224298687 -24.438484360511566 -24.952090781221912 -23.776201220215427 -25.306271174242255 
-25.320846096135213 -24.514446504257393 -25.01811768597871 -23.84541211857163 -25.366118880266242 
-25.277140006369095 -24.489952418853036 -24.978113751662562 -23.80178878302931 -25.320021297418094 
-25.277430439058577 -24.497259294719754 -24.96283378316022 -23.79961235509205 -25.305790741259813 
-25.350912541239595 -24.57071573666765 -25.031335527511274 -23.87863386728371 -25.3750482298272 
-25.414147569679713 -24.637387333512578 -25.1176762756876 -23.953667875398935 -25.455655177606445 
-25.54749714710269 -24.786007319389952 -25.259362093580023 -24.103658362445685 -25.59089569347971 
-25.566332439236362 -24.80486207708033 -25.276445631140533 -24.123760534821685 -25.608258337886255 
-25.57686517653839 -24.814682481034737 -25.293640332065422 -24.136724216088282 -25.624320047305147 
-25.63117297226512 -24.869290411668842 -25.34863401715853 -24.196094913036816 -25.678924714665456 
-25.629646600734702 -24.866945712286935 -25.346693733247747 -24.194192582108116 -25.677305649898813 
-25.564321699664447 -24.799537478561618 -25.260865908255184 -24.11776314551578 -25.596300142744894 
-25.555816067486475 -24.78785675726344 -25.253457359463226 -24.108203816840017 -25.58961781804956 
-25.544535901661334 -24.770473711673574 -25.244742682656394 -24.095474636747852 -25.582191099755505 
-25.533224574062956 -24.763777488230645 -25.23956747862715 -24.08540843057085 -25.574518569773744 
-25.47532499765059 -24.707021966822822 -25.193465198229134 -24.025361162022165 -25.525953091455165 
-25.54796040708746 -24.78380635211603 -25.25805176785957 -24.103276249493803 -25.590698559702403 
-25.536186043556896 -24.77257476085481 -25.24371662323962 -24.08992474425132 -25.576745831402064 
-25.514052716223077 -24.76539989780717 -25.22891216855838 -24.07018483368026 -25.556263061452313 
-25.457015237250943 -24.706879476767725 -25.16181066969115 -24.005370372607402 -25.491735175143134 
-25.487525329147303 -24.74021237712411 -25.19843067854049 -24.04057412173117 -25.52625001955566 
-25.449049350033988 -24.67629965883684 -25.165161492576672 -23.995464264565683 -25.499406710464527 
-25.3486811639479 -24.55718298443334 -25.053301777987002 -23.88003315679572 -25.39550009418167 
-25.310053975223582 -24.499471505342328 -25.011912140455678 -23.83408146641041 -25.360234835680444 
-25.30303040206249 -24.491870546399795 -25.006421695356707 -23.826699721468714 -25.354628012405442 
-25.29822803452592 -24.487530954973977 -25.000044412877813 -23.821141238576743 -25.3484455733107 
-25.29781563436967 -24.494583187568708 -24.997735297131996 -23.821433453548437 -25.344380517537374 
-25.29467429504122 -24.489405790682312 -24.99507889743964 -23.817790637414944 -25.342220227952694 
-25.32708199143468 -24.52378681362589 -25.0215068804509 -23.8520335067048 -25.36916342337308 
-25.279064560663357 -24.472869529680324 -24.971800700799932 -23.798728024926376 -25.32077289081711 
-25.255891809022444 -24.45529748698948 -24.95649928666694 -23.776260458380193 -25.302387083895283 
-25.18935353606777 -24.397515111201017 -24.895376898049605 -23.70637271077591 -25.23790100916787 
-25.25717862972097 -24.463006909060837 -24.96422539805593 -23.780303485397425 -25.307000258150552 
-25.17478436406698 -24.38871338886257 -24.887531932423443 -23.69307768465046 -25.22712522072051 
-25.195064687639587 -24.420991585218005 -24.909050279628957 -23.71757902692802 -25.244893807155094 
-25.15864105065647 -24.39342538556376 -24.873694770693604 -23.6796073564976 -25.20689818092002 
-25.260540545054397 -24.501644535236892 -24.979032273998115 -23.7928024080515 -25.309420086904083 
-25.22656485765249 -24.466272497167125 -24.940135467976816 -23.754282096198864 -25.27199680811775 
