8.296966552734375e-05
4.792213439941406e-05
4.601478576660156e-05
4.649162292480469e-05
4.601478576660156e-05
4.57763671875e-05
4.649162292480469e-05
4.57763671875e-05
4.553794860839844e-05
4.553794860839844e-05
4.5299530029296875e-05
4.553794860839844e-05
4.5299530029296875e-05
4.601478576660156e-05
4.553794860839844e-05
4.601478576660156e-05
6.604194641113281e-05
4.601478576660156e-05
4.6253204345703125e-05
4.673004150390625e-05
4.6253204345703125e-05
4.601478576660156e-05
4.673004150390625e-05
4.649162292480469e-05
4.601478576660156e-05
7.605552673339844e-05
4.673004150390625e-05
4.57763671875e-05
4.601478576660156e-05
4.601478576660156e-05
4.6253204345703125e-05
4.6253204345703125e-05
0.0001926422119140625
4.839897155761719e-05
4.6253204345703125e-05
4.744529724121094e-05
4.649162292480469e-05
4.601478576660156e-05
4.6253204345703125e-05
4.601478576660156e-05
4.57763671875e-05
4.601478576660156e-05
4.601478576660156e-05
4.6253204345703125e-05
4.553794860839844e-05
4.601478576660156e-05
4.696846008300781e-05
4.57763671875e-05
6.008148193359375e-05
4.696846008300781e-05
4.57763671875e-05
4.57763671875e-05
4.6253204345703125e-05
4.601478576660156e-05
4.649162292480469e-05
4.649162292480469e-05
4.57763671875e-05
4.57763671875e-05
4.7206878662109375e-05
4.57763671875e-05
4.601478576660156e-05
4.6253204345703125e-05
4.553794860839844e-05
4.6253204345703125e-05
4.649162292480469e-05
4.57763671875e-05
7.796287536621094e-05
9.298324584960938e-05
4.649162292480469e-05
4.601478576660156e-05
4.601478576660156e-05
4.57763671875e-05
4.8160552978515625e-05
4.6253204345703125e-05
4.601478576660156e-05
4.649162292480469e-05
4.57763671875e-05
4.57763671875e-05
4.6253204345703125e-05
4.601478576660156e-05
4.7206878662109375e-05
4.57763671875e-05
4.839897155761719e-05
4.6253204345703125e-05
4.9114227294921875e-05
4.6253204345703125e-05
4.553794860839844e-05
4.601478576660156e-05
4.649162292480469e-05
4.696846008300781e-05
4.601478576660156e-05
4.792213439941406e-05
4.649162292480469e-05
6.771087646484375e-05
4.6253204345703125e-05
4.601478576660156e-05
4.792213439941406e-05
4.696846008300781e-05
4.649162292480469e-05
4.696846008300781e-05
4.76837158203125e-05
0.00012040138244628906
4.887580871582031e-05
4.673004150390625e-05
4.863739013671875e-05
4.696846008300781e-05
4.9114227294921875e-05
4.8160552978515625e-05
4.7206878662109375e-05
4.6253204345703125e-05
4.6253204345703125e-05
4.673004150390625e-05
4.673004150390625e-05
4.673004150390625e-05
4.7206878662109375e-05
4.696846008300781e-05
4.649162292480469e-05
4.649162292480469e-05
0.0018994808197021484
5.054473876953125e-05
6.437301635742188e-05
4.76837158203125e-05
4.7206878662109375e-05
4.6253204345703125e-05
4.601478576660156e-05
4.6253204345703125e-05
4.744529724121094e-05
4.7206878662109375e-05
4.57763671875e-05
6.723403930664062e-05
4.8160552978515625e-05
4.6253204345703125e-05
4.601478576660156e-05
4.673004150390625e-05
4.601478576660156e-05
4.601478576660156e-05
4.6253204345703125e-05
4.673004150390625e-05
7.62939453125e-05
4.7206878662109375e-05
4.553794860839844e-05
4.673004150390625e-05
4.7206878662109375e-05
4.673004150390625e-05
4.6253204345703125e-05
4.76837158203125e-05
4.696846008300781e-05
4.673004150390625e-05
4.6253204345703125e-05
4.8160552978515625e-05
4.696846008300781e-05
4.649162292480469e-05
4.553794860839844e-05
4.696846008300781e-05
4.744529724121094e-05
6.031990051269531e-05
4.792213439941406e-05
4.673004150390625e-05
4.649162292480469e-05
4.649162292480469e-05
4.553794860839844e-05
4.673004150390625e-05
4.7206878662109375e-05
4.601478576660156e-05
4.57763671875e-05
4.8160552978515625e-05
4.673004150390625e-05
4.57763671875e-05
4.553794860839844e-05
4.792213439941406e-05
4.673004150390625e-05
4.673004150390625e-05
4.6253204345703125e-05
4.696846008300781e-05
5.91278076171875e-05
4.649162292480469e-05
4.601478576660156e-05
4.792213439941406e-05
4.6253204345703125e-05
4.57763671875e-05
4.6253204345703125e-05
4.601478576660156e-05
4.5299530029296875e-05
4.553794860839844e-05
4.696846008300781e-05
4.649162292480469e-05
4.673004150390625e-05
4.601478576660156e-05
6.4849853515625e-05
4.792213439941406e-05
4.649162292480469e-05
4.673004150390625e-05
0.00011467933654785156
4.57763671875e-05
4.649162292480469e-05
4.76837158203125e-05
4.696846008300781e-05
4.553794860839844e-05
4.6253204345703125e-05
4.5299530029296875e-05
4.553794860839844e-05
8.487701416015625e-05
4.76837158203125e-05
4.57763671875e-05
4.601478576660156e-05
4.553794860839844e-05
4.6253204345703125e-05
7.843971252441406e-05
4.792213439941406e-05
4.57763671875e-05
4.601478576660156e-05
4.57763671875e-05
4.553794860839844e-05
4.601478576660156e-05
4.649162292480469e-05
4.5299530029296875e-05
4.57763671875e-05
4.601478576660156e-05
4.601478576660156e-05
4.673004150390625e-05
4.649162292480469e-05
4.6253204345703125e-05
4.553794860839844e-05
4.601478576660156e-05
4.601478576660156e-05
7.915496826171875e-05
6.508827209472656e-05
4.601478576660156e-05
4.6253204345703125e-05
6.771087646484375e-05
9.822845458984375e-05
4.935264587402344e-05
4.9591064453125e-05
5.316734313964844e-05
6.0558319091796875e-05
4.6253204345703125e-05
4.649162292480469e-05
4.696846008300781e-05
4.6253204345703125e-05
4.649162292480469e-05
4.696846008300781e-05
9.5367431640625e-05
6.556510925292969e-05
4.673004150390625e-05
4.744529724121094e-05
4.696846008300781e-05
4.673004150390625e-05
4.696846008300781e-05
4.696846008300781e-05
4.7206878662109375e-05
4.7206878662109375e-05
4.7206878662109375e-05
4.649162292480469e-05
4.649162292480469e-05
4.7206878662109375e-05
4.792213439941406e-05
4.76837158203125e-05
4.649162292480469e-05
9.918212890625e-05
6.341934204101562e-05
4.7206878662109375e-05
4.57763671875e-05
4.649162292480469e-05
4.744529724121094e-05
4.7206878662109375e-05
4.744529724121094e-05
4.601478576660156e-05
4.7206878662109375e-05
4.6253204345703125e-05
4.76837158203125e-05
6.4849853515625e-05
4.839897155761719e-05
4.696846008300781e-05
4.601478576660156e-05
4.6253204345703125e-05
0.00010323524475097656
6.222724914550781e-05
4.6253204345703125e-05
4.553794860839844e-05
4.601478576660156e-05
4.601478576660156e-05
4.57763671875e-05
4.601478576660156e-05
4.601478576660156e-05
4.57763671875e-05
4.76837158203125e-05
4.649162292480469e-05
4.6253204345703125e-05
4.649162292480469e-05
4.601478576660156e-05
4.7206878662109375e-05
4.601478576660156e-05
6.29425048828125e-05
4.7206878662109375e-05
4.649162292480469e-05
4.649162292480469e-05
4.601478576660156e-05
4.553794860839844e-05
4.601478576660156e-05
4.7206878662109375e-05
4.649162292480469e-05
4.696846008300781e-05
4.673004150390625e-05
4.649162292480469e-05
4.7206878662109375e-05
4.6253204345703125e-05
4.57763671875e-05
4.6253204345703125e-05
4.57763671875e-05
4.6253204345703125e-05
5.936622619628906e-05
4.792213439941406e-05
4.601478576660156e-05
4.673004150390625e-05
4.57763671875e-05
4.696846008300781e-05
4.744529724121094e-05
4.57763671875e-05
4.6253204345703125e-05
4.673004150390625e-05
4.649162292480469e-05
4.649162292480469e-05
4.553794860839844e-05
4.6253204345703125e-05
4.553794860839844e-05
4.5299530029296875e-05
4.601478576660156e-05
4.6253204345703125e-05
4.601478576660156e-05
5.841255187988281e-05
4.673004150390625e-05
4.6253204345703125e-05
4.601478576660156e-05
4.57763671875e-05
4.57763671875e-05
4.57763671875e-05
4.601478576660156e-05
4.57763671875e-05
4.57763671875e-05
4.553794860839844e-05
4.5299530029296875e-05
4.57763671875e-05
4.696846008300781e-05
4.6253204345703125e-05
4.601478576660156e-05
4.57763671875e-05
4.553794860839844e-05
9.417533874511719e-05
6.270408630371094e-05
4.649162292480469e-05
4.553794860839844e-05
4.601478576660156e-05
4.57763671875e-05
4.553794860839844e-05
4.553794860839844e-05
4.696846008300781e-05
0.00011014938354492188
6.556510925292969e-05
4.839897155761719e-05
4.863739013671875e-05
4.839897155761719e-05
4.887580871582031e-05
8.511543273925781e-05
8.296966552734375e-05
5.125999450683594e-05
7.390975952148438e-05
4.601478576660156e-05
4.6253204345703125e-05
4.6253204345703125e-05
4.6253204345703125e-05
4.696846008300781e-05
0.005422115325927734
5.984306335449219e-05
5.14984130859375e-05
5.125999450683594e-05
5.030632019042969e-05
5.030632019042969e-05
5.030632019042969e-05
5.0067901611328125e-05
5.030632019042969e-05
5.1021575927734375e-05
5.125999450683594e-05
5.1021575927734375e-05
4.982948303222656e-05
5.054473876953125e-05
7.295608520507812e-05
6.818771362304688e-05
5.221366882324219e-05
5.054473876953125e-05
5.0067901611328125e-05
5.078315734863281e-05
5.030632019042969e-05
6.341934204101562e-05
4.9591064453125e-05
0.0001983642578125
5.340576171875e-05
5.030632019042969e-05
4.9591064453125e-05
4.9591064453125e-05
4.9591064453125e-05
7.677078247070312e-05
4.744529724121094e-05
4.601478576660156e-05
4.601478576660156e-05
4.601478576660156e-05
4.744529724121094e-05
4.673004150390625e-05
4.673004150390625e-05
4.649162292480469e-05
4.649162292480469e-05
4.649162292480469e-05
4.6253204345703125e-05
4.6253204345703125e-05
4.696846008300781e-05
4.6253204345703125e-05
4.6253204345703125e-05
4.553794860839844e-05
4.553794860839844e-05
5.91278076171875e-05
4.792213439941406e-05
4.649162292480469e-05
4.601478576660156e-05
4.6253204345703125e-05
4.601478576660156e-05
6.890296936035156e-05
8.535385131835938e-05
8.58306884765625e-05
8.535385131835938e-05
6.079673767089844e-05
4.57763671875e-05
4.57763671875e-05
4.57763671875e-05
4.57763671875e-05
7.486343383789062e-05
9.34600830078125e-05
6.556510925292969e-05
6.318092346191406e-05
4.57763671875e-05
4.57763671875e-05
4.5299530029296875e-05
4.7206878662109375e-05
4.6253204345703125e-05
4.649162292480469e-05
5.0067901611328125e-05
4.601478576660156e-05
4.601478576660156e-05
4.553794860839844e-05
4.601478576660156e-05
4.673004150390625e-05
5.888938903808594e-05
4.7206878662109375e-05
4.601478576660156e-05
4.553794860839844e-05
4.57763671875e-05
4.57763671875e-05
4.696846008300781e-05
4.601478576660156e-05
4.553794860839844e-05
6.723403930664062e-05
4.744529724121094e-05
4.649162292480469e-05
4.601478576660156e-05
4.7206878662109375e-05
4.6253204345703125e-05
4.57763671875e-05
4.6253204345703125e-05
4.601478576660156e-05
0.00011539459228515625
6.151199340820312e-05
4.601478576660156e-05
4.5299530029296875e-05
4.57763671875e-05
4.57763671875e-05
4.57763671875e-05
4.57763671875e-05
4.6253204345703125e-05
4.649162292480469e-05
4.601478576660156e-05
4.553794860839844e-05
4.57763671875e-05
4.649162292480469e-05
4.57763671875e-05
4.601478576660156e-05
4.601478576660156e-05
5.936622619628906e-05
4.76837158203125e-05
4.57763671875e-05
4.6253204345703125e-05
4.57763671875e-05
4.601478576660156e-05
4.57763671875e-05
4.553794860839844e-05
4.6253204345703125e-05
4.57763671875e-05
4.553794860839844e-05
4.673004150390625e-05
4.601478576660156e-05
4.673004150390625e-05
4.57763671875e-05
