6.31056295831432e-07 8.943853135453669e-07 7.478921704356006e-07 7.347765244875541e-07 6.345598289703417e-07 
6.344360045972358e-07 8.976301183368851e-07 7.508425726091868e-07 7.37802150859777e-07 6.376336901288865e-07 
6.341062199410304e-07 8.966805428975564e-07 7.508845055201427e-07 7.345606916392019e-07 6.380906874010561e-07 
6.324506871767996e-07 8.951268950820464e-07 7.498178000450762e-07 7.328781149549786e-07 6.369579514986332e-07 
6.330601821048042e-07 8.957158534140961e-07 7.496747827877335e-07 7.340362617669935e-07 6.368050030711969e-07 
6.23747794495908e-07 8.870627094755406e-07 7.414194254944693e-07 7.269834892191215e-07 6.28018713997291e-07 
6.280462285727165e-07 8.904392128425648e-07 7.427928437026592e-07 7.300128936759268e-07 6.299194398380304e-07 
6.275294846640124e-07 8.914520096985823e-07 7.471083380026314e-07 7.312908950194894e-07 6.334671630476844e-07 
6.267897912513336e-07 8.902096224413651e-07 7.442114524785596e-07 7.30559740768032e-07 6.307786696958346e-07 
6.271729306946909e-07 8.906375813998159e-07 7.449516984304989e-07 7.307502387202617e-07 6.315146341045871e-07 
6.285596123706088e-07 8.922302976157727e-07 7.456197213911671e-07 7.337777276008504e-07 6.320265244649623e-07 
6.283321667095536e-07 8.920789929640727e-07 7.456201027488615e-07 7.336683279143336e-07 6.319844761673544e-07 
6.229370900656393e-07 8.866771474792008e-07 7.390960446899662e-07 7.300452525865905e-07 6.252946252021049e-07 
6.294232840210362e-07 8.926421498023193e-07 7.435148700584363e-07 7.360711076182309e-07 6.300563440565946e-07 
6.310738647679076e-07 8.958418224262553e-07 7.502637906678168e-07 7.390947899606332e-07 6.360811682072894e-07 
6.381575028352211e-07 9.043569579595659e-07 7.612738199412337e-07 7.48457920135457e-07 6.464401363783439e-07 
6.31762964796556e-07 8.985252149092655e-07 7.574921761132941e-07 7.423236951726987e-07 6.423213612157497e-07 
6.39775217546263e-07 9.07967680668051e-07 7.697738637186931e-07 7.526500933877811e-07 6.539562580186574e-07 
6.381212017250149e-07 9.065138363136032e-07 7.689258049865898e-07 7.51284503865134e-07 6.529880012187056e-07 
6.385840075398301e-07 9.071217796643959e-07 7.713001943948139e-07 7.50390829806262e-07 6.553711828913753e-07 
6.398622849882251e-07 9.083275779598892e-07 7.717553423752844e-07 7.5207165509137e-07 6.558519402310369e-07 
6.370853168448193e-07 9.053311848430001e-07 7.682182225791436e-07 7.491073616206075e-07 6.523900512857266e-07 
6.357409396582954e-07 9.036430189219667e-07 7.658427588848949e-07 7.471351580492747e-07 6.501809862989199e-07 
6.287289288502997e-07 8.961702315901559e-07 7.569699755580816e-07 7.402009930631614e-07 6.414234537201654e-07 
6.346944819560939e-07 9.018474139271098e-07 7.614485466457886e-07 7.459680604932739e-07 6.461068281683867e-07 
6.370382388475448e-07 9.049941072766209e-07 7.671859322857435e-07 7.485895185379872e-07 6.515072724183472e-07 
6.354257701496875e-07 9.033108826560806e-07 7.649584833503175e-07 7.473928517766052e-07 6.492717490534805e-07 
6.358955123150258e-07 9.022410430269551e-07 7.606905456923947e-07 7.450678866354329e-07 6.458217929066667e-07 
6.38844276854543e-07 9.056124439776253e-07 7.638788498496722e-07 7.498328290072292e-07 6.487692707061763e-07 
6.429584772505148e-07 9.098811204981499e-07 7.675205530960309e-07 7.552418780946469e-07 6.523280565096442e-07 
6.394907824089283e-07 9.068433409409886e-07 7.654722823676266e-07 7.526958365676226e-07 6.500027654111265e-07 
6.15627402599296e-07 8.830578590820051e-07 7.428026564050533e-07 7.294708703817425e-07 6.269775633903737e-07 
6.10466003638744e-07 8.778630706649323e-07 7.378044917087156e-07 7.242752385732544e-07 6.219316469015946e-07 
6.120353472943248e-07 8.79060010434337e-07 7.380687338598113e-07 7.252582711599051e-07 6.224015021857657e-07 
6.125490217076325e-07 8.795044649380876e-07 7.382622662737505e-07 7.25768922743027e-07 6.226303337039331e-07 
6.209233703322427e-07 8.888131523166818e-07 7.512528404658232e-07 7.329367079883244e-07 6.353973775356095e-07 
6.306987893640778e-07 8.993826320672301e-07 7.621949699116934e-07 7.452667406237215e-07 6.459780613203027e-07 
6.136742337605247e-07 8.824337500433272e-07 7.458735135718489e-07 7.29057532265275e-07 6.293915901034285e-07 
6.147501907593223e-07 8.831267826142181e-07 7.456719289777444e-07 7.293492748800127e-07 6.294029124155789e-07 
6.095859893150636e-07 8.777184612686161e-07 7.397250540917415e-07 7.241317693988221e-07 6.234992325812543e-07 
6.010228852348458e-07 8.693566305266828e-07 7.324025741119519e-07 7.158013568027164e-07 6.159820511192796e-07 
6.043806708839538e-07 8.726093995752132e-07 7.35575993630516e-07 7.184782141633374e-07 6.192755267201408e-07 
6.074374063897382e-07 8.750703585040564e-07 7.37894670371488e-07 7.188179826974376e-07 6.220254138915909e-07 
6.077272714732721e-07 8.75327753952793e-07 7.381759241023335e-07 7.18928115720388e-07 6.223334593204502e-07 
6.069217210514974e-07 8.748973937049981e-07 7.38319531316662e-07 7.191219607675182e-07 6.222585607579692e-07 
5.972566546923261e-07 8.631785535697456e-07 7.208377385074478e-07 7.084619288557981e-07 6.055432860228528e-07 
5.962336685151677e-07 8.618494717827169e-07 7.19017078937589e-07 7.068441788491624e-07 6.03866782826715e-07 
5.945168707220759e-07 8.602936763654999e-07 7.181952847329269e-07 7.049595764832092e-07 6.029671879057116e-07 
5.938065077746222e-07 8.597314459626551e-07 7.178273862823627e-07 7.046949614360358e-07 6.025042271978286e-07 
5.980107085112048e-07 8.641830207370432e-07 7.221033183587751e-07 7.099366658320345e-07 6.06676193525828e-07 
6.038424974549487e-07 8.705738017942616e-07 7.290494217014575e-07 7.171459997414972e-07 6.133935931729486e-07 
6.035465131929848e-07 8.702092869442007e-07 7.286184429629701e-07 7.166332007166235e-07 6.129989399652215e-07 
6.108318771190739e-07 8.772167125503533e-07 7.352325381425516e-07 7.225325442972449e-07 6.198991796822694e-07 
6.097870500603516e-07 8.748480675558757e-07 7.302240036954516e-07 7.193718368653254e-07 6.155443972894649e-07 
6.100177719129841e-07 8.763366493945419e-07 7.34550974970883e-07 7.211988068089145e-07 6.192634046355486e-07 
6.008273455514605e-07 8.671524412430849e-07 7.264417977690341e-07 7.11326661504897e-07 6.110726742435357e-07 
6.039258561944621e-07 8.710770928983369e-07 7.320777682043739e-07 7.156251697762483e-07 6.163439483120739e-07 
6.098155537568611e-07 8.774937371097913e-07 7.388454303732511e-07 7.230218771510238e-07 6.228828182357024e-07 
6.099856297630789e-07 8.776466437936608e-07 7.388314757804888e-07 7.233254039837189e-07 6.228704900991498e-07 
6.054295538806359e-07 8.727604542123372e-07 7.327900733296116e-07 7.192006801750646e-07 6.168840418314926e-07 
6.041091747675977e-07 8.706426206411942e-07 7.295611330432804e-07 7.157627432913827e-07 6.14083028920712e-07 
6.099807599614146e-07 8.755999266613078e-07 7.310963290870188e-07 7.219983555629294e-07 6.160516367485859e-07 
6.21734488649807e-07 8.860782645057987e-07 7.375217967403281e-07 7.334496943947683e-07 6.231971294920513e-07 
6.197397536718673e-07 8.841241919821591e-07 7.356970158929023e-07 7.316322665829095e-07 6.213165815887532e-07 
6.152686231517389e-07 8.8071129550273e-07 7.343518556718845e-07 7.294636860413995e-07 6.193349261223977e-07 
6.149770984051275e-07 8.799392064123617e-07 7.32716636979692e-07 7.281822133424396e-07 6.179516931923026e-07 
6.136257986326902e-07 8.794254137783211e-07 7.349009753857589e-07 7.262736732841901e-07 6.197958639311941e-07 
6.111080072563577e-07 8.760551774369395e-07 7.294302710793661e-07 7.233800185960327e-07 6.146674068292232e-07 
6.125950108919574e-07 8.773024392357241e-07 7.298360949586875e-07 7.25092799781168e-07 6.151826804213917e-07 
6.16660469920259e-07 8.824306912715584e-07 7.373449059464148e-07 7.29906764452595e-07 6.222607365571511e-07 
6.085419649067883e-07 8.760690220474233e-07 7.354025161870996e-07 7.243167330630846e-07 6.193436294762781e-07 
6.102640415739479e-07 8.782432937074758e-07 7.383419958559749e-07 7.271826010932268e-07 6.220562443853633e-07 
6.161029876670663e-07 8.842666377623657e-07 7.446222202735219e-07 7.330647707284344e-07 6.283291062188125e-07 
6.223402964211901e-07 8.906333952198058e-07 7.503208305916825e-07 7.410867105637502e-07 6.33953867873233e-07 
6.199720090915936e-07 8.888704661095992e-07 7.501715027531319e-07 7.397640521995546e-07 6.334674592040109e-07 
6.337596814624221e-07 9.02240039715922e-07 7.618281613847149e-07 7.528272254197381e-07 6.455013572316812e-07 
6.337324207495574e-07 9.018796774782058e-07 7.607339021099132e-07 7.520228040580682e-07 6.445901890148482e-07 
6.327765749511052e-07 9.009653145453969e-07 7.599994300842206e-07 7.510463767941774e-07 6.438274613923519e-07 
6.318235417073651e-07 9.002835329981671e-07 7.599076654934877e-07 7.508757704397079e-07 6.435674636786585e-07 
6.216670985917247e-07 8.902429238603085e-07 7.498076097045407e-07 7.443444228540491e-07 6.331074782103849e-07 
6.305827079921738e-07 8.990074537062489e-07 7.577703369812447e-07 7.530734430962318e-07 6.412522929903539e-07 
6.339827275197356e-07 9.027526028349698e-07 7.627441785777268e-07 7.545384585401922e-07 6.462188683628019e-07 
6.385851053592954e-07 9.073851829597599e-07 7.671541082884059e-07 7.595228197836063e-07 6.506499252379985e-07 
6.344669749079677e-07 9.032769622451204e-07 7.634766301798725e-07 7.54645501323307e-07 6.469591728020713e-07 
6.348640153714338e-07 9.03754374974161e-07 7.644786041828269e-07 7.541715846956198e-07 6.479759867487278e-07 
6.437433190532686e-07 9.133204690296092e-07 7.746780176476639e-07 7.671880224988388e-07 6.577672083539536e-07 
6.451972613845894e-07 9.14290893443669e-07 7.742270403889002e-07 7.681988349825863e-07 6.575661865775011e-07 
6.451150140111708e-07 9.142776757297179e-07 7.745222546290837e-07 7.674748013062745e-07 6.578629424282466e-07 
6.480669552224404e-07 9.170055105236653e-07 7.765742511050638e-07 7.698271845220342e-07 6.600773719021358e-07 
6.536066683968605e-07 9.203039180118103e-07 7.74084679081219e-07 7.721757341866513e-07 6.58810346361362e-07 
6.436944604200949e-07 9.106518488384865e-07 7.654694711611976e-07 7.62676920710436e-07 6.499317842766527e-07 
6.445709019078715e-07 9.11576591763313e-07 7.66450267526867e-07 7.637052290385602e-07 6.508948007909335e-07 
6.522813718724471e-07 9.194837720572692e-07 7.746124132305818e-07 7.711032013920588e-07 6.590832604095436e-07 
6.516086875991101e-07 9.181366454018027e-07 7.717477410729033e-07 7.693774563929318e-07 6.565637588012596e-07 
6.518489853091492e-07 9.18383418126124e-07 7.720476030210587e-07 7.694360141122689e-07 6.568730291937565e-07 
6.594419286887779e-07 9.259862767956364e-07 7.795465070317936e-07 7.762900859546355e-07 6.64501692052308e-07 
6.494298058047427e-07 9.165153017584776e-07 7.718612234648199e-07 7.667814692299114e-07 6.564225922684465e-07 
6.479490171938013e-07 9.150434070400149e-07 7.704251152574988e-07 7.654804361645671e-07 6.549548948355696e-07 
6.466603597627362e-07 9.133956667662969e-07 7.676680907514339e-07 7.64872695563233e-07 6.523057330209626e-07 
6.451090285773244e-07 9.104661460133945e-07 7.617823483971694e-07 7.612168323764408e-07 6.471165117767799e-07 
6.455744381050401e-07 9.108360512089331e-07 7.619032536532956e-07 7.616357555243158e-07 6.47288508038678e-07 
6.513492909591711e-07 9.162790427747442e-07 7.669919006139011e-07 7.650191828356989e-07 6.527257700276385e-07 
6.448883725934487e-07 9.086945372144036e-07 7.57004888381066e-07 7.582104373786524e-07 6.431672537300493e-07 
6.680786685840142e-07 9.305553372342722e-07 7.762190602676734e-07 7.770394682938583e-07 6.635386219634082e-07 
6.678828943843985e-07 9.305196293883618e-07 7.764444223831811e-07 7.771647936716384e-07 6.636716264644978e-07 
6.691767826036252e-07 9.320789078721426e-07 7.779550210576407e-07 7.800186720590355e-07 6.650025910348784e-07 
6.756372214069231e-07 9.387676637872759e-07 7.841570205452201e-07 7.888233208117776e-07 6.710764674153877e-07 
6.844648978339861e-07 9.472637776977666e-07 7.919896567380863e-07 7.960059527590404e-07 6.792692529691583e-07 
6.869761227522056e-07 9.487338428094036e-07 7.915614180504885e-07 7.966780421759887e-07 6.794560645376803e-07 
6.848781196553328e-07 9.464156629671467e-07 7.889082749708447e-07 7.943562335920392e-07 6.768871077137417e-07 
6.836150019855831e-07 9.446387131872275e-07 7.856122756701158e-07 7.945894616657406e-07 6.737423572112235e-07 
6.83338420338806e-07 9.443320463052962e-07 7.852611289780445e-07 7.942816144429177e-07 6.734027319988732e-07 
6.828192916257161e-07 9.445568033084425e-07 7.864311044121331e-07 7.970407290242694e-07 6.740530032133263e-07 
6.898783579507036e-07 9.519234012823474e-07 7.941629373938116e-07 8.040215877037168e-07 6.81748024382529e-07 
6.892660765633852e-07 9.516852530816483e-07 7.946410026298444e-07 8.040479264857022e-07 6.820091185544898e-07 
6.901293395830103e-07 9.519844184573651e-07 7.936890672216206e-07 8.054510817731001e-07 6.813080634700495e-07 
6.982727954158381e-07 9.618667470031412e-07 8.066607727801929e-07 8.161919990951561e-07 6.934426362827227e-07 
6.979889060173571e-07 9.602235442105938e-07 8.022910799144754e-07 8.150600471160284e-07 6.89755432428074e-07 
6.948688172111038e-07 9.58092245312023e-07 8.022422033787929e-07 8.140342747114213e-07 6.890879348436493e-07 
6.959176905856133e-07 9.592611741228863e-07 8.036106130060897e-07 8.149206501958704e-07 6.90422789177162e-07 
6.955750947050303e-07 9.580233973990171e-07 8.006174311429318e-07 8.123168448995574e-07 6.879631715737702e-07 
6.969342781663488e-07 9.59688827037271e-07 8.028188875026876e-07 8.145143342379856e-07 6.899963346863888e-07 
7.004955085822243e-07 9.632780775622752e-07 8.063360606327629e-07 8.179294388869402e-07 6.935576622325586e-07 
7.101289692229792e-07 9.720119948593207e-07 8.13096734593834e-07 8.246272434106579e-07 7.010311642246102e-07 
7.108118227088894e-07 9.72731823194521e-07 8.138747182157911e-07 8.252397859471492e-07 7.018044650317918e-07 
7.112252070897577e-07 9.729665712300802e-07 8.138934504170007e-07 8.244570813346842e-07 7.019738475391166e-07 
7.274665335837499e-07 9.898722378334724e-07 8.313090150338301e-07 8.428454894725516e-07 7.19185519634056e-07 
7.274549078547723e-07 9.898963948412573e-07 8.314043307070041e-07 8.428642319770785e-07 7.192617088425265e-07 
7.279626423670883e-07 9.898746998981557e-07 8.30327157260383e-07 8.429350939519265e-07 7.184715549699564e-07 
7.237122859031915e-07 9.852636956283363e-07 8.252197466578008e-07 8.378789649040372e-07 7.1352131178e-07 
7.269300532847577e-07 9.884170340973958e-07 8.281333877076719e-07 8.410595173914855e-07 7.165128764072559e-07 
7.201231001220435e-07 9.82462291200227e-07 8.239796953965785e-07 8.360863231268112e-07 7.117597325208709e-07 
7.250429470238534e-07 9.87421479366002e-07 8.288628444520149e-07 8.407339319497466e-07 7.167043625097864e-07 
7.26991749299855e-07 9.892848267809773e-07 8.305045208372984e-07 8.424144406133669e-07 7.184274049367308e-07 
7.149592589530374e-07 9.785357209880572e-07 8.227286382451502e-07 8.320397516351596e-07 7.097855077684793e-07 
7.173827763147537e-07 9.807460995969772e-07 8.244237462456398e-07 8.341320914171107e-07 7.116321482321573e-07 
7.166463167981764e-07 9.79679450189925e-07 8.227670109246742e-07 8.324823596966897e-07 7.101704976713525e-07 
7.096162147976571e-07 9.742060691602299e-07 8.206793208528009e-07 8.284782702406549e-07 7.070902160420971e-07 
7.056531824707959e-07 9.703153946225861e-07 8.171079005547099e-07 8.242217621192999e-07 7.034478014995926e-07 
7.11749438716037e-07 9.769441216634597e-07 8.247129109281115e-07 8.303488571459389e-07 7.108742635015684e-07 
7.060789241949496e-07 9.713163615140741e-07 8.193099775807818e-07 8.264244231979014e-07 7.052913134993887e-07 
7.014774653867589e-07 9.674064820821087e-07 8.17163584193921e-07 8.213859574110284e-07 7.02780811483144e-07 
6.973991265136895e-07 9.63530700596265e-07 8.139897105696733e-07 8.16597339655984e-07 6.994959293849319e-07 
6.882648683161734e-07 9.548042850285403e-07 8.064580617879628e-07 8.09112783991637e-07 6.915772887016937e-07 
6.809753397824409e-07 9.471191635054352e-07 7.982143110987873e-07 8.004551623889972e-07 6.834951653453258e-07 
6.803424728818109e-07 9.465391010395732e-07 7.97798361119016e-07 7.997337990773024e-07 6.830511750855109e-07 
6.785980600830129e-07 9.447384264170143e-07 7.960001269941109e-07 7.974560082067725e-07 6.812835291481569e-07 
6.771766074566733e-07 9.433260746333675e-07 7.946985595997639e-07 7.958322207312412e-07 6.799697787367165e-07 
6.784681767789364e-07 9.447473177107022e-07 7.963988278592283e-07 7.970768827590557e-07 6.816288166558937e-07 
6.666028039861712e-07 9.348343670630991e-07 7.918824689054399e-07 7.868237896638292e-07 6.759931276317839e-07 
6.655218643392813e-07 9.330478466804592e-07 7.881138581018171e-07 7.862426535818033e-07 6.725068378692409e-07 
6.641183064799056e-07 9.312616397288836e-07 7.85321004388177e-07 7.855321286391157e-07 6.698348417785912e-07 
6.635604156722131e-07 9.306809728804733e-07 7.847043472914599e-07 7.849928998033296e-07 6.692205780984584e-07 
6.682683040849367e-07 9.362026082546761e-07 7.922539445611225e-07 7.889829519988939e-07 6.764947362765755e-07 
6.725648411278109e-07 9.418599567223551e-07 8.01902294111961e-07 7.92612313972945e-07 6.856022725990111e-07 
6.720569993084395e-07 9.41182679903387e-07 8.008668908513448e-07 7.916276490869337e-07 6.846622177657647e-07 
6.70613317668517e-07 9.396787113296423e-07 7.99216732377435e-07 7.902374413187151e-07 6.83021418267097e-07 
6.781710451090307e-07 9.467622755296592e-07 8.045639056866652e-07 7.976563980758121e-07 6.886773521379403e-07 
6.808627560929118e-07 9.49159525059508e-07 8.062944516507577e-07 7.992802026916722e-07 6.906260571339641e-07 
6.754587823119717e-07 9.443036032798222e-07 8.028717632032462e-07 7.953402295226175e-07 6.868187099337651e-07 
6.753603588996816e-07 9.43381965842809e-07 7.997964746919528e-07 7.942345402187372e-07 6.841709252700615e-07 
6.702916987687542e-07 9.379040859306274e-07 7.936062722186652e-07 7.883146482153822e-07 6.781509520627821e-07 
6.698604894553953e-07 9.369182114383755e-07 7.912637071958066e-07 7.872609262601665e-07 6.760878113020037e-07 
6.632244671082431e-07 9.298261665515694e-07 7.833827350736706e-07 7.800463956818017e-07 6.683610658647809e-07 
6.634982563072903e-07 9.300781581208685e-07 7.835750775343607e-07 7.80281951544667e-07 6.68568647336574e-07 
6.568691123544195e-07 9.242951601644407e-07 7.796497160981617e-07 7.764989263034997e-07 6.640368143840508e-07 
6.458341834703893e-07 9.133565049839736e-07 7.694142479782952e-07 7.656701191810016e-07 6.536115839264768e-07 
6.451952838303822e-07 9.125878093119485e-07 7.68352828789483e-07 7.648837135174153e-07 6.526068132662776e-07 
6.453114604570721e-07 9.125940123001359e-07 7.681026998765358e-07 7.647837435632008e-07 6.524175583772799e-07 
6.482468163111042e-07 9.154770250090129e-07 7.706756814981489e-07 7.679124352958834e-07 6.550407427004935e-07 
6.504436668130122e-07 9.186129717478414e-07 7.762604773125053e-07 7.703427151704032e-07 6.602250832041494e-07 
6.501290699583396e-07 9.182212720649704e-07 7.756617960568392e-07 7.700282264752071e-07 6.596567878764786e-07 
6.628739574615525e-07 9.311271262063312e-07 7.881963889185921e-07 7.841077169220197e-07 6.722032092475989e-07 
6.631496136162683e-07 9.31414155747362e-07 7.884870133864773e-07 7.844840168826224e-07 6.724868819819443e-07 
6.609956991226707e-07 9.291968822286784e-07 7.862780252713451e-07 7.817928831572617e-07 6.703081059099629e-07 
6.660469141213048e-07 9.344829832503981e-07 7.920369283273544e-07 7.867416394570935e-07 6.760247888048091e-07 
6.640083337566613e-07 9.324960839024087e-07 7.904235350241189e-07 7.841125357482153e-07 6.743938148978115e-07 
6.779295788031494e-07 9.45696219433012e-07 8.013084982689818e-07 7.966702129744422e-07 6.858371449045208e-07 
6.807883137504962e-07 9.491975418848873e-07 8.064893513821132e-07 7.997841860271312e-07 6.907401321727884e-07 
6.749476613876745e-07 9.420210781666883e-07 7.958814967573544e-07 7.935406055002927e-07 6.807019298946935e-07 
6.685942241025898e-07 9.363108776342422e-07 7.92057786463003e-07 7.877959638083776e-07 6.764767618131385e-07 
6.668845233868626e-07 9.345987272223197e-07 7.903821197924794e-07 7.862087133083135e-07 6.747757862563992e-07 
6.664517787406926e-07 9.341151567595808e-07 7.899049770143421e-07 7.852553488187302e-07 6.743423542749769e-07 
6.701070631823043e-07 9.373465406061685e-07 7.928436783923237e-07 7.857415314080473e-07 6.776726599795756e-07 
6.706061941399942e-07 9.37786423166171e-07 7.931210565059975e-07 7.86156774907971e-07 6.779872752930027e-07 
6.742186875915914e-07 9.412862874110052e-07 7.967878932724937e-07 7.883446665248054e-07 6.818162444220474e-07 
6.742906514633848e-07 9.393291550801179e-07 7.894908037596239e-07 7.874352698633738e-07 6.755081426615829e-07 
6.695606890729806e-07 9.34756970963716e-07 7.853364701034656e-07 7.832465841087296e-07 6.711927012251412e-07 
6.715023782141e-07 9.37324101085435e-07 7.890853589946086e-07 7.862780327647137e-07 6.746258490371266e-07 
6.714982421827923e-07 9.373203373844348e-07 7.890824821598922e-07 7.862747244113349e-07 6.746227075585374e-07 
6.564033548009489e-07 9.202614692262999e-07 7.686141216458851e-07 7.684462608705914e-07 6.549828762511475e-07 
6.582786589250149e-07 9.220543478952554e-07 7.702971057147011e-07 7.69853058306528e-07 6.567530123723705e-07 
6.585432728038663e-07 9.219262009779294e-07 7.693717323184127e-07 7.696199108636009e-07 6.560347736987575e-07 
6.70937369823092e-07 9.34644112434996e-07 7.823433111438515e-07 7.820077706405451e-07 6.690322530749883e-07 
6.710037251423695e-07 9.347502494713722e-07 7.824757819711307e-07 7.82247186666353e-07 6.691389014661652e-07 
6.713938037319071e-07 9.351534186720577e-07 7.829743013406853e-07 7.824463374443652e-07 6.69645900570082e-07 
6.722917399220139e-07 9.360395579275372e-07 7.835023098385897e-07 7.840639230022397e-07 6.701571891260738e-07 
6.576790682115361e-07 9.229668668430437e-07 7.735216907120394e-07 7.738766420525766e-07 6.590534766611876e-07 
6.586957577495664e-07 9.235238101890201e-07 7.728324513524346e-07 7.752542265702985e-07 6.585675055698273e-07 
6.721814992809029e-07 9.368426886327982e-07 7.852016531600377e-07 7.88644831794189e-07 6.71202526893959e-07 
6.749055103656011e-07 9.403296052154746e-07 7.915272907910276e-07 7.879890530682993e-07 6.773764865615016e-07 
6.744690865179354e-07 9.399506070698428e-07 7.912937199005429e-07 7.87625838502604e-07 6.771071715254886e-07 
6.798536394378831e-07 9.442670540708929e-07 7.937073743503679e-07 7.903134247824407e-07 6.802156342303443e-07 
6.833004151273027e-07 9.481661942371377e-07 7.984213596447957e-07 7.943073019825716e-07 6.847363803620217e-07 
6.817937384443699e-07 9.46644590817674e-07 7.968996722545152e-07 7.92851626998827e-07 6.832000123807478e-07 
6.831442124631015e-07 9.478773947257238e-07 7.978307042358695e-07 7.940353662937806e-07 6.842115482925941e-07 
6.82914872882469e-07 9.475985080280841e-07 7.974750373434051e-07 7.937073824832535e-07 6.838807864216466e-07 
6.825896017152307e-07 9.475047088271877e-07 7.980780344935186e-07 7.933101811260191e-07 6.843736697534364e-07 
6.85869321409144e-07 9.508224410252952e-07 8.011426778896846e-07 7.970032240769287e-07 6.874435372394703e-07 
6.755741086026351e-07 9.406654662406207e-07 7.937291540523547e-07 7.837091476057935e-07 6.799680889698406e-07 
6.741660010023108e-07 9.391551876792551e-07 7.919167248563302e-07 7.823695416043846e-07 6.781830914458091e-07 
6.764619092678734e-07 9.412612688546372e-07 7.937621459429069e-07 7.840682704958063e-07 6.801727463273876e-07 
6.696121608029838e-07 9.361634092104288e-07 7.927604232664415e-07 7.797583291924814e-07 6.781552927312606e-07 
6.915584186321676e-07 9.598892114837315e-07 8.200095840381258e-07 8.039417635112826e-07 7.047083982025401e-07 
6.919300125764841e-07 9.59991759490819e-07 8.193983459758137e-07 8.039322986588148e-07 7.042466433782927e-07 
6.905402442521236e-07 9.587546254729024e-07 8.188081609897192e-07 8.025290389289548e-07 7.035684527784248e-07 
6.883926120183415e-07 9.564243840537506e-07 8.152748662367783e-07 8.011962892677289e-07 7.000670941998673e-07 
6.860937165294071e-07 9.543247599805862e-07 8.139556719387598e-07 7.989588273515596e-07 6.986252674599893e-07 
6.901112845009947e-07 9.57539973680924e-07 8.149319499360902e-07 8.018980920651563e-07 7.000748646196792e-07 
6.927330666492876e-07 9.589947560106915e-07 8.129767066628362e-07 8.037005617266314e-07 6.987449227647985e-07 
6.942657343916271e-07 9.604759104540743e-07 8.14402686098626e-07 8.049616872119618e-07 7.002251377181586e-07 
6.916703993056895e-07 9.592733627039704e-07 8.162197091164199e-07 8.048838616086278e-07 7.012361770840629e-07 
6.981626504279085e-07 9.651660836359748e-07 8.201619622010998e-07 8.109040625205626e-07 7.055602254306426e-07 
7.013886043409944e-07 9.672974673797199e-07 8.199350362901434e-07 8.121421648579122e-07 7.05984884238706e-07 
6.999541256572168e-07 9.65716430873299e-07 8.181216854511249e-07 8.104602147105305e-07 7.042359825955656e-07 
6.986889094078522e-07 9.65374482329828e-07 8.201321406842891e-07 8.101338606359952e-07 7.057446934699786e-07 
6.989167682292868e-07 9.652132007121894e-07 8.193231180485307e-07 8.094371075181521e-07 7.051652986179978e-07 
7.019030798296736e-07 9.68744723735375e-07 8.24135919502478e-07 8.129534962418616e-07 7.097249575674806e-07 
7.052128038781878e-07 9.714477142990348e-07 8.256848369742681e-07 8.148698949949981e-07 7.116639858993889e-07 
7.046665873981269e-07 9.70882304894863e-07 8.250672703795166e-07 8.143422706324995e-07 7.110488881628964e-07 
7.028930074528098e-07 9.701521843834944e-07 8.260412148749642e-07 8.151943966478244e-07 7.113866726798271e-07 
7.047165347617124e-07 9.723624700831878e-07 8.288758986976053e-07 8.179317347992878e-07 7.140149515987766e-07 
7.047285902529313e-07 9.723738916296539e-07 8.288885523569155e-07 8.17937564311341e-07 7.140283021750388e-07 
7.120540144901145e-07 9.800185021078143e-07 8.37185528069245e-07 8.254357485961956e-07 7.22239904722764e-07 
7.098509497536741e-07 9.77815003539264e-07 8.35024076161049e-07 8.2331235299202e-07 7.200520968764244e-07 
7.041017874696405e-07 9.714752135348233e-07 8.272602730249001e-07 8.170836342999143e-07 7.125353700721775e-07 
7.167724329304444e-07 9.839686160516498e-07 8.384322341631419e-07 8.301350578851704e-07 7.239189595528371e-07 
7.122613019914819e-07 9.791678863415303e-07 8.330561901176218e-07 8.253652965628098e-07 7.186461375974725e-07 
7.156570154416578e-07 9.82503125581227e-07 8.35719039900445e-07 8.294493942726979e-07 7.213482156361665e-07 
7.086605804379259e-07 9.75739651341291e-07 8.295539516977854e-07 8.232793733478584e-07 7.149542076352986e-07 
6.923354221616342e-07 9.586061909621814e-07 8.108231484840598e-07 8.068035083824425e-07 6.964274476226233e-07 
6.929050664833529e-07 9.59093146715442e-07 8.100776544985339e-07 8.107364785499145e-07 6.955687652016356e-07 
6.751833404617028e-07 9.405038203965237e-07 7.90845165069522e-07 7.897683229306422e-07 6.766741413300266e-07 
6.729781107796306e-07 9.383082079444359e-07 7.887245021398915e-07 7.877016053009206e-07 6.745135060175246e-07 
6.643824031532506e-07 9.30261173192581e-07 7.821545481426837e-07 7.801528269548324e-07 6.675284999404867e-07 
6.64509936384706e-07 9.303898436292346e-07 7.822813689814292e-07 7.802778913588727e-07 6.676565787099441e-07 
6.726888025686055e-07 9.387673032113079e-07 7.905909219486526e-07 7.892651165990712e-07 6.75940532396173e-07 
6.744007080340779e-07 9.400412450072596e-07 7.906877865850073e-07 7.908970951212728e-07 6.762652452759397e-07 
6.678136071276929e-07 9.334986534605715e-07 7.842404891268592e-07 7.856994436204816e-07 6.696423012244532e-07 
6.704697776561181e-07 9.361864612299559e-07 7.869064430344199e-07 7.882913079963244e-07 6.723318546538299e-07 
6.726473399522636e-07 9.371324694633824e-07 7.849698538623987e-07 7.896726072655494e-07 6.710299055874253e-07 
6.694979149324623e-07 9.341305811249221e-07 7.824892493279045e-07 7.86214046440225e-07 6.684538933915466e-07 
6.765050276437295e-07 9.400474499910594e-07 7.859399094141825e-07 7.914388611576685e-07 6.725938821494642e-07 
6.936641136788886e-07 9.568113730753025e-07 8.012846290679847e-07 8.077752661847192e-07 6.884042305100772e-07 
6.934199476676834e-07 9.567106355879864e-07 8.013265274672285e-07 8.085400849137273e-07 6.883253414675113e-07 
6.795446093320431e-07 9.425472385352126e-07 7.875657905443683e-07 7.924000687512857e-07 6.746165603472853e-07 
6.753221038049795e-07 9.391573771162676e-07 7.862979312530315e-07 7.882568064825967e-07 6.728978593257344e-07 
6.79816966150281e-07 9.434189354351359e-07 7.899128945153012e-07 7.924056829673786e-07 6.767004457089838e-07 
6.623806753717463e-07 9.254480601641019e-07 7.719936353242727e-07 7.73320809808765e-07 6.588626342141582e-07 
6.608708450026447e-07 9.238805222596257e-07 7.711828657020836e-07 7.69914353377307e-07 6.581493095967304e-07 
6.628282460719573e-07 9.258401969755423e-07 7.731044261166768e-07 7.717749092975877e-07 6.60102392791334e-07 
6.63835183639586e-07 9.256679900589205e-07 7.703538593679758e-07 7.719084710033771e-07 6.579516806455877e-07 
6.62132190404974e-07 9.24049596384316e-07 7.689060107197963e-07 7.704548031905887e-07 6.564274537239876e-07 
6.644565410153532e-07 9.259709527084129e-07 7.702927307674597e-07 7.716029065741836e-07 6.580915996211924e-07 
6.633772842567337e-07 9.249688289628158e-07 7.69283864889342e-07 7.710349678759656e-07 6.570062978862344e-07 
6.636746168440224e-07 9.241343070877082e-07 7.65413097032035e-07 7.723973944226878e-07 6.536100100196718e-07 
6.599259767314762e-07 9.202142364882483e-07 7.60927049595493e-07 7.698519715579359e-07 6.490830822973409e-07 
6.621752776838719e-07 9.223006807371382e-07 7.627622704920904e-07 7.71428612417604e-07 6.510630128203836e-07 
6.537091818248693e-07 9.124357500913434e-07 7.506860810021293e-07 7.619812084652988e-07 6.395389636271644e-07 
6.463045053512486e-07 9.043539158711152e-07 7.418133234396642e-07 7.538102842267151e-07 6.308867483389521e-07 
6.454182321163986e-07 9.034547542261092e-07 7.40938864383751e-07 7.528917453275315e-07 6.300042952358504e-07 
6.4364365154138e-07 9.013713172648841e-07 7.38417498905085e-07 7.508183960158129e-07 6.276072092714092e-07 
6.420904692944407e-07 8.997624926870143e-07 7.367399897188441e-07 7.493842200394905e-07 6.259211076305653e-07 
6.532758615961016e-07 9.124776543798262e-07 7.513525840896763e-07 7.628848394903603e-07 6.399126655137632e-07 
6.505390693424295e-07 9.090732306496961e-07 7.469592362760266e-07 7.593037812113188e-07 6.358206007494119e-07 
6.512803207039528e-07 9.097905447103291e-07 7.476183396040791e-07 7.599552035491205e-07 6.36507969483198e-07 
6.559537667297974e-07 9.137399766120315e-07 7.49658541367637e-07 7.664501341022123e-07 6.388663333103862e-07 
6.529592869210315e-07 9.102800362545693e-07 7.45469534893054e-07 7.637235043773728e-07 6.348237309749862e-07 
6.473124604548269e-07 9.043205801467797e-07 7.39335005232828e-07 7.570394567965164e-07 6.287845095544134e-07 
6.412696028994223e-07 8.985256908892669e-07 7.3433168283016e-07 7.504980686307373e-07 6.235849490400296e-07 
6.396255141075799e-07 8.971858393917421e-07 7.335257684485943e-07 7.494039599362144e-07 6.225829359053805e-07 
6.390111483970717e-07 8.966151930833614e-07 7.330630245511692e-07 7.487871945547398e-07 6.220894840334198e-07 
6.458786627624134e-07 9.026078702525123e-07 7.373057000808194e-07 7.548507343724316e-07 6.26895560538469e-07 
6.413295195772904e-07 8.971531450089911e-07 7.307368104768029e-07 7.487104966710991e-07 6.207374476941345e-07 
6.404672004485541e-07 8.96817600247118e-07 7.312142290167483e-07 7.486945859226761e-07 6.209152009427964e-07 
6.440003893642861e-07 8.998593158549444e-07 7.332818225078448e-07 7.519532031623352e-07 6.232865882644427e-07 
6.425825700833875e-07 8.980160554095427e-07 7.308609398683141e-07 7.499810076411328e-07 6.210618528184793e-07 
6.396637145282402e-07 8.961679719285155e-07 7.307996997211367e-07 7.483190768656187e-07 6.203935194753771e-07 
6.350658062277609e-07 8.936308122173932e-07 7.316231338357204e-07 7.47779566568358e-07 6.199927649507466e-07 
6.494384110471177e-07 9.068218366620603e-07 7.423329286826075e-07 7.597133237257402e-07 6.316211111032904e-07 
6.688331443752898e-07 9.268121266633515e-07 7.624070846337055e-07 7.804461068095652e-07 6.516903629506515e-07 
6.648514391366419e-07 9.229153708513417e-07 7.587991483060311e-07 7.767562730215004e-07 6.479600181795337e-07 
6.741506139769494e-07 9.320581310203557e-07 7.673321690779649e-07 7.855219942803733e-07 6.567512677655982e-07 
6.740140001896586e-07 9.317888573591963e-07 7.668716942745136e-07 7.850054072935e-07 6.563699756747558e-07 
6.869003134895792e-07 9.455856239610458e-07 7.816895580346363e-07 7.988310419907848e-07 6.709251771970322e-07 
6.877310798343559e-07 9.465676901168253e-07 7.828232233920906e-07 8.008217543670373e-07 6.719414558213968e-07 
6.885594785242363e-07 9.482649298421576e-07 7.860097258717184e-07 8.025114561245668e-07 6.746872079930629e-07 
6.873287210346621e-07 9.469778763351679e-07 7.846701194026021e-07 8.012273840548279e-07 6.733575384676111e-07 
6.691595996636313e-07 9.298756796713034e-07 7.701804420656692e-07 7.848392312353717e-07 6.579925998646047e-07 
6.725921251520163e-07 9.352410217484736e-07 7.792645295009367e-07 7.880231108711085e-07 6.662505699148584e-07 
6.704909848900118e-07 9.327609463394488e-07 7.764774099976842e-07 7.835304403004251e-07 6.637278656664212e-07 
6.822988164212496e-07 9.459209621651759e-07 7.929632651817183e-07 7.93227285208856e-07 6.798544674380557e-07 
6.797532891123511e-07 9.433489091632273e-07 7.905203999580274e-07 7.904776553361665e-07 6.773988764086069e-07 
6.825908126724138e-07 9.459357542503289e-07 7.928049815100559e-07 7.922727134379477e-07 6.798887741238634e-07 
6.829376137004086e-07 9.471180370357158e-07 7.950635726859344e-07 7.950859186772922e-07 6.81643563518738e-07 
6.844423665970289e-07 9.476719379262065e-07 7.932961315716516e-07 7.963538983770777e-07 6.803549869178382e-07 
6.652781811550719e-07 9.289218583652926e-07 7.758450495048279e-07 7.78862644932566e-07 6.623606454739169e-07 
6.655545583126063e-07 9.291694216969582e-07 7.760250087005007e-07 7.790940587633132e-07 6.625599713209217e-07 
6.749856523920918e-07 9.380338880477453e-07 7.842467365959772e-07 7.852253401393293e-07 6.713379888164046e-07 
6.749306465140966e-07 9.379926955813103e-07 7.842306485263723e-07 7.851981822693909e-07 6.713133582305375e-07 
6.779152356153326e-07 9.404102632643055e-07 7.850888816719528e-07 7.88325589308978e-07 6.724720409256511e-07 
6.740604471205134e-07 9.377919277427899e-07 7.851481614020182e-07 7.858004508450734e-07 6.718366329172059e-07 
6.750040433064531e-07 9.386554946990095e-07 7.85966957180307e-07 7.862382327974262e-07 6.7272992242473e-07 
6.760101331914453e-07 9.396984465512904e-07 7.870655289410239e-07 7.872265422174977e-07 6.738260235323267e-07 
6.748889103092744e-07 9.384006596266236e-07 7.85405112027121e-07 7.860280590967588e-07 6.722360789377761e-07 
6.709547139778984e-07 9.343844205129855e-07 7.81501310773387e-07 7.81741183341571e-07 6.683325048520749e-07 
6.764949299451865e-07 9.400103000047581e-07 7.872715074534398e-07 7.868718186678406e-07 6.741591930807969e-07 
6.767901073734892e-07 9.403673887612673e-07 7.878262095013965e-07 7.870499393921296e-07 6.746945218164035e-07 
6.755012718800356e-07 9.392001195825884e-07 7.868341289475684e-07 7.861993647394584e-07 6.736073284415303e-07 
6.791325846003554e-07 9.429889627320321e-07 7.905141642473322e-07 7.90672519171058e-07 6.772235017725024e-07 
6.785102163508256e-07 9.435050729781454e-07 7.93601217184372e-07 7.910754785935704e-07 6.797214939389527e-07 
6.800938027960077e-07 9.446983994836871e-07 7.935259672402793e-07 7.931087337488519e-07 6.798281513011697e-07 
6.830163049475871e-07 9.476931362808685e-07 7.965471021859063e-07 7.961238629748715e-07 6.828496731477731e-07 
6.820621593693092e-07 9.465362000802759e-07 7.949380631456084e-07 7.951008060489934e-07 6.813263802328007e-07 
6.774092168395133e-07 9.419395705051147e-07 7.902993662325143e-07 7.916297346162592e-07 6.765422434813512e-07 
6.76169574416974e-07 9.405633915257179e-07 7.884943430026963e-07 7.909312330579971e-07 6.747573829680203e-07 
6.736217237523776e-07 9.377869237767389e-07 7.853492017490002e-07 7.881033700551657e-07 6.716970244354458e-07 
6.734202646780369e-07 9.375204783175345e-07 7.849632425568389e-07 7.877975108100338e-07 6.713434834020136e-07 
6.73881379762751e-07 9.399969662240116e-07 7.918923668779974e-07 7.903653910226578e-07 6.772445742559773e-07 
6.735417544858651e-07 9.397466961649408e-07 7.918643439300187e-07 7.901238638578066e-07 6.771662408847461e-07 
6.658673032349694e-07 9.333344719624409e-07 7.891920831669189e-07 7.827573784527657e-07 6.738056338455176e-07 
6.653387190477522e-07 9.326877812336932e-07 7.882319775299754e-07 7.82209118659493e-07 6.7289399346097e-07 
6.647518090676286e-07 9.321863484519779e-07 7.879459107358201e-07 7.817859284877412e-07 6.725539552002808e-07 
6.623591512166663e-07 9.280686555505759e-07 7.796220269953501e-07 7.780826124306209e-07 6.650489257869446e-07 
6.561944913986466e-07 9.231125091184707e-07 7.776348997146519e-07 7.737200492482663e-07 6.623470764426625e-07 
6.557704589877269e-07 9.226604759584336e-07 7.774825219908146e-07 7.721909801666124e-07 6.62257082228014e-07 
6.590394202959923e-07 9.262099923038354e-07 7.817588527499385e-07 7.752720562575579e-07 6.664566964113158e-07 
6.494107500400102e-07 9.164551777024421e-07 7.72290874960596e-07 7.651293876548581e-07 6.569522752598727e-07 
6.49901691649506e-07 9.16942579160757e-07 7.725626652866727e-07 7.660671987012213e-07 6.57209374115584e-07 
6.517740785106445e-07 9.189147286862227e-07 7.743979971482873e-07 7.68856950080553e-07 6.589775802445269e-07 
6.788722922898918e-07 9.453879651911124e-07 7.987909065321816e-07 7.935483203579694e-07 6.841064653657466e-07 
6.778283931050444e-07 9.438991989468105e-07 7.965012549174085e-07 7.915274874318616e-07 6.820573267536756e-07 
6.785449111553202e-07 9.44671289138343e-07 7.972705135964588e-07 7.925393008731312e-07 6.827957048768267e-07 
6.779512494535648e-07 9.442100382413691e-07 7.971646255020867e-07 7.920529031385621e-07 6.826156710942144e-07 
6.785413419390412e-07 9.443575469891412e-07 7.966718752918941e-07 7.9122879893942e-07 6.824028814645407e-07 
6.875373877848226e-07 9.53687093542945e-07 8.061805101377446e-07 8.01033610714623e-07 6.918284085686242e-07 
6.976028399368656e-07 9.643384401007843e-07 8.17529101117728e-07 8.123869105588278e-07 7.029601227363714e-07 
6.930702776262228e-07 9.604291322457367e-07 8.151277479450719e-07 8.090901846465074e-07 7.00152222932224e-07 
6.924831059331202e-07 9.599745715536323e-07 8.149659186859261e-07 8.088195365594766e-07 6.999060637130434e-07 
6.939819658312879e-07 9.607856768317992e-07 8.139549532680067e-07 8.097075595741224e-07 6.992676544913361e-07 
6.941564853894308e-07 9.616822383221353e-07 8.16474010305323e-07 8.11123516729395e-07 7.01387921063165e-07 
6.93685280756979e-07 9.611465142104173e-07 8.159348545935753e-07 8.101906763769713e-07 7.008953911004456e-07 
6.944635809125699e-07 9.617815339584505e-07 8.161711529834883e-07 8.108287474898609e-07 7.01215295883351e-07 
6.929423149285585e-07 9.60265901804892e-07 8.147122430463766e-07 8.093693975846583e-07 6.997332382947472e-07 
6.965095486122767e-07 9.648882976096097e-07 8.211503640411073e-07 8.166838522495229e-07 7.055343237249277e-07 
6.811479764089525e-07 9.520143273845798e-07 8.155794947034147e-07 8.067195087693047e-07 6.983728436904066e-07 
6.808763127635017e-07 9.517794511199792e-07 8.154679724302301e-07 8.065113732196687e-07 6.982384868970249e-07 
6.739084336010288e-07 9.455140354651219e-07 8.118856871897272e-07 7.992842726209452e-07 6.942788333949537e-07 
6.764711237362759e-07 9.481544481846086e-07 8.147529091395042e-07 8.015768020859647e-07 6.971470034367845e-07 
6.655511644239392e-07 9.381874038494952e-07 8.086624882863869e-07 7.915681925436303e-07 6.904792607093665e-07 
6.589312253072006e-07 9.32427487534043e-07 8.067424345204563e-07 7.854850684458041e-07 6.880905498131952e-07 
6.590497785419004e-07 9.325661096190879e-07 8.069552344313841e-07 7.85642114491387e-07 6.882933576843553e-07 
6.609520593642331e-07 9.347373231357466e-07 8.109608310104052e-07 7.862549114546633e-07 6.922521492081409e-07 
6.609507348064341e-07 9.347365938074639e-07 8.109632144924493e-07 7.862537043427404e-07 6.922542456238478e-07 
6.531845023131837e-07 9.269287798307003e-07 8.026824622826255e-07 7.797389677529309e-07 6.838760479961473e-07 
6.542827766008371e-07 9.277625138425071e-07 8.027969941408733e-07 7.794855835661268e-07 6.841818616327897e-07 
6.542747085365339e-07 9.277541623355704e-07 8.027879551938345e-07 7.794768618296032e-07 6.841729196910424e-07 
6.526905680359077e-07 9.254847905232463e-07 7.970641376283973e-07 7.790462990455584e-07 6.786851079056167e-07 
6.530286468626428e-07 9.258225143073848e-07 7.97385581203298e-07 7.79384896169363e-07 6.790095217193619e-07 
6.555673638265229e-07 9.281663426315062e-07 7.988375928570189e-07 7.818880022125296e-07 6.805712986934448e-07 
6.420109919172975e-07 9.153648289185509e-07 7.892660905199418e-07 7.704814650139146e-07 6.704499658400852e-07 
6.336521200236948e-07 9.071643077350975e-07 7.820303871783342e-07 7.625469136547553e-07 6.630590566452239e-07 
6.1620669753212e-07 8.88989470375352e-07 7.616041995570358e-07 7.459025025442715e-07 6.427483864313852e-07 
6.159765454017478e-07 8.887594275202798e-07 7.614487052352613e-07 7.448289339895579e-07 6.426339196269004e-07 
6.190131919647605e-07 8.906595717834528e-07 7.592042537816643e-07 7.468319220595322e-07 6.409338437980764e-07 
6.201466731735326e-07 8.924771827712664e-07 7.634161631149859e-07 7.478000486957259e-07 6.448842790100351e-07 
6.12917206344083e-07 8.854331388236301e-07 7.572173811457555e-07 7.423496746362092e-07 6.384534742227118e-07 
6.266036253556171e-07 8.993768792296832e-07 7.716411921586587e-07 7.54761952353938e-07 6.529581366995077e-07 
6.190868598700177e-07 8.927843058829926e-07 7.68997556740843e-07 7.486161250448207e-07 6.498035925958813e-07 
6.214225306780735e-07 8.951451785091914e-07 7.713685743360678e-07 7.509243446576531e-07 6.52183812177455e-07 
6.160797570285243e-07 8.901128055694951e-07 7.677198977692459e-07 7.477780733275451e-07 6.482576056968678e-07 
6.156927940302234e-07 8.897166056979173e-07 7.672997373514366e-07 7.474032639714784e-07 6.478376517498679e-07 
6.22326373320776e-07 8.961031109675327e-07 7.724163865202964e-07 7.525940180760046e-07 6.531775608383475e-07 
6.266570367365157e-07 9.007447371701045e-07 7.781899234657955e-07 7.596929795866237e-07 6.587165256251938e-07 
6.287605785156213e-07 9.026746827484111e-07 7.793202092495561e-07 7.618907099805445e-07 6.599296706487011e-07 
6.264170500523497e-07 9.005245602853361e-07 7.780286169776545e-07 7.578230356425519e-07 6.586271426597143e-07 
6.261900612863266e-07 9.003059066312397e-07 7.778435367638281e-07 7.583227553522685e-07 6.584004000039535e-07 
6.299733191776789e-07 9.03575899400077e-07 7.787848500334744e-07 7.61560523837509e-07 6.596108446162293e-07 
6.233242194439506e-07 8.964643369506859e-07 7.701398550054897e-07 7.530919656905282e-07 6.511954048199288e-07 
6.335689238693272e-07 9.071103534276382e-07 7.819197978694854e-07 7.642555932146767e-07 6.6284515446887e-07 
6.31543771825623e-07 9.051828260009494e-07 7.804700457750509e-07 7.626700824450237e-07 6.613163191430823e-07 
6.356029005346396e-07 9.090726765487471e-07 7.835112300060482e-07 7.660802088643993e-07 6.6449354204511e-07 
6.453015885149249e-07 9.191884848355334e-07 7.949586532660354e-07 7.770107177781104e-07 6.757755575438131e-07 
6.338263016144359e-07 9.084630405538877e-07 7.880923924501992e-07 7.658785912610992e-07 6.684900785029297e-07 
6.311199301549904e-07 9.060532993343055e-07 7.872922681621582e-07 7.632329828824302e-07 6.675449146584597e-07 
6.311678390619758e-07 9.061040265905642e-07 7.873546357117962e-07 7.632915152144022e-07 6.676058785139445e-07 
6.216481915470995e-07 8.962642670338933e-07 7.763467956041741e-07 7.532726496964929e-07 6.5669258367579e-07 
6.092191948306282e-07 8.832518134150858e-07 7.612649178516696e-07 7.397187790186552e-07 6.41812834259927e-07 
6.069955682082944e-07 8.8060454282128e-07 7.570811964261449e-07 7.360448126171704e-07 6.378530340951599e-07 
6.052700524532079e-07 8.789851886425818e-07 7.560052745524726e-07 7.343769101732444e-07 6.367193412660476e-07 
6.094549810087439e-07 8.832298727659473e-07 7.608191220787403e-07 7.369669043159814e-07 6.416254065002267e-07 
5.996417369788327e-07 8.734415546029121e-07 7.524752860447568e-07 7.255434870870095e-07 6.332868531041838e-07 
5.977207456826049e-07 8.714929771195729e-07 7.505055891697753e-07 7.235903000947871e-07 6.313154942015776e-07 
5.969149500252606e-07 8.709995115216855e-07 7.510837298181028e-07 7.23883749212883e-07 6.317104511498385e-07 
5.943802694799171e-07 8.679292923260414e-07 7.446964345381589e-07 7.236977486515507e-07 6.253778814357334e-07 
5.943381390515033e-07 8.678897056977279e-07 7.446657366085206e-07 7.236769552789855e-07 6.253447685580453e-07 
5.948637088489899e-07 8.682716413401176e-07 7.444618594556092e-07 7.23902972644457e-07 6.252150141239867e-07 
5.983648552738479e-07 8.723432936749817e-07 7.509243610374047e-07 7.274605361958316e-07 6.314861269952622e-07 
5.868145551381451e-07 8.599505891298929e-07 7.369766113823667e-07 7.116355203620773e-07 6.179982298823879e-07 
5.829726151978115e-07 8.559080951606443e-07 7.318833015743374e-07 7.083889939514046e-07 6.129124020009661e-07 
5.848667996182959e-07 8.579804583639992e-07 7.351225559561274e-07 7.094994523385834e-07 6.161478669839181e-07 
5.82903694316186e-07 8.560819681379382e-07 7.333006659336881e-07 7.08129161674047e-07 6.142529240349865e-07 
5.794959900869413e-07 8.528896180182611e-07 7.31354096532599e-07 7.047494045255251e-07 6.122022402967808e-07 
5.891158389755078e-07 8.622802652869452e-07 7.393917095184652e-07 7.138092091916751e-07 6.204283640884499e-07 
5.87340347695409e-07 8.602194111838626e-07 7.37256139787855e-07 7.10221279042883e-07 6.184886241347396e-07 
5.875574330104578e-07 8.596007032192403e-07 7.344858371318257e-07 7.079392346135229e-07 6.161744616864474e-07 
5.904035921230962e-07 8.623847864071716e-07 7.365584612677093e-07 7.110687630390505e-07 6.182772540294708e-07 
6.005539138863319e-07 8.716518044145348e-07 7.431080773625802e-07 7.188154805711567e-07 6.253938338741698e-07 
5.990489801628748e-07 8.697750621002695e-07 7.41403540956175e-07 7.15390513664886e-07 6.23931406116606e-07 
6.036276251787791e-07 8.735976980975776e-07 7.438351758159143e-07 7.176595498832485e-07 6.268365416174922e-07 
6.071489155145401e-07 8.7735459710367e-07 7.485644376486867e-07 7.21132483566299e-07 6.315084325379473e-07 
6.130106978150176e-07 8.826202394592227e-07 7.531914747713826e-07 7.248487831513935e-07 6.365512574081027e-07 
6.108350571857766e-07 8.811965385289516e-07 7.51165422441941e-07 7.264137804754726e-07 6.339912760643251e-07 
6.106097309241882e-07 8.809302865834684e-07 7.508036880758696e-07 7.261096971571373e-07 6.336482723342817e-07 
6.201362365847034e-07 8.907254630184081e-07 7.61270620601671e-07 7.356496250990749e-07 6.440941550576748e-07 
6.240349024205792e-07 8.940945790245743e-07 7.633770825511754e-07 7.381714349123914e-07 6.465305827148136e-07 
6.272643375495236e-07 8.97247279912279e-07 7.660168961521637e-07 7.413669164651722e-07 6.492352965896382e-07 
6.282421488467698e-07 8.981836326615198e-07 7.675738008991849e-07 7.415635634032859e-07 6.508592229658786e-07 
6.29718907606784e-07 8.996998493283955e-07 7.687563068503864e-07 7.434185625412201e-07 6.520195710991854e-07 
6.366704030795462e-07 9.071372768861455e-07 7.784292351619063e-07 7.501791755202286e-07 6.615559420767546e-07 
6.328949831236046e-07 9.017665527463967e-07 7.724800590769899e-07 7.411766708436027e-07 6.565194808672474e-07 
6.400120539977846e-07 9.084369183250032e-07 7.785350442317028e-07 7.469297842947553e-07 6.628999465405514e-07 
6.45951643147932e-07 9.139496814391247e-07 7.832657964124757e-07 7.517491515334114e-07 6.679269041933259e-07 
6.569918425051742e-07 9.257893463801308e-07 7.960800738890715e-07 7.643662502594929e-07 6.804089606219529e-07 
6.569556609660049e-07 9.258552179467643e-07 7.965799265850552e-07 7.64421190252213e-07 6.808569488891394e-07 
6.530021777933689e-07 9.219350581626131e-07 7.928262905746639e-07 7.606250703366938e-07 6.770468142792791e-07 
6.316240264246873e-07 9.015621523132729e-07 7.767230029855116e-07 7.410700950095506e-07 6.602304153418654e-07 
6.419182351559973e-07 9.121363131785387e-07 7.859926687571629e-07 7.526130603478384e-07 6.694036213240448e-07 
6.473657830103104e-07 9.181138081042305e-07 7.896139832827254e-07 7.613687590265767e-07 6.726864608749064e-07 
6.498780312532747e-07 9.20839732423364e-07 7.932833749681127e-07 7.639375576398225e-07 6.762781758832474e-07 
6.489150588726261e-07 9.199173597611638e-07 7.910006315548578e-07 7.642757283607412e-07 6.739108987189506e-07 
6.506369118873352e-07 9.221776360627446e-07 7.949030396104216e-07 7.669368739894526e-07 6.77542961352929e-07 
6.46588945038639e-07 9.17700040985125e-07 7.890487543594502e-07 7.623215891548135e-07 6.718731482964643e-07 
6.472698380159348e-07 9.1840196072998e-07 7.906952406636707e-07 7.622732886968557e-07 6.735493211414964e-07 
6.461440224328327e-07 9.173137102716119e-07 7.896404340575354e-07 7.613350549715768e-07 6.724596996528979e-07 
6.526171265072791e-07 9.230217405757815e-07 7.921502517342283e-07 7.668885450719571e-07 6.754122641562286e-07 
6.554583055732674e-07 9.256793400804174e-07 7.940763989753243e-07 7.694512151042832e-07 6.774603017354222e-07 
6.872897076073775e-07 9.58690640901923e-07 8.313005889969253e-07 8.015058775162772e-07 7.143836829698128e-07 
6.869743646622527e-07 9.584015754458488e-07 8.308752102519924e-07 8.014074314231017e-07 7.139356684229532e-07 
6.865075396701866e-07 9.57749850493167e-07 8.296005943283518e-07 8.006357881766048e-07 7.127599906745781e-07 
6.870664189259456e-07 9.579672338817806e-07 8.283303487549944e-07 8.008620087392051e-07 7.116758966450421e-07 
6.8965003806311e-07 9.607127268374477e-07 8.327954790429716e-07 8.027715239560975e-07 7.161022234597876e-07 
6.892386149639337e-07 9.60211992269796e-07 8.321753824968907e-07 8.021035399431928e-07 7.155318503948359e-07 
6.817650293632411e-07 9.533194029812903e-07 8.277558697751634e-07 7.956153613283307e-07 7.107300204658974e-07 
6.825206240347306e-07 9.541859915024636e-07 8.287677979229227e-07 7.966962128847716e-07 7.116817726304378e-07 
6.711663376839213e-07 9.429260653020516e-07 8.164439881628671e-07 7.868975006272825e-07 6.991706066075548e-07 
6.715768041226574e-07 9.434488634193398e-07 8.171733389351362e-07 7.876313922217201e-07 6.998368734042961e-07 
6.723321814026642e-07 9.437941437824234e-07 8.155337163737454e-07 7.880934353299697e-07 6.984115649410422e-07 
6.714547428308909e-07 9.429296359968854e-07 8.145757083427465e-07 7.873935810517551e-07 6.974332055264844e-07 
6.712846957152791e-07 9.43087084223712e-07 8.152286073397443e-07 7.883375567483743e-07 6.978843206896188e-07 
6.642050396074975e-07 9.355395183290191e-07 8.065140255373178e-07 7.804307963616843e-07 6.893654892457649e-07 
6.688348270732677e-07 9.405796446432817e-07 8.118896220768762e-07 7.865172219237092e-07 6.945266001772393e-07 
6.718053816275508e-07 9.437248508294517e-07 8.155911397840728e-07 7.896761320295661e-07 6.981622487258654e-07 
6.680966221366338e-07 9.401942850598188e-07 8.124609522112359e-07 7.866898586868127e-07 6.948877139649558e-07 
6.701810610377488e-07 9.423198060837203e-07 8.145816584411027e-07 7.88889651486674e-07 6.970010824372024e-07 
6.635115845146517e-07 9.354183894201731e-07 8.064217184743709e-07 7.827062738949685e-07 6.888733066763845e-07 
6.593312029621507e-07 9.310456838447804e-07 8.009255873677483e-07 7.790816511972242e-07 6.834041846217969e-07 
6.649152237473203e-07 9.370649343737901e-07 8.083110158275543e-07 7.851777491024191e-07 6.90614631630115e-07 
6.60236882944236e-07 9.3216195173936e-07 8.014047309567622e-07 7.824507970115534e-07 6.836804491666926e-07 
6.733554141793007e-07 9.452674567359039e-07 8.137311026430783e-07 7.958487677982635e-07 6.961154714084253e-07 
6.781168803726903e-07 9.500819195211139e-07 8.180547503378697e-07 8.018444820476481e-07 7.003987912140013e-07 
6.813333466443705e-07 9.529516752528099e-07 8.194959462661697e-07 8.049470757138198e-07 7.020361631828606e-07 
6.818019922895592e-07 9.537805037262905e-07 8.217841627950982e-07 8.051674325228227e-07 7.041712139156825e-07 
6.853125472092489e-07 9.575068776549231e-07 8.256589433651638e-07 8.104222367298391e-07 7.078930973291338e-07 
6.758228549824698e-07 9.464101599825128e-07 8.095226408780862e-07 7.996284163482872e-07 6.92479426259486e-07 
6.762091403729611e-07 9.468651585596976e-07 8.102251342485347e-07 7.998285739752215e-07 6.93163203035688e-07 
6.758818370242908e-07 9.468551353379076e-07 8.112078083347312e-07 7.999244084314092e-07 6.939757727169089e-07 
6.776967429297421e-07 9.485328160203568e-07 8.124355534785133e-07 8.013202709129629e-07 6.953048945582017e-07 
6.763058956404265e-07 9.46167723904309e-07 8.072061269383907e-07 7.98741742897714e-07 6.905690413634158e-07 
6.768864195142158e-07 9.467666913858064e-07 8.078650566589406e-07 7.992038263502012e-07 6.91231301255519e-07 
6.663155933659012e-07 9.349467130583085e-07 7.938391166227507e-07 7.844690812319203e-07 6.778658001410835e-07 
6.762451741257649e-07 9.436850351303335e-07 7.991301610900352e-07 7.928053070129964e-07 6.838952525210483e-07 
6.769467342031553e-07 9.445729467669903e-07 8.003964509838295e-07 7.938811179006892e-07 6.850655225670025e-07 
6.999560847842454e-07 9.695150313769786e-07 8.298652526741707e-07 8.1845098361744e-07 7.137989600672102e-07 
7.043629664768449e-07 9.73224977320658e-07 8.314431552572881e-07 8.220019287257073e-07 7.157974072291188e-07 
7.010377796327172e-07 9.68118834765373e-07 8.232318397510364e-07 8.13787495202599e-07 7.086247233102042e-07 
7.001414230457045e-07 9.672545441979428e-07 8.228164792256201e-07 8.12392796277504e-07 7.082044776604416e-07 
7.010573667742248e-07 9.67483069709691e-07 8.220029155783175e-07 8.114504521647792e-07 7.07811936092054e-07 
7.093937434751841e-07 9.75505747902296e-07 8.299314416779072e-07 8.180270154798445e-07 7.160577587647036e-07 
7.066522727189061e-07 9.722709696074948e-07 8.248659195395364e-07 8.157455255090215e-07 7.111869343358957e-07 
7.089456243776872e-07 9.749277068738715e-07 8.282305404310886e-07 8.185310959099613e-07 7.143798984237655e-07 
7.083687287244977e-07 9.740495283529171e-07 8.264184765701124e-07 8.179662186810708e-07 7.127091576271515e-07 
6.989389396601872e-07 9.653231267907867e-07 8.191322370311074e-07 8.103531201619427e-07 7.04895087031535e-07 
7.011290976852169e-07 9.67848410534935e-07 8.223543115974093e-07 8.129711507971014e-07 7.079619058169934e-07 
7.002013937803677e-07 9.670607041097939e-07 8.221602858060396e-07 8.118820644496785e-07 7.076959190210081e-07 
7.062665752437276e-07 9.724911768365996e-07 8.257627040260017e-07 8.17228613758158e-07 7.117070069997858e-07 
7.078875747218652e-07 9.731940197249336e-07 8.245387360794586e-07 8.173294848617746e-07 7.110139593783226e-07 
7.156359490419093e-07 9.81397984702432e-07 8.320684555573645e-07 8.281379633066458e-07 7.182853679146675e-07 
7.135950255641905e-07 9.794743796618188e-07 8.3054034904004e-07 8.261415567208613e-07 7.166735817224179e-07 
