-216.0288142867649 -169.1442124273945 621.3594002819945 
-213.32621140501783 -170.91987057881377 622.9072080745934 
-212.9925580921906 -170.42013198294194 621.5297448167809 
-211.00788924115886 -166.0029068148405 621.5045735456165 
-209.65994445910889 -165.67830863694275 621.2334917879773 
-210.36713537277262 -165.9939535426228 620.9471216763671 
-209.98482875423852 -161.36237430949234 621.0897947373722 
-210.29990883063147 -158.70472100437692 621.9297695616647 
-210.6522028373038 -159.59312090571987 619.9305361671157 
-211.58242410753812 -157.77772612531288 620.9079366701396 
-212.1133274073428 -156.88676644945377 621.3254493114421 
-210.69510220663832 -158.14897787776792 619.9648351050566 
-210.7217597871866 -158.2829356764995 619.6970198301015 
-212.867538046305 -156.32767670661892 617.4731102470804 
-213.71127662317045 -157.11204801166846 617.7434454268923 
-214.11017693146104 -157.36060115359038 617.3889507420022 
-215.43780559061932 -161.67562093060857 620.6791256130298 
-215.6448324393528 -161.98404883175328 620.8138810470016 
-220.704705072772 -166.1611142561742 623.1977890142936 
-221.77747978611276 -167.36619317757507 623.4228348571013 
-221.98999989148544 -165.99729999685263 622.3287290505347 
-222.05514014454795 -165.9859040962138 622.3020651444768 
-221.7260407619227 -166.06839274931477 622.6925595535666 
-223.77328048729126 -167.61888497751178 622.155526893278 
-226.5167632064925 -167.05415725300347 619.001889290814 
-227.11246199264934 -171.17188118428487 624.2548240133649 
-227.28411265003595 -170.91535773985163 623.7818726331025 
-223.3151304966403 -173.77190738904588 623.2086063267009 
-226.41757484204632 -173.99905941614972 622.0103174879158 
-226.26989235322458 -173.66813392690224 621.8656326620766 
-229.11708653700336 -174.37209188022948 622.5567975959565 
-228.30335757577618 -174.76352377932318 621.0329279921557 
-229.2994008326176 -176.4596773862386 621.4558740998824 
-228.77395306441696 -176.51817409509542 621.2739587578432 
-228.84761607927572 -174.58060234674898 620.4960990442268 
-229.31891716709157 -172.66999948241389 619.8121288028527 
-234.69071909002685 -174.79529144990374 618.1238150215095 
-237.2357204553449 -174.07413801255345 619.5512970124241 
-237.20502262811834 -173.53443450587957 619.2949755368111 
-236.85962764720196 -174.04980163083454 620.3183568839773 
-236.70278656251776 -173.9968702487878 620.2010969382939 
-237.11797694764869 -173.56029978895072 620.4936030688496 
-238.32056106274368 -177.17444772021236 618.9944467323554 
-238.62261861437483 -176.84006357903314 624.3333927643612 
-241.7201279234503 -177.7325896772166 622.5636371235123 
-239.53381980500805 -173.25819835280637 623.763362100267 
-239.54409538073747 -173.675440584892 623.3669997658623 
-239.57022038639752 -173.73352247577066 623.2395410571373 
-238.78716173477792 -173.39450796483797 622.8851541056474 
-239.53287771960657 -174.76770441959485 622.085119614549 
-239.96375230113603 -175.39679514897617 621.5639249198845 
-236.8220528267081 -175.3468067145582 619.0985017774763 
-236.64097384808517 -174.99454083126315 618.6688489787927 
-235.2354780074379 -174.4849099850961 619.738791935255 
-234.64724644600108 -174.31531498972726 620.4643383085181 
-235.87382262165823 -177.99703542433295 625.3347947694193 
-235.86973983851414 -178.34848954152974 625.3959778873437 
-232.11095120397812 -176.63136218291456 621.2727764992821 
-231.929974820922 -176.79682091781885 621.2711512397482 
-230.88020980141047 -175.62464101682656 621.8533241903488 
-230.37539417995845 -175.36103967487406 621.7604731287778 
-227.26976857052546 -176.15693842118228 627.0131301737731 
-233.3000211419217 -176.19951403783176 628.437175473336 
-234.80371562750074 -171.03175808183443 625.2620373947328 
-233.69495767285662 -171.73503973291392 624.1753317282665 
-233.10857239431647 -174.39464490941074 623.1669380327821 
-233.46105743676344 -174.7106293360873 623.5916754066718 
-233.4099484254323 -174.6747770843702 623.5774375203777 
-235.78264122913 -172.35961158969027 620.7326213434933 
-234.97475425596454 -171.70844383639368 620.8624707704023 
-235.265605714107 -171.91090158903165 620.5096563151035 
-235.05599365260355 -171.87044641146295 620.4803417309247 
-235.2931902329672 -171.27282365145015 620.4598292100976 
-237.23236115212603 -172.19707594178803 620.6044219408669 
-233.08936644773704 -174.91151520380726 617.3953446504233 
-231.9138264811773 -173.5934528968423 616.6369923472218 
-231.0247553507837 -172.88931194387416 615.959674150917 
-226.13892967461697 -169.33775106659047 617.6366172492052 
-225.39683045916885 -168.2840454953462 616.9776801881706 
-224.4540498871622 -168.83342537081785 616.2380997356365 
-223.3668634527635 -169.1117478797781 615.6663074585812 
-225.2981059266498 -161.7155453443458 617.398156917183 
-227.3026104334199 -162.05098301388492 622.9323951749218 
-229.61540034727298 -164.314655505011 624.8106008192566 
-233.29276362997643 -163.59101997957038 622.0584036181966 
-233.0484122584507 -162.42853104504118 620.3022509797024 
-232.5160204779946 -163.5091995972835 621.2466590674865 
-231.2729948998227 -163.33068744817703 621.7397319507872 
-231.32452870343025 -163.0640961682934 621.7657042677557 
-231.71258075345938 -163.928850877053 621.7273469646286 
-231.39962302971432 -163.39572407101747 621.8944447486507 
-239.34405052027859 -167.7381899492937 618.0328392504684 
-240.46164510413328 -168.48749413757383 616.6556645390679 
-241.1391917972477 -164.79941886246988 620.1392102885648 
-239.4192314391647 -165.8748318945362 619.8486086989944 
-238.29643446248753 -169.7367522017186 618.898593480058 
-242.53561038605068 -173.69681168524897 618.5985513104182 
-242.00383164328272 -173.6558121009367 618.6090096331254 
-241.03440993851538 -170.63129205169338 619.567394736459 
-241.65029270636956 -172.85578834934313 620.801054242164 
-243.02049895564303 -168.47433593586584 623.9042559895453 
-245.97986787877517 -169.6078438870779 625.7877342331083 
-245.8742498095672 -169.64024854256584 625.7540233136295 
-249.01283466951216 -168.13512075859367 620.648765051864 
-248.0054160742598 -170.51359656493233 622.1020049656964 
-246.6036100234009 -171.40933360928827 623.6422625282413 
-246.82790843247693 -171.21426237781043 623.7189025451318 
-246.6586556940069 -170.9056078731775 623.780920208893 
-246.41862384131602 -171.48600187625368 624.8381997747182 
-249.13036922963704 -169.92685523784027 626.4718682570075 
-245.99024959861688 -167.2413172135604 631.2651792095044 
-244.644396471089 -169.27154317407366 627.8808777438046 
-243.85671005388767 -168.39652964376347 627.3655863359053 
-244.15848209386124 -168.59183285752275 627.3184203835814 
-246.47017025260118 -165.4131530513379 624.1994586742592 
-245.17770939564457 -166.46850372410447 620.6177349779485 
-247.48052210509348 -172.9178286434405 626.1844358599468 
-246.37898722964027 -172.9873572691876 628.880683241716 
-250.43966537054425 -179.75376004439457 628.3259796418872 
-247.41693180539997 -176.62079246289966 622.0838188765798 
-251.93120743453417 -179.47274902463326 622.4468268652905 
-252.6148291000446 -179.0343395407871 621.8604557803484 
-255.06416691560838 -183.0395887752023 629.5267141673909 
-256.80728209323917 -179.58243568954222 624.364208461075 
-256.3428710358306 -178.7883703383337 624.1921353604041 
-256.81208813978895 -178.13398070158973 623.2622598338062 
-257.49704519995834 -177.8706687532935 622.3199594326936 
-254.73282365363636 -177.89235809382853 621.1735003177307 
-255.03781201003554 -179.45107088452207 623.0831036147554 
-254.80387297029577 -179.2143691032671 623.0771451448782 
-254.5407435164751 -179.05725669556276 623.0584745635115 
-254.17684016648045 -176.7439840950193 618.5634627014828 
-251.2892716464272 -175.9489770890479 617.593472986617 
-250.93767024831564 -176.8399220353771 617.8969825821523 
-250.85781990529674 -176.79211622194646 617.9339892535903 
-253.30951168546196 -178.55084518471463 615.6898399379633 
-252.93369155893186 -178.62753789953942 614.9104617199932 
-252.87676889707697 -178.5829644303596 614.5039786586563 
-252.3068702849175 -179.95650045188802 615.4362433180593 
-254.31462660259749 -180.78875403583336 616.5213820347998 
-254.6024545223958 -180.03684050348065 616.9107972552382 
-254.36392466437184 -183.07700861040357 615.4319053868935 
-253.9356459975402 -178.54222395742678 618.7928218866077 
-252.45031702614003 -182.47075124283828 623.1294035002906 
-253.0581983468015 -182.46684478591786 624.5559467101743 
-253.33647294961392 -182.43818769315664 622.9540210682187 
-253.6916872896973 -182.22872564802512 623.9526797371317 
-254.70318146578015 -184.36567951661695 625.6641929368852 
-254.7028942033765 -184.3657059455194 625.6644660939262 
-248.9938611303254 -186.9977944408138 625.1662873859698 
-246.45372641570378 -189.86699961553578 621.6571879206693 
-246.448147553027 -189.86783259912693 621.6889847602623 
-246.26118712584037 -189.78465804292836 621.6844108363829 
-246.69225894671814 -190.3159372429466 622.0398273962348 
-246.52055831597403 -190.52815387932506 622.1049551831937 
-241.30786963739956 -192.12036248192234 626.2917079253479 
-242.1493354922936 -191.50823431100693 626.8883668867992 
-243.46924360617868 -193.35103006071367 625.1524362455267 
-242.90527076380306 -188.11925464559943 629.2832896744944 
-243.87491922397078 -187.29267779665653 632.7422631441094 
-244.01183460219121 -184.6310940702928 633.2964079282232 
-241.91824234209793 -189.6354808369029 636.5665147388709 
-244.33103280394266 -189.18521687390373 633.7045340400605 
-246.09056005671292 -191.64479466960225 633.4007278217772 
-249.67035321524565 -189.9972145039393 637.6074949269718 
-248.25847922236846 -191.0849632623082 634.5116109592362 
-250.24961666942627 -191.15271849697183 633.8928732150977 
-249.26267553622446 -191.29597014322135 632.3370335822734 
-249.34080226767503 -194.5106572590187 635.4642800334121 
-250.71581111064472 -193.00787314244027 636.1537944206353 
-252.44850838293 -191.0907939722719 637.6329095913671 
-252.1730127496513 -191.1834717418747 637.6735523590431 
-252.1482230763855 -191.1399287082286 637.5299788424982 
-251.50568255493914 -192.38003776611458 637.9288895573621 
-251.50605322832868 -192.3802432989131 637.9281131137075 
-249.39813378174202 -190.64301900190517 638.1730134708775 
-249.06202105949063 -191.241142020565 638.9383116428191 
-247.1799635128617 -188.86436765327457 644.3203070186734 
-245.66868575218547 -188.13936207748043 643.3966715571262 
-244.85675600742803 -188.8253049687805 647.2207564731929 
-244.87917379644347 -188.9530329058049 647.335342328027 
-244.74532067893105 -185.28708758793482 645.9507361223571 
-244.94678962664264 -185.33988834089826 645.4513865805615 
-245.4818732486938 -185.4803733650714 642.8538461055794 
-243.5106236854652 -185.7802606208985 642.0636882410564 
-242.914282988016 -183.15635743375526 644.042895848195 
-242.99912007796087 -183.52006173864754 644.1522868758166 
-240.0416758625479 -181.4622546264116 643.9292016049291 
-239.30738443108362 -181.77949425919982 644.1979159180031 
-239.71600771911088 -186.2044771501218 643.280042648808 
-241.27280962239524 -185.42526274250807 644.1761511774755 
-241.30312426910433 -185.82880489524615 644.5955656428285 
-242.18043882522963 -184.1080374602315 644.2710462205445 
-242.17763934115345 -184.11273002019817 644.2704190738602 
-242.64902888818307 -184.64445642356168 646.0466528413966 
-243.50814199477972 -186.48510082771472 646.4621164990617 
-243.9768090150371 -186.91160869053476 646.5072764358766 
-244.99782587269047 -183.1611044796034 642.7738282636585 
-244.247679710382 -182.44076180913774 642.8976093253287 
-243.6396564359406 -182.28331776632407 643.3564282578174 
-243.36466580744136 -184.02922518278405 645.0077056483575 
-243.58392749283408 -184.81022962757024 644.0026983307065 
-244.71603749992693 -185.8682520275227 643.4089034649694 
-248.36235637779708 -185.7470337344833 645.1501931107822 
-248.2294450788726 -184.41941758140896 649.0040316393882 
-245.21989885906174 -181.52610690205825 648.7379472314228 
-245.34438154709983 -181.34312459261193 647.9885202011783 
-243.3878484397476 -180.01059717698624 648.1567991157611 
-243.505876521816 -180.58480161578836 648.0271817035219 
-243.5392014714747 -180.57912155371724 648.0298578095516 
-242.70218525625634 -179.79073843846353 645.8735342487167 
-242.0362488186563 -172.69633875641412 646.5555670368398 
-242.03663063072452 -172.703708039404 646.5653748687987 
-242.4329128024876 -172.5518414191449 647.4936956942487 
-241.79111805511428 -172.72102336553166 647.1713710324922 
-237.12017647277284 -174.68412675595934 643.0065317962278 
-239.9044021856261 -173.37333947564525 640.9723696277745 
-240.10883320078327 -173.00945889004316 645.3721191264839 
-245.12688328686286 -173.3080094360573 642.7113426815079 
-245.19509030646182 -173.04116964376664 642.6941457883673 
-247.75361593255667 -169.9364659900025 640.4960885607925 
-246.11338102564065 -167.78278332211315 631.9497376991096 
-245.56686289596675 -167.12482551355342 635.8450730324912 
-246.59269291186882 -165.37284179113666 637.4654982543115 
-245.48146722744616 -166.46723463884894 638.6700598906527 
-242.65904374366755 -168.7537761302684 645.1426826140541 
-242.39437151340593 -167.67374437824293 644.8903900926709 
-242.47085893647758 -167.2055412955301 644.539736851563 
-235.9113691160154 -170.28006528520694 647.6911704007837 
-233.6064446880997 -170.23533581314805 651.3660321876941 
-231.98914457633586 -172.604689741089 649.0589781587466 
-229.64587421242368 -168.48213847633212 644.0773048506294 
-229.37833692193 -168.550282864665 641.8895591810488 
-229.35475637550462 -168.51483639888215 641.9860605659138 
-230.59967535019825 -169.2121572963875 642.922255591546 
-231.01947156481938 -167.05992421961733 643.012960327833 
-230.76975189530376 -166.85666495547036 643.2896204339027 
-231.24068071916778 -166.1459002546928 643.3041905530959 
-232.037208558081 -165.08657551485538 643.3149135489884 
-234.0166608265075 -162.40355335953828 644.3630759114204 
-235.4836493675655 -161.99390403299716 641.0768453931587 
-237.15871703962918 -160.91009905008383 643.3706318415886 
-235.27490157891887 -160.6256827157417 640.3754929047076 
-234.55543780275516 -159.7332991218158 640.5527980702151 
-238.579909957323 -161.96828874204053 638.0480629733869 
-236.75829294396613 -161.31901423162086 638.5766322280077 
-240.22011804324683 -158.03161001461632 638.0491491424868 
-240.33606940447794 -158.88084715627835 637.6708534633837 
-245.5960792731128 -160.38847360379833 635.7039312519394 
-245.35110615886495 -161.23265347384972 631.7121559013626 
-244.59467937815333 -162.12815540032082 632.9502912774163 
-243.9719677102019 -162.82949833673376 633.3498320722892 
-244.1400151323848 -163.02496009744036 633.584416828145 
-243.79093264132433 -161.88529030947362 634.5071825063606 
-244.95221131463987 -163.38117043143848 633.1556621082715 
-243.812732276638 -164.10307111549687 638.2499583420619 
-243.79079131393374 -162.4542964808596 636.2867188334626 
-242.46827338013043 -160.26527101556184 640.386992845769 
-241.87453784940632 -160.53091835903638 641.3409522343405 
-242.97743531003087 -157.82323186650672 642.4249949136015 
-241.82603727503624 -156.08010423008656 641.7327217690728 
-242.56545539200965 -156.41673835160935 642.9467979615614 
-242.55252655784147 -157.2865476230419 642.7692503357838 
-239.51250285587747 -158.44773812383627 645.4645507481049 
-239.21393860945508 -158.969032915506 644.4334343081132 
-239.39676062430783 -158.95233185783962 644.5638741175256 
-239.9692543967997 -160.09449395454476 644.957906192853 
-238.33156829658233 -159.0976506655779 647.3555880217734 
-240.0488866967996 -158.76408807664174 647.9227041492524 
-241.7064295524887 -155.1769563035327 649.4046247478597 
-243.44225536763534 -158.62703643269327 648.7487570950354 
-240.5011832599887 -158.36718025675788 644.6467840309177 
-241.43157092754828 -159.90861609075736 644.2465238375743 
-243.5709578462775 -158.21873390885736 647.0887668880499 
-243.6741446021402 -157.75190646378155 647.8119643297321 
-243.4310728163494 -157.4068988658573 647.4472443059398 
-243.44669197820437 -157.4005947981351 647.5166095515542 
-245.0747722974266 -159.5181179264969 644.6483000685214 
-244.46572874132815 -159.69196311948585 645.547664985767 
-244.16647240690347 -160.32886958339444 646.2642925728733 
-241.13870193899453 -162.3112371753815 645.0640441212428 
-241.379060129774 -162.67364119261975 644.820156747097 
-240.39104999635882 -168.54250655024995 642.1887423786633 
-243.79809334616647 -170.89016597473218 644.3851794128958 
-246.1540750844095 -169.06918903480465 641.0645084279231 
-246.23066971944516 -171.73491568550745 644.973059893143 
-246.0217041225162 -172.27314004506218 645.0758719477845 
-248.28633588832164 -171.15971403203417 642.7025252738574 
-248.18728238989587 -167.95158850496512 639.860204832487 
-248.58193240992154 -167.49200881978035 638.8665637194247 
-249.50138113101303 -169.23108491608866 640.2646524852036 
-254.62236331976533 -168.38868189990913 635.7389024738312 
-255.3538296828815 -167.90895500130827 635.0105365359914 
-254.55712761641416 -170.35811245239785 637.7102974483744 
-253.34080545899965 -167.65380355177777 637.5834936955767 
-252.3543901780267 -168.08253638165434 638.4732833992515 
-252.16118727780565 -166.6050818243573 636.8737915928913 
-253.8698875544624 -169.02197652973788 636.6876616478662 
-253.27985824353303 -168.5580043650149 636.7314254679012 
-253.69071655547103 -167.48045026546873 638.0214978512511 
-252.97660804637886 -168.94951544212356 640.4619527262432 
-252.1466706202921 -168.50524224010468 643.8913755159365 
-251.9355012676848 -168.82104668444168 642.8275784138317 
-250.74750647823623 -165.70799045109902 643.0651838388409 
-251.09216960863174 -164.91717796635328 642.9155235965471 
-249.98080194257838 -164.5267600663714 642.9075055961034 
-249.72648443289356 -166.79882427432756 640.126529687367 
-250.97896690011558 -170.42628587965075 642.8533097791142 
-250.5162246102186 -171.8264078912908 643.8354469430387 
-254.4086696099657 -174.29538674595616 645.3518247437919 
-255.38182332257162 -172.91552548050782 645.3517609886883 
-254.24920092849845 -173.73854364306104 646.0496559703421 
-256.52344876413497 -173.94596998157976 646.6205291336968 
-255.52987016189877 -169.0470386105491 651.1555844358227 
-255.42429681416772 -167.69214574400524 649.6055416667169 
-255.43135584442692 -168.67628398947807 648.7015448760384 
-255.70417969896135 -166.4382558375641 647.0906995756746 
-257.53450826827117 -164.72559524192278 650.6820759718667 
-254.92654616263314 -164.38058494630656 649.9843674980149 
-253.3899285474128 -163.32324623839017 657.6008630742886 
-258.8954639525262 -168.3164634789419 654.6982663518595 
-258.00111889447686 -168.1783087365488 655.8622607775551 
-252.82142383314624 -169.3577631052254 653.304623988386 
-253.74189686831303 -168.318684924339 651.9595582526531 
-248.25066777643713 -167.74825207154208 657.2722349314722 
-247.46819848690632 -165.36190556596043 653.0928209610661 
-250.81396749381727 -160.18021588836288 652.4739243044726 
-254.1775507903474 -160.07057182080706 653.1479371754784 
-251.99631183469097 -154.362803515868 653.3859111871741 
-253.75016203076424 -156.39733151804546 652.6230954016995 
-253.96244271567528 -157.7595015687233 652.4563975045494 
-259.24470236418614 -156.82074050702394 650.0015761487587 
-259.4032024620355 -156.88794768790055 649.9691373509302 
-260.8781301384407 -160.20826404963987 653.531504857552 
-263.6847470584344 -157.40616108491898 652.0922332629623 
-264.17510124930635 -158.1010909232043 652.7548608660276 
-261.98101118541655 -157.26719780797117 651.8315884968521 
-265.1517286409869 -156.51204695712715 652.8469933398826 
-265.765007583054 -155.03217234466263 656.1986949855277 
-261.7668984332847 -156.4772143395391 654.7585826173023 
-264.16188502785974 -155.47788391891575 654.6832388101221 
-264.3328626623659 -155.24251404448458 654.8052978937759 
-264.33713946106514 -155.24103220423214 654.7885545286653 
-264.17527871066994 -155.22863118590135 654.7336221025593 
-261.96718907701853 -152.38176320956293 651.7159903815312 
-260.7273948803749 -148.38088964000912 654.0717800963283 
-260.76256076097246 -148.40152052607056 653.9703858957382 
-260.67229820395175 -145.0352424219224 653.721762878619 
-261.02494303964033 -145.91333999826657 653.6334545037729 
-254.05105001667343 -142.43983472986827 657.1643110340739 
-253.6351203270628 -142.51700622755035 656.8809106589065 
-251.62019600460752 -145.29560268480668 664.7604420667768 
-251.16647096933727 -147.0280798449356 664.0839992926291 
-251.38776079679158 -149.187219800527 664.4974759439604 
-252.0628801556682 -150.0962503135707 662.5620330175778 
-254.735670665043 -147.51422929171798 664.8618812879437 
-253.35947455685982 -147.9008998041311 665.1900025193529 
-255.11124272305514 -153.5419801606798 664.873543231414 
-255.18710269586998 -153.72166753497794 665.6651680411215 
-254.56459479269665 -159.60071863376794 662.3985189360266 
-254.30185997309917 -159.60333261136637 662.4786097613844 
-254.19098268606427 -159.45534461739686 662.3312590039994 
-251.59240293567902 -161.50185868509936 661.9667988446369 
-252.08027593559717 -159.80758898356046 662.1150720915634 
-252.36004476587314 -159.75812553661638 662.5028907157125 
-252.72401586627322 -160.7529966102338 661.6705417477934 
-255.33562863441463 -161.46047386768325 661.6165722924474 
-260.4849506294312 -161.61348710597008 664.1762601035551 
-260.04681658592125 -163.29366397162406 666.0402273458633 
-259.1580677882664 -164.63322456667856 667.0538098271238 
-262.3581220961427 -168.22228790716474 669.0505989642994 
-260.5457867200063 -168.84789157753923 672.8416874807965 
-264.4646145033713 -165.39860392111333 671.4764490525952 
-264.83429804320355 -164.78763263177248 671.9800572074238 
-260.1140799311588 -160.2610608540307 679.0674891308172 
-260.3191177291499 -159.5359391171481 679.2267060280587 
-259.4290747677821 -159.4837655070033 677.0888946658031 
-259.6475355517458 -161.1639699841157 681.2493870765961 
-259.1512419540527 -160.65394754706557 681.2208593576635 
-257.42538510212 -158.3456296948633 677.4717744373515 
-256.42471153896275 -157.99319713531762 675.0103059472964 
-256.38239707731384 -157.56595455677342 676.7763913928103 
-255.9103930083317 -157.6228941977866 678.8837940401241 
-256.6437355364933 -157.47327962707539 680.6925011464232 
-254.17524923976387 -157.891105316794 681.3919023001042 
-256.03123625725374 -154.69109469274014 682.5474540180048 
-255.85045217224908 -155.0390595896079 683.2376874243006 
-254.07427607271802 -157.40976414584992 678.7221181627077 
-253.5864039020376 -157.05426585859726 678.1903266294946 
-257.36724383934404 -159.39527527791745 679.3472943030054 
-255.96518564467948 -160.99293291109484 681.3191648904038 
-256.0129026502147 -160.8869211780138 681.4134108793468 
-256.1086659662105 -161.24268652176022 681.302455514087 
-256.417167253022 -161.80567206593733 681.6522362430223 
-256.5186323324259 -161.83237301532358 681.6246819130686 
-258.64181357331375 -163.2622796660536 681.8154792740416 
-259.3962708171289 -161.29035292815834 686.8732026890317 
-260.04274628931194 -160.4151881712305 686.71610574523 
-260.3220001822528 -160.5047926077751 686.7482043370724 
-259.44767469268527 -159.80178919768113 687.0739179768976 
-259.14642982891246 -159.4835696125325 687.2108272524667 
-259.12205873665437 -159.4260350134075 687.3805847893852 
-258.3319911013602 -160.63939301554876 686.6913894956278 
-250.46245663715973 -159.9820131362998 680.5929962542398 
-258.6876684799539 -161.50101529633392 677.8081486980969 
-257.4151757532096 -160.49015289158407 676.6239759885083 
-259.67477696885373 -163.89717504352956 677.5308860599524 
-257.67304017246767 -166.39039502858685 676.0948346387398 
-255.51324604939518 -167.1966254766512 676.7942048389762 
-255.09781400793258 -166.556813687365 677.1772969601924 
-254.81588411478702 -166.0334119559991 676.8669220512069 
-254.8807415447653 -165.8941866773128 676.7303294566188 
-250.99681675159934 -164.59793196998487 678.932139728414 
-252.34814593978479 -164.77221869770403 680.0339996972697 
-249.40653979115407 -162.3076699216855 677.5280422946735 
-250.7983091064731 -162.35027854790656 677.6364246731807 
-251.53446820534757 -163.9468976902663 677.3165366187919 
-252.29770690290897 -169.0647256654416 679.6046794137031 
-251.78725454778106 -169.0084329422519 680.6026476644198 
-253.53841311264134 -169.81641827860022 679.9754621013748 
-254.01869726101216 -165.99175862695176 683.4489327819122 
-252.1850337141244 -166.06967674660154 682.7203984803228 
-253.21706699650403 -166.08685148322667 683.069979699119 
-252.62907533175252 -165.5152182249539 683.7610075286934 
-247.79934972741924 -170.35987918957835 681.5735344539335 
-247.69828323424255 -170.37526605068894 681.5496733041932 
-250.78835217332664 -169.4809523399956 681.9852669729107 
-250.95624703968036 -168.64200473254127 682.1845725680554 
-250.32097091720763 -169.53124876455337 682.120215177657 
-250.2658114249409 -166.56155083983677 678.0484317460925 
-249.5965963069743 -168.2192499353615 680.2364178996983 
-251.9451751277116 -172.658845350314 678.3601658774655 
-253.6295679001281 -174.7697476569669 678.3773424748174 
-253.72974947340646 -173.25516226747894 683.6303945500249 
-253.69722951083682 -174.47797538367132 682.7622482302429 
-254.56637015102407 -174.30652477405494 687.5628636351433 
-255.05511639163936 -173.9053531054569 686.0130322771416 
-253.4468379709303 -173.28905499518314 687.8690333686238 
-253.54440749046734 -174.28756011549117 687.9617122636836 
-254.91932951717283 -174.2107252279019 687.1092703007964 
-254.85547718964702 -180.40565684559255 687.3390471979451 
-255.06286339776867 -183.22782799717226 688.0362429404476 
-254.7874051246195 -184.056543906996 687.7031972106063 
-250.33844453197534 -182.51633617724366 689.0596225000477 
-248.87591193620838 -182.05018322550146 689.2606566063347 
-249.07155239376695 -181.9452772380157 688.7700609201993 
-249.10790261844278 -181.80620080631468 688.8728976129921 
-251.1348369158116 -182.87765321794262 689.8186205680737 
-251.15752581551638 -182.86108905884265 689.8473303284784 
-244.47904153371573 -178.7119671426581 688.2984453455774 
-240.29716867183336 -179.3313362055683 687.5834982933067 
-241.0453137967959 -179.5935254091697 685.5246432448405 
-241.33949069454167 -179.22904061101312 685.7256923453092 
-241.55432338684062 -179.42983024978804 686.2293846099116 
-241.27177497840657 -179.01996644842976 686.6223291163133 
-239.68264837143838 -176.49937504448548 686.0893868482291 
-237.51268666622326 -178.58902996789087 688.1860959219979 
-235.06148134682934 -177.427364650303 686.620271405248 
-235.8646083209694 -177.46726306299976 685.1015409986437 
-239.91309533112207 -176.50174818678695 687.5410951371498 
-233.72915919258523 -178.6151263540461 688.5832906525553 
-234.24423011564022 -179.41365022086336 690.0678335371496 
-233.44461983550775 -180.44012885834047 689.8886375197935 
-227.04894133268277 -178.92665418576405 687.7147862465007 
-229.63536807089721 -177.70531952767763 689.1411502886759 
-230.4784181227577 -182.33865519572998 686.6930103111356 
-231.22640198051116 -183.70268729629356 685.4766782158076 
-231.0685271376221 -182.99158924463057 684.9850209629441 
-231.34023899201887 -181.69954797587692 684.3512852523378 
-230.4970932073354 -181.51973319270394 684.7329968459945 
-230.91662455940994 -181.93563007715147 684.6637206618981 
-233.57277946530246 -182.82575307065363 688.0688781275499 
-235.3550716456108 -182.61200477614057 685.0786648888974 
-236.17713853861926 -183.08009070644744 684.158723524296 
-236.97783144179806 -181.10536770576536 684.7184709904911 
-236.58087195746234 -180.19470249470194 685.1499991401852 
-233.19268745089246 -179.0700355254679 685.9672600842136 
-233.12869077646695 -179.10228064776135 685.9549049136756 
-233.84767818747207 -178.44477518399492 688.8298397562013 
-233.51314833363267 -178.0348316118959 688.8837960635518 
-232.20735066679745 -175.9351709169326 687.0639883699237 
-233.1015138239989 -175.8368314230194 685.5432291040905 
-234.92566755747416 -173.85148002612718 681.5548666506626 
-233.91028726095587 -172.10270703685296 679.2932003755242 
-234.31532757359 -172.92893121504332 679.2281141685313 
-234.08541408721254 -173.2781035210606 680.0142052980826 
-234.03698068334077 -173.91027245560264 678.8362571234496 
-234.8120054446881 -173.72269281199883 677.5912051699148 
-231.83320956623407 -175.09654331744628 677.5603766298123 
-231.73959538172795 -174.48643988353584 675.9104863163456 
-231.85203182874815 -174.48569285189302 675.9548930634784 
-231.3633378298863 -174.56712681097721 676.9773330021201 
-230.14498325060987 -175.21389539322726 676.9668833230868 
-228.19349252661095 -171.51807945234282 676.3324855285268 
-229.0396390819876 -171.99379359110205 677.0865157551369 
-229.66058028854317 -169.74140548274565 676.3424963924883 
-229.48963399383274 -169.76568811356645 676.3976485269519 
-229.47561624059207 -169.67043264987976 676.8497593034313 
-230.6930471228986 -170.77572492004296 676.0574589892644 
