-543.5437492214562 -467.1359555103879 758.6472867636429 
-543.3366331360251 -467.13688336147766 758.3343934781062 
-541.8771805716606 -467.17683586276684 761.2891133730831 
-540.5489042511325 -469.3960616732634 765.5909940455766 
-540.460907692671 -469.2817533825439 765.7207255293407 
-541.0967458169024 -468.9006416019263 767.4209787219138 
-541.1383740965084 -468.41298172475337 767.5200703442513 
-542.3848520466839 -467.7102092170243 767.367835892985 
-541.2951232535085 -469.28675182514786 767.9170323554398 
-542.677870836596 -468.0594066475028 769.1857447819898 
-540.6603853405513 -476.3256992548744 775.3857277258637 
-541.5331710962424 -475.9662056337956 776.106444144575 
-541.3405217452406 -472.9977110381554 774.9947507562151 
-541.320279267649 -472.7891852665823 774.3566698698847 
-538.6237159618373 -469.80550548974935 770.2342762280907 
-539.3571504045433 -473.1570771426566 765.820842508721 
-540.5240657388138 -473.84471744755376 763.6835584394577 
-541.0722986527895 -476.0805089742883 761.4617055016993 
-540.0821790773527 -476.2600054421949 760.5559511392916 
-540.4510706817866 -476.1057008162617 760.8653102857618 
-540.3595690129448 -475.84455215213444 760.9523345619385 
-539.7036367790023 -477.2531324104714 762.7603763152377 
-540.5024390369659 -476.87614668910527 763.218126426177 
-539.9038299131769 -477.9010851858939 762.9716343888098 
-540.9146389174052 -482.6753135982503 760.4747027426924 
-540.7853110228498 -482.99946867980253 760.65195335277 
-538.0677648941246 -481.2563511636632 758.4761746983116 
-537.421132222382 -483.4320045073131 755.7328975124957 
-538.2451531904136 -483.36556023765695 757.1165923953699 
-539.0112674740695 -481.93231007170175 757.3146004227445 
-537.6994908691818 -485.02966094551005 760.8357724001991 
-542.8477558065135 -481.262008799588 764.4932014485009 
-542.1053644560087 -480.1700525297578 767.8451975511276 
-544.5889565522899 -478.3352937889167 767.4350276731352 
-544.9141270396842 -476.6219938317525 771.3508101958038 
-547.3189418491187 -479.9623323582885 770.611615024702 
-548.1048658038948 -478.5732360715687 771.8497079061115 
-546.1453635663737 -472.0751402294474 773.3382077552723 
-547.1968087713084 -470.8738263598454 774.3774470893294 
-547.3863339081445 -470.7711244607484 774.1678061675335 
-546.8371771725677 -471.73737133908736 774.8239437573068 
-545.4685207684929 -469.19658137825184 782.0683410611161 
-550.3664004135651 -468.6361255041446 780.9896944802541 
-549.5658029528014 -467.2813751851851 782.9343801963878 
-549.6277273043331 -465.6882714402884 782.489546358636 
-550.0730233021936 -466.95123070821694 781.9199938827953 
-549.0420663933558 -465.9739947020852 783.0820803899694 
-544.469789528672 -472.27681887163345 781.830802392479 
-544.1789254471867 -473.72523807642705 781.4398557877198 
-546.9822244810418 -470.54069659038225 780.5900104805219 
-546.262337364697 -471.0820909543586 781.945629174393 
-542.7921421843159 -470.00105179756997 781.811561775119 
-545.9454346919237 -467.7170242652716 779.1210232953822 
-544.117817571754 -462.5342473024656 773.087600055372 
-545.2163814387437 -463.9624508570963 774.1370536185054 
-545.2937201959219 -464.297842843482 773.9356845933136 
-547.2877522140853 -464.78029565948924 772.1437359316844 
-546.764718512276 -462.86151517332445 775.6275229523608 
-547.5653332856394 -462.2409539432765 775.6698331305852 
-546.8286420135676 -462.8167035926718 772.6204730305194 
-547.3588953227141 -464.0998379115767 772.1675741421739 
-544.7059021644286 -462.90224399113026 774.8622601038725 
-543.7283157708619 -463.09461781139294 776.4523852912557 
-542.8171106766551 -463.77397909656355 775.3690292654977 
-541.6355780445344 -463.34356399679046 775.3524413920693 
-540.8689170222923 -462.9257328695803 774.8317615382018 
-538.7254879989712 -464.8868907075038 774.9156982455999 
-540.1523786062797 -464.1143989937576 778.0292588435817 
-540.4085311115485 -464.86521694594893 777.7701494380588 
-540.9151772916294 -463.6496363439901 778.9842297388662 
-540.1797785784213 -462.2295523200915 779.1715951066993 
-539.9241750027614 -461.99188524757193 777.4155178465744 
-536.6277584042357 -460.92667273787725 776.3571532177406 
-537.1656117583797 -459.0742358330408 775.2255456777054 
-537.6479486850099 -458.98275288953795 775.7097403608594 
-533.4659221714768 -461.12926306585507 778.8365601784942 
-534.477713280048 -462.9099794882927 777.6446901084336 
-541.61031908921 -466.7125870685825 772.2345725460422 
-541.609825835506 -467.0461059369139 772.2626728669609 
-542.177298426222 -467.20272670916046 770.9391708145556 
-542.7938197051241 -466.91876460929 770.9262982170566 
-542.7204924852348 -466.8696616993032 770.9784830759294 
-543.4904521938213 -466.94343081781795 769.6962872801497 
-545.7611383552211 -468.8922016978645 768.7082782396911 
-546.4897781468313 -468.71113083929487 768.6497961719463 
-545.0606181191115 -466.3357367023864 768.0094271139089 
-543.5705821855298 -462.7731228388354 767.5651190675688 
-540.1138057017308 -461.6414897813174 766.9505100888185 
-539.6553622479388 -462.5570337514103 767.0083997958309 
-539.9318545100559 -462.486976554522 766.5694534042134 
-539.5590077695841 -462.2357265723993 769.2850265583437 
-539.6988194708703 -462.3002361767412 769.3576609677468 
-542.3791482994782 -463.72177421611593 769.3785638579391 
-542.4732520182368 -463.6502799225869 768.6772604482318 
-542.1255350432749 -463.9231904653671 769.0895754742608 
-544.6698617743243 -464.23615697891114 767.1341606864611 
-543.9251108833844 -465.0302373862584 766.4722980546618 
-544.7546261229891 -464.4403304696406 766.286818131437 
-543.7408766604842 -464.6008589352143 766.6531517879596 
-543.1391121479743 -465.4954555550648 767.5333220051671 
-539.525500410762 -465.6454747587746 768.0639337097983 
-541.7295361997535 -464.3796464980182 770.5795182177142 
-543.0236228780816 -463.5178639428307 770.0916136682345 
-541.9441458541571 -463.55770090767027 769.2444061918155 
-541.5899934786474 -464.1455912797958 769.4569124306104 
-544.0230490165912 -465.1080251044497 770.0299275351805 
-544.5221849045947 -466.70027536306975 770.9092592049827 
-543.4443710488946 -469.562047000185 775.5945884568409 
-543.1763416168139 -467.8438389240558 776.1434249070956 
-543.1351006032381 -467.86308225675066 776.2158891219443 
-544.4058351557468 -469.1001281391018 778.9332779395394 
-541.5587470943722 -468.2912352702094 778.9006407842833 
-543.6760639871435 -463.7400543650093 780.1069860878721 
-547.0963462549361 -464.1393307001525 778.0479025219373 
-546.6632990168281 -463.9440283766964 776.9948811193115 
-546.5016716181176 -465.56951962976456 779.4972931686722 
-547.5912362745487 -462.9175551455039 780.5387823422943 
-552.0254355299422 -460.24004444592634 779.992433297014 
-552.2895707327274 -460.9658566138024 779.2693476161378 
-552.6568477415653 -462.4805976333827 780.1230703423364 
-552.7252517665457 -467.31673543495964 781.8442979533812 
-551.7003902928735 -467.19047879779197 783.239773819593 
-551.8667516308548 -467.3756522063221 783.1853269242358 
-551.9609725807234 -469.8733825997625 783.5352186756945 
-552.6477059522304 -470.6665338041055 782.9709980456198 
-553.9121556691247 -472.82662611089734 781.6886350291197 
-554.2717950185171 -472.2553658286586 782.1262285807876 
-553.251343574652 -472.16547874666537 782.2472628764298 
-554.5020304964622 -472.25382176084105 782.5699675151699 
-555.9593203594993 -471.66804173401925 787.2707915809722 
-554.432433974468 -470.7580642321574 787.7829175851232 
-552.8470875430027 -471.4587039850848 786.408262890717 
-552.7322182045405 -472.9230370263227 786.8042895349165 
-553.4836716882155 -472.9326626295869 787.71784668476 
-554.7150918662022 -469.1600869223334 789.2062419808531 
-561.6120168047012 -464.77188579829954 790.9433083709285 
-561.877949225722 -465.45041436401385 790.283276165169 
-559.6966699415013 -466.0709686824754 791.353231739728 
-560.4013780023937 -463.98183640727217 791.3900804909418 
-562.1850236506538 -463.1800540657411 790.1578194532639 
-563.2069267898955 -463.64316271409666 791.586533034662 
-558.0733532660016 -461.8611162487587 789.8858631865809 
-557.2263494219595 -457.81759344548107 787.9624362523974 
-556.8595703250634 -458.84115784176043 785.577836828188 
-555.7231302247037 -457.9101493061221 781.6713135519296 
-556.4249474797452 -457.0167585819512 780.3510056524624 
-557.5730463653501 -458.02721754184125 783.4265568008935 
-561.9610130572929 -459.22086702870274 783.9936356207678 
-562.2710995734698 -460.40567612226914 785.0190999091805 
-564.1537846384352 -463.30920996934776 786.5851553013084 
-560.1691141231069 -460.1134916412905 787.5544431685712 
-560.3263204016864 -458.7541249477457 788.5759012705657 
-560.2804393570038 -457.4178013423472 789.0482224356817 
-563.2525425648759 -455.38932299258386 788.1396049570756 
-562.7973909942318 -452.4841854716274 786.1547260018856 
-562.6072233816569 -451.16050661497326 789.6949664797735 
-559.1589815782356 -450.35021323443937 792.8648565372368 
-560.0083763656119 -450.03733511289033 792.0682892448256 
-563.144520988043 -450.98528605025734 791.1887918435814 
-563.8369761839244 -451.78963647689324 790.8483166334488 
-563.939630478172 -452.3249354749885 790.4859095545758 
-567.2155929336408 -457.3362337923071 788.0247170469149 
-566.2022635356535 -458.8112810215543 789.8984951782514 
-568.0807535066814 -461.4057005363462 791.1759501309534 
-569.275951605154 -463.6617946745175 788.7426401288142 
-570.508930537491 -459.9417172799263 790.0443727302021 
-567.3165992140372 -459.0320470519722 787.6244525230562 
-566.7998345069391 -459.03937276348813 787.5204553431827 
-568.4385380015758 -457.21442888815596 788.4150872371953 
-568.8756434992504 -457.39504853433147 788.4293890397472 
-568.3838978689706 -458.2740658017875 786.992169090747 
-568.6702965205245 -459.16127921805565 788.0454586678941 
-569.1481594917341 -459.36541655582755 787.2340225305244 
-571.052696953638 -459.92268707049715 786.2451463603413 
-565.1053002243631 -457.70292700718 788.0163370180653 
-565.0111637211986 -457.70193333022763 788.1077783281569 
-564.6733458109845 -457.8217950536459 790.3603129879534 
-564.6608359997639 -457.83245836042045 790.3461808779555 
-560.8054332218721 -458.1335122539729 795.7369735431222 
-560.612253279175 -459.5579682382951 796.4806713674825 
-563.6460532816864 -458.6555427965409 798.241376405816 
-562.957489071235 -460.23996701577084 799.7292140437622 
-562.9728566376513 -460.2328276632201 799.7422379822424 
-564.5881245603292 -461.52514621371114 798.6164380272808 
-564.9269864640057 -462.73851356425274 798.4759831910195 
-566.9723745965163 -467.3916108892751 796.1750513861763 
-564.3857767523954 -466.8026530151659 794.5756196457505 
-562.7328158766331 -466.93313620735137 794.7794944117535 
-563.749549770845 -466.65746477369385 794.714141312751 
-563.7881814086675 -465.54355303197923 793.4029643371294 
-564.0415630898588 -465.6513514873578 793.1616499476833 
-564.2739503488258 -465.8284829589523 793.3764183438585 
-562.9204314944895 -462.37512746712264 792.6972700931824 
-562.3516398424648 -462.6774934674934 792.0384884231 
-561.8633447797076 -462.2610932283991 792.0090645082245 
-563.1739791603725 -465.72152172615915 793.9172703061024 
-563.5568553897041 -466.2807566348624 794.3054164042671 
-561.4049744352654 -463.3377413674594 795.6461856618065 
-560.968172242157 -463.5249661256304 795.9770390895432 
-565.0013213676192 -467.0215360830385 795.8329819746632 
-564.4463424677373 -467.0107413771575 795.4322677383199 
-571.3519693890647 -462.6841607886716 794.5713698654969 
-572.665844085866 -464.29856985811944 795.9390374549362 
-573.8918701662282 -463.2658577518297 797.9852088838003 
-573.7574479321868 -460.56896756382474 800.9454414557439 
-572.8796921921705 -461.66663182387197 800.7662335228804 
-572.0650840597507 -461.56188088194034 800.4924241853172 
-568.5451652115904 -459.7636012899139 803.5547392662025 
-567.9422830591483 -461.97286614731223 801.7282857052741 
-569.0581448997658 -461.54411453553763 801.5310768552274 
-569.6773758852396 -462.71044034237815 801.4497492740654 
-569.4743166055797 -461.97245121327865 801.2664190568432 
-567.9897034980889 -460.99527690004015 799.1970739287552 
-570.6548774844763 -460.63636556495084 796.301163874369 
-573.2662253981109 -461.0362043654713 796.1259055864973 
-572.463992463021 -460.91908611760647 797.1123765545714 
-570.7672588010264 -457.5232069742539 793.6711629745696 
-570.794819305703 -458.29495276135106 793.3085760921867 
-568.5073603206887 -460.34602990131646 789.8254652528183 
-567.5903826010925 -458.2000224323322 784.7609065849654 
-569.9747873858228 -454.14835567400377 781.7387558093845 
-569.9479910399386 -454.2287274651465 781.6829837455523 
-569.6851027688009 -454.39729435297664 782.5701870197155 
-567.3516362755694 -454.73231154191615 782.2565317636002 
-568.1264523809756 -455.16360505187873 781.6586498281307 
-561.130851212218 -454.52615069580696 780.4807283973112 
-559.7493208119001 -453.77335311304665 781.6179722807668 
-559.3812003984616 -453.4254247598565 781.56840250359 
-560.9919966002866 -450.27785152091707 782.8900245273782 
-560.4986762540389 -450.2097857589954 781.5975032000764 
-559.6712406472965 -452.99929523844423 781.2040952702126 
-559.2268000549773 -452.19215670522453 780.4276695618854 
-560.2896881568643 -453.3967249406166 779.0885411138455 
-559.5036585262442 -454.2235156314746 780.0016021106803 
-559.7043040025375 -451.62558755461527 778.7869636523262 
-559.2794448007062 -450.6355707348452 776.5317312258303 
-562.4401041439094 -449.1944160464461 777.4227338549925 
-562.8225867385728 -449.70766173671774 776.9755186754707 
-565.0343220852957 -445.41174939826664 781.0614862590379 
-564.0774827146423 -441.8896225435997 782.3676354134702 
-565.2303019356633 -441.6552242004569 780.902374216208 
-564.6209679130519 -441.08860042377984 782.0989556883195 
-569.919076571325 -441.47723258534876 782.5311711897288 
-572.7973029944934 -443.0884187755964 782.3126975890881 
-572.7242024085691 -439.0208522714044 780.7256289225112 
-571.5673307851707 -438.7097157639131 778.1866949807331 
-569.7712001864022 -437.1787362746645 776.4129065262132 
-569.7039105488606 -437.15763563780524 776.3864411665642 
-572.1330144156607 -438.0371727239781 774.4125463604038 
-572.091551383116 -435.46839310215086 776.1567483992711 
-569.4625183684418 -438.4273924306413 773.915162186971 
-568.568465837253 -440.6247430134266 775.7546929547018 
-568.7960023732736 -441.19819322000825 776.2543159819925 
-570.6681342312119 -436.4772374295639 780.5719553268334 
-568.084563269383 -434.60067466092954 781.1646153842067 
-569.8537077193973 -439.2633738943958 781.7825446529486 
-569.3543455541316 -439.1194259303574 781.6160714981751 
-570.3417899323798 -437.51397686234344 782.0254658681706 
-570.907044568181 -439.748206777872 783.3646747304963 
-569.753211389176 -440.3454108118942 782.9013474151883 
-570.7242799237796 -441.22287022205 780.6661638790464 
-571.701960183823 -439.14098077852645 781.6920987043834 
-573.764306599259 -437.8202337218227 786.500834570173 
-569.0906785021202 -437.5536646531208 787.536120768105 
-570.3499278582937 -437.7610054279655 787.1473365864907 
-570.3833789711272 -437.74434679425934 787.1226840884128 
-568.6688764509961 -437.4561931662604 785.7696156559236 
-571.0480725302184 -434.43218096168266 789.9246711453274 
-571.2222305664739 -434.4302567263625 789.952817278163 
-570.8615620157254 -433.6926275096655 789.9982243863367 
-569.3593752864035 -435.8358214651057 790.5497172259983 
-569.3001965685852 -436.50675946375003 791.4696372005556 
-569.2960238293313 -435.9999726624197 791.5381560150253 
-571.2300635764947 -434.0829324097692 793.0209523911674 
-567.0350617870043 -434.68645160320216 797.4168159159999 
-571.5918503467087 -432.16223716047784 796.6008120257217 
-570.9412342854813 -431.80332874866014 796.107481062536 
-574.5721558498707 -432.1137353981593 796.1277994581826 
-575.6633171178522 -428.4502937589107 800.9808749456042 
-575.6960453616074 -428.6211025292685 800.9726396172098 
-577.0894500762332 -429.4091844456587 800.9829187542214 
-576.9341454124551 -431.3262903078714 803.6352480572026 
-576.5184461097492 -432.6517442884292 804.4043945647388 
-576.937441752548 -432.18575221004346 805.2223398462075 
-576.5504357118646 -431.5096142525249 806.5792101356233 
-574.6888935217808 -428.748093448492 805.4062580800958 
-572.4719556620262 -429.90376344948487 802.6396098807546 
-571.8170145825253 -428.34153924608086 799.2188321357954 
-566.5174747109753 -423.8062799673437 795.6283184571527 
-566.875922702505 -426.6508668983285 793.7184471557571 
-566.329773878535 -425.680130343847 794.8089158288601 
-564.3234174826958 -420.9861861662355 796.2993266315844 
-566.2339957886752 -421.7462688067072 795.7162187152962 
-566.138011579431 -424.48845916474806 796.262549570258 
-563.4087091060575 -426.9767782169688 793.9889791452963 
-560.347876525352 -427.36473501371603 797.2558783361925 
-558.0823365360656 -425.1315934778255 798.1983812608523 
-559.3632942114018 -427.33289674226455 800.0217599109512 
-558.5407127627343 -426.28765674658763 801.1092082936989 
-561.384499769379 -427.8151825657519 801.6401734043177 
-557.9606907735144 -427.5463663225329 801.7614370990261 
-557.6036696246675 -427.92793004186893 800.8277963538114 
-560.9908495875205 -427.6929919482023 801.5846348634827 
-561.3820740432325 -427.4114245881228 802.5035561138903 
-561.4696429109744 -426.4215954825494 803.4434194242912 
-560.4873006650413 -425.5784332865682 806.1663342432753 
-558.9046456767518 -426.87813009719514 807.2858762521539 
-558.938410447841 -427.53198593186016 807.2258961813802 
-558.6291046169715 -427.7291824621129 807.7640004326367 
-555.6417029594385 -427.40656977128793 806.4575418262801 
-555.533939292854 -427.5605773058335 806.4356591485803 
-551.6010513312232 -424.4669331804381 803.0694346239849 
-547.3949892596515 -427.6003021702519 802.6425463263143 
-550.139490942703 -428.06195989063065 800.3994497131512 
-551.8400763611237 -429.2505885969946 798.0642804937129 
-552.859605355043 -428.28184560326366 797.6102192021324 
-554.8857772535048 -431.7301937180381 799.9961097160638 
-556.2725980579182 -431.4032127387298 800.4633700407229 
-557.9472821388499 -428.62238823944847 799.0648353811065 
-561.8611928025539 -428.9183909088983 804.0846403099395 
-561.788321768475 -429.0308276134506 802.0100410754939 
-562.6090247352446 -428.6066721411071 802.828497175949 
-563.2994183202479 -427.86169426934845 803.8642244488027 
-563.4140894613456 -427.7345310193153 803.8699788510824 
-565.6586365721679 -425.2369323386104 801.8054541752781 
-566.4981944332526 -425.1984226957527 802.4853811802636 
-566.5285001871064 -425.1957869851617 802.2347247891408 
-566.366319096613 -425.3178628957519 802.4768063811467 
-565.0029619156168 -427.47968281017535 802.2924631360784 
-566.8547647223905 -426.8506977200549 799.1801357310597 
-566.9559100647641 -426.73081801885894 799.4120534133401 
-567.1204475834443 -426.672017957254 799.252149846062 
-570.6399242979654 -422.873463039472 798.5088901416352 
-567.0739710540798 -428.1904474618593 798.2354620022509 
-566.2272437478731 -430.1895722539828 800.622310511729 
-565.1976763292629 -429.15818568385384 799.054509565061 
-565.5239352602094 -428.9661114565923 799.0008807182761 
-563.4526038193441 -430.45463406059287 799.7174108005402 
-567.7271646559836 -430.607731899055 797.1598107770343 
-565.2795666990548 -430.3946075373137 797.3567240485138 
-565.9395902957648 -429.3702742851234 797.7896686772475 
-564.1689530691771 -432.2730670954177 796.5564936734404 
-562.7781071936413 -431.8764028981518 797.0036181135234 
-564.2434882978835 -430.1685362936113 793.7118607367215 
-564.2792559186452 -430.07719272699933 793.7966529312029 
-566.9325624470551 -426.4531131359871 795.4968148573175 
-567.7608034019606 -426.13759845857413 792.9565267388408 
-570.4534025140458 -425.9696148979293 797.1822903755508 
-569.6567421781999 -424.9977617319222 797.0639437153608 
-569.8492334189859 -423.6969205609153 796.7152635717123 
-567.9306917522854 -426.1779941790105 795.3724100964037 
-566.0276565774963 -425.8914472909293 796.9554786638347 
-566.6858938378558 -425.46064769555926 797.0229033180158 
-567.5356043743789 -425.56385726469136 796.9164301543589 
-567.7327072398 -425.68488354570144 796.4674726575815 
-567.6694152852766 -425.65722216562847 796.191175788829 
-567.7347009868305 -425.39809311765055 795.8983520126257 
-567.7537309161921 -425.3888474971168 795.8768263411737 
-567.6224737241248 -425.01400963634416 795.895278658124 
-565.2008933115213 -424.12359820082327 798.2311398724818 
-568.1291372247258 -425.2533287682978 798.743188964558 
-565.9326969458765 -425.59643589268535 798.6733028365633 
-566.3443919009136 -425.04785773353854 799.3531632215894 
-560.5396364297644 -425.6330179482122 800.5903125842674 
-556.5323399143497 -426.9930448505982 802.0952482369407 
-558.7576319823662 -432.18064915557665 800.6076597981441 
-558.9828865176486 -432.50769803693953 799.7617347892985 
-559.9004909608175 -431.3935220401214 799.2086894305372 
-557.0922059660243 -430.81048038524574 797.7883776488724 
-557.0954034260643 -422.71609947768894 796.0478815627874 
-559.460600442738 -422.6160296619725 796.7385189961088 
-559.8849199928906 -422.9429353169115 795.778711689353 
-559.2659323936182 -423.51705985787345 794.455451710003 
-558.8467408305801 -424.2213877804076 797.3967341052652 
-554.7002502487678 -425.9501431070989 795.1167916664677 
-557.7682222550958 -428.09450586493455 796.0293277664648 
-558.0402731179436 -428.3216085006792 795.662549641718 
-557.5007073008845 -428.44115692330047 795.2759795585978 
-557.4950948667163 -428.2657995274479 795.2860106158165 
-556.5169401451982 -426.67214064082924 798.0330308027992 
-551.934667645944 -425.94625557583925 800.7455494692658 
-552.8577582998705 -425.45661749932714 802.1625482712609 
-553.278542941787 -424.63614036499325 801.7201027522578 
-553.8095167274267 -424.2113722319792 801.7303474454975 
-551.9655461080323 -422.65886226670284 802.4243339113643 
-551.0352715786637 -419.84747983598214 803.6519298279293 
-545.4841600695809 -419.19108929074997 807.0291037795356 
-545.3844507549775 -417.2677147486684 805.938408614943 
-543.8724466924409 -421.14545052438774 799.775187196792 
-542.5679193648829 -415.0946389120099 799.6944396677309 
-542.1861083607923 -417.0568806352935 799.6809000610193 
-542.2732058388607 -416.81479130720703 795.6254913506111 
-541.4436326102712 -417.28919454864786 796.2861866363144 
-543.8080021963881 -416.7248980264519 794.877420531916 
-541.2882579644397 -415.5970875295919 796.6105867864297 
-541.2194118496639 -415.79673832516187 796.5920566188474 
-541.5274860025379 -416.7488249617502 797.787770758778 
-542.1729344126668 -416.7400104437799 797.6168847923756 
-541.8342519544142 -416.7159207453703 798.5910000272453 
-539.8746718839473 -417.3083027132506 801.9474876714894 
-540.8749496740552 -415.82123581291245 800.4190585677271 
-538.6403571756963 -413.09140969828104 804.1288565123991 
-538.5935510218138 -413.20353575631157 804.0949304024142 
-536.2698494381115 -415.4131963957889 802.8700563895762 
-537.5332685342682 -415.25652602003515 801.2658312351388 
-536.720700964361 -413.8936597136738 802.2645098721756 
-542.563017038555 -418.6296741779714 803.3988857730552 
-542.2630175109514 -418.29704724504813 803.0404339620553 
-542.3550608798711 -418.35088566069413 802.9500532736016 
-541.6919135997563 -418.9687907267688 799.6543181712543 
-541.0620653041476 -419.11483389318136 800.5919634732189 
-538.5534709321952 -422.4171663908144 804.1274335580792 
-539.5747811178305 -420.2320362572487 803.4919104229309 
-539.4845706055445 -420.2343932750129 803.5066977684891 
-540.1901268394693 -421.8482606971666 803.2234819139048 
-539.1796873946759 -420.48954891706893 802.9442436358182 
-536.2125884693897 -421.066960720273 803.4778397338584 
-537.2568763165192 -420.75048718265725 803.8836596766517 
-535.8913226342476 -421.24257572373085 804.1017863204954 
-529.7710765798233 -420.33004747267756 801.4496031001147 
-531.309807103811 -418.4201006560195 803.6665864231835 
-532.3959966196502 -414.06117490334697 805.3787393771975 
-535.3208824096113 -413.9021347422916 803.4354816462165 
-533.3085210926893 -412.59838911623393 802.2275176165537 
-533.1372306130861 -412.5266322022281 801.2165242326583 
-533.0216394103262 -411.7876665965809 800.4585618454413 
-527.8958537791736 -416.2207746499355 802.1140228247472 
-526.9173390411185 -415.8079826427697 804.1920378929083 
-527.6901713476201 -416.7464252715318 806.180501390528 
-528.3174378972553 -417.00095845497873 807.675283855746 
-528.2475781320296 -416.65886029894864 805.8187928492837 
-527.8858984567396 -414.1958416351443 803.5797177719152 
-527.2650928728393 -415.86612140651545 804.7358444316388 
-529.4987105075745 -410.84901790364984 798.0057885694674 
-530.2088024825161 -411.73455022054156 797.8791385046384 
-529.9335436499507 -413.0939701437893 797.4820868381878 
-530.1733872993191 -412.3272779103122 797.0520200372084 
-531.545177124882 -411.52404747636257 797.8347707798582 
-531.5304307386863 -410.0221419953116 797.64074766107 
-531.1785745799452 -409.9484670525549 797.5508435906052 
-530.5662669804263 -410.1084773158569 799.2443741175912 
-529.875801435566 -409.9549992646788 800.0983618266267 
-530.2817185163104 -409.27279280537465 800.5560160223624 
-529.6502382925855 -408.9983896536645 801.4338994821571 
-530.0040323196704 -408.661778163417 801.677342989258 
-530.0697701339589 -408.6840202703133 801.5218430049149 
-530.5547757706375 -408.7616707022983 802.0357825701046 
-529.3722580737412 -408.8081698802256 801.435536058307 
-529.9848638229184 -409.560928938505 801.5824688487545 
-530.1128890898399 -410.2739027871412 801.2685935430427 
-528.0744277551844 -416.17312128783556 804.1406436545981 
-527.946848327546 -416.36880601165484 804.4932701388624 
-528.0631172686925 -414.4284333878796 803.9097502445138 
-525.4862385694314 -414.11173297699287 806.8621290689047 
-525.6256947252265 -414.009877232573 806.1194835804326 
-522.406081749242 -416.1153083227769 803.932711338621 
-521.8028179399068 -416.07161698088214 805.9101407639603 
-521.0099969203391 -416.61382414361566 804.2100365594615 
-521.4154537113976 -414.70081092515426 804.7980811787313 
-522.1367014087211 -418.06155769634626 805.8321926130752 
-521.8754980810022 -418.3558057101354 806.0280930991058 
-521.2060715453225 -418.84103447459535 806.492186719376 
-519.7992776871413 -418.84611323198385 806.3349756363542 
-519.8368803871637 -422.04174857087366 806.2351708987464 
-521.9228470204357 -419.1113140828526 810.2613353553251 
-523.4564381425184 -421.9220914256212 807.1689880120115 
-522.4718197812791 -420.620706213431 805.2395778429533 
-523.8473605423052 -418.026964593452 804.5743186307702 
-524.6951381999842 -417.6223173018482 805.7093543014153 
-525.4964926779165 -417.3640640653291 807.2407645990105 
-526.6661041948463 -416.51944589491086 806.8594911443378 
-526.7242118953611 -415.4075311452125 804.5839449396658 
-526.5472639433792 -417.52411514389775 805.9468817849502 
-529.156065793673 -419.43288971550294 804.4683863740086 
-526.68787863811 -419.1177816436796 804.8799494207 
-525.8099470962776 -417.4119461369864 803.7563301505953 
-525.7479342098388 -417.4508316177769 803.5454198787637 
-526.4900803906231 -417.42513219686873 805.2841173989212 
-528.1460246153724 -416.5421678275195 800.4552766137825 
-527.3064844843182 -419.006790119161 799.5860792994221 
-524.6579774531378 -417.6247905449948 796.7565437618229 
-523.7030522449311 -418.78185393455686 797.2885763723474 
-524.1413228377249 -419.23562410122645 796.1394304009289 
-526.0121529557389 -420.5689827053619 796.6779807755436 
-526.1491623271023 -420.44393955831345 796.5339362489058 
-525.1054718776287 -419.24223147564305 796.4983665591332 
-522.4380628008637 -421.68775507807624 798.393665759031 
-523.7253102584826 -421.69278256085033 800.4518741941237 
-524.2617462926804 -421.5276994558528 799.054012123161 
-523.9607199913703 -420.5965777011207 798.6632155498343 
-523.1352830131973 -422.2870328754981 792.3179632009782 
-523.8803868624926 -423.0225811863721 791.5746843892555 
-525.9775188620002 -422.25027564066266 792.3122565007325 
-524.2631950548346 -421.0506408146157 795.2998892095005 
-520.1009060103266 -425.816202981091 794.5583936471855 
-520.4648887932351 -429.3926712144888 796.1403582766269 
-520.6118202170057 -429.18228058140284 796.3887039029322 
-521.1759924692309 -429.3997924603972 795.3060798402449 
-520.9806025395665 -428.8575579404795 795.5221904582725 
