-33.38903637210575 -33.43194551089529 -33.94962580504135 -32.93490352121741 -33.872701720784576 
-33.37813190131247 -33.431993786787345 -33.95011385539287 -32.9320190723227 -33.86802246474454 
-33.390238471087514 -33.44215118624966 -33.96097361271893 -32.943680348912594 -33.87965314249051 
-33.38176937614713 -33.43485900190916 -33.95316122323267 -32.93536322230656 -33.87139337814783 
-33.36603881851137 -33.42384184507267 -33.941104942746776 -32.92181022641962 -33.85733746469734 
-33.356133967207356 -33.4142177395325 -33.933647259566044 -32.91285319574719 -33.84941325032928 
-33.34223664761116 -33.401261696190915 -33.92211687980266 -32.89977190866301 -33.83723744533687 
-33.4059514132731 -33.46532716162872 -33.98675362311808 -32.9674654456699 -33.90148869279797 
-33.40747905868932 -33.467112573442336 -33.98846621289235 -32.9692299248144 -33.90308979487425 
-33.401859379100316 -33.46190663634475 -33.983497476795435 -32.963770624623436 -33.89790023053948 
-33.39715820287971 -33.457210909652346 -33.97943322118077 -32.95919456185848 -33.89373929067855 
-33.43062518538727 -33.47976245078357 -34.0054693456965 -32.98808059325607 -33.92423255429459 
-33.43742521159841 -33.48498233660415 -34.01154605996629 -32.994530784548985 -33.93089245844416 
-33.38620128030986 -33.43560658054969 -33.96253964847702 -32.94222955611221 -33.88106514456251 
-33.311013673171416 -33.36541682212119 -33.893672510216376 -32.8676589272815 -33.809799136736984 
-33.32492643072116 -33.37941922558532 -33.90683368162237 -32.88188844718698 -33.82302854754849 
-33.32886528517861 -33.382063725110086 -33.907792854888726 -32.88405631735381 -33.82486079121307 
-33.385817348344034 -33.44825608167804 -33.9642735303474 -32.945473435087166 -33.87850522102248 
-33.386633207683374 -33.44912076963978 -33.96513141356937 -32.946366028650615 -33.879339775212316 
-33.39001228383681 -33.45202801190733 -33.96788059863525 -32.94946878944374 -33.8823284826605 
-33.39215775897122 -33.454052957721444 -33.96950215235576 -32.951400842675056 -33.88406813267922 
-33.354230395887214 -33.41283506863812 -33.93283884595766 -32.91158281873392 -33.84827122119465 
-33.356521651938664 -33.414919898068874 -33.934926840637715 -32.91383866185828 -33.85045049189553 
-33.351711702664105 -33.40950878447184 -33.928302057375944 -32.90760733366584 -33.84431516608599 
-33.35342277187513 -33.41118227682746 -33.93050803656212 -32.909689166897735 -33.84644792806536 
-33.35247459287574 -33.41103969560912 -33.9303322700374 -32.90929017790252 -33.84590328207386 
-33.341689261872915 -33.399490716155356 -33.91968393486235 -32.89787002083621 -33.835485538260755 
-33.33181529667152 -33.39097201211608 -33.91131227765054 -32.88859920093813 -33.82647676038951 
-33.33373578785114 -33.39298748806388 -33.91382218998572 -32.890982353980206 -33.82885738545798 
-33.31613384671705 -33.373571455839354 -33.897116494503535 -32.87262975083689 -33.81258960869866 
-33.35919182972077 -33.41380261863115 -33.93258689186101 -32.91303564260885 -33.850074633194396 
-33.376761705765546 -33.429589399693015 -33.94867412918671 -32.930343515596334 -33.86691017906401 
-33.376795369259995 -33.42915962305547 -33.9490742324238 -32.93050502666517 -33.86739039599668 
-33.37980675688277 -33.43221225981763 -33.951947230090255 -32.93360298585212 -33.870267596598794 
-33.38417665761011 -33.43514108129993 -33.953321182006775 -32.936203255276766 -33.872561312651385 
-33.36158584988415 -33.41381563135211 -33.93312714329451 -32.91403984705299 -33.85163563579859 
-33.36369012683055 -33.41580965863784 -33.93525066228125 -32.91624596159053 -33.853785167857936 
-33.33560874295311 -33.39014738617941 -33.90605280291305 -32.88648951286643 -33.82409387744022 
-33.37178825387025 -33.428797986711274 -33.94036115245014 -32.92397219416286 -33.857887295093036 
-33.37156098084249 -33.42817772345953 -33.93930054486222 -32.923180558678695 -33.85708297002685 
-33.41162069946917 -33.47175316154875 -33.97693523648165 -32.964635950688404 -33.89396775025378 
-33.44407637548116 -33.50488448670737 -34.01008904006066 -32.99932033380618 -33.92673746200259 
-33.43488228319782 -33.501165106696064 -34.00268689355427 -32.99173420762989 -33.917396364178174 
-33.42568618128578 -33.490235199743594 -33.9932175383763 -32.98156127311246 -33.908517150831386 
-33.418221596496664 -33.484701680201 -33.98575050297255 -32.97408334867379 -33.90047816475733 
-33.42696582598521 -33.49679529239965 -33.996818272259205 -32.985269003133865 -33.910129962620104 
-33.4872421293084 -33.559980870434686 -34.065131968670684 -33.05388312478104 -33.97612588373775 
-33.49428168991284 -33.56591674150823 -34.071599877721795 -33.06074633982456 -33.98300875495735 
-33.5019003466458 -33.5723498015393 -34.07905212435641 -33.06843785329313 -33.99083342020498 
-33.49830033351516 -33.56697642428604 -34.07643330773118 -33.064876289790774 -33.9886000729897 
-33.505659080298955 -33.577198319446 -34.08603280398707 -33.074472299782826 -33.996948638865675 
-33.48080901253802 -33.554761627154605 -34.0622179236846 -33.04938623430864 -33.97228066703357 
-33.46609043887477 -33.541521032531705 -34.04864630451968 -33.03484749090342 -33.9581017567091 
-33.46366863745803 -33.539354456432676 -34.046725527188926 -33.03263889526936 -33.95602639898962 
-33.447953626148504 -33.51787194361427 -34.03035834964551 -33.01460553596594 -33.941549537692026 
-33.35228820433362 -33.420706386708034 -33.94563831127489 -32.92001186656286 -33.855685463991364 
-33.2971049028301 -33.36957732408314 -33.89481646209521 -32.86521834151601 -33.80303302012251 
-33.28724401943394 -33.36004419404027 -33.881333168852706 -32.85275622123601 -33.79006266048748 
-33.285833910120374 -33.35893261791888 -33.880143564101814 -32.851456995587014 -33.788749319491586 
-33.25652336967816 -33.33067351403126 -33.85352792435211 -32.822363179608416 -33.76143379595645 
-33.25556189928467 -33.32744859373395 -33.85182784902584 -32.82048733917949 -33.7605427016195 
-33.25214612166731 -33.32282390515846 -33.847448559626244 -32.8160933816674 -33.75669436411849 
-33.27971762091238 -33.35345745565992 -33.878394231844695 -32.847709053022 -33.78610410137671 
-33.27764690760681 -33.3560799659861 -33.88020674864484 -32.848712115448166 -33.785863189859555 
-33.25419385767054 -33.331287917973754 -33.85671698810424 -32.82372584023338 -33.7628332030136 
-33.24769619985449 -33.32464710223448 -33.85045973605965 -32.816994682280054 -33.75659331409733 
-33.22623604832508 -33.30344573520311 -33.82679378572061 -32.79312644431417 -33.73325285082777 
-33.25722235191053 -33.33313057452308 -33.85464973069705 -32.82368260561951 -33.76195182643289 
-33.233119872410384 -33.30872783741532 -33.830975684096515 -32.79848330609687 -33.73834786257933 
-33.25810047116188 -33.336521418834906 -33.855275514661685 -32.824940531943724 -33.76185443550365 
-33.22988566896703 -33.30925999558639 -33.83000520060837 -32.79712754900659 -33.7358715439744 
-33.28748799037598 -33.362720759092525 -33.87804354826703 -32.85141096108882 -33.78661153927045 
-33.28395933908841 -33.36006257086373 -33.87468932570704 -32.84796435567455 -33.78297160033837 
-33.29178194161054 -33.360406558159966 -33.88443216097339 -32.85590299178682 -33.7946537760123 
-33.288834050192975 -33.3581125139918 -33.88215284077154 -32.8533137325018 -33.79207285668744 
-33.32593286399499 -33.39432033661197 -33.91623431942223 -32.89045031995022 -33.826843144159156 
-33.32078980119209 -33.38666029639472 -33.90859267020029 -32.88309484051078 -33.8203838616208 
-33.237669743169846 -33.31042174346754 -33.83058122380062 -32.79983201051708 -33.739618279478805 
-33.27949823262094 -33.346982060396286 -33.8667012262234 -32.839557241804116 -33.778184893553046 
-33.29218381793753 -33.36062991394148 -33.879162902335736 -32.85297099562783 -33.79036571201158 
-33.34130879655956 -33.406475968320976 -33.92849378312302 -32.90421163568921 -33.84055791634887 
-33.40715053227636 -33.46928830730417 -33.98537390247729 -32.96774104018327 -33.89969226202663 
-33.41740510377048 -33.47945169140185 -33.99468550572328 -32.977971630448096 -33.90916550702754 
-33.40514009646661 -33.46878782690587 -33.98369466075651 -32.96610244975544 -33.897504804545775 
-33.434004037866 -33.49844209377484 -34.01349686678918 -32.99718354977264 -33.92685580155759 
-33.516251822143076 -33.57949721679343 -34.09641422940689 -33.08392549390301 -34.00986080172619 
-33.503037829297 -33.56397181894182 -34.07951366118685 -33.067431472352595 -33.99429193084451 
-33.51015756123604 -33.570699777652834 -34.08590491114677 -33.07442689021788 -34.00090725895416 
-33.49251780690123 -33.552013629590846 -34.068151644499096 -33.05559960683402 -33.9835250179934 
-33.49025018029303 -33.553366980762604 -34.06687066720977 -33.05446731305557 -33.980988678253766 
-33.50342656066999 -33.567750388791424 -34.07916491002466 -33.06805085098142 -33.99303493031711 
-33.505880963908595 -33.57043682575663 -34.081640140102266 -33.070690033689345 -33.995431435638906 
-33.479248118242026 -33.54422658775793 -34.05443155767483 -33.04240796591955 -33.96824188184614 
-33.46747965150165 -33.530980168528686 -34.044199379510914 -33.03063122508321 -33.9582301265294 
-33.45237163544539 -33.51920043407047 -34.03658732835791 -33.01972857444572 -33.94841078588176 
-33.45803527740338 -33.51973582944825 -34.03890572860875 -33.02277198373497 -33.95282082396595 
-33.418397355474426 -33.47748917079784 -33.997655488085286 -32.97961404914933 -33.912704919699095 
-33.40516643870086 -33.468729447600296 -33.98898858204427 -32.96918622501478 -33.90196133246903 
-33.406583435177126 -33.47010929442661 -33.99017594223194 -32.97053676506043 -33.90319474120072 
-33.434697127501266 -33.49734056550476 -34.01762429149177 -32.99958258318273 -33.930963161016365 
-33.489807791363134 -33.554092591979895 -34.07323815976572 -33.05820160178362 -33.98588668408942 
-33.523150259835845 -33.58963629881288 -34.10656272956116 -33.093698607151154 -34.018480157089655 
-33.5291082232814 -33.59439844377056 -34.11053187594139 -33.098578383775404 -34.02312599112213 
-33.50486475988997 -33.56869407213796 -34.08729104801782 -33.073376582653495 -34.000212150388165 
-33.45690843682645 -33.524969223730565 -34.04461510659408 -33.02678678424222 -33.95548412030095 
-33.474975323321985 -33.54620107650632 -34.06400311819023 -33.047179705728226 -33.97365973350621 
-33.48370835034348 -33.55820404467802 -34.07371034613816 -33.05756519280666 -33.98219779062963 
-33.445065438648626 -33.51887589986532 -34.035966695397164 -33.01728129138087 -33.94459258241673 
-33.447660384120425 -33.52069340958877 -34.03794935690816 -33.019505758219594 -33.946906092894736 
-33.42744131809522 -33.50131987115809 -34.01901105219751 -32.99913123124725 -33.92754237497773 
-33.424258555245004 -33.49284821097102 -34.01355915991745 -32.993447609728264 -33.92407237282593 
-33.42162329703277 -33.48911767521295 -34.009902822089785 -32.989866583785044 -33.920920589922844 
-33.41233445970052 -33.478971336546394 -34.0005761585945 -32.979903311017495 -33.91187871538314 
-33.41488532314588 -33.480964412958585 -34.00468571072328 -32.9834051389673 -33.91589675474343 
-33.39720979585222 -33.46482480933629 -33.9885324836804 -32.9659757517272 -33.8990643663777 
-33.413542758251324 -33.478930317086366 -34.00326892401034 -32.98181955218064 -33.91470431789344 
-33.40872938099331 -33.47450633365035 -33.999147015128344 -32.97723147386057 -33.91036081769468 
-33.40910055707268 -33.47522471993126 -33.999421169571534 -32.97762919413799 -33.91054495179293 
-33.486424964907414 -33.54719362707577 -34.07318496529115 -33.05595855275611 -33.98635897472853 
-33.49835354274249 -33.55874103742275 -34.08444016307995 -33.068048811061445 -33.99781617911111 
-33.50735487942514 -33.56775686530912 -34.09310698011629 -33.07732967895761 -34.00651549931659 
-33.479231088438866 -33.54401214200942 -34.067474343367834 -33.04999740513287 -33.97920452940754 
-33.53559176806432 -33.59533108050127 -34.119936486162146 -33.10610070198517 -34.033720188969596 
-33.57356548643732 -33.634454345352424 -34.158974168509275 -33.14691248118979 -34.07215924077168 
-33.5881840843104 -33.65037072012805 -34.17142593394486 -33.16125039909683 -34.0845446827347 
-33.585566376034365 -33.645837303371195 -34.168253301400384 -33.15781711534245 -34.08204855578927 
-33.59572126940458 -33.658307687556245 -34.17903094200723 -33.1692961632921 -34.092002434262 
-33.60848308339813 -33.66835735082637 -34.19030816128867 -33.18135284277656 -34.10431942667712 
-33.59709018811574 -33.66195280307109 -34.17946138086481 -33.1706017739254 -34.091894350024845 
-33.602023533898915 -33.667525983695796 -34.183866713368545 -33.175600883742135 -34.09618246336325 
-33.572515669251885 -33.640167120655306 -34.15524438020883 -33.14547053293077 -34.06682191720415 
-33.53418505877916 -33.597047980258196 -34.116781934764106 -33.1041598782716 -34.02990937206424 
-33.527415846165255 -33.58978740555878 -34.11000301436776 -33.09693832673409 -34.02329444792076 
-33.53274397905331 -33.59414003299298 -34.1134545013 -33.10126205586997 -34.027338791600314 
-33.5259496064148 -33.588294047865375 -34.10820119913305 -33.09519238180924 -34.02155883450706 
-33.525876416803214 -33.588401609606066 -34.10830930938596 -33.095255474534554 -34.02158257848117 
-33.533439175657136 -33.59452937915931 -34.11382282514924 -33.101745133571896 -34.027852040489975 
-33.53884653629106 -33.60024095083206 -34.11958263647141 -33.107699855031896 -34.033451050243 
-33.54691386335054 -33.6081563009642 -34.12811081631287 -33.11643394667054 -34.04193355120465 
-33.547792678112486 -33.60895919027054 -34.128752328819786 -33.117205203720275 -34.04263526054609 
-33.549370434633204 -33.614434052292395 -34.132457578938926 -33.12083945464133 -34.0448072937869 
-33.511140254893164 -33.57886203232347 -34.09924298254228 -33.084051233712884 -34.01004117545348 
-33.49596750134005 -33.56276696796883 -34.08407308546387 -33.06790891493468 -33.99518074697643 
-33.426627591555715 -33.50551199778036 -34.02641329000066 -33.00408191270094 -33.93208427157376 
-33.39937958989481 -33.47955296349433 -34.003324334828534 -32.978104669156465 -33.90797974574771 
-33.39368355258031 -33.473536132847784 -33.997979897758626 -32.97225477038049 -33.902686677198986 
-33.4316100616213 -33.508295773043855 -34.0324062190046 -33.00951884701922 -33.93856880008728 
-33.41577155047456 -33.491897239303725 -34.016657727986185 -32.992787003058936 -33.92300735991637 
-33.49926416131534 -33.57812104203606 -34.0971586880307 -33.07943807792353 -34.00300086658545 
-33.49005414229586 -33.56933611183787 -34.08027678421875 -33.065290762503906 -33.98726169355682 
-33.49206186153128 -33.57710430614347 -34.08633292200328 -33.07089773441986 -33.990901867060046 
-33.475114962019575 -33.5602224705455 -34.070339554080206 -33.05363082520168 -33.974767196068626 
-33.521341860323005 -33.60977876527595 -34.12043503715081 -33.10522411017038 -34.02312676148084 
-33.48204343749926 -33.57058815868828 -34.07731159156593 -33.06162250729268 -33.980672495181565 
-33.48379295957305 -33.570940871016504 -34.079044495715436 -33.0631803290356 -33.98282968150575 
-33.51111904336858 -33.60134504871738 -34.10249292215458 -33.09028265207135 -34.00591770801127 
-33.51838162471046 -33.6139942302778 -34.11225539315713 -33.100463450209986 -34.01361706783486 
-33.46359330596067 -33.56508531575729 -34.06227706908311 -33.04679308909368 -33.96117342633576 
-33.503602890214054 -33.60212652899652 -34.10128871491909 -33.08772146372188 -34.00117270705347 
-33.501504846414576 -33.59847492057156 -34.09624442543354 -33.08348012054931 -33.99708505700079 
-33.46635298252876 -33.564954816579686 -34.06355189810543 -33.04824445726078 -33.963565626953084 
-33.4716231370367 -33.57054411508098 -34.06792470458667 -33.05333405414713 -33.96797619909637 
-33.472363110835005 -33.57107766481029 -34.06860653538338 -33.05403710463045 -33.96872897471961 
-33.487848432406 -33.58511545214536 -34.08221899453365 -33.06895237962938 -33.98305624459229 
-33.534236260906624 -33.62775712651306 -34.12439086003043 -33.11456298416404 -34.02696343961945 
-33.534297413472416 -33.62781622976766 -34.124448113372125 -33.114624657747854 -34.027021830198095 
-33.62065165635619 -33.71186557637738 -34.2028275409987 -33.20039669371822 -34.10722999438042 
-33.62072997918311 -33.71181954174811 -34.202905786797515 -33.200453764637444 -34.107346053263356 
-33.61783050481621 -33.71022280682659 -34.201725144685184 -33.1986601795617 -34.1054940118883 
-33.61959552393603 -33.714534734710156 -34.2027108609816 -33.20058785846243 -34.105825229583075 
-33.62805124541019 -33.72549982785691 -34.21253925102032 -33.210788290246924 -34.11464733586962 
-33.610181019550254 -33.69151394464198 -34.19074417737943 -33.18647052716288 -34.098442472123 
-33.61357417017621 -33.69544956858991 -34.195297897610686 -33.190820398649294 -34.10263497516502 
-33.5818472723067 -33.6610088112738 -34.15772734867093 -33.153529727272485 -34.066906918447714 
-33.58457484565852 -33.66369519340722 -34.16047327197157 -33.1564014046653 -34.06965700335064 
-33.593816988848275 -33.67200004654951 -34.16886941844783 -33.16545081593243 -34.0784583970933 
-33.5887292998498 -33.6672630607942 -34.163442087918455 -33.159973346194775 -34.07298970071906 
-33.58093212008565 -33.65422953843617 -34.14786481542927 -33.14627893865871 -34.06029262064068 
-33.59520325892585 -33.666934441152605 -34.160049938066805 -33.159789650798174 -34.07326736923169 
-33.59122852725477 -33.662839509428224 -34.155170187170526 -33.15507125523267 -34.06857984700771 
-33.59281448268837 -33.66409735959917 -34.156517305963476 -33.156538160201606 -34.07006280761114 
-33.590304795838804 -33.66174841875875 -34.15396791039045 -33.15390826550427 -34.067475860723405 
-33.557450005322536 -33.626171861484295 -34.12104649487934 -33.11877321854105 -34.035458986342874 
-33.56316717795228 -33.63151825814636 -34.126529141652426 -33.12457999250415 -34.041081577935984 
-33.58578179466912 -33.6626182038937 -34.158295728371 -33.15527336611407 -34.06872496535726 
-33.58736386328452 -33.666917928332936 -34.16193032758723 -33.158656318678084 -34.07119363753739 
-33.59497224593291 -33.673460314631456 -34.16899843641542 -33.16613689549634 -34.078659639895065 
-33.568962202727405 -33.643838699941014 -34.142017669889555 -33.137502428069524 -34.05298861053234 
-33.573572173628065 -33.64797466553975 -34.14624392314755 -33.14203807246696 -34.0574127075634 
-33.58113105081826 -33.65461102632507 -34.15406386289659 -33.14995817576984 -34.065455866390494 
-33.5386867067387 -33.60984567026172 -34.11199660816119 -33.10506697961068 -34.02411717451332 
-33.414892480272 -33.49204733074423 -33.99763077428396 -32.981399637091144 -33.90663438264025 
-33.40289922204873 -33.48141457838834 -33.986308337690204 -32.9694301526098 -33.894812614463035 
-33.35623578531673 -33.43421778957833 -33.939033018579536 -32.919847300576706 -33.847892819129 
-33.326341508424235 -33.41008657432002 -33.91473283686662 -32.89274327733865 -33.820987134188016 
-33.31701928026622 -33.40169048782403 -33.908571938370216 -32.884940598832486 -33.81404834580391 
-33.37769180100773 -33.46188709061437 -33.96811229656997 -32.94807563817403 -33.87379589254007 
-33.377348593203905 -33.462810788414146 -33.96669724811446 -32.947344259163515 -33.87217041121605 
-33.35977344870879 -33.448667566606744 -33.95266762989546 -32.931580613555084 -33.856553926587054 
-33.323726915220576 -33.40851175145919 -33.91752003991955 -32.893328665434396 -33.82258350131315 
-33.31788817321191 -33.402880689149484 -33.91241884922468 -32.88765025786451 -33.817310783774644 
-33.247635063959166 -33.33445785247966 -33.849972645502135 -32.81857541092103 -33.75317886874862 
-33.24587889054024 -33.33534407883522 -33.84966386645908 -32.81809345217576 -33.75183464581531 
-33.24338403542693 -33.332628127920714 -33.847565825401375 -32.81565463500033 -33.749744334090465 
-33.19652957645884 -33.286421453345824 -33.80341710627883 -32.76800343122822 -33.70505378563355 
-33.19218647553055 -33.27919698167311 -33.79677098588621 -32.76150813192095 -33.69966714631347 
-33.18529143779536 -33.273272941759075 -33.79107826986626 -32.75513891856927 -33.69349767241867 
-33.19805948236342 -33.288543729424944 -33.80765586160355 -32.771329355465966 -33.708668594885594 
-33.20447858155772 -33.293730167639964 -33.8130179292546 -32.777229148489354 -33.714564174686956 
-33.2048105604469 -33.29413333586375 -33.813379285998536 -32.777610216136196 -33.714898440048046 
-33.20722862196733 -33.298987621285505 -33.81291359713326 -32.778938426628784 -33.71415627070334 
-33.20580701032861 -33.29884126464286 -33.81120579036485 -32.777525655578344 -33.71210987089603 
-33.20842349423138 -33.30176800009683 -33.81439647473445 -32.780680761422516 -33.71510749592376 
-33.16573952072166 -33.25220284255049 -33.76785814012236 -32.732086261570785 -33.671375936540855 
-33.17152598897273 -33.26014842757459 -33.77099155349316 -32.73706459062001 -33.67427246846056 
-33.15712104795993 -33.24773010292198 -33.758512597554486 -32.723403032584756 -33.66090514339001 
-33.17231347306338 -33.26707058322111 -33.77310033766716 -32.73989514144121 -33.67429694776742 
-33.20436036863508 -33.29730870525766 -33.80617620283351 -32.773891624513155 -33.70769156599853 
-33.214465264082634 -33.30543625662247 -33.81463415225724 -32.783182582127694 -33.716998652957614 
-33.220446440902464 -33.31581951436533 -33.82087730564224 -32.790522330723434 -33.721846278233656 
-33.22228129117579 -33.31796000230615 -33.82353052419846 -32.79299228199355 -33.72426979584441 
-33.17533228297357 -33.270622449677504 -33.77710151078297 -32.743753416704266 -33.67797011906278 
-33.27952276129764 -33.3890880532545 -33.88433582566512 -32.858211749047214 -33.780144055886666 
-33.28557000671039 -33.396153692679405 -33.89081770982523 -32.86504560000496 -33.78623218830502 
-33.2893436463483 -33.39910842023846 -33.89411502309041 -32.86857251276467 -33.789849185794196 
-33.290754715226925 -33.399946435569845 -33.8955715011232 -32.869965146568234 -33.79147058752551 
-33.22462122367614 -33.33216139205405 -33.83287108961534 -32.80195542359441 -33.72885311546551 
-33.2325634358596 -33.337368416719855 -33.8405302377179 -32.80959408355031 -33.73737670108953 
-33.29380812507536 -33.397832293444694 -33.899526111707814 -32.87263641622653 -33.796850981564745 
-33.16417794646614 -33.26990475780981 -33.777846213598195 -32.74106085460237 -33.67362735105965 
-33.17244316893877 -33.27853793933134 -33.78329075463736 -32.74819615974313 -33.67939956112902 
-33.18207424148393 -33.29080742753217 -33.79399215412151 -32.759512411481154 -33.689103040999754 
-33.25541949661289 -33.35983553790648 -33.86040368387266 -32.83185474755743 -33.75780557496125 
-33.26099800812969 -33.3664898073299 -33.87023032195607 -32.840428750390984 -33.76660452882159 
-33.21889614430975 -33.32180726619126 -33.8311806371764 -32.797337403400675 -33.72793260579867 
-33.234213729979274 -33.339418191118554 -33.84745213627504 -32.814501835142394 -33.74331931350966 
-33.217118768723566 -33.319858541851474 -33.82822701795409 -32.794739044658456 -33.72522553846143 
-33.22498115325534 -33.328072977930745 -33.83773479985608 -32.80406154529328 -33.73434323407412 
-33.27629287195775 -33.377795668406634 -33.88431258768719 -32.855019673124445 -33.78206869581709 
-33.24763628538514 -33.34514845216509 -33.854195736388434 -32.82317113661384 -33.75346291377309 
-33.24657750857138 -33.34287950848541 -33.85221931395624 -32.82127550173688 -33.75200621777043 
-33.27477799292936 -33.371534240527524 -33.88189956344546 -32.85194346935289 -33.7812505440488 
-33.243799615534144 -33.34651497492291 -33.85415736116782 -32.822404926929764 -33.751230709647785 
-33.218171568625806 -33.322089311279996 -33.83044208115513 -32.79676921877471 -33.72689101986627 
-33.234735719699046 -33.338333061923265 -33.84802046846161 -32.814754338556426 -33.74436887569361 
-33.239107112495006 -33.34051539126828 -33.85095899578303 -32.81807599795546 -33.748197822479455 
-33.23120763982995 -33.33373790142511 -33.84329685223868 -32.81011803984332 -33.74017145561331 
-33.21668945808213 -33.320983864219244 -33.828807231282084 -32.79519421077194 -33.72516913319251 
-33.22486826123264 -33.33032208158316 -33.837400693426275 -32.804290771642 -33.73332527869175 
-33.311691952278295 -33.41656079051714 -33.91798239706338 -32.89197954791064 -33.81492059617831 
-33.30765705029059 -33.41322048661047 -33.914517416993306 -32.888205009398035 -33.81115947958486 
-33.31541542288302 -33.41983869101405 -33.91986853738898 -32.894738205052846 -33.817232886891276 
-33.30219833950416 -33.41086131036215 -33.91025219954142 -32.88379030188901 -33.805765886077936 
-33.32610166662711 -33.42959832487773 -33.933716779922264 -32.90765172798913 -33.83082970182787 
-33.316829439227206 -33.42046275197764 -33.924532130891976 -32.897964754920736 -33.82160794125397 
-33.23834437580912 -33.34240756195689 -33.84603851727036 -32.815373192669256 -33.74314370510484 
-33.416805853733194 -33.525962191630086 -34.01694873794203 -32.999973558037425 -33.913361092132305 
-33.423768580815974 -33.532645362417355 -34.023472643767576 -33.00699055932088 -33.92002752575266 
-33.472876650237154 -33.585063121531306 -34.07399090889513 -33.06019227728483 -33.969207141898096 
-33.49304252478174 -33.606510670216565 -34.09402013193478 -33.081606991422476 -33.98882601186398 
-33.45375065198306 -33.5656205386217 -34.056618634404515 -33.04101253108817 -33.95168633164744 
-33.46221899054353 -33.57399281248114 -34.06470706233132 -33.04968553426758 -33.959848630481446 
-33.43892504882379 -33.546189832681776 -34.03504653480128 -33.02053711069712 -33.93264379237165 
-33.48416481382358 -33.584866932593485 -34.07522999434764 -33.063867188549594 -33.975562161078926 
-33.46576774502648 -33.565568147728584 -34.05786569158771 -33.04491513930003 -33.958342518213755 
-33.463455289680795 -33.563408181313406 -34.056200286681914 -33.04288641802036 -33.95653020424567 
-33.44695272277505 -33.55048311659007 -34.04376180274488 -33.02860648028478 -33.94237303968296 
-33.392121370302476 -33.50007978714109 -33.99202540855815 -32.97359875490547 -33.88889215425752 
-33.3549131629148 -33.459084392162694 -33.955373122970954 -32.93395888651219 -33.85338173340671 
-33.39266046021699 -33.49410335105303 -33.987179217099296 -32.96970023426644 -33.8869080409783 
-33.424570584818625 -33.52681020566534 -34.01749003840763 -33.002533969725604 -33.91717075642694 
-33.4240512631756 -33.524283568673425 -34.016579661483036 -33.001345475372446 -33.916938092201306 
-33.43500123186648 -33.53565520439341 -34.0279833082967 -33.01321975625088 -33.92811748635533 
-33.43814837480342 -33.53745293186279 -34.02976422610891 -33.01546572910269 -33.93052583836206 
-33.43652447658587 -33.53589264562932 -34.0277626598958 -33.013552209248545 -33.928569336574355 
-33.425353341859875 -33.527519365191424 -34.019019389203876 -33.00377252208541 -33.91860004529721 
-33.41210760632441 -33.51405668904539 -34.00632589508089 -32.990103309138235 -33.9059098352693 
-33.4131978276055 -33.51517799125237 -34.015803859824445 -32.996128149554465 -33.914016070686685 
-33.414463918810355 -33.5165019145644 -34.01707637792023 -32.99747670275211 -33.915267357545346 
-33.41164602824618 -33.5135932534604 -34.014318014034544 -32.99452616552955 -33.9125326942563 
-33.41294346397335 -33.51554496965835 -34.0163205108217 -32.99643771473899 -33.914218606335226 
-33.38710353974672 -33.49672359103792 -33.99666427570237 -32.97428715815215 -33.89147024110348 
-33.37490275525357 -33.48620116297619 -33.98553872447549 -32.96241508632227 -33.87968276684968 
-33.38205964648668 -33.49152159269583 -33.98554688895106 -32.965396464824394 -33.881394439375995 
-33.46419062587289 -33.56435863878376 -34.05439600302182 -33.0422410905488 -33.95507059252101 
-33.453932024449784 -33.554272853451494 -34.04340443938872 -33.03105980016768 -33.944165501755265 
-33.51108837012279 -33.61110525639174 -34.099240946464704 -33.09038042551471 -34.00020123659853 
-33.51542606881492 -33.61560289447313 -34.10267347771786 -33.09445814054925 -34.00372303699085 
-33.51983309452197 -33.62061002737535 -34.107122305174684 -33.0992441325951 -34.00797287417315 
-33.54731750969091 -33.65134898621041 -34.13000247543198 -33.12621581872732 -34.0305486635788 
-33.54067432745366 -33.644559535303046 -34.12330072556756 -33.11916342819595 -34.0239143193041 
-33.566652143594595 -33.67188035768747 -34.14976306535998 -33.14705023911171 -34.049835595275496 
-33.56459007719363 -33.67042745842288 -34.14474825369332 -33.14333777709402 -34.04511598684249 
-33.563999769766696 -33.66920120429003 -34.14496425668827 -33.1430366655179 -34.04539758583162 
-33.56970771681641 -33.67394359531025 -34.14946067974985 -33.14814740210794 -34.050374645590125 
-33.54420850484459 -33.64945006796124 -34.125343884594756 -33.12232532420161 -34.025776335642135 
-33.532710440125825 -33.637636307711006 -34.11442182041968 -33.11048935081865 -34.01488051437032 
-33.52524048540745 -33.62911135379572 -34.104943169407534 -33.1012697276756 -34.006064866486625 
-33.52518095698909 -33.630281477584276 -34.107283557191906 -33.10282800946872 -34.00764033382717 
-33.57846141719094 -33.682628744960425 -34.15578865220655 -33.15596881230965 -34.05709893146691 
-33.533701714050764 -33.63640599127244 -34.107474310771664 -33.106583251441535 -34.00989633275694 
-33.49317791646705 -33.597395386241985 -34.06724713497182 -33.06445712413944 -33.969237031535414 
-33.505473064171966 -33.60863541345206 -34.08242157413784 -33.07877326655 -33.98424504781951 
-33.50706528733079 -33.611624380426534 -34.08260731460615 -33.07996152379819 -33.98422693113736 
-33.53107761796504 -33.638525401432716 -34.105941803955574 -33.105467530696075 -34.006737455540204 
-33.529021747594356 -33.63718552567644 -34.10393278348336 -33.10348874420957 -34.004505152390024 
-33.53570534809914 -33.64217681660236 -34.10899608597802 -33.10924217531635 -34.0103364768957 
-33.52841286817879 -33.63844754580215 -34.104783585421075 -33.10407497706501 -34.00454709902556 
-33.474074135618025 -33.58824090203461 -34.05164817014696 -33.048511154005496 -33.950055464969054 
-33.48212050575559 -33.59716544448237 -34.06041300434792 -33.05757015114675 -33.95841873732603 
-33.44722748112062 -33.55781707657859 -34.02804668861019 -33.02129032367341 -33.9270821552625 
-33.44768329027113 -33.55841092732638 -34.02870926269041 -33.02191600635582 -33.92766809307558 
-33.42808042329855 -33.53870162471716 -34.0086101450656 -33.00099160584544 -33.907720575114595 
-33.41749904756959 -33.52707553111087 -33.99772393222409 -32.98945898312674 -33.897225130900466 
-33.39325393810549 -33.50356184143614 -33.975042126582366 -32.96498478830151 -33.874114718974624 
-33.37588914471539 -33.48645954968744 -33.959362503967995 -32.9477144639844 -33.85811713770924 
-33.37677780545995 -33.48364334736986 -33.95906255648927 -32.947174114190915 -33.85914342028239 
-33.403512318816055 -33.50982618854765 -33.98345738981676 -32.97387303336403 -33.88403223437699 
-33.40249169099653 -33.509528816151146 -33.98279720155317 -32.973158666231896 -33.883094078544545 
-33.450802622547926 -33.56134039992905 -34.033588996797675 -33.02614428355233 -33.93231572743193 
-33.44321491642397 -33.5546507543839 -34.026170056897044 -33.018452763757494 -33.92460907090263 
-33.45306905989315 -33.561994985428015 -34.03420286819998 -33.027248199337635 -33.933686377251846 
-33.47279423100848 -33.58897719503976 -34.05766430928969 -33.051691844335494 -33.954278659513506 
-33.47170230808263 -33.59083703841573 -34.055057814198065 -33.050350294453494 -33.951011451748826 
-33.46987615763935 -33.58870448118921 -34.053270168590814 -33.048382358789056 -33.949315402114664 
-33.46290457607981 -33.587729310524296 -34.049416044774816 -33.044139714700606 -33.94312941789424 
-33.43099527580401 -33.55329684552605 -34.01577854548641 -33.0090365410973 -33.910609242434035 
-33.43283089246677 -33.55477577497729 -34.01777898778275 -33.01097921846987 -33.91268923677282 
-33.45995070597881 -33.57326174720609 -34.04285773508029 -33.036444444158406 -33.9406958457206 
-33.45458984985352 -33.56846669845902 -34.03835788033142 -33.031412667675056 -33.93589404668482 
-33.455521563702376 -33.56932769489647 -34.03922415334722 -33.03234054425556 -33.93679073628341 
-33.45518787719753 -33.568718601879 -34.03889437874561 -33.03193108340287 -33.93654552985532 
-33.44920034967279 -33.562936040551065 -34.032959939439934 -33.02570681852288 -33.93055148140519 
-33.44024400739772 -33.55703577675445 -34.02696516426127 -33.0186225213767 -33.92315873411661 
-33.4838830621857 -33.6002305553134 -34.069284054786266 -33.06369206443368 -33.96574032922864 
-33.52281668026252 -33.64167928019923 -34.10591369334146 -33.10390908145641 -34.00189161779393 
-33.562854474526546 -33.6816550075674 -34.143317081675804 -33.14452744420984 -34.039659562526836 
-33.529115506196945 -33.6517952395843 -34.1098934517496 -33.110096310482035 -34.00505820002557 
-33.539519500482015 -33.66318303516273 -34.12035422274808 -33.121292084661775 -34.015186524399354 
-33.50382867412152 -33.633347303627104 -34.08784400285282 -33.086863773164055 -33.980432183747126 
-33.473612865426574 -33.60355990803788 -34.0584489035997 -33.05563837310892 -33.95083297801439 
-33.44716386846312 -33.57853872815943 -34.03427582393627 -33.029410876752365 -33.92590701765717 
-33.40375607370643 -33.53747826084782 -33.9951454953021 -32.98666721850023 -33.8854534225337 
-33.40303435355989 -33.5369789876995 -33.994497771610554 -32.98600039189431 -33.88472672357885 
-33.39561968627217 -33.53013757308673 -33.9877963864643 -32.97872902326779 -33.87774907631642 
-33.441191249042134 -33.571922319310204 -34.03014036952753 -33.02400328554164 -33.92168695006505 
-33.438846609549444 -33.56983548658701 -34.02786836941502 -33.02163630954381 -33.91932852966518 
-33.427758198898104 -33.55684541327247 -34.019250525018606 -33.01091859132528 -33.910921580158146 
-33.37858931673067 -33.506181132925335 -33.97101304347207 -32.959365640428814 -33.86309242528533 
-33.41112402119043 -33.53815796813514 -34.00075791173016 -32.99191036081413 -33.8933924022423 
-33.48822647589566 -33.615243121754176 -34.076158887744725 -33.07206753433354 -33.96891923944064 
-33.47100927819328 -33.599235242876546 -34.059937875945835 -33.054788471669994 -33.95220002731182 
-33.51621490538621 -33.64746334802061 -34.10228016116541 -33.10142851765286 -33.993981808521085 
-33.500583095954966 -33.63067725828925 -34.08655274359684 -33.0846696462976 -33.97865626726663 
-33.50209727861689 -33.63229343433491 -34.087764176487894 -33.08611699821742 -33.979881884160434 
-33.57459144930915 -33.70933415108604 -34.15610331502698 -33.16109785915174 -34.04734268481522 
-33.42660778198889 -33.564950730855855 -34.01450774118079 -33.00984492576664 -33.90390429347654 
-33.413368032717486 -33.55127118376285 -34.001695492879776 -32.99605059701992 -33.891185582644525 
-33.42277783411291 -33.560117778976434 -34.01097846557484 -33.00574724164062 -33.90064402041811 
-33.41573919051373 -33.55404471671663 -34.00469838656393 -32.9989888947392 -33.89395847464945 
-33.419969797414794 -33.55893921076209 -34.012290539953455 -33.00546058196218 -33.90079926941296 
-33.43028896985693 -33.56872828180968 -34.022245616060644 -33.01599053673459 -33.91095569131811 
-33.42484303722995 -33.558505486806496 -34.01296161419221 -33.00701799060593 -33.9037704940575 
-33.4159055490138 -33.548410992073386 -34.00507292206116 -32.99793126331339 -33.896087977839485 
-33.43139253628652 -33.562483896341476 -34.01879784878487 -33.01291796307051 -33.91050057442963 
-33.50864535860384 -33.63104764248662 -34.08953252413832 -33.08856637177398 -33.98480542682499 
-33.531960172768336 -33.651577990521204 -34.11016578253984 -33.11096484155726 -34.00668109972622 
-33.545340746291316 -33.66466517084257 -34.12203792267168 -33.12413155261258 -34.018860023123196 
-33.55247063700804 -33.67225068587901 -34.12952568912799 -33.13193037490137 -34.02613596261746 
-33.5737003596638 -33.69555463976178 -34.1517469405798 -33.155273376148926 -34.047517521992134 
-33.61260822753982 -33.731669766501895 -34.18605819747232 -33.192996763702055 -34.08335208701365 
-33.608654730414855 -33.72727254582141 -34.18169033197691 -33.18851070123877 -34.0791952680824 
-33.608678958439 -33.727302531406664 -34.18171268116325 -33.188536436352464 -34.079216099945754 
-33.58943577107824 -33.70780874522691 -34.16374962538852 -33.16895813781309 -34.06116172867553 
-33.62393422793767 -33.74197544746583 -34.19741840970657 -33.204691286863024 -34.094998709885544 
-33.586906986294025 -33.70113407062712 -34.16284721323677 -33.16627356756098 -34.0612773102213 
-33.60043525801264 -33.71747464209935 -34.180461955476574 -33.183408541318784 -34.07734221998781 
-33.599046570822 -33.71642923038863 -34.179193628781505 -33.18209212175509 -34.07595170730215 
-33.592989795975384 -33.71049800479908 -34.173738795523846 -33.176088744881014 -34.070373158909945 
-33.60549443855652 -33.72496934436772 -34.184956860254175 -33.188955684028244 -34.08116927815736 
-33.591611491769925 -33.7120445596413 -34.17622638671065 -33.177462122272644 -34.07134146662152 
-33.5939804170027 -33.714164545054786 -34.17836562492745 -33.17976861460748 -34.07358956619174 
-33.59661891029812 -33.71116029866472 -34.17799016648715 -33.17959870661218 -34.075428524415855 
-33.59772942252802 -33.710564057736676 -34.178062204742346 -33.1798070790622 -34.07619004793408 
-33.596399424044705 -33.70781101288367 -34.17627430935282 -33.17783917271437 -34.07491553501204 
-33.62247381525279 -33.730730336834256 -34.196895653793504 -33.20150335119676 -34.09733501079516 
-33.684701356242115 -33.79174109603922 -34.25702547924807 -33.26548130132072 -34.15805564562348 
-33.698449794567395 -33.806307477152316 -34.2718789755599 -33.280731712711 -34.17245256911569 
-33.7479097064852 -33.85668567919461 -34.3220904423728 -33.333342015899134 -34.22216417283552 
-33.706515769992336 -33.81747667051265 -34.283221132027734 -33.29173038248747 -34.18229683233291 
-33.690379725866876 -33.79909104825154 -34.26945574229734 -33.275617999982956 -34.16887012183953 
-33.70626237549871 -33.82119440859785 -34.28420701108435 -33.29303292385717 -34.181863396918416 
-33.68693297095949 -33.80220041590299 -34.26752888452651 -33.27428101988379 -34.1646921336788 
-33.68399168083276 -33.79896757902827 -34.26434345696424 -33.27098702030975 -34.16164141952859 
-33.68369352347348 -33.799223133227954 -34.26366088611458 -33.27057847506212 -34.160851384677414 
-33.70421826817898 -33.821175483825144 -34.286187125594154 -33.29359977369472 -34.182575903412356 
-33.81282460952846 -33.93228457029812 -34.39152966398534 -33.40646110655588 -34.28746382287666 
-33.76797047670658 -33.89419802229024 -34.3497078308327 -33.362544098483525 -34.243158173898195 
-33.82199383633673 -33.94692660283823 -34.40481132567048 -33.419637449334616 -34.29838117734829 
-33.84863157228034 -33.97042037465053 -34.42688073999709 -33.44434743556896 -34.32210244974924 
-33.85303992600818 -33.97285483135819 -34.430349304715875 -33.44801029614291 -34.326321306325966 
-33.861158524763766 -33.979607140924045 -34.437152803410186 -33.45549604979915 -34.33374146958347 
-33.90279443227985 -34.02279832005257 -34.476760575847536 -33.49844258624195 -34.37311728778738 
-33.894150140513986 -34.01517043925766 -34.467407480216906 -33.48919187026189 -34.36358224021943 
-33.96360511803982 -34.08734159769709 -34.53618538956917 -33.56237574246519 -34.431498756464734 
-33.963275334970234 -34.08730126158014 -34.53576535703483 -33.56204422471576 -34.43100470062912 
-33.98397181230192 -34.108315422399826 -34.55701743439464 -33.58416283943568 -34.45202960278718 
-33.98328185450724 -34.104709745632704 -34.55510561432638 -33.58209670227083 -34.451214270875454 
-33.9532681966935 -34.074367731152336 -34.527708457584424 -33.55197192420985 -34.42355410065029 
-33.96075823985214 -34.08011541581334 -34.53330811643865 -33.55838658744614 -34.42998055426807 
-33.99554931312193 -34.11730154090833 -34.56699918993175 -33.59484250225391 -34.46304465888822 
-34.00798006820912 -34.12895074925777 -34.579689035871866 -33.607866749343 -34.47590957915331 
-33.99861136058831 -34.11927159672899 -34.57060155794264 -33.59811695918718 -34.46689033201298 
-34.02777689942701 -34.14737221476683 -34.59837622314575 -33.627724220715436 -34.49516128453939 
-34.027105966810424 -34.14671451050371 -34.597598428430814 -33.626962581535224 -34.494397943491265 
-34.03075969211632 -34.14984728811393 -34.60092857995521 -33.630501120289765 -34.49793369287558 
-34.01357487463423 -34.1340723718541 -34.585088892802744 -33.61352657403138 -34.48147585106463 
-34.028652855678075 -34.15008729394371 -34.600637231342034 -33.629833784761374 -34.496630880345336 
-34.03439601192464 -34.155978333330324 -34.606479414676556 -33.635953262206655 -34.5024005378466 
-34.05169682307137 -34.173557898817236 -34.622368840529646 -33.65338807177339 -34.51839854840448 
-34.042309170547114 -34.16568266707739 -34.61503077573795 -33.64502284066053 -34.5102821090192 
-34.0324626291968 -34.155723612972324 -34.60874102264026 -33.63666558881846 -34.50347246241243 
-33.99734912527228 -34.11949296904113 -34.57169927043002 -33.59845143344718 -34.467153086687645 
-33.997473880933896 -34.11961774274283 -34.57189711384102 -33.59862366482999 -34.467338899851526 
-34.01043881444643 -34.13088714642549 -34.58649577299232 -33.612786655181466 -34.48217095537143 
-33.93550857805572 -34.05765601191092 -34.516422399777895 -33.53721174083405 -34.410935834320924 
-33.98056398770248 -34.102776528182744 -34.55924424817047 -33.58328676824661 -34.45401090771023 
-33.94246373066477 -34.057574966748106 -34.51841330077761 -33.54015402230105 -34.41587793738003 
-33.95225082611768 -34.07013200405075 -34.52734006376134 -33.55055550483455 -34.42407322912702 
-33.95432597170041 -34.0744212128436 -34.53089875483691 -33.55406353083629 -34.42670744416492 
-33.9611936098928 -34.07871225089578 -34.53621293318028 -33.55982952953708 -34.433051633396516 
-33.96315613867277 -34.078308932987724 -34.537813249235356 -33.56116656768195 -34.43543402053673 
-34.00285642913802 -34.11161718303562 -34.56621447193663 -33.595095724774 -34.46755046006953 
-33.99943655474195 -34.10350348089628 -34.56607368893404 -33.59233014994247 -34.468327120628544 
-34.03408007173037 -34.13749948655129 -34.602716276992055 -33.62970868011328 -34.504777741831546 
-34.03514686330362 -34.13634919670865 -34.60189585797782 -33.629285319308835 -34.504941329140365 
-34.041282651766494 -34.142143936183615 -34.604423600311534 -33.63361228730834 -34.508147227279224 
-34.02598597347277 -34.126216666843035 -34.589687421257054 -33.61773142986503 -34.493542890265005 
-34.05920045995343 -34.15680943090675 -34.61927427990486 -33.65000185415292 -34.524458976056266 
-34.037878744564864 -34.137281952561565 -34.59755438919164 -33.627773522269194 -34.502294017981995 
-34.04802632532585 -34.14834772886408 -34.60760259707102 -33.63856956800984 -34.512057132510165 
-34.047068848000634 -34.14993527834227 -34.608387024179734 -33.63909152158965 -34.51177966312959 
-34.04902861319668 -34.15054222750386 -34.60992850314885 -33.64062240283354 -34.51380053498228 
-34.059449891796916 -34.16049032265954 -34.62046603018676 -33.65152807250422 -34.52444453080379 
-34.03656602186088 -34.135112455621 -34.5952962278365 -33.625680338451374 -34.50045465403343 
-33.98674258394671 -34.089206721161744 -34.54731701059907 -33.575242250981574 -34.45106919687677 
-34.027396845465915 -34.12613734726662 -34.58445522939394 -33.61515768280361 -34.489842804301375 
-34.019701404181845 -34.12033044870981 -34.57942352162034 -33.608976837799545 -34.48381414970491 
-34.017154868409975 -34.1192024295857 -34.57827642451129 -33.60739427152643 -34.482009598381566 
-34.00288731691066 -34.105133662133326 -34.564450179778206 -33.59270296360772 -34.46807813645421 
-34.00673208241663 -34.10983112248972 -34.570113484710035 -33.59794673879934 -34.4731775924901 
-34.03891299848617 -34.137194398500014 -34.59820429434312 -33.62840313726586 -34.503348518167215 
-34.07979784609249 -34.17338329894734 -34.63523086568421 -33.66815998195986 -34.542363796541835 
-34.077865279350334 -34.17172417609365 -34.633506980665274 -33.66630636099842 -34.54052584597761 
-34.08114766549316 -34.17485158264492 -34.63793617420201 -33.670364875002846 -34.544809956851154 
-34.07562046860693 -34.16787272086427 -34.63236174754982 -33.66422904573325 -34.539698704958994 
-34.0497699772893 -34.142014782861196 -34.608189807699006 -33.63803254709359 -34.51530557061865 
-34.06790046199359 -34.16179643048952 -34.62880452695845 -33.658822248554 -34.534975875223 
-34.15241949324343 -34.2466823529229 -34.711703593921925 -33.746716055157435 -34.61786451248233 
-34.174355267937074 -34.265266892406274 -34.73068846739281 -33.767368019882696 -34.63831442172635 
-34.1698052458443 -34.25817369981054 -34.72477957904506 -33.761293006722354 -34.63341427608351 
-34.11292772447668 -34.19936980827271 -34.66737254153628 -33.70088671168722 -34.57679152499273 
-34.12443816514893 -34.211418116634576 -34.67832395082647 -33.712765857371465 -34.587647385408815 
-34.12348504841604 -34.21127643982601 -34.677750370041196 -33.71214839342284 -34.58676536571669 
-34.12055575384194 -34.208910175115776 -34.67519842703457 -33.70940367411956 -34.58398515715305 
-34.14635337624651 -34.23126963628705 -34.69810859797295 -33.734139565697504 -34.60836915604129 
-34.14038133088256 -34.22524324455057 -34.69222312160434 -33.72790835855197 -34.602497567551666 
-34.15428419497189 -34.242879560967594 -34.709179959666784 -33.74500331481775 -34.61778748704468 
-34.11183342736112 -34.20199482305685 -34.66654372677296 -33.700662726979516 -34.5747825764323 
-34.11502261287421 -34.20424528041421 -34.669393535008936 -33.70362275861706 -34.577969108329526 
-34.15677925013644 -34.248744211896124 -34.7116765526405 -33.74832723693102 -34.619246769628305 
-34.16709500847834 -34.259226459305836 -34.72238069152817 -33.759409423536624 -34.62981710872556 
-34.22350001463313 -34.30913403371457 -34.77495396762113 -33.81508914712796 -34.68489747240521 
-34.1932374325403 -34.272935493231 -34.741755867913724 -33.78044775000498 -34.654051880488296 
-34.13117550681616 -34.21064663879456 -34.684131961570756 -33.71777162196335 -34.595890984345345 
-34.134972083756736 -34.21446751284557 -34.68815514123436 -33.721891178408825 -34.59986250986225 
-34.13541372503319 -34.20920113543562 -34.687402996731336 -33.7205284431481 -34.60104788603522 
-34.13491903451779 -34.20888556437809 -34.68659323164849 -33.71986508493109 -34.60023591136766 
-34.13011343343838 -34.20042445965828 -34.67950160365892 -33.71279047251285 -34.59464295463462 
-34.247646924591905 -34.31226014514489 -34.78555334474008 -33.82851415959915 -34.704090574598155 
-34.262225227662086 -34.32421903418488 -34.79627302417161 -33.84111726981243 -34.71621461351879 
-34.32484276227689 -34.39248996810157 -34.85989749884365 -33.90850481684244 -34.777829999679426 
-34.330315386673476 -34.39784967830401 -34.865531624056985 -33.91431374554976 -34.78346191349878 
-34.31311070138875 -34.38136349867477 -34.84844999179178 -33.896479390917065 -34.76617288123009 
-34.35451782358756 -34.42316597911211 -34.88487570398277 -33.93720317839042 -34.803215314231196 
-34.41424445859299 -34.480233275111615 -34.945662314118294 -33.999896977294426 -34.864529875846 
-34.41171680010018 -34.47427718063568 -34.9414636008665 -33.99562297372748 -34.86165711827698 
-34.41234260308778 -34.4755733354408 -34.94311673728568 -33.99699020420756 -34.86293591223577 
-34.39733450052606 -34.45988583460725 -34.926455044831556 -33.98018661792011 -34.84678085365178 
-34.355965875061074 -34.41636708392252 -34.885002698033574 -33.93632487074569 -34.8060761240493 
-34.35707965202781 -34.422085409703755 -34.887309409444214 -33.93908129443375 -34.806778803474145 
-34.31102395190628 -34.37280711817024 -34.84031009586086 -33.88959972372177 -34.76100483337849 
-34.31127976270098 -34.3716427626657 -34.84068906594598 -33.8896537072431 -34.761796776328595 
-34.32114550948026 -34.38086767767547 -34.846575764791424 -33.89765278229544 -34.7685131155461 
-34.30778782836924 -34.369960633210766 -34.834153878100565 -33.88465571402138 -34.75521414017663 
-34.33624444325798 -34.39812241171393 -34.86106683676235 -33.91358463351807 -34.782416898426604 
-34.36668660411226 -34.42690183454515 -34.891409963023264 -33.94512092823602 -34.813227510368264 
-34.345053862939395 -34.40398159644465 -34.869040798728804 -33.921765952043216 -34.79141277967172 
-34.2915290169629 -34.3525932397679 -34.821912468075396 -33.86961985579185 -34.742683435870575 
