3.0002107638931055e-06 3.0086920622109365e-06 3.1129246306983593e-06 2.9119005639447467e-06 3.097210870076053e-06 
2.9980592297916827e-06 3.008701617776173e-06 3.1130245818614603e-06 2.9113480467121827e-06 3.096257572729979e-06 
3.0004480415316243e-06 3.0107128138386092e-06 3.115249456080405e-06 2.913582413507472e-06 3.0986276140191864e-06 
2.998776759381234e-06 3.0092688030294888e-06 3.113648745707304e-06 2.911988629541996e-06 3.0969442939678906e-06 
2.9956749779185278e-06 3.007088480307892e-06 3.1111801021696806e-06 2.9093933805807437e-06 3.0940818346111255e-06 
2.9937235666606526e-06 3.00518513867077e-06 3.1096540471471757e-06 2.9076794777311086e-06 3.0924692501970432e-06 
2.9909877192738913e-06 3.0026247482374257e-06 3.1072960752630187e-06 2.9051782237647594e-06 3.0899931011101197e-06 
3.0035512843383865e-06 3.0153067623523284e-06 3.120537461594382e-06 2.9181450902960015e-06 3.1030820543590178e-06 
3.003853159291783e-06 3.015660957866185e-06 3.1208890664445737e-06 2.918483853523753e-06 3.1034089301806634e-06 
3.0027428151155608e-06 3.0146283041656048e-06 3.1198690646711203e-06 2.9174358471422587e-06 3.1023495705586707e-06 
3.001814265416368e-06 3.0136971595244604e-06 3.119034986093326e-06 2.9165576832802337e-06 3.1015004480080936e-06 
3.0084307332530247e-06 3.0181716715946917e-06 3.124382060508074e-06 2.9221054579910427e-06 3.1077285984108378e-06 
3.009776889263353e-06 3.0192083096745806e-06 3.125631362432731e-06 2.9233457052426683e-06 3.1090905254818333e-06 
2.999651230469978e-06 3.009416807962726e-06 3.1155704261376136e-06 2.9133043399982185e-06 3.0989154681968664e-06 
2.98485023232539e-06 2.9955523974393176e-06 3.101486822021447e-06 2.89904706763003e-06 3.084420338110899e-06 
2.9875835000623135e-06 2.9983131482084086e-06 3.104173404389204e-06 2.9017622340448406e-06 3.087105996129924e-06 
2.9883577726804353e-06 2.9988348302730626e-06 3.104369290835002e-06 2.902176113346178e-06 3.087478138046097e-06 
2.999575465719994e-06 3.0119222485259322e-06 3.1159258360144464e-06 2.9139261310745903e-06 3.0983936156609174e-06 
2.9997364688731952e-06 3.0120935902633516e-06 3.116101699301516e-06 2.914097247888217e-06 3.0985637338290677e-06 
3.0004033938774715e-06 3.0126697446370593e-06 3.1166653402256024e-06 2.9146921483499624e-06 3.0991730380409775e-06 
3.0008269211953223e-06 3.013071111491444e-06 3.116997840740315e-06 2.9150626473364093e-06 3.0995277535750463e-06 
2.9933486788671555e-06 3.004911789383742e-06 3.1094886676043166e-06 2.9074364763990267e-06 3.092236915590607e-06 
2.9937999227321257e-06 3.0053239625218173e-06 3.1099158327794447e-06 2.9078679944827655e-06 3.09268028192956e-06 
2.9928527216145407e-06 3.004254296278543e-06 3.1085607266248844e-06 2.906676165503232e-06 3.0914322300013535e-06 
2.993189640232703e-06 3.0045850707433246e-06 3.109011896324647e-06 2.9070742909815348e-06 3.0918660206974977e-06 
2.993002934065086e-06 3.0045568874050194e-06 3.1089759459282758e-06 2.906997984928124e-06 3.0917552372587083e-06 
2.9908800112811485e-06 3.0022749343312136e-06 3.10679876456069e-06 2.904814745744709e-06 3.0896369853501137e-06 
2.9889377968446208e-06 3.0005928415590056e-06 3.1050881482220136e-06 2.9030436102138614e-06 3.087806390282441e-06 
2.9893154597015057e-06 3.000990729819591e-06 3.1056009104043736e-06 2.90349879441799e-06 3.088290030845239e-06 
2.985855838700739e-06 2.99715987723677e-06 3.102189615862085e-06 2.8999952726978653e-06 3.084986627899044e-06 
2.9943258779173896e-06 3.005103068082343e-06 3.1094371264135922e-06 2.907714378354093e-06 3.0926038100245774e-06 
2.99778898904602e-06 3.0082257384870328e-06 3.1127297397335363e-06 2.9110271413519954e-06 3.0960310117144787e-06 
2.997795628133349e-06 3.0081406844893087e-06 3.112811674239664e-06 2.9110580726750966e-06 3.0961288248714527e-06 
2.998389591072791e-06 3.00874486196126e-06 3.113400079853577e-06 2.911651432944122e-06 3.0967149332274463e-06 
2.999251715013951e-06 3.0093246479933065e-06 3.113681512023231e-06 2.9121495627437488e-06 3.097182260680749e-06 
2.994797515834369e-06 3.005105640700433e-06 3.1095476444270262e-06 2.9079064821176124e-06 3.0929214227238753e-06 
2.995212133753098e-06 3.005499886405892e-06 3.109982085967105e-06 2.9083285551967815e-06 3.093358835199725e-06 
2.9896838205935174e-06 3.0004300619791262e-06 3.1040139391441423e-06 2.902640717592602e-06 3.0873223668635684e-06 
2.996808290393135e-06 3.0080691175091915e-06 3.1110278678118035e-06 2.9098072184090036e-06 3.0941937567600174e-06 
2.9967634828370804e-06 3.0079463728382154e-06 3.110810802151242e-06 2.9096556789247146e-06 3.09403003166056e-06 
3.0046717332780263e-06 3.016581766698231e-06 3.11852245292067e-06 2.9176019362326626e-06 3.101547063698554e-06 
3.0110941587030255e-06 3.02316402534093e-06 3.125331770530182e-06 2.9242669836426556e-06 3.1082407732535353e-06 
3.009273412127842e-06 3.022424374466247e-06 3.123810187321269e-06 2.9228079128687624e-06 3.1063312419587544e-06 
3.00745336890591e-06 3.0202518562835625e-06 3.1218647492157592e-06 2.9208524532668802e-06 3.1045172178257307e-06 
3.005976827706191e-06 3.019152563936733e-06 3.120331533468483e-06 2.919415867653581e-06 3.10287576594494e-06 
3.0077065633837138e-06 3.0215556068098017e-06 3.12260436163281e-06 2.921565008174555e-06 3.10484663667574e-06 
3.0196572014081015e-06 3.0341419381967274e-06 3.1366696508629294e-06 2.934782750379749e-06 3.1183564090682842e-06 
3.021055987834021e-06 3.0353270321935574e-06 3.138004624632964e-06 2.9361081573753423e-06 3.119768755930934e-06 
3.0225705728890628e-06 3.0366119124099727e-06 3.1395434697409436e-06 2.9375942346134828e-06 3.12137513338918e-06 
3.0218547975172284e-06 3.0355386460727896e-06 3.139002613527684e-06 2.9369060114822333e-06 3.1209165503866715e-06 
3.0233180869113927e-06 3.037580670196054e-06 3.1409856235449896e-06 2.9387606764857037e-06 3.1226311430052647e-06 
3.018379483963911e-06 3.0331003009044093e-06 3.136068378766622e-06 2.933914646549715e-06 3.1175676592267216e-06 
3.015458178560404e-06 3.0304593959691935e-06 3.133269584559751e-06 2.931109766383398e-06 3.114660934884723e-06 
3.014977776472578e-06 3.030027480149757e-06 3.132873675910812e-06 2.9306839088000745e-06 3.11423570699877e-06 
3.011862317928252e-06 3.025748183100075e-06 3.1295021187616276e-06 2.927209061968379e-06 3.111271102646741e-06 
2.992966233619624e-06 3.006468254122231e-06 3.1121081248414663e-06 2.9090491884001334e-06 3.0937455816874233e-06 
2.982120247431865e-06 2.9963724274246594e-06 3.101720243966045e-06 2.898581629327859e-06 3.0830476747999387e-06 
2.9801862862311293e-06 2.994493790849843e-06 3.0989701113003786e-06 2.8962061727277074e-06 3.080418044923583e-06 
2.9799098317123685e-06 2.9942748159227154e-06 3.0987275895312346e-06 2.895958634005577e-06 3.0801519013142997e-06 
2.9741692495266677e-06 2.988713288935146e-06 3.09330648495804e-06 2.890420988811614e-06 3.074621722877211e-06 
2.97398112929549e-06 2.988079266223604e-06 3.092960534050533e-06 2.890064309564844e-06 3.0744414832462943e-06 
2.9733128982552936e-06 2.9871702823342574e-06 3.0920695639933183e-06 2.889228998498705e-06 3.0736632100859997e-06 
2.9787110188123862e-06 2.9931964700463853e-06 3.0983709919792147e-06 2.8952446649578685e-06 3.079615927615008e-06 
2.978305261449649e-06 2.9937129310568467e-06 3.098740470329981e-06 2.895435727347999e-06 3.079567118793409e-06 
2.9737134802999845e-06 2.988834096650143e-06 3.0939555367547936e-06 2.8906801177525844e-06 3.0749047990967398e-06 
2.972442582048892e-06 2.9875285992292243e-06 3.092682162763483e-06 2.8894003201104795e-06 3.0736427767682532e-06 
2.968248978557114e-06 2.983364503176528e-06 3.0878707918146138e-06 2.884866807899811e-06 3.0689267407272858e-06 
2.9743060190852737e-06 2.9891964398976635e-06 3.0935347842235935e-06 2.8906718957303558e-06 3.0747265085839013e-06 
2.9695935258385152e-06 2.9844014016236133e-06 3.0887204416575937e-06 2.8858836660666492e-06 3.0699555909209974e-06 
2.974477849222697e-06 2.989863336326995e-06 3.0936621450939316e-06 2.890911127922861e-06 3.0747068083557967e-06 
2.968961745967072e-06 2.9845058864479423e-06 3.088523244553275e-06 2.885626277660241e-06 3.0694554977978024e-06 
2.9802341197845597e-06 2.9950211264624324e-06 3.0982995108374024e-06 2.8959498635378606e-06 3.0797187373752407e-06 
2.9795423583275986e-06 2.994497411126557e-06 3.09761589045668e-06 2.8952932935715306e-06 3.078981341338533e-06 
2.981076128289839e-06 2.994565178227086e-06 3.0996019842679986e-06 2.896805807971793e-06 3.0813485979225273e-06 
2.9804980454445048e-06 2.9941132698227604e-06 3.099137226825691e-06 2.8963124006607994e-06 3.0808254481539065e-06 
2.98778131863359e-06 3.001253885132355e-06 3.106093775834766e-06 2.9033971692900192e-06 3.0878808187653512e-06 
2.9867705661685465e-06 2.999741814756568e-06 3.1045326419724614e-06 2.9019925455469947e-06 3.0865689204223054e-06 
2.9704825400681815e-06 2.984733998677721e-06 3.088640287896143e-06 2.8861397383138182e-06 3.070212183533569e-06 
2.9786680269431464e-06 2.991921627204945e-06 3.0959884520455417e-06 2.8936923831108244e-06 3.078011896401554e-06 
2.9811549451040443e-06 2.99460918117819e-06 3.098527678721954e-06 2.896247095277452e-06 3.080479460439569e-06 
2.990805150170146e-06 3.0036549371914007e-06 3.1085999360231964e-06 2.906026896244502e-06 3.090668176511749e-06 
3.0037882372841024e-06 3.0160926429186064e-06 3.1202542255658217e-06 2.918197999232235e-06 3.1027153418482734e-06 
3.0058153643673907e-06 3.0181099678683572e-06 3.1221662573926847e-06 2.9201627580688674e-06 3.104649641198517e-06 
3.0033909739824368e-06 3.015993337660484e-06 3.1199095370205183e-06 2.917883434952424e-06 3.1022688660231573e-06 
3.0090995469552024e-06 3.021882979903421e-06 3.1260325315890265e-06 2.923855933531475e-06 3.108264972058529e-06 
3.0254257015602892e-06 3.0380401092254692e-06 3.143131570071314e-06 2.9405888840144163e-06 3.1252848428484664e-06 
3.0227967689957798e-06 3.0349386782987344e-06 3.139638799194069e-06 2.937399749001427e-06 3.122085417557756e-06 
3.0242129603890446e-06 3.036282299968971e-06 3.1409591959283426e-06 2.938751897212656e-06 3.123444476594485e-06 
3.0207054370057025e-06 3.032552009416863e-06 3.13729284001911e-06 2.935114177001802e-06 3.1198747175181373e-06 
3.020254832871795e-06 3.032822023079108e-06 3.1370284617023013e-06 2.9348955440642606e-06 3.1193541752591057e-06 
3.0228740747353365e-06 3.0356932126220965e-06 3.13956676511419e-06 2.9375194439334355e-06 3.121827245088793e-06 
3.0233622195484686e-06 3.036229775418677e-06 3.14007805629537e-06 2.9380295207142533e-06 3.122319476296632e-06 
3.018069547495663e-06 3.030998845933117e-06 3.1344623373033952e-06 2.9325680326202917e-06 3.1167394184828895e-06 
3.0157337851023887e-06 3.0283586102869045e-06 3.132353065107147e-06 2.9302968469989173e-06 3.1146872389689973e-06 
3.012737850889598e-06 3.0260126417904286e-06 3.1307848294967023e-06 2.9281958007364047e-06 3.112675812569857e-06 
3.0138606076799227e-06 3.0261192279092807e-06 3.131262383401648e-06 2.928782143537885e-06 3.1135790187016843e-06 
3.006011585587959e-06 3.017720323060668e-06 3.1227763559096747e-06 2.920478303609553e-06 3.1053726473743923e-06 
3.003396178883747e-06 3.0159817542589046e-06 3.120996319817941e-06 2.9184754631026012e-06 3.103178543363912e-06 
3.003676173242551e-06 3.016255550162084e-06 3.121240123548229e-06 2.9187347797812678e-06 3.1034303568856617e-06 
3.009236756241474e-06 3.0216639995267463e-06 3.1268814760151503e-06 2.9243174361641493e-06 3.1091049871114865e-06 
3.0201669328134483e-06 3.0329668031961122e-06 3.1383428555469383e-06 2.935616654092225e-06 3.1203594889657296e-06 
3.026799058528006e-06 3.0400672533919772e-06 3.145230785716343e-06 2.942480158266993e-06 3.127057542567714e-06 
3.0279856854175103e-06 3.041019833436085e-06 3.146052184359966e-06 2.943424938596417e-06 3.1280134450273968e-06 
3.0231601019092197e-06 3.0358816839524993e-06 3.141245637373943e-06 2.9385488429757445e-06 3.1233016450458848e-06 
3.0136371901807694e-06 3.027161285928091e-06 3.132438735865138e-06 2.929555814039189e-06 3.114124607035688e-06 
3.0172212896254056e-06 3.031392592051891e-06 3.136436714804673e-06 2.9334887803667127e-06 3.117850517205164e-06 
3.0189552707884542e-06 3.0337872857210563e-06 3.138440347377757e-06 2.9354937477786617e-06 3.1196023149699343e-06 
3.011290092854017e-06 3.025948035586583e-06 3.130657001249042e-06 2.9277243926782247e-06 3.1118940298655907e-06 
3.0118042140950303e-06 3.0263098716231398e-06 3.131065377081299e-06 2.9281528776058812e-06 3.1123677010496934e-06 
3.0078006511624382e-06 3.0224551479412674e-06 3.1271667619774145e-06 2.9242306039212005e-06 3.1084053705602085e-06 
3.007170919534044e-06 3.0207710977996643e-06 3.126045342563577e-06 2.923137394866548e-06 3.1076958492096207e-06 
3.0066496152587235e-06 3.0200298159327677e-06 3.1252934825284493e-06 2.922448816801505e-06 3.107051535425182e-06 
3.004812826846948e-06 3.018014592105036e-06 3.123376440972886e-06 2.9205338808459618e-06 3.1052038611400174e-06 
3.005317126559404e-06 3.018410342540852e-06 3.1242209906057846e-06 2.921206787348321e-06 3.1060247972335724e-06 
3.001824454209598e-06 3.0152071116513455e-06 3.1209026730270313e-06 2.9178591138291507e-06 3.102587177249833e-06 
3.0050516940833524e-06 3.0180064477193355e-06 3.1239298025036167e-06 2.9209020839398524e-06 3.1057811447082845e-06 
3.0041002555582446e-06 3.017128197834257e-06 3.1230827927435387e-06 2.9200205684999816e-06 3.10489379197669e-06 
3.004173613535752e-06 3.0172707946083514e-06 3.1231391215238015e-06 2.9200969726538178e-06 3.1049314043937557e-06 
3.019494869814177e-06 3.031590542573991e-06 3.13833187272872e-06 2.9351834887409316e-06 3.1204564435525968e-06 
3.0218653756484297e-06 3.0338944645137413e-06 3.140656538074901e-06 2.9375190497108557e-06 3.122809368716117e-06 
3.023655397612763e-06 3.035694506064733e-06 3.1424477688194767e-06 2.939313161572707e-06 3.124597101961758e-06 
3.0180661661756694e-06 3.030956084939083e-06 3.137153050430115e-06 2.93403261516033e-06 3.118988059917285e-06 
3.029277519095528e-06 3.0412064253141778e-06 3.147999286462039e-06 2.944881939350984e-06 3.130194344708997e-06 
3.03685478322177e-06 3.0490441076439733e-06 3.156094421466556e-06 2.95279936907449e-06 3.1381201036262515e-06 
3.0397768238035365e-06 3.0522384606247325e-06 3.158680885581877e-06 2.9555859554970242e-06 3.1406781337879694e-06 
3.0392533762256273e-06 3.0513282812519782e-06 3.1580216694159497e-06 2.9549184545425056e-06 3.1401624279055703e-06 
3.0412844934900932e-06 3.0538326286462735e-06 3.1602616302404443e-06 2.957150808267982e-06 3.1422194279328183e-06 
3.043838955373725e-06 3.05585233373712e-06 3.162607121510993e-06 2.9594973111012305e-06 3.144766638200777e-06 
3.0415583997184692e-06 3.054565041985316e-06 3.1603511230828094e-06 2.957404819808087e-06 3.1421970847534775e-06 
3.042545714954219e-06 3.0556852012092347e-06 3.1612671845365743e-06 2.95837761746437e-06 3.143083645669434e-06 
3.0366450484923136e-06 3.050190254077852e-06 3.1553200871033823e-06 2.9525192706528e-06 3.1370184007271367e-06 
3.0289971881998592e-06 3.0415499540017777e-06 3.147346043388909e-06 2.9445059514264794e-06 3.1294096827632464e-06 
3.027648573248578e-06 3.0400974749498317e-06 3.1459427262299927e-06 2.943107371035486e-06 3.1280481113045673e-06 
3.0287100348175495e-06 3.040968135425843e-06 3.1466571468771916e-06 2.9439446573623806e-06 3.1288805013925114e-06 
3.0273565367373243e-06 3.0397988145355593e-06 3.14556983431185e-06 2.9427693378415857e-06 3.1276909624413065e-06 
3.0273419600240028e-06 3.039820325101859e-06 3.145592206857527e-06 2.9427815525767524e-06 3.127695848123675e-06 
3.0288485581446638e-06 3.0410460288828297e-06 3.1467333955295913e-06 2.9440382197247073e-06 3.128986151993493e-06 
3.029926233096822e-06 3.042188927916187e-06 3.1479260046777736e-06 2.9451917728759362e-06 3.130138921547536e-06 
3.0315347462492155e-06 3.0437735183783263e-06 3.149692653981515e-06 2.946884565452976e-06 3.1318861768169987e-06 
3.031710021296369e-06 3.0439342965634837e-06 3.1498255861576084e-06 2.9470340929051054e-06 3.132030761037147e-06 
3.032024722081906e-06 3.0450308613903578e-06 3.15059348606276e-06 2.9477387853777095e-06 3.1324783415401035e-06 
3.0244084808471063e-06 3.037913159447754e-06 3.1437165563302768e-06 2.940613209221777e-06 3.125321929114262e-06 
3.021391060880966e-06 3.0346981236880004e-06 3.1405806941590733e-06 2.937492014358877e-06 3.1222679823599812e-06 
3.0076396371957047e-06 3.0232888325620424e-06 3.128689998938941e-06 2.925183169691156e-06 3.1093343100457074e-06 
3.0022529854080772e-06 3.0181300761025314e-06 3.123941190419887e-06 2.920188316525359e-06 3.104407459920347e-06 
3.0011281567155154e-06 3.0169356275915767e-06 3.1228430038844182e-06 2.919064686625188e-06 3.1033266277366787e-06 
3.0086256653651116e-06 3.0238425666052023e-06 3.1299237709880647e-06 2.9262296533946855e-06 3.1106610509139804e-06 
3.005492351430587e-06 3.0205821162288593e-06 3.12668264888245e-06 2.9230103578195814e-06 3.10747811543086e-06 
3.02204641470164e-06 3.037765069721804e-06 3.1432855135887386e-06 2.93972089509462e-06 3.1238747124845753e-06 
3.020215880968022e-06 3.0360099180564416e-06 3.139796426987031e-06 2.9369860943390785e-06 3.120641767339541e-06 
3.0206148298874392e-06 3.037561882936699e-06 3.141047640429828e-06 2.9380696669463215e-06 3.1213891889470223e-06 
3.0172490076701908e-06 3.0341901645161425e-06 3.1377444497893905e-06 2.9347340383165714e-06 3.1180776855473583e-06 
3.0264389778796575e-06 3.044098424810798e-06 3.1481025385811193e-06 2.9447121148209897e-06 3.1280136035565962e-06 
3.018624618112057e-06 3.0362600040084308e-06 3.1391839924253087e-06 2.9362774037344e-06 3.11928928994217e-06 
3.0189720751985706e-06 3.036330459083427e-06 3.139541894085651e-06 2.9365783470789637e-06 3.119732002431586e-06 
3.024404260388229e-06 3.042409910057074e-06 3.1443887783687914e-06 2.9418189709109356e-06 3.1244742215312577e-06 
3.0258496410850826e-06 3.0449427544696274e-06 3.146408926007904e-06 2.9437899901489456e-06 3.126057251738962e-06 
3.0149628345224207e-06 3.0351610105427283e-06 3.1360805814396703e-06 2.933414168640344e-06 3.1152904074478963e-06 
3.0229091414681165e-06 3.042566330877129e-06 3.144139681704668e-06 2.941323328434373e-06 3.1234990228379603e-06 
3.022491928963052e-06 3.0418354952085805e-06 3.1430964580664778e-06 2.9405027251784094e-06 3.122659167796637e-06 
3.015510262788225e-06 3.035134952890145e-06 3.1363436112740895e-06 2.9336942726702457e-06 3.115780725581308e-06 
3.0165559627524187e-06 3.0362512063143605e-06 3.137246000724762e-06 2.9346767410777113e-06 3.1166849421706995e-06 
3.0167028168078504e-06 3.0363577843891096e-06 3.137386729391303e-06 2.9348124800226304e-06 3.11683929580097e-06 
3.0197776505572586e-06 3.0391632167547373e-06 3.1401976382698526e-06 2.93769367307837e-06 3.119778502899339e-06 
3.0290073913729045e-06 3.047701002011144e-06 3.148921927082049e-06 2.9465218641421327e-06 3.128803238676435e-06 
3.0290195774391484e-06 3.0477128523902205e-06 3.148933787805925e-06 2.946533819356813e-06 3.1288152577089507e-06 
3.046276669723817e-06 3.0646117078249636e-06 3.165213002401586e-06 2.9632074694963627e-06 3.1453688584497007e-06 
3.046292366355286e-06 3.064602426561672e-06 3.1652292958395683e-06 2.9632185951462035e-06 3.145392874372078e-06 
3.0457113383311066e-06 3.0642805185401685e-06 3.16498345488993e-06 2.9628689659483152e-06 3.145009655604219e-06 
3.0460650187477652e-06 3.0651498977565594e-06 3.165188705807247e-06 2.9632447361361075e-06 3.1450781867336695e-06 
3.047759974184386e-06 3.067361812285596e-06 3.1672359518860397e-06 2.96523394071567e-06 3.1469040885169102e-06 
3.0441789835663564e-06 3.0605112567820506e-06 3.1626978412170762e-06 2.960493891187499e-06 3.1435509996994054e-06 
3.044858608715152e-06 3.0613037789967797e-06 3.1636454667337385e-06 2.961341216893955e-06 3.1444181640899474e-06 
3.0385098441399175e-06 3.0543753487880742e-06 3.1558355503933667e-06 2.9540851098132985e-06 3.1370359432157857e-06 
3.0390551293228576e-06 3.0549152026570355e-06 3.156405701063236e-06 2.9546432551772196e-06 3.1376035564706954e-06 
3.04090350801271e-06 3.056584744881614e-06 3.1581496767277293e-06 2.956402807985394e-06 3.1394208408911576e-06 
3.0398858586604486e-06 3.055632346837397e-06 3.157022248007967e-06 2.95533765254468e-06 3.1382915576811723e-06 
3.0383269126141908e-06 3.0530134139789512e-06 3.153788589230595e-06 2.9526763001774273e-06 3.1356711828626706e-06 
3.0411808514777138e-06 3.055566286989978e-06 3.1563177952758507e-06 2.9553019375655944e-06 3.138348886307218e-06 
3.0403857163754618e-06 3.0547432345222323e-06 3.1553046859529418e-06 2.954384711377377e-06 3.1373812208392117e-06 
3.0407029578529207e-06 3.0549960299638408e-06 3.1555843354781145e-06 2.954669837906378e-06 3.137687322535314e-06 
3.0402009559958082e-06 3.0545239703817028e-06 3.1550551252323117e-06 2.9541586772805733e-06 3.137153363593322e-06 
3.0336367928204557e-06 3.0473831688298955e-06 3.1482291788102683e-06 2.9473381151546047e-06 3.130552435178458e-06 
3.034778025527167e-06 3.048455211977501e-06 3.1493649283690964e-06 2.948464263186556e-06 3.131710640326212e-06 
3.0392964488068583e-06 3.0546987599817497e-06 3.1559535576425362e-06 2.954423994615081e-06 3.137411173771218e-06 
3.0396127993783713e-06 3.055562967584115e-06 3.156708279104944e-06 2.955081599004022e-06 3.1379207601061586e-06 
3.041134632216607e-06 3.0568783999759505e-06 3.1581764827511494e-06 2.9565362509048666e-06 3.1394624051854685e-06 
3.0359352368137724e-06 3.0509271055179203e-06 3.1525756456572626e-06 2.9509719454444034e-06 3.134164800625728e-06 
3.0368561192495125e-06 3.051757368127374e-06 3.153452301346462e-06 2.951852622170716e-06 3.135077141893329e-06 
3.0383666763215327e-06 3.053090037580553e-06 3.155075041698763e-06 2.953391082529517e-06 3.1367364897090814e-06 
3.029894373923728e-06 3.0441118236067416e-06 3.1463553588992226e-06 2.944681674522958e-06 3.12821742354509e-06 
3.0053185416254894e-06 3.020611942321404e-06 3.1227712786693e-06 2.9208213938637128e-06 3.1041327042540316e-06 
3.002948237793672e-06 3.0184997357433497e-06 3.1204460483407935e-06 2.9185222978421388e-06 3.101719458832085e-06 
2.993743619959385e-06 3.0091418621998127e-06 3.110756052182454e-06 2.909017693775638e-06 3.0921599372583803e-06 
2.987861643104294e-06 3.0043684953299364e-06 3.105786971812505e-06 2.9038351780884234e-06 3.0866914231667494e-06 
2.9860297729481605e-06 3.002709451693792e-06 3.104528407676412e-06 2.9023449530451118e-06 3.085282700895838e-06 
2.997972427091499e-06 3.01462442772583e-06 3.116712847847163e-06 2.914425020783028e-06 3.0974338262741976e-06 
2.997904736621455e-06 3.014807627090491e-06 3.1164227159135283e-06 2.9142847934819215e-06 3.097102612458219e-06 
2.9944404539007448e-06 3.012003784865819e-06 3.1135476391088726e-06 2.911264068955851e-06 3.093922346478943e-06 
2.9873477474980506e-06 3.004057244830593e-06 3.106356516407853e-06 2.9039470115726402e-06 3.0870156107975225e-06 
2.9862004678153874e-06 3.002944576466062e-06 3.1053142046682755e-06 2.9028623811662124e-06 3.085944965400234e-06 
2.9724306268578094e-06 2.9894574654020536e-06 3.0925830600179937e-06 2.8897008137371282e-06 3.0729524218470577e-06 
2.972087225756729e-06 2.989631765385059e-06 3.092520237921893e-06 2.8896091909487658e-06 3.0726806805913353e-06 
2.971599451490214e-06 2.989097633552134e-06 3.09209341846784e-06 2.889145604044236e-06 3.072258161565807e-06 
2.9624536943707188e-06 2.980025017523257e-06 3.0831255792069017e-06 2.880102648485359e-06 3.063238655489508e-06 
2.9616073695183157e-06 2.978608994077404e-06 3.081777820575752e-06 2.8788722040894124e-06 3.062153306452236e-06 
2.9602642542783664e-06 2.977448362210826e-06 3.0806238701087126e-06 2.8776661553969774e-06 3.060910697229284e-06 
2.9627518793700444e-06 2.9804411194741378e-06 3.083985459037337e-06 2.8807329022914055e-06 3.063967215793014e-06 
2.9640033155833107e-06 2.9814582378333997e-06 3.0850735591574895e-06 2.881851236729375e-06 3.0651558343491567e-06 
2.964068050939132e-06 2.981537318155519e-06 3.085146901452304e-06 2.8819234848783515e-06 3.0652232400072425e-06 
2.9645396117488724e-06 2.9824896373788476e-06 3.0850523838504965e-06 2.8821753198108626e-06 3.065073581240032e-06 
2.9642623655734365e-06 2.982460920519875e-06 3.0847057870730403e-06 2.8819074525454607e-06 3.064660961689694e-06 
2.964772658714153e-06 2.983035232248909e-06 3.0853533631841916e-06 2.8825057080196947e-06 3.065265397533465e-06 
2.956458960519866e-06 2.9733239933765727e-06 3.0759214731407124e-06 2.873305218928618e-06 3.0564592470225357e-06 
2.957584642567989e-06 2.9748786313530977e-06 3.076555613427073e-06 2.874246423711517e-06 3.0570417336405197e-06 
2.95478314311235e-06 2.972449211851483e-06 3.0740308981552783e-06 2.8716643019080515e-06 3.054354517659352e-06 
2.9577378704735143e-06 2.9762336870564944e-06 3.076982462825653e-06 2.87478170620252e-06 3.0570466568518453e-06 
2.963980264592615e-06 2.9821602313233386e-06 3.083685266148073e-06 2.881218539519833e-06 3.063770279751e-06 
2.9659513213945124e-06 2.9837552084328447e-06 3.085401607267945e-06 2.882980179096555e-06 3.065646788441926e-06 
2.967118624801151e-06 2.9857940938036334e-06 3.086669120616643e-06 2.8843726154178593e-06 3.0666246290188205e-06 
2.967476811452927e-06 2.9862145791477106e-06 3.087207946750256e-06 2.884841345340342e-06 3.0671136067326613e-06 
2.958325341185478e-06 2.976929226947661e-06 3.0777925227895806e-06 2.8755115011373484e-06 3.057785484889558e-06 
2.9786728336121575e-06 3.0002209646478492e-06 3.099582339916802e-06 2.897245833916236e-06 3.0784086458660717e-06 
2.9798580958134614e-06 3.001615897485834e-06 3.1009043802019018e-06 2.8985486890372544e-06 3.079641878420471e-06 
2.980597969466996e-06 3.002199426446692e-06 3.1015771141344295e-06 2.899221314566832e-06 3.080374783515408e-06 
2.9808746760028767e-06 3.002364946690652e-06 3.101874318355741e-06 2.8994869498994384e-06 3.0807033815786576e-06 
2.9679336594612694e-06 2.9890058526645547e-06 3.089105614328398e-06 2.886542946946144e-06 3.0680385671091393e-06 
2.969484820129536e-06 2.9900299433897127e-06 3.090662548639448e-06 2.8879938953644877e-06 3.06975945491989e-06 
2.9814735288032497e-06 3.0019473903302715e-06 3.102681427116796e-06 2.8999965443565784e-06 3.0817940392980946e-06 
2.956155250002478e-06 2.976788672715573e-06 3.0779433155942244e-06 2.8750021819734325e-06 3.056911992248754e-06 
2.957763107334993e-06 2.978479852810139e-06 3.079045990062844e-06 2.87635207797303e-06 3.058073053605646e-06 
2.959637770646992e-06 2.980885013231568e-06 3.0812144793593147e-06 2.878494248104961e-06 3.0600258710147666e-06 
2.9739532679583087e-06 2.9944526854159784e-06 3.0947060384561686e-06 2.892226425687267e-06 3.0738879169134875e-06 
2.9750449088956177e-06 2.9957638600689484e-06 3.096707339380675e-06 2.893858297528145e-06 3.0756678038596036e-06 
2.966816020428273e-06 2.9869704987257856e-06 3.088762088648066e-06 2.8856661166937277e-06 3.0678527765410814e-06 
2.9698072339738162e-06 2.9904331786759772e-06 3.0920702915607493e-06 2.8889264979184995e-06 3.070959822600046e-06 
2.9664691301893753e-06 2.9865875848109987e-06 3.088161959923451e-06 2.885172879614665e-06 3.0673064622697273e-06 
2.968003938289861e-06 2.9882020103108386e-06 3.090094207435757e-06 2.8869429278138397e-06 3.0691468959094838e-06 
2.9780399673393616e-06 2.9979929130372537e-06 3.0995776013301704e-06 2.8966374739830823e-06 3.0787984540039037e-06 
2.972430865708523e-06 2.9915607344087518e-06 3.093442389627588e-06 2.8905746303120325e-06 3.073009846016783e-06 
2.972223828356953e-06 2.991114218670081e-06 3.0930401904141925e-06 2.890214168350803e-06 3.0727153633652908e-06 
2.9777431874430545e-06 2.996758210948188e-06 3.0990855874306904e-06 2.8960513183480042e-06 3.0786327430986958e-06 
2.9716806968565978e-06 2.9918296907940157e-06 3.0934345798257615e-06 2.8904289273026333e-06 3.0725585997579804e-06 
2.9666746001575677e-06 2.9870259231447038e-06 3.0886120148081432e-06 2.8855582530503083e-06 3.067642562178742e-06 
2.9699092210900917e-06 2.9902197033460597e-06 3.092185904747931e-06 2.888974488387964e-06 3.0711718758570445e-06 
2.970763447710529e-06 2.9906490441964975e-06 3.092783744725767e-06 2.889605872867964e-06 3.071945599374404e-06 
2.9692199678328625e-06 2.9893158753602037e-06 3.091225132682247e-06 2.888093446555724e-06 3.0703239180549146e-06 
2.966385347750517e-06 2.986808698651175e-06 3.0882798408939927e-06 2.885259276067061e-06 3.067295080136042e-06 
2.9679818951346358e-06 2.9886441904165916e-06 3.0900262871624294e-06 2.8869864643280686e-06 3.068941363875361e-06 
2.984983427446972e-06 3.005648408575682e-06 3.106451005814092e-06 2.9036892804637623e-06 3.085459751019227e-06 
2.9841911725757845e-06 3.0049879826936686e-06 3.1057429566816923e-06 2.9029683261815413e-06 3.084696388913205e-06 
2.985714719226892e-06 3.0062966375144326e-06 3.106836495797917e-06 2.90421630996175e-06 3.0859291509248266e-06 
2.983119686845595e-06 3.0045216272302007e-06 3.1048716051466637e-06 2.9021253237812644e-06 3.0836020263380275e-06 
2.987814498763148e-06 3.008227504831522e-06 3.109668269541061e-06 2.906684654812755e-06 3.0886907780293437e-06 
2.9859924797895594e-06 3.006420066002164e-06 3.1077898479593968e-06 2.904832849709687e-06 3.086817491606983e-06 
2.9706143814162146e-06 2.9910213505411846e-06 3.0917827443341006e-06 2.889092110364601e-06 3.0709243441557443e-06 
3.005696866794943e-06 3.027359043262346e-06 3.1267425098114165e-06 2.9243926549935427e-06 3.1055067041355993e-06 
3.0070739864181707e-06 3.028690385199381e-06 3.128084782172744e-06 2.925742970116159e-06 3.106868992078305e-06 
3.0168047372456787e-06 3.0391527537420518e-06 3.1384982763136976e-06 2.936001135990289e-06 3.1169373460381816e-06 
3.0208097142105265e-06 3.043444008178064e-06 3.142636555671903e-06 2.9401403902602104e-06 3.120962940345699e-06 
3.013011187725598e-06 3.035267884448946e-06 3.134913367858603e-06 2.9322988262298446e-06 3.11334664183625e-06 
3.0146902530125473e-06 3.0369401594837903e-06 3.136581970252087e-06 2.9339724170398935e-06 3.1150189034574383e-06 
3.010073883144846e-06 3.031390349700199e-06 3.130467490599943e-06 2.928351561764491e-06 3.1094487662372466e-06 
3.0190459310318765e-06 3.0391135279350997e-06 3.1387541281264315e-06 2.9367110458702687e-06 3.118240763010268e-06 
3.015394162782056e-06 3.0352574228100666e-06 3.1351705716532434e-06 2.933051776992768e-06 3.1147102691776816e-06 
3.0149354592813235e-06 3.034826142812495e-06 3.1348270889543593e-06 2.9326603409816117e-06 3.1143389282253554e-06 
3.0116640006224567e-06 3.0322466783037423e-06 3.1322628942173126e-06 2.929906545131246e-06 3.1114396655168936e-06 
3.000819737395214e-06 3.0222085775616097e-06 3.1216199171771214e-06 2.919322796625601e-06 3.100511586453355e-06 
2.9934831370527337e-06 3.0140686294515788e-06 3.1141018668201373e-06 2.9117196072782076e-06 3.0932767348201746e-06 
3.000926165532282e-06 3.021020543252246e-06 3.1206248348669186e-06 2.9185741551070555e-06 3.100106899575386e-06 
3.0072326509121696e-06 3.0275279421269967e-06 3.1268538587024387e-06 2.9248852950345173e-06 3.1062851371523537e-06 
3.007129909938782e-06 3.0270247398931578e-06 3.1266665907491377e-06 2.9246566105881857e-06 3.1062375910138974e-06 
3.0092969610252225e-06 3.0292901613828353e-06 3.1290131736139505e-06 2.9269422066955664e-06 3.1085229808906982e-06 
3.009920084509151e-06 3.0296484541616363e-06 3.12937980053828e-06 2.927374718912998e-06 3.109015537437996e-06 
3.0095985421335703e-06 3.0293374817444592e-06 3.1289677530347337e-06 2.9270062239131484e-06 3.108615387424258e-06 
3.0073875157555618e-06 3.027669192588824e-06 3.1271684771543885e-06 2.925123630431928e-06 3.1065772356972552e-06 
3.00476798256494e-06 3.0249888200793856e-06 3.1245581268834495e-06 2.9224943305612973e-06 3.10398474424196e-06 
3.0049835031797044e-06 3.0252119768736104e-06 3.1265070142848003e-06 2.9236529290072573e-06 3.105640522757381e-06 
3.0052338100762017e-06 3.0254754796516404e-06 3.126768765795914e-06 2.9239123235340826e-06 3.1058961891173905e-06 
3.0046767400666637e-06 3.0248965939088755e-06 3.1262014099124126e-06 2.9233448169060957e-06 3.105337462482795e-06 
3.0049332178710103e-06 3.0252850149300427e-06 3.1266132845353402e-06 2.9237124719087627e-06 3.1056819039685295e-06 
2.9998292889776365e-06 3.021541353864616e-06 3.1225727262264703e-06 2.919455012166867e-06 3.1010375012335478e-06 
2.9974223911428147e-06 3.019450412566419e-06 3.1202880597067452e-06 2.9171756866247557e-06 3.0986336530385085e-06 
2.9988340256106058e-06 3.0205074692223673e-06 3.120289735694124e-06 2.9177479157213954e-06 3.0989826028839188e-06 
3.0150813145463095e-06 3.035015912886696e-06 3.134455005570462e-06 2.9325358378300344e-06 3.1140398877251183e-06 
3.0130471396663407e-06 3.0330027715687216e-06 3.1321892547288473e-06 2.9303794683521815e-06 3.1118065966906052e-06 
3.024398157340281e-06 3.044364086928554e-06 3.1437161352302043e-06 2.9418378937325696e-06 3.1232994025224156e-06 
3.025261350438515e-06 3.0452650209629046e-06 3.1444261289475586e-06 2.942627192653296e-06 3.1240231320841956e-06 
3.026138591771739e-06 3.0462683269172855e-06 3.1453465746183823e-06 2.943553858664267e-06 3.124896696410771e-06 
3.031615250160373e-06 3.0524349038592915e-06 3.150084653672101e-06 2.9487815880104254e-06 3.129541301627552e-06 
3.0302905945154674e-06 3.051071791300309e-06 3.1486961010344634e-06 2.9474137777422696e-06 3.128175676298063e-06 
3.0354738871123545e-06 3.056560677097147e-06 3.154182466331521e-06 2.952826129938712e-06 3.133514745027015e-06 
3.0350621240987774e-06 3.0562685341444812e-06 3.1531420253576345e-06 2.9521050315840023e-06 3.1325419576327376e-06 
3.0349442590490602e-06 3.056021985782896e-06 3.15318683320041e-06 2.952046552225504e-06 3.132599991251896e-06 
3.036084140912671e-06 3.0569755923396684e-06 3.1541197195783796e-06 2.953039273562571e-06 3.133625871208554e-06 
3.0309952401337532e-06 3.0520535982479913e-06 3.149119363492632e-06 2.948026948600613e-06 3.1285588969160996e-06 
3.0287033520857453e-06 3.0496824473312133e-06 3.1468574006287495e-06 2.9457323115641307e-06 3.126317099805769e-06 
3.0272153085330874e-06 3.047972540194025e-06 3.144895685962289e-06 2.9439461432124444e-06 3.1245044705974384e-06 
3.0272034531812144e-06 3.0482071829868454e-06 3.1453799421138377e-06 2.9442479616474397e-06 3.1248283331289674e-06 
3.037833094094076e-06 3.0587227858223627e-06 3.1554330705535862e-06 2.9545591688551833e-06 3.135012425955469e-06 
3.0289008726083955e-06 3.0494356153009496e-06 3.14541941475434e-06 2.944975429156683e-06 3.1252921482747706e-06 
3.0208366211896593e-06 3.0416194700147353e-06 3.1371061578119804e-06 2.93682502409439e-06 3.1169434751393403e-06 
3.0232810888109586e-06 3.043869459394444e-06 3.1402394890192666e-06 2.9395923241937045e-06 3.1200225076960783e-06 
3.023597792304804e-06 3.044468060458135e-06 3.140277861475958e-06 2.939822130634419e-06 3.1200187890591556e-06 
3.028378025209786e-06 3.0498608340467857e-06 3.145102307096841e-06 2.9447592723630568e-06 3.1246427279377762e-06 
3.027968459028598e-06 3.0495920069416952e-06 3.144686647239852e-06 2.9443759465106913e-06 3.124183879461295e-06 
3.0293001546077316e-06 3.050593559109551e-06 3.1457343334553024e-06 2.9454906260183464e-06 3.1253826463778035e-06 
3.0278471699811855e-06 3.049845212768063e-06 3.1448626687106994e-06 2.944489504955227e-06 3.124192500944037e-06 
3.0170424115180063e-06 3.039788186305987e-06 3.133888426215946e-06 2.9337457462084642e-06 3.1130126235189625e-06 
3.018639923113964e-06 3.0415734584408174e-06 3.1356960169150216e-06 2.9354947053368776e-06 3.1147258873523026e-06 
3.011718439477161e-06 3.0337100528094487e-06 3.1290262206037933e-06 2.9284966724562664e-06 3.1083112587905667e-06 
3.0118087527463725e-06 3.0338285771387176e-06 3.1291626163275218e-06 2.9286172191913626e-06 3.10843107954293e-06 
3.0079271184420952e-06 3.0298973475427243e-06 3.125027710045515e-06 2.9245885241466665e-06 3.104354529121332e-06 
3.005833941530985e-06 3.027580788902915e-06 3.1227904172191887e-06 2.9223704515355224e-06 3.102211787250447e-06 
3.0010433354097415e-06 3.0229009780435475e-06 3.11813408325434e-06 2.917668894155489e-06 3.0974987956296614e-06 
2.997616908386382e-06 3.0195017399836836e-06 3.11491928250387e-06 2.914355772010693e-06 3.094240544168403e-06 
2.9977921642129795e-06 3.0189423604800017e-06 3.114857816444327e-06 2.9142521725529142e-06 3.094449465763247e-06 
3.0030693626501343e-06 3.024147032071654e-06 3.1198608368135622e-06 2.9193754741529607e-06 3.0995204334825204e-06 
3.0028677276920988e-06 3.0240878695125383e-06 3.1197253362083226e-06 2.919238275812295e-06 3.099329138434022e-06 
3.012426884760615e-06 3.0344133267922934e-06 3.1301673284634615e-06 2.9294319874698644e-06 3.109381656400403e-06 
3.010923513409139e-06 3.0330781772058093e-06 3.12863993449638e-06 2.9279500381503534e-06 3.1078055788253157e-06 
3.012876085285388e-06 3.03454400347851e-06 3.130293744267137e-06 2.9296447439406725e-06 3.1096620497899856e-06 
3.0167883795466166e-06 3.039935435240306e-06 3.135129035408117e-06 2.9343597017801983e-06 3.113877651083807e-06 
3.016571674574211e-06 3.0403074112624835e-06 3.1345914806122083e-06 2.9341007322585052e-06 3.11320841512538e-06 
3.0162092882844792e-06 3.0398808952189577e-06 3.134222855870065e-06 2.933720888103894e-06 3.1128610628336755e-06 
3.014826228862449e-06 3.039685878920155e-06 3.133428256671979e-06 2.9329021548497167e-06 3.1115944968465767e-06 
3.0085039820991087e-06 3.0328080294669297e-06 3.1265018074563953e-06 2.9261368055652e-06 3.1049445369215717e-06 
3.0088673164418e-06 3.0331031239911753e-06 3.1269132990192744e-06 2.9265108047931965e-06 3.1053694434058395e-06 
3.0142404157009613e-06 3.0367941000573205e-06 3.1320766023606104e-06 2.9314177266909122e-06 3.111096369820627e-06 
3.013177538470656e-06 3.0358362720782066e-06 3.1311495287202356e-06 2.9304474964328066e-06 3.110113725172426e-06 
3.0133622390368618e-06 3.0360082369120623e-06 3.1313279795674315e-06 2.9306263860183333e-06 3.110297201000371e-06 
3.0132960885778364e-06 3.035886583159618e-06 3.1312600453313375e-06 2.930547442834664e-06 3.110247027097823e-06 
3.0121093598880654e-06 3.034731878736898e-06 3.130037790680933e-06 2.929347679592335e-06 3.109020782377289e-06 
3.0103350841222552e-06 3.033554123311632e-06 3.128803593673556e-06 2.927982737793032e-06 3.107509061803247e-06 
3.018989970763449e-06 3.0421868473581286e-06 3.1375265744467807e-06 2.9366772119504974e-06 3.1162265310659624e-06 
3.0267326343914145e-06 3.0504937087236057e-06 3.145096490722456e-06 2.944457369076844e-06 3.123646754730326e-06 
3.0347155941741703e-06 3.0585268491625887e-06 3.1528451579169923e-06 2.952336090058602e-06 3.1314176769982897e-06 
3.02798713621515e-06 3.052524519113895e-06 3.1459200506036066e-06 2.945656143585357e-06 3.124297551767758e-06 
3.0300603801908076e-06 3.0548122722581587e-06 3.148085801330199e-06 2.947826563535333e-06 3.1263800389309333e-06 
3.0229540438054758e-06 3.048822053170612e-06 3.141359911287774e-06 2.9411573663853373e-06 3.119239975479978e-06 
3.0169508574048377e-06 3.042853256429502e-06 3.1352908655546296e-06 2.935121662613057e-06 3.113171861740313e-06 
3.011705835586043e-06 3.037848544993719e-06 3.1303087685317783e-06 2.930061599161263e-06 3.1080709641511328e-06 
3.0031175208037196e-06 3.0296535026113135e-06 3.122260741384688e-06 2.921833763602335e-06 3.0998102439254656e-06 
3.0029749342768805e-06 3.0295539914755127e-06 3.1221276967571854e-06 2.921705587653462e-06 3.0996620511923784e-06 
3.0015104486958776e-06 3.0281907445680135e-06 3.1207515423843624e-06 2.920308266013386e-06 3.09823948879501e-06 
3.0105226858352688e-06 3.036526514175096e-06 3.1294572404341223e-06 2.9290193993275946e-06 3.1072081888732606e-06 
3.0100583500767315e-06 3.0361096615424795e-06 3.1289895133077233e-06 2.9285633309790544e-06 3.106726123953582e-06 
3.007863355437324e-06 3.0335161323477205e-06 3.1272160292291964e-06 2.9264991322893804e-06 3.1050083383488983e-06 
2.9981494502827817e-06 3.0234219241737333e-06 3.117307681748962e-06 2.916590509152175e-06 3.0952535011047666e-06 
3.004573555601993e-06 3.0297889816923994e-06 3.1234137880383736e-06 2.9228417848759957e-06 3.1014296690183277e-06 
3.019852755717139e-06 3.0451929441081156e-06 3.1389459437981465e-06 2.9382957864535498e-06 3.1168783100311344e-06 
3.016434142701006e-06 3.041987652216925e-06 3.135598003436322e-06 2.9349575544534094e-06 3.1134518594289242e-06 
3.0254183537632727e-06 3.0516547129128897e-06 3.144344766192547e-06 2.943976897300962e-06 3.1220217202577563e-06 
3.0223086498437903e-06 3.048286552259108e-06 3.1410930655055504e-06 2.940732848201717e-06 3.1188755626994955e-06 
3.022609732929832e-06 3.0486106792433685e-06 3.141343414075818e-06 2.9410128739943255e-06 3.119127051088843e-06 
3.03705976628122e-06 3.06410137670449e-06 3.1554983921129105e-06 2.9555562953946882e-06 3.1330008783515266e-06 
3.0076357175380282e-06 3.0351341370696706e-06 3.126240430767646e-06 2.9262924278862218e-06 3.1035752287944027e-06 
3.0050171516067857e-06 3.032403890657041e-06 3.1236064515308727e-06 2.92363801245864e-06 3.100979428176307e-06 
3.006877993562673e-06 3.0341692667120402e-06 3.125514650466067e-06 2.925503667105521e-06 3.10290962265077e-06 
3.005485953039286e-06 3.032957250503737e-06 3.124223595957394e-06 2.9242032213934803e-06 3.101545171058172e-06 
3.0063225676772225e-06 3.033934019038651e-06 3.1257844532224817e-06 2.925448496111923e-06 3.1029413145149072e-06 
3.0083641905209e-06 3.035888516487759e-06 3.1278322812320638e-06 2.92747579155114e-06 3.105015306336842e-06 
3.0072865534509292e-06 3.0338474503198905e-06 3.1259224556816055e-06 2.925748250072842e-06 3.103547909955477e-06 
3.0055188465114764e-06 3.0318333468828014e-06 3.12430057776206e-06 2.9239997635517034e-06 3.1019797157726418e-06 
3.0085826104697044e-06 3.034641609767251e-06 3.1271228998399156e-06 2.9268840945511127e-06 3.104922339545988e-06 
3.023912111507297e-06 3.0483608304255687e-06 3.1417088876435643e-06 2.9414868262410626e-06 3.120137533488265e-06 
3.0285538629207124e-06 3.0524808914846212e-06 3.1459764138451923e-06 2.9458244603840647e-06 3.1246311432073195e-06 
3.0312210215132814e-06 3.055110152231853e-06 3.148434526223607e-06 2.9483772787919377e-06 3.1271356908444984e-06 
3.0326431864968904e-06 3.056635145618518e-06 3.14998584687317e-06 2.9498903910193173e-06 3.128632916966669e-06 
3.0368817295343514e-06 3.0613249401410946e-06 3.154594162809557e-06 2.9544239965655133e-06 3.133036915004201e-06 
3.044665121483086e-06 3.0686071342300783e-06 3.1617229889012826e-06 2.96176524918513e-06 3.1404317300538583e-06 
3.0438733276288793e-06 3.0677195606207613e-06 3.1608145864008957e-06 2.9608912731809532e-06 3.1395730354641996e-06 
3.043878179313513e-06 3.067725612304978e-06 3.1608192337864215e-06 2.9608962861677813e-06 3.1395773382195227e-06 
3.0400271480320233e-06 3.063793898459773e-06 3.15708612253797e-06 2.9570850476742748e-06 3.135850476277961e-06 
3.0469345972986677e-06 3.070688329646908e-06 3.1640868404833924e-06 2.9640447926170904e-06 3.1428388814448195e-06 
3.0395214388361222e-06 3.0624488375842182e-06 3.1568986981433022e-06 2.9565628344293782e-06 3.135874321048109e-06 
3.0422278167976263e-06 3.065742788966389e-06 3.1605591630391296e-06 2.9598975823438316e-06 3.1391903178468554e-06 
3.0419498941306358e-06 3.0655319476174265e-06 3.1602954542629727e-06 2.959641252100196e-06 3.138903160202817e-06 
3.040738028112305e-06 3.0643359971187943e-06 3.1591615434763604e-06 2.9584725695365857e-06 3.1377513867206924e-06 
3.0432405424981564e-06 3.067254764683373e-06 3.1614939147723055e-06 2.960977953335186e-06 3.139980787182752e-06 
3.0404623184151345e-06 3.064647793769832e-06 3.1596785952419194e-06 2.9587398853833242e-06 3.137951277793188e-06 
3.0409362028736804e-06 3.065075249726277e-06 3.160123308689214e-06 2.9591888782038267e-06 3.138415409779172e-06 
3.0414640992022786e-06 3.0644695164723924e-06 3.160045252349595e-06 2.9591558007768827e-06 3.138795123426462e-06 
3.0416863122465416e-06 3.0643493132206323e-06 3.160060228671303e-06 2.9591963664559817e-06 3.138952378553121e-06 
3.041420182013876e-06 3.063794355531694e-06 3.159688556908267e-06 2.9588132791659002e-06 3.138689195205205e-06 
3.046641868459765e-06 3.068417489933692e-06 3.163978025794458e-06 2.9634232135014885e-06 3.1433219757477376e-06 
3.0591398810584946e-06 3.08075820704472e-06 3.176518972631395e-06 2.975922520505599e-06 3.1559037110161387e-06 
3.061908076639466e-06 3.0837118978755967e-06 3.179624533178194e-06 2.9789097507989308e-06 3.1588942314328502e-06 
3.071887372374099e-06 3.0939491639706513e-06 3.19014521523746e-06 2.989238020913763e-06 3.1692420990092856e-06 
3.063533295750201e-06 3.085978643676721e-06 3.181997989034105e-06 2.9810660165590935e-06 3.1609407071058677e-06 
3.0602828956146084e-06 3.0822482362381183e-06 3.1791176777661238e-06 2.9779077495416513e-06 3.15814982287059e-06 
3.0634822259919008e-06 3.0867335141923373e-06 3.1822043774273767e-06 2.9813214803612487e-06 3.160850574444456e-06 
3.0595890379604738e-06 3.082878803985443e-06 3.1787147043649197e-06 2.977645831914503e-06 3.1572818864869016e-06 
3.0589970585689702e-06 3.0822231998192226e-06 3.178048631987501e-06 2.9770006277420808e-06 3.1566482809876953e-06 
3.0589370562579705e-06 3.0822750199378152e-06 3.1779059246941697e-06 2.976920614678872e-06 3.156484218684957e-06 
3.0630702826371178e-06 3.086729671132174e-06 3.1826189440247464e-06 2.9814326618737722e-06 3.1609987411469343e-06 
3.0850343229902077e-06 3.1093752828895304e-06 3.2047520227888304e-06 3.003652000435408e-06 3.1828862683384276e-06 
3.0759442055625953e-06 3.101594049918935e-06 3.1959466484838837e-06 2.99498631800849e-06 3.1736223422115993e-06 
3.0868958586309206e-06 3.1123719006049596e-06 3.2075534815902788e-06 3.0062568364640525e-06 3.185173141869961e-06 
3.0923102235933834e-06 3.117186138475616e-06 3.212213929673137e-06 3.0111478546403218e-06 3.1901477352714277e-06 
3.0932071774753583e-06 3.1176854219766804e-06 3.2129470098223114e-06 3.011873546815955e-06 3.1910332860561107e-06 
3.094859724081594e-06 3.1190706738509616e-06 3.214385413250674e-06 3.013357181075289e-06 3.1925913972442527e-06 
3.1033486273186562e-06 3.1279460155687194e-06 3.2227721296860826e-06 3.0218830778078926e-06 3.2008724053124623e-06 
3.1015842797478678e-06 3.1263767305609293e-06 3.2207896944441432e-06 3.020044557201402e-06 3.1988651497831934e-06 
3.1157888205314844e-06 3.1412560838224863e-06 3.235396050890013e-06 3.0346200176317466e-06 3.2131899830223284e-06 
3.115721221682071e-06 3.1412477480759925e-06 3.235306647903703e-06 3.0345538334792286e-06 3.2130855463502893e-06 
3.119966423742634e-06 3.145593471901241e-06 3.239833206212242e-06 3.038972756469028e-06 3.2175329270462614e-06 
3.1198248084241123e-06 3.144847391688207e-06 3.2394257415019517e-06 3.0385597050819655e-06 3.2173603458648888e-06 
3.1136706583540056e-06 3.1385760820234448e-06 3.2335922329555358e-06 3.032543688955671e-06 3.211511002547561e-06 
3.1152053164811995e-06 3.1397630946827697e-06 3.2347836792321583e-06 3.0338237191469863e-06 3.2128690665749677e-06 
3.1223436897938585e-06 3.1474536338677452e-06 3.2419614424336285e-06 3.041108674430687e-06 3.219865389842067e-06 
3.1248981753693718e-06 3.149866703344063e-06 3.2446690962378466e-06 3.043715537893438e-06 3.222591706245814e-06 
3.12297273812321e-06 3.1478615901837483e-06 3.2427298560120386e-06 3.041763861995283e-06 3.2206801178884458e-06 
3.128970684229167e-06 3.1536863851640076e-06 3.248660530507817e-06 3.0476944043204034e-06 3.226675813979557e-06 
3.1288325763491097e-06 3.153549930806564e-06 3.2484943018673697e-06 3.047541697843231e-06 3.2265137782868106e-06 
3.129584749902263e-06 3.1541999432595907e-06 3.24920607456107e-06 3.0482512295522038e-06 3.227264386227462e-06 
3.1260485744024474e-06 3.1509282047187994e-06 3.2458219585795786e-06 3.044849074479713e-06 3.2237720183686007e-06 
3.1291510042996614e-06 3.1542497470140742e-06 3.2491437966992032e-06 3.0481174058268117e-06 3.2269877904758844e-06 
3.130333519808482e-06 3.155472446720827e-06 3.2503928334603874e-06 3.0493447916360054e-06 3.2282129070806483e-06 
3.133898457137167e-06 3.1591239469644383e-06 3.253792362163871e-06 3.0528444083184437e-06 3.231612323408443e-06 
3.131963570752006e-06 3.1574876385868974e-06 3.2522219480256697e-06 3.0511647893866326e-06 3.2298872145487335e-06 
3.1299353865383764e-06 3.155419569081981e-06 3.2508764856184656e-06 3.049487695352313e-06 3.2284405684539153e-06 
3.12271341685745e-06 3.147907434947211e-06 3.24296404296766e-06 3.0418307950460047e-06 3.2207357915059796e-06 
3.122739046456939e-06 3.1479332750620715e-06 3.243006252855203e-06 3.0418652615667655e-06 3.2207751629983156e-06 
3.125403688392589e-06 3.150267996656095e-06 3.246122392905464e-06 3.044700861261926e-06 3.2239194436193764e-06 
3.1100348559703963e-06 3.135127324038322e-06 3.2311922179983187e-06 3.0296003815643935e-06 3.2088461296511668e-06 
3.1192670229568833e-06 3.1444474466535523e-06 3.2403078698989173e-06 3.038797610021093e-06 3.217952348139265e-06 
3.1114582296394745e-06 3.1351106081766455e-06 3.2316154597907798e-06 3.030186869713088e-06 3.2098895971768603e-06 
3.1134622644754928e-06 3.1377016062788858e-06 3.2335138647370406e-06 3.032261118771191e-06 3.2116206855492922e-06 
3.1138873432954174e-06 3.138587125001315e-06 3.234270982613401e-06 3.032961004536893e-06 3.2121773080366306e-06 
3.115294544054078e-06 3.1394732714492924e-06 3.235401913572396e-06 3.0341117291040758e-06 3.213518262150513e-06 
3.1156967892162833e-06 3.1393899712235147e-06 3.235742560523737e-06 3.0343786251329316e-06 3.214021965440337e-06 
3.1238450287189907e-06 3.14627682157836e-06 3.241794080035029e-06 3.04115933680373e-06 3.220819990556304e-06 
3.12314228264761e-06 3.1445978330428154e-06 3.241764055154949e-06 3.0406060724042606e-06 3.2209845627444885e-06 
3.1302684561284583e-06 3.1516387041771826e-06 3.249588233796953e-06 3.0480923186960395e-06 3.2287178127230463e-06 
3.1304881530875007e-06 3.151400211569673e-06 3.24941284575694e-06 3.0480074240385325e-06 3.228752560712332e-06 
3.1317520677279737e-06 3.1526018336612505e-06 3.249953253359805e-06 3.0488752030931813e-06 3.2294336090334885e-06 
3.128602045309661e-06 3.1493001871043773e-06 3.2468040612940164e-06 3.045691486579339e-06 3.2263322843573964e-06 
3.1354458891370804e-06 3.1556449812112e-06 3.2531300049544742e-06 3.052164392826934e-06 3.2329010380165e-06 
3.1310508318914133e-06 3.1515936009011945e-06 3.248484890148811e-06 3.0477042894046004e-06 3.2281902846691448e-06 
3.1331417896176628e-06 3.153888786620485e-06 3.250633020643643e-06 3.0498696958487635e-06 3.2302644082782193e-06 
3.132944437171731e-06 3.1542182020736414e-06 3.2508007771554086e-06 3.0499744251645195e-06 3.2302054429368126e-06 
3.1333483916012308e-06 3.154344152709542e-06 3.2511304609684255e-06 3.0502816152636858e-06 3.230634925398595e-06 
3.1354973411552525e-06 3.156409241710107e-06 3.2533850702383253e-06 3.052470867111818e-06 3.232897965706848e-06 
3.1307804410319503e-06 3.151143814931814e-06 3.248002330273962e-06 3.047284629056105e-06 3.22779967034585e-06 
3.120535195315443e-06 3.141641549059774e-06 3.2377662920791818e-06 3.037189800885487e-06 3.217329639043814e-06 
3.1288924514114522e-06 3.1492837531923983e-06 3.2456866510654185e-06 3.0451758275222138e-06 3.2255470203444406e-06 
3.1273087916629485e-06 3.148080877570798e-06 3.244612419858228e-06 3.0439378305677933e-06 3.224267976879699e-06 
3.1267849116703045e-06 3.1478472662559334e-06 3.244367573150447e-06 3.0436209302164964e-06 3.223885220680294e-06 
3.1238513765324865e-06 3.144935098555117e-06 3.2414178284231716e-06 3.040680649411552e-06 3.2209318027824224e-06 
3.1246416234147777e-06 3.1459071507017745e-06 3.242625735467121e-06 3.041729799043147e-06 3.2220125543577395e-06 
3.1312638809963566e-06 3.1515754477133754e-06 3.2486237855156697e-06 3.0478305315972456e-06 3.2284142436565555e-06 
3.139697498423264e-06 3.159087659574518e-06 3.256546784874295e-06 3.0558126551831936e-06 3.236711396480763e-06 
3.139298342714538e-06 3.1587428620291195e-06 3.2561774769427603e-06 3.0554400329010054e-06 3.236320052019993e-06 
3.139976322581955e-06 3.1593928284756548e-06 3.2571264276319132e-06 3.056255950757493e-06 3.2372323170207742e-06 
3.1388347592904026e-06 3.1579426008455255e-06 3.2559321567769895e-06 3.0550224966900085e-06 3.236143948981005e-06 
3.133501218031455e-06 3.152575046881559e-06 3.250758599893106e-06 3.049761947044673e-06 3.230954817717491e-06 
3.1372409972127765e-06 3.156680472283741e-06 3.2551702830934778e-06 3.053936008780351e-06 3.2351386151497145e-06 
3.1547337440471624e-06 3.1743582293247893e-06 3.2729717507540233e-06 3.0716461523444765e-06 3.252828304200978e-06 
3.1592896708523925e-06 3.1782417078191043e-06 3.277062179661969e-06 3.075822294415049e-06 3.2572074796361442e-06 
3.158344118458189e-06 3.176758933718752e-06 3.2757885191039737e-06 3.0745932450552428e-06 3.256157618024563e-06 
3.146548099254113e-06 3.164493068523771e-06 3.2634401729852577e-06 3.0623990018841302e-06 3.244050650302335e-06 
3.1489317269076713e-06 3.1670023535636236e-06 3.2657922404153527e-06 3.064793223461837e-06 3.246368336391996e-06 
3.1487342831684405e-06 3.1669728351664587e-06 3.265669008670604e-06 3.0646687285482655e-06 3.246179966660251e-06 
3.148127540052088e-06 3.1664798640140564e-06 3.2651207893662242e-06 3.064115391297205e-06 3.2455862791703288e-06 
3.153475008543922e-06 3.1711411437675985e-06 3.2700457476398848e-06 3.069105772793772e-06 3.250796955803336e-06 
3.1522362837689637e-06 3.1698841460555694e-06 3.268779848754325e-06 3.0678478827633147e-06 3.2495414774704374e-06 
3.155120775595855e-06 3.173564172062428e-06 3.2724284000131086e-06 3.0713000648650637e-06 3.252811820988432e-06 
3.1463215818160786e-06 3.1650396073849764e-06 3.2632622348897443e-06 3.0623538761180777e-06 3.2436219286790325e-06 
3.146981782693008e-06 3.1655082370011915e-06 3.2638741003933272e-06 3.06295028164457e-06 3.2443019799631075e-06 
3.1556387155678397e-06 3.174788847139504e-06 3.272965928156344e-06 3.0719717538363386e-06 3.253124117282215e-06 
3.1577810311964146e-06 3.176978960786464e-06 3.2752715803210874e-06 3.0742122729218253e-06 3.255387136338354e-06 
3.1695206323399132e-06 3.1874271638943598e-06 3.2866193696693134e-06 3.0854939648057702e-06 3.267204869686087e-06 
3.163216650444305e-06 3.179845544917386e-06 3.2794490897970787e-06 3.0784701514624475e-06 3.260581537397354e-06 
3.150327759997379e-06 3.1668416192998672e-06 3.2670403323665463e-06 3.065802687281519e-06 3.2481294203608397e-06 
3.1511147148686835e-06 3.167637762692967e-06 3.267905158974351e-06 3.066633687532413e-06 3.24897820021709e-06 
3.1512062710822897e-06 3.1665404765280026e-06 3.2677434598644414e-06 3.0663587705473816e-06 3.249231577438388e-06 
3.1511037174626964e-06 3.1664747371871518e-06 3.2675693821898827e-06 3.0662249541764235e-06 3.24905801362236e-06 
3.1501076484966094e-06 3.1647126399319634e-06 3.2660452694169464e-06 3.064798186544508e-06 3.2478627418231764e-06 
3.17455967217684e-06 3.188082761000229e-06 3.2889119725174226e-06 3.088220297448391e-06 3.2713329049991095e-06 
3.177605787855375e-06 3.1905919820379622e-06 3.291232222828254e-06 3.0907819115681027e-06 3.27394322000706e-06 
3.190722907202658e-06 3.2049544946074786e-06 3.3050373247809085e-06 3.1045146987275385e-06 3.2872412858615848e-06 
3.191871882150565e-06 3.206084778112399e-06 3.306262592515873e-06 3.105701342593304e-06 3.2884594777015082e-06 
3.188261160001687e-06 3.2026093590532917e-06 3.3025492042950494e-06 3.1020595938349972e-06 3.2847212662714435e-06 
3.1969581354790703e-06 3.211429001526931e-06 3.310472857586285e-06 3.110381596331748e-06 3.292735739005281e-06 
3.2095446696111996e-06 3.2235084961977793e-06 3.3237380718819487e-06 3.123236885140345e-06 3.306044706552679e-06 
3.209010998914546e-06 3.222245642741401e-06 3.32282009726699e-06 3.1223588206912925e-06 3.305419944986014e-06 
3.2091431179584546e-06 3.2225204205655982e-06 3.3231814961308937e-06 3.1226396818729113e-06 3.3056980399550578e-06 
3.205976117434919e-06 3.2191963288616212e-06 3.3195408135423385e-06 3.11918958356594e-06 3.3021865729193745e-06 
3.1972627069915756e-06 3.209992893227084e-06 3.31050051571965e-06 3.1102018767357734e-06 3.2933555144687195e-06 
3.1974969896319614e-06 3.2112007134650806e-06 3.3110029364165892e-06 3.1107659318937965e-06 3.2935077631482763e-06 
3.187823494780535e-06 3.2008070906285006e-06 3.300781134053474e-06 3.100655917643718e-06 3.2836046630778778e-06 
3.1878771441266133e-06 3.2005619156691797e-06 3.3008634292934324e-06 3.100666929567592e-06 3.283775744841531e-06 
3.1899469048035764e-06 3.202504894381055e-06 3.3021420187456963e-06 3.1022990673213436e-06 3.2852270198242513e-06 
3.1871448839695324e-06 3.2002077477149205e-06 3.2994445680719313e-06 3.099647570884952e-06 3.282353982681507e-06 
3.1931171517732695e-06 3.2061423042061986e-06 3.3052915863663736e-06 3.1055523752120412e-06 3.2882334051871452e-06 
3.199518521828505e-06 3.212218387494203e-06 3.3118962589354333e-06 3.112002197732859e-06 3.294905325205404e-06 
3.1949682763727902e-06 3.2073783977413976e-06 3.307025971335337e-06 3.107224338299289e-06 3.2901800311614296e-06 
3.1837376183093885e-06 3.196553378887545e-06 3.2967884641684507e-06 3.0965829736618107e-06 3.2796492176453955e-06 
