-8.9807012020552 -14.630112339734396 -12.888292609858453 -11.509211322864914 -10.410909860655138 
-8.97016011508019 -14.643059015679668 -12.887197552125826 -11.568582142105058 -10.395095519600957 
-9.0125170546671 -14.672444053939401 -12.914570523296078 -11.60403719847946 -10.427289711636263 
-8.947925723085618 -14.62640154412108 -12.879103393221186 -11.546322879880776 -10.386455278466926 
-9.056485828965677 -14.6994226109462 -12.915584868886285 -11.626341300114106 -10.431139589737981 
-9.0610862066532 -14.699691547045077 -12.900913019034547 -11.618960478042197 -10.416049305613981 
-9.189283785210904 -14.781444293319694 -13.063311527694012 -11.70871710472646 -10.611841598242691 
-9.300362099960623 -14.87068200232693 -13.142681600387263 -11.842089017852942 -10.696566981171145 
-9.298015936730067 -14.87000087761757 -13.14656254963137 -11.84401294652065 -10.700393142042714 
-9.220726348112777 -14.832317981726987 -13.251257273537632 -11.864492368212296 -10.809937684730215 
-9.18507777161021 -14.806210408692678 -13.236603062671463 -11.832793546398406 -10.793572530688778 
-9.227952913226275 -14.829712574626669 -13.258495468062392 -11.84425099113453 -10.823780107414265 
-9.310718470829087 -14.881922175569997 -13.369399758960967 -11.90978951275602 -10.956451158443812 
-9.388441075797289 -14.953790826806923 -13.420562423611457 -12.035069494282851 -11.003960929475483 
-9.08085326393774 -14.75774469491924 -13.216568382863898 -11.852655297806848 -10.752146754141492 
-9.048800380916859 -14.7346343008426 -13.195399769152644 -11.822809177626013 -10.727995707076772 
-8.771637213965633 -14.544655801228103 -12.97402513241579 -11.590793689103165 -10.467559943151699 
-8.824731565198391 -14.581893159595452 -13.019026954242236 -11.639790948723103 -10.519836934865836 
-8.381769402302552 -14.28148088925316 -12.728235335389257 -11.29542581512517 -10.175244551266715 
-8.377994699851413 -14.280383914404425 -12.743814429301821 -11.30513738700273 -10.192334502384497 
-8.26142924716099 -14.201252480075738 -12.654463289265138 -11.208005583968443 -10.086934998656872 
-8.372466384740065 -14.276756474232712 -12.755652370689276 -11.307237034590202 -10.206020440823266 
-8.28785359215486 -14.219367818670008 -12.687425568693655 -11.235613861945623 -10.12556493601177 
-8.359912487977141 -14.259360245828532 -12.74396408849178 -11.259506399646227 -10.198843993478619 
-7.912945970870467 -13.955147137670139 -12.387214469430702 -10.874719077720513 -9.779011167001059 
-7.898448923298957 -13.94529677724708 -12.373481096840365 -10.861421233379033 -9.762832962039411 
-7.875229720859451 -13.930693747594674 -12.35555959541675 -10.846112302076563 -9.740856181856614 
-7.901043139244038 -13.952669237310417 -12.259653886745198 -10.854435778826371 -9.623718787587606 
-7.901811581967209 -13.953886497371826 -12.264091031460381 -10.858773713641781 -9.62846192785382 
-7.926459458909875 -13.972264156945116 -12.259074453382283 -10.881856356437225 -9.621058736112246 
-8.016256462639006 -14.036495980352612 -12.343844495849154 -10.974768672922835 -9.718902252479921 
-7.722283217895367 -13.82738267606149 -12.264237200188063 -10.725860726923145 -9.633019465910095 
-7.810561683880721 -13.89056946381072 -12.315476927389426 -10.809032946914982 -9.690850410955491 
-7.647225433805232 -13.778485583509323 -12.195278607166202 -10.665051530362064 -9.550243542463207 
-7.60466158562285 -13.750903368167897 -12.192230300642208 -10.643898564328737 -9.545904367064068 
-7.628520996873078 -13.766958559149273 -12.214430255746919 -10.665571359881554 -9.572147544620123 
-7.596750562754266 -13.74940256086802 -12.197909875738787 -10.657127878514657 -9.54977454279748 
-7.433226330988205 -13.641391447554085 -11.993825550591538 -10.499994659252394 -9.30638309461213 
-7.480810274661195 -13.674332598402813 -12.035689272284756 -10.545865641485662 -9.355288623152035 
-7.498644974559383 -13.684293108470655 -12.047671344633017 -10.55206322642141 -9.371017073520491 
-7.123503697176034 -13.433700417373103 -11.724115119743516 -10.228864278180751 -8.985985142958768 
-7.222343450119666 -13.498552408891996 -11.805296305992584 -10.308583981496838 -9.083500087729135 
-7.4533636690393905 -13.653134922335028 -11.967190439374804 -10.498669165065536 -9.27573452054618 
-7.466639724253426 -13.662192689513859 -11.971958660617403 -10.509158839575377 -9.281224748311558 
-7.452699496886794 -13.652659788231276 -11.958647979749742 -10.496109307851555 -9.26553012230545 
-7.293277218957343 -13.56009393772311 -11.881872088861883 -10.434647694389994 -9.163766027796655 
-7.204259818740127 -13.500509215781491 -11.79701982336141 -10.355066223497573 -9.062756257086704 
-7.20069787688459 -13.499302614745503 -11.808380709499076 -10.360840895111394 -9.07553910222272 
-7.44003754886532 -13.655450898696643 -11.959047603971854 -10.536278337344342 -9.257322245589194 
-7.489058535405434 -13.683499728246389 -12.013467213160268 -10.560340271074807 -9.325891999936275 
-7.587304601754667 -13.747762276716031 -12.000215184149283 -10.616670407694855 -9.310542802036238 
-7.675157291222121 -13.809243615410196 -12.108645796616571 -10.708210675372982 -9.437884586299802 
-7.706781224857664 -13.830972399431289 -12.134245334680315 -10.736894129602973 -9.467928033420137 
-7.75730842971997 -13.86493288414205 -12.175672317538272 -10.77941366381593 -9.517149429208999 
-7.8598348869577705 -13.926902824735762 -12.248918226915407 -10.833117668676792 -9.60951517429072 
-7.908146021828799 -13.961590579287062 -12.305819781361294 -10.886900170737277 -9.67541756716382 
-8.059212414436914 -14.067018957088166 -12.428381519144452 -11.028885156626046 -9.817978382809713 
-8.599201809796128 -14.422547594980074 -12.880214042817812 -11.442657261944802 -10.35974686342172 
-8.45601035243962 -14.323657391383719 -12.761359537817668 -11.315395193061747 -10.220719188749086 
-8.330520965153852 -14.240288704077358 -12.695321560308443 -11.228904938647347 -10.141102922286791 
-8.366693408416722 -14.271383018985901 -12.726072449415597 -11.286818000247706 -10.172493979035153 
-8.236625606972225 -14.183025118991765 -12.616466421071394 -11.174704287255594 -10.043288455786225 
-8.084033576686977 -14.097177299188814 -12.55461679841494 -11.147349899537986 -9.95641179554643 
-8.086401650494452 -14.099119963806103 -12.558924446904769 -11.152087356648977 -9.96120818045317 
-8.45510571181704 -14.33250926909517 -12.763883248999576 -11.354338403988464 -10.216618924899905 
-8.752993453376945 -14.54092969204926 -12.976384571326108 -11.618982395264482 -10.463344293749799 
-8.726274111990222 -14.517299387101659 -12.938527595922395 -11.56827541834896 -10.423003502781413 
-8.738595563748518 -14.528734764116706 -12.959171128156441 -11.594796446356625 -10.444924951817086 
-8.857293195939832 -14.599140819654679 -13.129021728388793 -11.677199144167119 -10.651505131181978 
-8.844954590281276 -14.591084889264096 -13.061751295350703 -11.64654785834054 -10.573155473088022 
-8.824799860032428 -14.576224586120972 -13.04567814931049 -11.625413538935021 -10.555028619367704 
-8.945035020344761 -14.65277103944446 -13.22067685331308 -11.735365479152335 -10.763273695366593 
-9.049408428315488 -14.732193473804571 -13.312835852961001 -11.858441427679992 -10.865494171270925 
-8.73454098084433 -14.517538753246825 -13.124455966434923 -11.627308615073062 -10.642510096773492 
-8.440252453081072 -14.317529529963721 -12.870600579010826 -11.36916468621385 -10.344428360804628 
-8.55982775744711 -14.402280490794979 -12.945135464954063 -11.475003368395548 -10.42990521844915 
-8.735178396875725 -14.52179159432275 -13.05840558979267 -11.610912149207039 -10.563556136403093 
-8.705631210925162 -14.50012482205237 -13.04184708646872 -11.58284746842719 -10.545071263493696 
-8.7153557874869 -14.510109358244208 -13.047478169515173 -11.604237240916902 -10.549254569903695 
-8.992225154490598 -14.703851224044257 -13.231834217624112 -11.840187866955972 -10.763281812288355 
-9.154944708365278 -14.821260018932293 -13.339619828993122 -11.99318542343157 -10.885967677284242 
-8.927161759616808 -14.662735486945095 -13.171920877698966 -11.797717430878905 -10.690462612885199 
-8.925228262616201 -14.665044248761774 -13.128589755331177 -11.796729868165286 -10.63748535352579 
-8.792926365409755 -14.574293690595567 -12.962801225382307 -11.666820971782201 -10.443170642476389 
-8.832780945607794 -14.597969993520408 -12.9881524744671 -11.68168639664809 -10.475912996847583 
-8.860226307975267 -14.624183689586033 -12.956790999080894 -11.728159403771173 -10.433535164726749 
-8.845334482831191 -14.613876253178375 -12.94112662278306 -11.714622684533978 -10.415153793700924 
-8.81863306590499 -14.597072227915561 -12.921786800773603 -11.700303146392486 -10.391117277990375 
-8.839206841759733 -14.611461618702762 -12.934972288989343 -11.718346335516728 -10.406457589520542 
-8.912632547477472 -14.660445110451874 -12.926814879506807 -11.763936512750732 -10.398153117349565 
-8.375179886905329 -14.29767233366141 -12.601520396676577 -11.353862530473322 -10.009860573476601 
-8.361046131375304 -14.285547402568483 -12.596428581485341 -11.330148178736707 -10.005902893463372 
-8.712359158263993 -14.514897021751665 -12.741632845302448 -11.555532499720712 -10.185883314463169 
-8.651247503241208 -14.471799242449777 -12.713878847911104 -11.500182481609386 -10.154105944272501 
-9.177757794379275 -14.84981769061055 -13.112710088391793 -12.01939465143704 -10.611850641055 
-9.330195128194873 -14.95693156565821 -13.202246549170482 -12.1556120050534 -10.71591822001163 
-9.332097634708887 -14.959192542077062 -13.191583260127757 -12.163527728054675 -10.702509185286047 
-9.274793379716144 -14.918426271469585 -13.133948467463696 -12.109951745328132 -10.635490116065853 
-9.435958711909592 -15.02411030754945 -13.189543666713732 -12.213835665340739 -10.706034885983229 
-9.233284274222868 -14.891111258513163 -13.068200380781036 -12.088700790170051 -10.556422392174937 
-9.101670931611324 -14.801676027330416 -12.982398145989151 -11.987551016453523 -10.453875596085098 
-9.070011571896515 -14.788268911665028 -13.026043151514571 -12.015952483732136 -10.498056448089756 
-9.081950151136922 -14.802584799287985 -13.078404514437906 -12.076591516291316 -10.553949557656608 
-9.352705422230997 -14.992234090932996 -13.251296305980375 -12.33687300750583 -10.754262882084788 
-9.14940665862386 -14.850135779327744 -13.150639158619597 -12.142858406909781 -10.638048745011943 
-9.152225891667172 -14.85207589948817 -13.15151668744224 -12.145148561995413 -10.639083314130502 
-9.299683951093883 -14.956649903193906 -13.297612801200131 -12.29981265364924 -10.80794457629041 
-9.33156683418136 -14.97810733766147 -13.309192419659396 -12.3184878857587 -10.822278680962867 
-9.35138101624652 -14.985241874500431 -13.332401233272037 -12.273310345797498 -10.856388223443105 
-9.25723948674515 -14.918094644480604 -13.210014539139905 -12.175037336269199 -10.714511026440903 
-9.22239165175705 -14.891212008196021 -13.146531651238618 -12.125111881651122 -10.64230767437904 
-8.949510237717831 -14.704567077843862 -12.907647210379693 -11.91289391526199 -10.358682136891701 
-9.00190177912306 -14.737201877885695 -12.94663123406852 -11.930307006787075 -10.408027099757192 
-8.723485044925127 -14.542168744127594 -12.692233945841252 -11.678183505934982 -10.110064911091854 
-8.62403362434101 -14.47647033792525 -12.668265723881959 -11.606062575337418 -10.080217552380518 
-8.481214446444483 -14.383568341178545 -12.604543278614202 -11.517839503445586 -10.001001927676356 
-8.898195302489313 -14.658718857467136 -12.837755675931874 -11.798943231187948 -10.285574660643903 
-8.997509921561175 -14.719301304418124 -12.791941613975283 -11.854894635212077 -10.236606322247809 
-8.989006740632988 -14.711369458192507 -12.765160024139774 -11.840501914155396 -10.206367578338998 
-9.4155145433229 -14.997324369980888 -13.124572786147723 -12.132751668859157 -10.639900896513097 
-9.746614201361481 -15.19679785855935 -13.289746442704299 -12.273831133658248 -10.85970143279998 
-9.558893439370294 -15.074844023347339 -13.139260329450636 -12.158419197035315 -10.675040335303024 
-9.6436212221208 -15.150539013768324 -13.271697063231144 -12.297862191817742 -10.817928848856482 
-9.62876265264373 -15.13657297094025 -13.24197347729283 -12.270368328862872 -10.785803350959995 
-9.303133960996874 -14.910990741550904 -13.021726901246055 -11.999116212385843 -10.525295101257782 
-9.306356957798357 -14.913178535530506 -13.02374478726449 -12.001626825828055 -10.52771484887404 
-9.304731397386746 -14.903477750439436 -13.03675578720025 -11.958695776204138 -10.550008404955122 
-9.533010819957425 -15.059428115262605 -13.168249197672637 -12.141177219301639 -10.707260420423495 
-9.889654313551432 -15.31744649189649 -13.476144470979563 -12.475563717244057 -11.062722934772907 
-10.301784645242137 -15.614952586566645 -13.776402748804273 -12.86081510053289 -11.409120436859311 
-10.220795374017996 -15.558275980705403 -13.717788405979377 -12.794783320153755 -11.339985544624724 
-10.087776169445306 -15.457014761236422 -13.572706520467563 -12.652258533733885 -11.175957969785856 
-10.12071272616302 -15.477463784492159 -13.607455254724584 -12.664446685737275 -11.218982790252952 
-10.00174467136658 -15.39519973526059 -13.534242124415002 -12.568671446990408 -11.131804222788361 
-9.96581514521587 -15.367119862372235 -13.500432546066705 -12.525898753443798 -11.094368441836338 
-10.325591195539275 -15.602443363375798 -13.748722944267143 -12.75147871854847 -11.40010098646512 
-10.558272482972782 -15.749877265635547 -13.818271558783806 -12.893314803992553 -11.495950266672764 
-10.88040851653345 -15.955079563288763 -13.922473007728243 -13.105010805887758 -11.637971801581202 
-10.859402330408102 -15.957658216271597 -13.978302696478906 -13.137677038085641 -11.689247661979877 
-10.850982020310923 -15.957742308235169 -14.01374062241564 -13.145150619371549 -11.725640726163803 
-11.091579298560433 -16.126102051448726 -14.174698761336728 -13.340037678727924 -11.91704703092104 
-11.25179561379366 -16.235029757413457 -14.267457327719058 -13.459835294215452 -12.030462753414525 
-11.235735822410248 -16.220416539954456 -14.244150623517442 -13.436764617615168 -12.005715350903643 
-11.246831711105742 -16.231161574877206 -14.254221900213324 -13.45702490044792 -12.015358447356448 
-11.3688309521402 -16.315116936957367 -14.328512752103038 -13.551407883092821 -12.105313404304141 
-11.302381126823548 -16.26913055713912 -14.284607017420598 -13.499987643498486 -12.052527944352164 
-11.205205185741349 -16.206355079012823 -14.259094054279501 -13.432345064987672 -12.016664826106592 
-10.919441186561244 -16.003877195883277 -14.044675529199552 -13.197140586312528 -11.7641950353443 
-10.923124346016365 -16.005906282750104 -14.049891124507141 -13.19720327853264 -11.770732199017544 
-10.960228919676496 -16.038810890217846 -14.101116947202271 -13.249555318359555 -11.825527959424733 
-10.954820455305509 -16.034622883153943 -14.097006027530213 -13.24361240202444 -11.82096478392073 
-10.802424619214008 -15.933707917190134 -14.0120166004926 -13.14037155906999 -11.715111962515195 
-10.906420868727409 -16.013129241529 -14.08852680769401 -13.252239315949438 -11.800614850392506 
-10.798106979323435 -15.934866133178929 -13.986708273015651 -13.161166445865035 -11.682349922583256 
-10.848095076163645 -15.964736392228545 -13.970773301937314 -13.194034985834193 -11.66856241365791 
-10.854593241425377 -15.971379660680824 -13.978995395446944 -13.207892961667184 -11.676573350009363 
-10.860814498602494 -15.977372076843167 -13.987476026858332 -13.21927971780066 -11.685245662041112 
-10.918885903262975 -16.01784736170076 -14.031169466847032 -13.264141347429202 -11.737231720961589 
-10.97825188812702 -16.064126656366653 -14.103374015114952 -13.323660005154665 -11.818541275739278 
-10.987750670864571 -16.071461250053332 -14.116303711273247 -13.3324298910467 -11.833203196141 
-10.97294178256179 -16.05573038127592 -14.065574923070784 -13.309056841081144 -11.77815551284722 
-10.9581889861186 -16.04942757401477 -14.090118213847546 -13.304218794191996 -11.80330176710595 
-10.993483843907612 -16.07865482755689 -14.118716403733572 -13.353050633800123 -11.833540819884277 
-10.982454168753364 -16.070684623975495 -14.109590181825169 -13.343514452166389 -11.822931888683911 
-11.043331712879933 -16.11162901070925 -14.143901023851583 -13.386830217334918 -11.86524724723212 
-10.967838360435522 -16.058574882600993 -14.10796318890715 -13.31971791932206 -11.822320593902973 
-10.77889103292523 -15.915973541392077 -13.911804856040334 -13.140205336035393 -11.59898011973587 
-10.448117135187317 -15.68337996168573 -13.647469348454592 -12.87618028299859 -11.286554006340396 
-10.438097836910899 -15.678300092393656 -13.649658548561021 -12.873841276717613 -11.287497916833203 
-10.461735521575733 -15.709686225260683 -13.651061311692771 -12.985425435865835 -11.276267258343879 
-10.40204577431102 -15.6661626827199 -13.601441499813006 -12.929151880898175 -11.218957700592412 
-9.929170955840831 -15.333778644158443 -13.211906187660404 -12.554988581155044 -10.757901170640295 
-9.901592985762576 -15.311675028499678 -13.180771553637243 -12.51991269281207 -10.723412892546008 
-9.85711807255528 -15.285750702745304 -13.1515655510688 -12.51725908766366 -10.683873400278472 
-9.78895941227647 -15.239388068538531 -13.108759768063038 -12.462573445136371 -10.632199939808956 
-9.683286755479372 -15.169030561453667 -13.06521617427758 -12.37111617368295 -10.578513405606444 
-9.671875696524268 -15.15999831156607 -13.050405104192805 -12.358238061038364 -10.561806821647735 
-9.680752702679754 -15.167864264674535 -13.07492633125608 -12.365116162525496 -10.58980242312765 
-9.685131064651799 -15.180006115293523 -13.15504661561387 -12.385015217633054 -10.678037099112615 
-9.65789856477636 -15.161559465042785 -13.123297502636092 -12.372648555565675 -10.639673672405308 
-9.837523805690083 -15.285944314281764 -13.253702070051673 -12.51859867890333 -10.794740954167068 
-9.851021087124991 -15.295244255064816 -13.27527091319736 -12.52210643256872 -10.820633197370029 
-9.860223678858716 -15.303212249200413 -13.291465352645986 -12.535273019724315 -10.838520115035465 
-9.767506165641862 -15.235436518286193 -13.225451686733834 -12.435720975658995 -10.763367454906302 
-9.863931153948258 -15.315453035901257 -13.383504735280496 -12.561584060403291 -10.939713705160216 
-10.047200062197305 -15.441917309262095 -13.571787114420005 -12.68517298136996 -11.163614319374261 
-9.855683683356233 -15.310895206049835 -13.411729637341963 -12.549861681638447 -10.972291457099985 
-9.569216309828107 -15.12128860147672 -13.311218813516703 -12.350191789719574 -10.845499111510122 
-9.401905960083255 -15.006728953465114 -13.165668559446488 -12.226298405272473 -10.672233866282568 
-9.155626746048995 -14.842273112733153 -13.015806534954137 -12.05819372167322 -10.490070923230078 
-9.070201695067112 -14.783994250189224 -12.977344303232726 -11.987622955159054 -10.444334675262567 
-9.027736801920113 -14.749215482637439 -12.961733616923496 -11.912891915670514 -10.431111213504963 
-8.996056094302247 -14.729561438431546 -12.957446313099638 -11.899674989178408 -10.42423338515431 
-8.603069691122514 -14.470352757537924 -12.712703504524228 -11.646128824019627 -10.125759144160497 
-8.599142405078155 -14.467202915625109 -12.710137977591188 -11.639178927278095 -10.123183388432835 
-8.582901430549356 -14.454656375511561 -12.725823201869531 -11.615651374815315 -10.143354415310725 
-8.608888526363586 -14.473906513340538 -12.734495119123423 -11.647873129741782 -10.152107122418172 
-8.617254973905688 -14.479309583622737 -12.743864735303646 -11.652551106895146 -10.163510740119136 
-8.616509078676444 -14.478957347832235 -12.743673673206615 -11.653145776269724 -10.163136943738422 
-8.75394094575401 -14.573315185914197 -12.781145189948816 -11.77248481990118 -10.206404182401371 
-8.595664006538996 -14.460865021872138 -12.643284542980282 -11.610007178270493 -10.047004372798028 
-8.75612527417853 -14.563474767326497 -12.823580715440897 -11.693538553260112 -10.267453652606534 
-8.880998188615308 -14.649239784485772 -12.936453101957625 -11.799029192305454 -10.400691688962638 
-8.9414315581257 -14.692439109939002 -12.965254897187634 -11.858020813863831 -10.433215076475221 
-9.16565626738958 -14.84539641528849 -13.187890822362704 -12.04069431066327 -10.696721331211648 
-9.226128343519434 -14.890025111136936 -13.27009448655005 -12.115335775799025 -10.790624378905932 
-9.015515245542076 -14.741368780553529 -13.102039242451468 -11.918186574297636 -10.595927557465316 
-8.839988591207984 -14.619796521350565 -13.05273148646782 -11.790003178094949 -10.53787907240121 
-8.780344369826594 -14.574732558643987 -13.027938351649055 -11.724892395322726 -10.511860645379443 
-8.73207990007846 -14.545606033067855 -12.992655182370882 -11.706568228723015 -10.467136907158064 
-9.101153125582968 -14.804436911126786 -13.221274051777186 -12.027757245996682 -10.732146003863718 
-9.179842652150413 -14.854318843213235 -13.234320879000919 -12.054391024423367 -10.751750562524066 
-9.413842135461337 -15.021312217811314 -13.371656450166682 -12.27214548953063 -10.9091817221761 
-9.349770607409297 -14.97548728916209 -13.320769588061921 -12.20946709428199 -10.850648958073336 
-9.366515123616281 -14.985020264429792 -13.35660219462953 -12.214693501578523 -10.89430018796105 
-9.370984143449078 -14.988377825472995 -13.360345445880455 -12.220045565729976 -10.898471028066638 
-9.529010136565745 -15.095864503075632 -13.547362714234538 -12.356249287035055 -11.118604223166912 
-9.572811261770312 -15.130909917278316 -13.576013139856627 -12.419022896478026 -11.148385135070143 
-9.662935675039392 -15.190912945091867 -13.630678056516402 -12.47303251309907 -11.214960896507222 
-9.750121930164212 -15.251718961236733 -13.69827570296836 -12.546158750596064 -11.294021833696661 
-9.760438874973715 -15.262415531874225 -13.687901676330824 -12.571421132100497 -11.279265229937309 
-9.581304437067459 -15.138224135570283 -13.55735406458166 -12.42774004644724 -11.125763564850246 
-9.582020443987886 -15.138598479254782 -13.555686151602742 -12.426932138650784 -11.12395356578358 
-9.586211973714356 -15.141096767230906 -13.554859726748603 -12.4266535971217 -11.123413099641041 
-9.824665885493289 -15.311812015426256 -13.799396344312228 -12.67786185326186 -11.404203631297761 
-10.039556263360552 -15.463153737331709 -13.902197245384997 -12.843151133023412 -11.524900004309927 
-10.121560315142673 -15.524253387445412 -13.93900800097721 -12.934929484130578 -11.56501234368001 
-9.808206188522178 -15.308104874610166 -13.648520864477902 -12.700812941990932 -11.22220535677694 
-10.35559596146102 -15.690158336941124 -14.0249566912005 -13.136182934976446 -11.665359323932392 
-10.803882870785571 -16.002164411754663 -14.328023673698254 -13.460508400519672 -12.025204315197243 
-10.855462251912371 -16.038581518345396 -14.354617590065303 -13.503043429865514 -12.056600778144073 
-11.190774480527196 -16.286516459469553 -14.705875951090604 -13.869276849042635 -12.45450999451694 
-11.155779839712267 -16.261351021680923 -14.675467498486142 -13.838240553210326 -12.419423211999856 
-11.11612600330588 -16.233303914233332 -14.644413651212503 -13.809873592052384 -12.382949004959329 
-10.803713816130326 -16.012114535739215 -14.444981271002604 -13.574538606061267 -12.148279726840059 
-11.029747989552888 -16.173284376902046 -14.647024619077555 -13.773987581765084 -12.38197051629794 
-11.062066764499406 -16.195180918170152 -14.656747044458143 -13.77631039894527 -12.395421795526786 
-11.05911756170785 -16.193142138649918 -14.647684166316708 -13.773599841167538 -12.38499847486932 
-11.046409853850065 -16.183681091814975 -14.63177653182889 -13.756015348667063 -12.367200344230284 
-11.250768549491852 -16.330569357822455 -14.802245864353438 -13.941204028837504 -12.563638479745293 
-11.211117637501872 -16.30280806082351 -14.755430052461008 -13.917546121266255 -12.508831198781806 
-11.48330338929975 -16.498026454969548 -14.956513748301433 -14.142595339713054 -12.742314775230668 
-11.590805999519475 -16.575650668805054 -15.02652281183812 -14.238267441668626 -12.823271137255134 
-11.63132417400827 -16.60439828385796 -15.056653142542856 -14.261435290296959 -12.858981332098892 
-11.417078088739672 -16.450064764785523 -14.849486492695377 -14.09124454660352 -12.619441394230378 
-11.436182659212847 -16.46377384987146 -14.86350199581183 -14.107131166804635 -12.635731749041256 
-11.194597557342291 -16.289415865577993 -14.648012327546056 -13.893249903079237 -12.38728245385316 
-11.158694667720766 -16.263914382717147 -14.623690851191427 -13.86559562334999 -12.35871586455427 
-11.312010054020348 -16.371747671923984 -14.707877486189574 -13.972237077474233 -12.459457182396847 
-11.155716127120598 -16.2603177624041 -14.580976405870842 -13.8597753349068 -12.310750240571409 
-10.973421873204188 -16.13218877689576 -14.47276841122958 -13.740072609174618 -12.181372349878202 
-10.940079531152747 -16.10809322537338 -14.434738411217552 -13.730063457110646 -12.136496267047079 
-10.972948946938033 -16.13115762097786 -14.455095352371671 -13.772359373593389 -12.15968611777518 
-10.806249419106337 -16.012715086907747 -14.329776958240416 -13.598962712718432 -12.01528859179767 
-10.79213940462266 -16.002398094552106 -14.317627699992926 -13.574841781468137 -12.00195430087662 
-10.919969275387473 -16.09304413924272 -14.404860907623174 -13.692501982581078 -12.103414274533492 
-11.006067720270522 -16.15397420364816 -14.460906743398482 -13.7801836493541 -12.168286132903106 
-10.96618481878788 -16.125514114096305 -14.429265089408403 -13.747004537962098 -12.13143181630042 
-10.892388833768194 -16.067472846931807 -14.28492102387142 -13.681079775131977 -11.96761855531058 
-10.890562727373023 -16.06615556074567 -14.283210669274538 -13.679236164365477 -11.965652212801274 
-10.904685016650802 -16.07464640783543 -14.274947451009922 -13.6920892649147 -11.957101233473253 
-10.908984085960896 -16.07724327126347 -14.27223056063832 -13.693233066546782 -11.95441285149991 
-10.891276194373035 -16.063899589177225 -14.250909603583196 -13.682825765377117 -11.929777481483512 
-10.82340981166793 -16.019450957833712 -14.24704355485099 -13.632902875721427 -11.922036865324856 
-10.764972095993684 -15.97987406735885 -14.229841100483895 -13.58595129543204 -11.900367048198774 
-10.770616264027382 -15.983138775605994 -14.223446514856647 -13.59195062900352 -11.893384515784945 
-10.807906915406022 -16.01303558404743 -14.309093904992977 -13.613626334298885 -11.99123218704105 
-10.754714181133735 -15.974418742170073 -14.25178628468342 -13.574398273625164 -11.924743647437467 
-10.87141293091777 -16.057957337124876 -14.354341335285028 -13.67360311227938 -12.043827114458495 
-10.763343379155174 -15.977386540649789 -14.206439672218153 -13.55572695001014 -11.875640071635786 
-10.739956111768734 -15.957793407733107 -14.14767805929037 -13.52476531512606 -11.809777816867452 
-11.23219261962133 -16.310421812911244 -14.552473887751788 -13.950202500073544 -12.280321032103572 
-11.263409699408939 -16.331332950117087 -14.557406463843662 -13.959645185892114 -12.288147472832662 
-11.192301428435073 -16.278940957272212 -14.4926885538096 -13.947060453790826 -12.21112202808473 
-11.183358022682995 -16.272223115713558 -14.48157682161883 -13.938237215080008 -12.198490002064219 
-11.208888700836582 -16.288972420923713 -14.484702856052323 -13.958748882700661 -12.203334420055228 
-11.270613452526703 -16.332124508608487 -14.511097383106943 -13.958316173626216 -12.237999195498517 
-11.09545775715145 -16.20382326710464 -14.34426103512267 -13.790901724495399 -12.04659612562753 
-10.949778513218916 -16.099916345001347 -14.23578992573536 -13.64965074840643 -11.92072718582078 
-10.832886877805436 -16.019002479081976 -14.169350184816182 -13.559007640740518 -11.840929547387645 
-10.860604215840553 -16.042140986897536 -14.23106473266536 -13.59036174081551 -11.910132805796835 
-10.802391420026694 -16.00073343728603 -14.186291129771348 -13.540744848562454 -11.857833967910864 
-10.791037797714168 -15.992615278110065 -14.174916799502881 -13.53622282186302 -11.844328255085273 
-10.826191289458961 -16.0175001011404 -14.20155990972161 -13.563349432557558 -11.875676365201969 
-10.884839429597392 -16.061599728716388 -14.289155017913203 -13.599364332602846 -11.976762694635156 
-10.967306970605122 -16.123304100953504 -14.387789935617704 -13.69376615900022 -12.088323261766448 
-10.860655305298167 -16.046777195646328 -14.287867360081549 -13.622117703423768 -11.97136354806382 
-10.871924870602456 -16.05460176423385 -14.298083502002427 -13.61835592213292 -11.98408602612777 
-10.76838470262713 -15.980662899925761 -14.210203406860401 -13.537747165872219 -11.881410837230348 
-10.71095249198747 -15.93934275950447 -14.154112997840386 -13.503211113664193 -11.815576345545423 
-10.58136511382348 -15.846717560212312 -14.046271378003098 -13.378081706767219 -11.690841952172406 
-10.683504409361774 -15.91969581374343 -14.139592477276935 -13.45161728454147 -11.800150884122075 
-10.461960363321879 -15.764943072171477 -14.000638711609582 -13.273536799576647 -11.635659906641607 
-10.413860812343827 -15.731906514058736 -13.964805504679106 -13.273035818234007 -11.59103711107349 
-10.57682401221281 -15.845779428298215 -14.070979832979845 -13.402740007972298 -11.71661082114312 
-10.540302351028743 -15.819729454124058 -14.042333851065678 -13.404425573411032 -11.681445398767636 
-10.465889178023986 -15.765707322566328 -13.965389057956202 -13.344226816033242 -11.592233841423564 
-10.475398105652289 -15.769073613233857 -13.935204030614642 -13.359683308888876 -11.558702182958385 
-10.470657850907202 -15.766881503646914 -13.939787486341075 -13.340823950101907 -11.564171076806616 
-10.44423443219759 -15.75339749168198 -13.992620016074554 -13.332205851566357 -11.621685378797025 
-10.265299586643565 -15.629401904750466 -13.888052726660945 -13.177116281475378 -11.498050958660542 
-10.143208090177652 -15.543360983484831 -13.788698627559896 -13.077406985869615 -11.381637334253142 
-9.950934400774003 -15.410115760988475 -13.669620665400473 -12.929404331174851 -11.24024990842743 
-10.205761264717978 -15.588183706975272 -13.857118071625322 -13.142315449842926 -11.460516582329262 
-10.154365715105797 -15.55160706660709 -13.810601636212112 -13.107948165476017 -11.40583901020608 
-10.155296501792023 -15.554726623685838 -13.877385007748572 -13.12946758202574 -11.48114311942635 
-10.085142213658713 -15.506004018719423 -13.834514825069206 -13.069088181380806 -11.430701579010304 
-10.11252083523894 -15.525468010388266 -13.861233527466169 -13.085465586603874 -11.462160090401255 
-10.245723735793774 -15.61805396037525 -13.93491940694662 -13.190741371432438 -11.549466178550816 
-11.002758162448714 -16.152452355046762 -14.496514365684973 -13.827501035468401 -12.205962438300162 
-11.026484391119553 -16.16932787984814 -14.510753779216785 -13.842842542525531 -12.222878092794787 
-10.98733768197394 -16.143147670949205 -14.544279024416483 -13.828111771876337 -12.258946083325313 
-11.094773984048828 -16.219971001010833 -14.603185725161367 -13.881064593212017 -12.3297505307075 
-10.902444918131522 -16.08233177477166 -14.441834340417614 -13.732365454115097 -12.141818715388737 
-10.834777582639603 -16.03482596516632 -14.401919288220796 -13.663911426356904 -12.095447249438152 
-11.007252065821845 -16.15660307526781 -14.505692684127169 -13.802424047831252 -12.217608562002283 
-10.994703301384774 -16.147842806220538 -14.50169536613177 -13.794697378713508 -12.21261153546962 
-11.019025076183496 -16.16516652727303 -14.517803948306693 -13.805542437836337 -12.231929216571913 
-11.038926680182058 -16.179105968645203 -14.52579903072477 -13.817027814726856 -12.241775831616195 
-11.035994957300687 -16.174502144441675 -14.490946999991507 -13.749438779806638 -12.206589176596964 
-10.88961413544331 -16.070862822407577 -14.391689702149847 -13.632044287304666 -12.090077945208236 
-10.972700157008504 -16.12906250416789 -14.434173505957176 -13.696747585653867 -12.14073066874505 
-10.897992419366716 -16.078134797239315 -14.422745097674593 -13.653591110306422 -12.124397304327175 
-10.897822756904517 -16.07804074363864 -14.423277974565536 -13.653690209529813 -12.12498037413711 
-10.891643683231422 -16.073494154810376 -14.415133717653944 -13.64698348861485 -12.11570759107832 
-11.100938577674711 -16.221370214155357 -14.625585384196768 -13.781699161003715 -12.3625813433583 
-11.19207130974263 -16.279867701515613 -14.646235769816826 -13.78906926454978 -12.394653194429935 
-10.904791334568628 -16.07371670824793 -14.399970272702717 -13.543129943520299 -12.109381535935682 
-10.81086157089318 -16.010606261442817 -14.327486128174954 -13.502460189520392 -12.020922204677035 
-10.829335943895444 -16.023099797710074 -14.307699557106403 -13.521994251850543 -11.99851902368269 
-10.567600505284489 -15.83681401757697 -14.106105588482109 -13.296962161624776 -11.763734045350219 
-10.844305528449595 -16.0312186437465 -14.26615479720671 -13.531111617564122 -11.952436482594848 
-10.80455733032285 -16.002947560896942 -14.234552220816198 -13.498602886696531 -11.915501531748703 
-10.7074179379116 -15.93433689101532 -14.217016115178453 -13.394631539182654 -11.895123296607892 
-10.746204763701243 -15.961025716662945 -14.227954355638133 -13.424384788108213 -11.908784432028028 
-10.767527512649295 -15.978337591765069 -14.253689585545885 -13.462958933966533 -11.936422399697648 
-10.66039057589559 -15.902871115294687 -14.202747486255163 -13.369420422959024 -11.8763790185141 
-10.499284484116714 -15.779809199108001 -13.951972759038028 -13.194763836817387 -11.591821719677228 
-10.458421761919922 -15.748999880735795 -13.928231424923823 -13.138198497091508 -11.56614591145862 
-10.443953067016011 -15.737829510957056 -13.919265351079517 -13.116930256965546 -11.55661578573364 
-10.171796038331038 -15.55719530188577 -13.7726385817504 -12.976827925861073 -11.37325160712686 
-10.204527602688316 -15.578238249298678 -13.785611125885453 -12.986028789171698 -11.390628842662167 
-10.193449053497545 -15.57054890070502 -13.815308227724003 -12.962238568427225 -11.42581059209472 
-10.311427617628965 -15.653642685137456 -13.91192309784843 -13.058886396817456 -11.5390103376605 
-10.325049333881978 -15.664162246059604 -13.946351364457414 -13.073338059245287 -11.57839236020341 
-10.297084397597928 -15.644506137030959 -13.932455035687212 -13.049113131173584 -11.562068364313092 
-10.305608064261975 -15.650478308406008 -13.937631598845257 -13.056129918907473 -11.56816388633652 
-10.28755598008857 -15.63667623110561 -13.927143086816415 -13.030611073258626 -11.55698908530779 
-10.2950835696427 -15.641945886078048 -13.931997481367219 -13.036708221364407 -11.562707425949995 
-10.18182186105544 -15.561323011153192 -13.829168475797843 -12.937207413912475 -11.443219036868044 
-10.164542552779707 -15.548303654305428 -13.809235707063195 -12.916508857044192 -11.420730462829354 
-10.241109598650269 -15.606949493389905 -13.905549590504762 -13.018004869709358 -11.528592592504339 
-10.123056991969506 -15.52363550847582 -13.825704340321124 -12.915168550458105 -11.435417697416852 
-10.165204526543818 -15.553914260271256 -13.863367095761419 -12.956119754092754 -11.47880508978956 
-10.152003224332105 -15.54422859017339 -13.851516116374597 -12.941326760664808 -11.46536542700369 
-10.18919535778467 -15.568991276950058 -13.896382148311673 -12.958421249602935 -11.519203639325156 
-10.248523200871716 -15.611940865751066 -13.938481761186424 -13.018900966409362 -11.567258615080334 
-10.339272794447695 -15.667623332346722 -14.001970605736716 -13.02903626982922 -11.649398803351986 
-10.369147058861614 -15.68630342117251 -14.003742792456322 -13.037682817796892 -11.653851781658062 
-10.295775432452032 -15.632374237735021 -13.933821021912578 -12.962664857352607 -11.574140818053237 
-10.301064230948853 -15.62948655043914 -13.940266868167 -12.92773636293012 -11.587237224784587 
-10.144018427877555 -15.517105945088147 -13.798866492062103 -12.78676365784824 -11.423483573258139 
-10.03464484856569 -15.442350834968693 -13.692930096051427 -12.70826903405235 -11.297767348404577 
-10.389913694295345 -15.677900148347163 -13.919366030686547 -12.929155879605815 -11.575437739702906 
-10.387156133152672 -15.67593559603317 -13.917112362500987 -12.926779493948942 -11.572814635350284 
-10.2042186649402 -15.547117597182279 -13.777054479089244 -12.77507176675256 -11.408605703978282 
-10.065537213621212 -15.462133308643544 -13.677390856996183 -12.72647105650843 -11.281342820456302 
-10.329954510245315 -15.643281017414935 -13.866218588698757 -12.919931805516299 -11.5070139428922 
-10.264843757335157 -15.599664195863781 -13.858890115121753 -12.874734591512961 -11.496163627510427 
-10.363827752930035 -15.668906115385894 -13.933694838327895 -12.954190505243929 -11.584212797899184 
-10.37755917615874 -15.678098677234374 -13.94330915163863 -12.96297124242352 -11.59588432657796 
-10.362856229945208 -15.664919606082634 -13.918889359485675 -12.936524446973223 -11.569732308745117 
-10.348653469229106 -15.65442618415399 -14.010035926259732 -12.924978204196748 -11.675121559641866 
-10.49525097159973 -15.761434311846884 -14.131622254461846 -13.065103035716334 -11.814199076740152 
-10.490383761757414 -15.757628363611161 -14.125777113767569 -13.059001069054375 -11.807707172297185 
-10.439710467616152 -15.721938729172052 -14.089200817420263 -13.017664586959953 -11.764867437785469 
-10.174409215926744 -15.535531539965973 -13.864888759035225 -12.797864795244564 -11.502606910276612 
-10.127604808612901 -15.497118430068468 -13.806061662003387 -12.730087712911086 -11.438448307354335 
-10.14314911594218 -15.507885658767819 -13.825296846837574 -12.74271721687407 -11.460981893824552 
-10.317565032193286 -15.631670794397934 -13.98800571184951 -12.895287196170301 -11.649991939299014 
-10.396385312775053 -15.683314800476396 -14.016803650124814 -12.939448564233857 -11.687303704485132 
-10.44053220280766 -15.715095406388215 -14.046276393781568 -12.97872022637236 -11.721361574162188 
-10.526501949062592 -15.770585225451939 -14.043445764168808 -13.023915143797765 -11.723364450249335 
-10.678492251593994 -15.88818259973472 -14.138512667204893 -13.200776550579846 -11.826983163130365 
-11.109390218746583 -16.206103722818085 -14.469634285876921 -13.62566786615102 -12.204145381087287 
-11.386018153135979 -16.401658582437264 -14.66552414216902 -13.843128178426866 -12.434811097783012 
-11.316883058358115 -16.35260394897709 -14.64608634539384 -13.783129257127129 -12.411172596455884 
-11.475409403997077 -16.4602394375231 -14.848414814350548 -13.878961511631857 -12.64936554268688 
-11.5335838212754 -16.506652272736588 -14.8697292498901 -13.950903873293655 -12.671165564257194 
-11.264623263306277 -16.314806180939584 -14.636923019310771 -13.734513643253536 -12.400197074580774 
-11.538314236570557 -16.51887168923426 -14.894218911462133 -14.007010801090587 -12.691762632381057 
-11.410630685181005 -16.42941498624488 -14.788573317045717 -13.916682471545926 -12.567234428355064 
-11.410881490418419 -16.429146738614094 -14.782593519605456 -13.91415041066655 -12.560815531494129 
-11.459085014757491 -16.465453716911767 -14.83532200249897 -13.965252594399672 -12.620229048394307 
-11.457186430215827 -16.47077621664232 -14.88320816583834 -14.015383383021586 -12.668442154349393 
-11.37848426449365 -16.417127128858382 -14.897920617432703 -13.984508157104756 -12.680476641432946 
-11.285135003108309 -16.349041119718734 -14.830596429287496 -13.897274769231814 -12.60340950131571 
-11.23567347705034 -16.313637368069962 -14.777723945003771 -13.85327834334349 -12.542532317261916 
-11.234579910644712 -16.313213909991973 -14.737144883390144 -13.850725937329756 -12.496168272481242 
-11.245874520351094 -16.32139337585575 -14.714407375649472 -13.860782256434632 -12.47034257439526 
-11.006134855226819 -16.147626009330708 -14.432115733423942 -13.657173470500908 -12.14523828414086 
-10.970819846768634 -16.120762694562757 -14.399895133163781 -13.610882530661357 -12.109550894195038 
-10.90318618842305 -16.07274634413966 -14.339280708017299 -13.559869793453345 -12.038618412081192 
-10.873920941051196 -16.051556748542936 -14.31883065538635 -13.53072021167904 -12.015158631833373 
-10.939943357708728 -16.099674520381143 -14.377810365670655 -13.59457469377 -12.08277246454307 
-10.960636349343801 -16.114505765382532 -14.397074847173585 -13.611421635622335 -12.105156284476067 
-11.026351040865194 -16.161849881758002 -14.435124547562012 -13.677584357389378 -12.148900746649105 
-11.024434446233428 -16.160458056889638 -14.433070425497235 -13.6759827886942 -12.146529707242166 
-11.086213497193256 -16.204008592690585 -14.475709827929506 -13.72310979222138 -12.196865443487653 
-10.88328013307597 -16.060866788878116 -14.350355098944235 -13.558861358292674 -12.04902510752109 
-10.71308991946701 -15.942733995833024 -14.217892633608258 -13.458461385199229 -11.890710994153167 
-10.770527923907665 -15.984441565168623 -14.26307799954607 -13.524679499584991 -11.94198295171691 
-10.701809195281527 -15.936059684752564 -14.223057370185032 -13.464229785841212 -11.895015247345512 
-10.815072581492814 -16.017062599938754 -14.311660392631737 -13.571161454996997 -11.997449156134707 
-10.765993507946234 -15.98316377154569 -14.280410698324445 -13.553691406650032 -11.959101590752582 
-10.915842046208866 -16.08955222998418 -14.388122517059514 -13.697412896622751 -12.08396531856279 
-11.05151353534039 -16.18583751572004 -14.494359355711978 -13.779900423771892 -12.20964474695323 
-10.737965004726334 -15.960753999971644 -14.229910629604774 -13.49273002675723 -11.903933388036137 
-10.54602326226373 -15.82336545603458 -14.05862208497696 -13.327556302621574 -11.705021038583382 
-10.62271888924927 -15.875800172479131 -14.111319397435054 -13.362979348859866 -11.769299573127526 
-10.684697153408933 -15.919213952422453 -14.161593583646024 -13.404919687992475 -11.82885211926785 
-10.645550444294784 -15.891465679906162 -14.120719976953154 -13.380307693826367 -11.780780891886266 
-10.405809114570346 -15.720096374705633 -13.908418827983283 -13.176350833494936 -11.533750599286492 
-10.46112310898964 -15.760404777571509 -13.961991892667584 -13.232642671996075 -11.595171173551535 
-10.653874570194887 -15.90592817572987 -14.260512069490801 -13.465460834469326 -11.9334378854698 
-10.618556188846611 -15.88122687075564 -14.240305622220262 -13.441789337442259 -11.90929647004343 
-10.657233842760519 -15.90900137752584 -14.309061937809346 -13.470324227072012 -11.988954327708257 
-10.62716192151052 -15.887884321631716 -14.294128074758362 -13.449231356908868 -11.971132989656297 
-10.80138379713624 -16.010992773113117 -14.423322578408332 -13.583278838312566 -12.122529046245617 
-10.799037596108391 -16.009350838312926 -14.420766174668756 -13.581981388667288 -12.119516371037534 
-10.844180300459385 -16.040744801751273 -14.44490069823577 -13.605358408703921 -12.1488899885546 
-10.666449132488125 -15.916126308565381 -14.323860643222744 -13.496270444990117 -12.00481501778485 
-10.66757169076233 -15.916282629803845 -14.299666734193835 -13.482312192958716 -11.97808133156579 
-10.486296915823772 -15.788546073407943 -14.150952801434286 -13.369114660600943 -11.802394606274973 
-10.510586569713126 -15.805944524745257 -14.181833931867473 -13.396258934379944 -11.837809136276192 
-10.699638918598168 -15.939912916392572 -14.403189546746916 -13.586133696602914 -12.093036037805717 
-10.755165651975133 -15.979083145571309 -14.454862304127559 -13.638467277752042 -12.152822310056848 
-10.705681029931426 -15.943539468973086 -14.390453448805275 -13.612363100844064 -12.07765462125073 
-10.710993373087348 -15.947293870304023 -14.39434454247457 -13.616908462158904 -12.082187065133255 
-10.771968608592303 -15.990438500005467 -14.444967557890593 -13.66943740121286 -12.14102146639702 
-10.753894135100381 -15.977615095934098 -14.433466739230226 -13.655076633875595 -12.127566017326018 
-10.890516499514007 -16.07423839988283 -14.439063201016154 -13.712510927582358 -12.138814051840797 
-10.968410930868984 -16.127684600842557 -14.443416808322823 -13.75341710370796 -12.147159789432521 
-10.977990963564764 -16.13404046986922 -14.440856115045989 -13.75899698245594 -12.144725080955155 
-11.099221313707133 -16.217523571854954 -14.48222930934375 -13.854826681984434 -12.19578313350523 
-11.249733947229288 -16.326060366643603 -14.614328621774618 -13.986177279599715 -12.3485894827963 
-11.103169327951974 -16.22087050070178 -14.493070262531134 -13.839567869678902 -12.208998571584402 
-11.05475533781734 -16.18558885419627 -14.444002634465676 -13.798309724865263 -12.152434416665699 
-11.090769894969753 -16.21144551820595 -14.47436385044108 -13.826927154745903 -12.187791325759733 
-10.803123673844524 -16.008956294156206 -14.293467092228184 -13.621830968943968 -11.972877513202022 
-10.919703203491409 -16.090135732559304 -14.36131051140815 -13.735537665717757 -12.052440360576782 
-10.944932898311961 -16.106787377828553 -14.356597000457327 -13.743907884283246 -12.04873957721297 
-10.876494271979809 -16.057514010936387 -14.297472024172166 -13.691975716512673 -11.979823422642383 
-11.341876548835273 -16.394967364316926 -14.764409165497497 -14.11164278119466 -12.51737785450996 
-11.265113806850948 -16.34062145038193 -14.716108603716918 -14.043109689554925 -12.4609233318631 
-11.267871818656829 -16.3424656555473 -14.71496208387559 -14.045348143424789 -12.459728007128803 
-11.272505785327596 -16.3464740554562 -14.753221722448714 -14.063802838870217 -12.502345621937323 
-11.266894225319774 -16.342450936662246 -14.747447489385834 -14.058195732316804 -12.49571960978163 
-11.31382794856863 -16.37753686100355 -14.834668318063905 -14.083592859388432 -12.595916350249652 
-11.506071330178969 -16.51535161706468 -15.047628238020366 -14.245332883769578 -12.841283515544717 
-11.45622739739025 -16.479382585123517 -15.013603924443501 -14.209573566935745 -12.801583099486507 
-11.521510972336657 -16.526194065478492 -15.07367135959197 -14.259134809242411 -12.871180745804025 
-11.643091553124378 -16.613962831375318 -15.159108352885639 -14.354173158308498 -12.970375530902047 
-11.591639598706607 -16.577379455574672 -15.08105031175414 -14.297675182859038 -12.88146497819254 
-11.60495768921838 -16.586790082701157 -15.111544057226041 -14.311561387029258 -12.91621774821256 
-11.603454550490156 -16.585778219663894 -15.10423530965565 -14.310911677488235 -12.90783969398349 
-11.780670007668007 -16.71269877970805 -15.13185317925766 -14.4241761089025 -12.944784900480101 
-11.692518353190167 -16.648363418464015 -15.040868860559684 -14.35938099563431 -12.839852508583917 
-11.663864011178916 -16.628096418151713 -15.03117927792242 -14.337039161436664 -12.828023192497398 
-11.264019133213083 -16.34018113263329 -14.70938305255197 -14.019269806156643 -12.4542761142892 
-11.528194305852665 -16.529506078926758 -14.908915723182758 -14.243936567553817 -12.68602770376458 
-11.53025570552154 -16.530988022472968 -14.910478477971637 -14.245642312668522 -12.68784314990674 
-11.364810710866237 -16.410121369371254 -14.7325301641348 -14.08893422381739 -12.48430995127552 
-11.351519460118595 -16.400359934264614 -14.717100047195345 -14.073945885695977 -12.466807029854309 
-11.389634115749615 -16.427299597610244 -14.74025055030502 -14.109032498586174 -12.493903639084948 
-11.475194681620692 -16.489335591994163 -14.818030582106687 -14.183962098271138 -12.583558753947429 
-11.468437572695663 -16.484512858057244 -14.813647565682302 -14.179043659641096 -12.578390188864077 
-11.438688738497703 -16.463298287633634 -14.792590415192677 -14.151051295406006 -12.553963377415243 
-11.569076132906574 -16.55617575410264 -14.875211561139949 -14.224284479306064 -12.65276006979451 
-11.485202801600877 -16.494802586248127 -14.791534225590482 -14.159017424386136 -12.556254583221815 
-11.489775702283879 -16.498162418327254 -14.796308640310983 -14.162394010180861 -12.561762064034028 
-11.505843522894594 -16.5079966147606 -14.78565119991886 -14.200272934492972 -12.549495378350883 
-11.446032842615665 -16.46504971224101 -14.742510594577482 -14.158481290492432 -12.49877777734821 
-11.046569880085045 -16.177370859574992 -14.412655483166319 -13.833252421987865 -12.115319126485161 
-11.048928316004648 -16.1790274675038 -14.413851253943605 -13.83448602586455 -12.116780340951365 
-10.975734005158813 -16.131573332203175 -14.4244327811235 -13.766665363338078 -12.125770018988149 
-10.946612731718034 -16.104972358533516 -14.310612418345016 -13.704768678333764 -11.999688948968995 
-10.92329736985971 -16.0888211835708 -14.300352993503864 -13.705565925022995 -11.986215439804823 
-11.036078934906897 -16.166997343803217 -14.361110554861071 -13.797222055788993 -12.058989799215027 
-10.940808784939136 -16.098602395761148 -14.278645383839645 -13.691180247861013 -11.964501629530417 
-10.877057157303895 -16.052228242199348 -14.217749985264533 -13.638224403107955 -11.894015305738094 
-10.824080400575895 -16.014958625581002 -14.184510068415875 -13.62169450090947 -11.853254662505336 
-10.515848365829015 -15.795767370997922 -13.941031433077654 -13.378935657376317 -11.56768473232026 
-10.657741969087468 -15.895999962474676 -14.051116738117727 -13.502057804911914 -11.696573316147436 
-10.617951529406767 -15.86557246937339 -13.993355364572437 -13.456743469464072 -11.63114779141614 
-10.740170358164988 -15.950836861678155 -14.070385856101069 -13.540823317298873 -11.723464727279065 
-11.027321890393111 -16.147566875910513 -14.219998901123432 -13.718592998715096 -11.90765219403984 
-10.887890984381983 -16.053380041440533 -14.159012318780768 -13.61260696888877 -11.831921709947764 
-10.89719687504396 -16.055304682987725 -14.142866894833091 -13.551362732039308 -11.819807287036326 
