8.392333984375e-05
5.030632019042969e-05
4.6253204345703125e-05
4.601478576660156e-05
4.601478576660156e-05
4.649162292480469e-05
6.079673767089844e-05
4.863739013671875e-05
4.649162292480469e-05
4.673004150390625e-05
4.57763671875e-05
4.7206878662109375e-05
4.601478576660156e-05
4.673004150390625e-05
4.6253204345703125e-05
4.649162292480469e-05
4.601478576660156e-05
4.601478576660156e-05
4.57763671875e-05
4.601478576660156e-05
4.57763671875e-05
4.6253204345703125e-05
4.649162292480469e-05
4.673004150390625e-05
7.796287536621094e-05
6.699562072753906e-05
4.57763671875e-05
4.57763671875e-05
4.553794860839844e-05
4.57763671875e-05
4.553794860839844e-05
4.6253204345703125e-05
4.6253204345703125e-05
4.601478576660156e-05
4.601478576660156e-05
4.696846008300781e-05
4.601478576660156e-05
4.6253204345703125e-05
4.601478576660156e-05
4.649162292480469e-05
4.601478576660156e-05
4.6253204345703125e-05
0.00010728836059570312
4.76837158203125e-05
4.649162292480469e-05
4.6253204345703125e-05
4.8160552978515625e-05
4.673004150390625e-05
4.601478576660156e-05
4.673004150390625e-05
4.601478576660156e-05
4.649162292480469e-05
4.601478576660156e-05
4.649162292480469e-05
4.601478576660156e-05
4.601478576660156e-05
4.601478576660156e-05
6.556510925292969e-05
4.9114227294921875e-05
6.008148193359375e-05
4.6253204345703125e-05
4.57763671875e-05
4.649162292480469e-05
4.673004150390625e-05
4.6253204345703125e-05
4.649162292480469e-05
4.57763671875e-05
4.6253204345703125e-05
7.152557373046875e-05
4.76837158203125e-05
4.601478576660156e-05
4.673004150390625e-05
4.935264587402344e-05
4.863739013671875e-05
4.696846008300781e-05
4.649162292480469e-05
9.846687316894531e-05
7.867813110351562e-05
6.031990051269531e-05
4.7206878662109375e-05
4.601478576660156e-05
4.57763671875e-05
4.553794860839844e-05
4.649162292480469e-05
4.7206878662109375e-05
4.601478576660156e-05
4.601478576660156e-05
4.57763671875e-05
4.649162292480469e-05
4.76837158203125e-05
4.57763671875e-05
4.7206878662109375e-05
5.817413330078125e-05
4.9114227294921875e-05
4.887580871582031e-05
4.7206878662109375e-05
0.00010061264038085938
4.9114227294921875e-05
4.7206878662109375e-05
4.673004150390625e-05
4.649162292480469e-05
8.630752563476562e-05
4.839897155761719e-05
4.673004150390625e-05
4.673004150390625e-05
4.744529724121094e-05
4.744529724121094e-05
4.673004150390625e-05
6.270408630371094e-05
4.8160552978515625e-05
4.744529724121094e-05
4.649162292480469e-05
4.792213439941406e-05
4.76837158203125e-05
4.696846008300781e-05
4.7206878662109375e-05
4.673004150390625e-05
0.001913309097290039
5.1021575927734375e-05
5.054473876953125e-05
4.76837158203125e-05
4.649162292480469e-05
4.696846008300781e-05
4.696846008300781e-05
4.649162292480469e-05
4.6253204345703125e-05
4.744529724121094e-05
0.00013518333435058594
0.00011920928955078125
4.9591064453125e-05
4.9591064453125e-05
4.6253204345703125e-05
4.649162292480469e-05
4.8160552978515625e-05
4.696846008300781e-05
4.6253204345703125e-05
4.744529724121094e-05
4.696846008300781e-05
4.6253204345703125e-05
4.649162292480469e-05
6.079673767089844e-05
4.76837158203125e-05
4.744529724121094e-05
4.744529724121094e-05
4.76837158203125e-05
4.601478576660156e-05
4.792213439941406e-05
4.76837158203125e-05
4.673004150390625e-05
4.601478576660156e-05
4.839897155761719e-05
4.649162292480469e-05
4.601478576660156e-05
4.601478576660156e-05
4.76837158203125e-05
4.673004150390625e-05
4.601478576660156e-05
4.673004150390625e-05
0.0001900196075439453
8.058547973632812e-05
5.0067901611328125e-05
6.651878356933594e-05
6.198883056640625e-05
4.792213439941406e-05
4.696846008300781e-05
4.6253204345703125e-05
4.744529724121094e-05
4.6253204345703125e-05
4.792213439941406e-05
4.673004150390625e-05
4.649162292480469e-05
4.601478576660156e-05
0.00011420249938964844
5.054473876953125e-05
4.673004150390625e-05
4.6253204345703125e-05
4.601478576660156e-05
4.57763671875e-05
4.6253204345703125e-05
4.601478576660156e-05
4.601478576660156e-05
4.57763671875e-05
4.6253204345703125e-05
4.57763671875e-05
4.57763671875e-05
4.57763671875e-05
4.553794860839844e-05
5.936622619628906e-05
4.744529724121094e-05
4.673004150390625e-05
4.6253204345703125e-05
4.673004150390625e-05
4.673004150390625e-05
4.7206878662109375e-05
4.6253204345703125e-05
4.649162292480469e-05
4.57763671875e-05
4.696846008300781e-05
4.6253204345703125e-05
4.6253204345703125e-05
4.601478576660156e-05
4.673004150390625e-05
4.839897155761719e-05
4.696846008300781e-05
4.649162292480469e-05
5.888938903808594e-05
4.982948303222656e-05
4.7206878662109375e-05
4.601478576660156e-05
4.839897155761719e-05
4.673004150390625e-05
4.601478576660156e-05
4.601478576660156e-05
4.6253204345703125e-05
4.6253204345703125e-05
4.673004150390625e-05
4.601478576660156e-05
4.6253204345703125e-05
4.601478576660156e-05
4.57763671875e-05
4.553794860839844e-05
6.4849853515625e-05
4.696846008300781e-05
5.9604644775390625e-05
4.76837158203125e-05
4.649162292480469e-05
4.9114227294921875e-05
4.696846008300781e-05
4.601478576660156e-05
4.673004150390625e-05
4.57763671875e-05
4.649162292480469e-05
4.649162292480469e-05
5.14984130859375e-05
4.7206878662109375e-05
4.6253204345703125e-05
4.673004150390625e-05
4.649162292480469e-05
4.6253204345703125e-05
4.7206878662109375e-05
4.76837158203125e-05
9.894371032714844e-05
4.76837158203125e-05
4.673004150390625e-05
4.7206878662109375e-05
4.7206878662109375e-05
4.673004150390625e-05
4.57763671875e-05
4.6253204345703125e-05
4.6253204345703125e-05
4.601478576660156e-05
4.6253204345703125e-05
4.649162292480469e-05
4.601478576660156e-05
4.673004150390625e-05
4.696846008300781e-05
4.649162292480469e-05
4.649162292480469e-05
4.601478576660156e-05
4.863739013671875e-05
4.6253204345703125e-05
4.57763671875e-05
4.553794860839844e-05
4.6253204345703125e-05
4.506111145019531e-05
4.5299530029296875e-05
4.5299530029296875e-05
4.5299530029296875e-05
4.553794860839844e-05
4.8160552978515625e-05
4.601478576660156e-05
4.57763671875e-05
4.673004150390625e-05
4.6253204345703125e-05
4.601478576660156e-05
4.57763671875e-05
4.6253204345703125e-05
9.560585021972656e-05
4.696846008300781e-05
4.673004150390625e-05
4.601478576660156e-05
4.601478576660156e-05
4.57763671875e-05
4.601478576660156e-05
4.673004150390625e-05
4.601478576660156e-05
4.553794860839844e-05
4.57763671875e-05
4.5299530029296875e-05
4.5299530029296875e-05
4.57763671875e-05
4.601478576660156e-05
4.506111145019531e-05
4.553794860839844e-05
6.651878356933594e-05
4.839897155761719e-05
4.57763671875e-05
4.57763671875e-05
4.5299530029296875e-05
4.57763671875e-05
4.553794860839844e-05
4.5299530029296875e-05
4.673004150390625e-05
4.6253204345703125e-05
6.556510925292969e-05
4.696846008300781e-05
4.553794860839844e-05
4.57763671875e-05
4.553794860839844e-05
4.673004150390625e-05
4.57763671875e-05
4.649162292480469e-05
4.6253204345703125e-05
9.751319885253906e-05
4.6253204345703125e-05
4.57763671875e-05
4.553794860839844e-05
4.601478576660156e-05
4.57763671875e-05
4.649162292480469e-05
4.601478576660156e-05
4.6253204345703125e-05
4.6253204345703125e-05
4.601478576660156e-05
4.601478576660156e-05
4.6253204345703125e-05
4.601478576660156e-05
4.601478576660156e-05
4.553794860839844e-05
4.57763671875e-05
4.649162292480469e-05
4.887580871582031e-05
6.961822509765625e-05
6.341934204101562e-05
4.649162292480469e-05
4.673004150390625e-05
4.57763671875e-05
4.601478576660156e-05
4.553794860839844e-05
4.601478576660156e-05
4.601478576660156e-05
4.601478576660156e-05
4.6253204345703125e-05
4.649162292480469e-05
4.57763671875e-05
4.553794860839844e-05
4.57763671875e-05
4.649162292480469e-05
5.984306335449219e-05
4.8160552978515625e-05
4.57763671875e-05
4.553794860839844e-05
4.57763671875e-05
8.130073547363281e-05
8.535385131835938e-05
8.487701416015625e-05
4.863739013671875e-05
4.6253204345703125e-05
4.553794860839844e-05
4.553794860839844e-05
4.601478576660156e-05
4.601478576660156e-05
4.696846008300781e-05
6.461143493652344e-05
4.792213439941406e-05
0.00011920928955078125
5.1021575927734375e-05
6.103515625e-05
4.673004150390625e-05
4.6253204345703125e-05
4.649162292480469e-05
4.649162292480469e-05
4.673004150390625e-05
4.553794860839844e-05
4.673004150390625e-05
4.696846008300781e-05
4.649162292480469e-05
4.673004150390625e-05
4.601478576660156e-05
4.601478576660156e-05
4.601478576660156e-05
8.0108642578125e-05
5.173683166503906e-05
4.7206878662109375e-05
4.601478576660156e-05
4.57763671875e-05
4.6253204345703125e-05
4.649162292480469e-05
4.6253204345703125e-05
4.7206878662109375e-05
4.649162292480469e-05
4.601478576660156e-05
4.601478576660156e-05
4.57763671875e-05
4.57763671875e-05
4.601478576660156e-05
4.57763671875e-05
4.553794860839844e-05
4.649162292480469e-05
5.936622619628906e-05
4.76837158203125e-05
4.649162292480469e-05
4.57763671875e-05
4.649162292480469e-05
4.5299530029296875e-05
4.673004150390625e-05
4.601478576660156e-05
4.673004150390625e-05
4.553794860839844e-05
4.5299530029296875e-05
4.5299530029296875e-05
4.57763671875e-05
4.553794860839844e-05
4.57763671875e-05
4.601478576660156e-05
4.553794860839844e-05
4.553794860839844e-05
9.417533874511719e-05
4.696846008300781e-05
4.6253204345703125e-05
4.506111145019531e-05
4.553794860839844e-05
4.482269287109375e-05
4.601478576660156e-05
4.506111145019531e-05
4.5299530029296875e-05
4.5299530029296875e-05
4.57763671875e-05
4.57763671875e-05
4.553794860839844e-05
4.5299530029296875e-05
0.0010914802551269531
6.365776062011719e-05
6.246566772460938e-05
4.7206878662109375e-05
4.6253204345703125e-05
4.673004150390625e-05
4.649162292480469e-05
4.673004150390625e-05
4.649162292480469e-05
4.6253204345703125e-05
4.57763671875e-05
4.6253204345703125e-05
4.601478576660156e-05
4.57763671875e-05
4.553794860839844e-05
4.553794860839844e-05
4.553794860839844e-05
4.57763671875e-05
4.57763671875e-05
4.553794860839844e-05
4.553794860839844e-05
9.799003601074219e-05
4.744529724121094e-05
4.57763671875e-05
4.57763671875e-05
4.553794860839844e-05
4.649162292480469e-05
4.57763671875e-05
4.57763671875e-05
4.5299530029296875e-05
8.082389831542969e-05
4.7206878662109375e-05
4.696846008300781e-05
4.57763671875e-05
4.649162292480469e-05
4.673004150390625e-05
4.649162292480469e-05
4.57763671875e-05
5.9604644775390625e-05
4.792213439941406e-05
4.649162292480469e-05
4.601478576660156e-05
4.6253204345703125e-05
4.601478576660156e-05
4.649162292480469e-05
4.649162292480469e-05
4.601478576660156e-05
4.57763671875e-05
4.601478576660156e-05
4.553794860839844e-05
4.57763671875e-05
4.5299530029296875e-05
4.601478576660156e-05
6.413459777832031e-05
4.673004150390625e-05
4.553794860839844e-05
7.176399230957031e-05
4.744529724121094e-05
4.6253204345703125e-05
4.553794860839844e-05
4.57763671875e-05
4.57763671875e-05
4.6253204345703125e-05
4.6253204345703125e-05
4.5299530029296875e-05
4.57763671875e-05
4.5299530029296875e-05
4.57763671875e-05
