-304.5579604109322 -305.19721116825554 864.397285801647 
-304.19205678085194 -305.2875422703716 864.1452432760118 
-304.8121793645321 -305.5315618015552 864.2325486178855 
-307.96992847833053 -302.5780022401512 860.6204108427643 
-309.3942745722978 -303.30352042108626 859.2106419054487 
-316.0034549145661 -305.50021223583263 862.462173275949 
-315.09344876049323 -304.77875580338866 863.0025444452626 
-314.86039935623256 -304.92373353084866 862.887486299971 
-314.8979415998974 -304.83577410098405 862.6612800942195 
-313.00779747647505 -303.9582823040155 864.5424693758987 
-312.13212834589723 -305.03294750005006 863.4361587303858 
-304.1815483129472 -310.8846691807062 864.0638588935162 
-304.5747554646731 -310.7964595784757 864.2959266510668 
-305.021796610599 -312.80205348789883 864.2518081398547 
-304.9041571311383 -312.5945425720759 864.3419889695685 
-307.28335591918034 -312.68895549673516 862.8175051627312 
-306.98004793729336 -312.86251708834584 862.2474408693499 
-306.8896691682732 -312.4936040097368 861.3424037175039 
-306.0917353526911 -313.26265961040707 859.0777751661665 
-306.03154516100216 -313.26718757438294 858.9809120663292 
-305.77090776404424 -313.2190657449693 858.219882433211 
-303.92432966760475 -312.5194692819176 857.9165465586865 
-305.546246467969 -314.7018105803175 855.9347862131539 
-306.9824379156877 -313.2547279179601 855.5021420658617 
-305.35406543746154 -319.1045577855904 857.260450580512 
-304.3586391052606 -320.054173611392 859.2883199952171 
-303.06146193513797 -319.40340580488095 860.0719018391035 
-303.9956447185354 -319.26149307064514 858.9124619341425 
-302.9233476591573 -317.83967662260454 858.3842055593976 
-303.8941425347153 -318.04915621771175 858.6746959488501 
-301.75522218617687 -316.8268037027493 856.3118038837321 
-300.9942246602106 -317.598152995284 858.087971137944 
-305.1633856737854 -315.9974185510479 857.3565629387562 
-304.98208447855933 -317.48638241319424 856.9688382358445 
-306.4310818040228 -318.8116086538635 855.3586849196355 
-306.3380549044905 -318.74536775692684 855.5882676862608 
-308.0699046134776 -316.8712633778241 852.1989282500069 
-305.60227591229574 -315.9311347513331 851.9330107618598 
-307.4401668287079 -318.99030254402237 851.7701185010541 
-309.13773145153357 -322.744217019171 850.052506898421 
-309.3938769172514 -322.4928966813435 851.8033811573555 
-306.16374599152556 -325.73951906914215 847.7768956290876 
-306.4960606141877 -325.8159063834536 849.1884890659693 
-303.2296548497465 -325.87282895341207 847.1513676957322 
-303.51017162932834 -326.0391359914961 846.9507931946556 
-303.53914819083764 -321.3346827073362 845.2069458894324 
-303.62472999594075 -321.1967141214739 845.1345275534727 
-303.04818603786526 -320.4739651280335 844.5144331894913 
-301.60530427814564 -318.29359369469614 842.2592477450336 
-296.7139936566564 -316.3345637571702 841.5690410190053 
-293.3231356013894 -313.67890042534924 840.9975015686271 
-293.075727483096 -314.00355096885835 841.5693908160156 
-292.62642353545203 -317.3027398683041 840.5898800681606 
-293.63485759757174 -315.6546697325561 841.9490005465384 
-294.0577460346054 -315.6135376803211 841.8783258572863 
-293.39180710604455 -319.65568789410156 840.2993055845278 
-292.9241310718193 -320.1002464167419 840.2747939025577 
-294.7719330088423 -316.2179318747813 839.4307309689706 
-293.9903573632014 -316.779324637518 840.1303177111448 
-293.0806564083114 -317.7382286744968 840.6339531793363 
-296.38909591906605 -316.5516494501554 840.2946755477517 
-297.9682642056152 -319.04627099618926 841.9343977569891 
-297.30879387566966 -322.9234524656239 839.5638837145815 
-298.2753533231772 -322.9032792147819 839.6821337135362 
-300.17003716797285 -323.0613541179098 840.4530044467951 
-300.09942602959245 -323.41016501440714 840.4955933005842 
-300.08452070529967 -323.4377411538245 840.526712451331 
-300.59538341645884 -323.54970979096635 838.7048662397297 
-300.38814392853493 -323.53848618693564 838.8198023352455 
-302.9876367219132 -321.85211605628183 843.1296439155631 
-302.82145379196857 -319.0719502729117 846.2085808077671 
-302.99497035207804 -314.29150224490115 853.6126732009473 
-302.91896572740654 -314.5557609789949 853.9483895299207 
-303.2018908419347 -315.26438949586526 854.3443838984683 
-304.17178041407357 -314.61059766842124 854.0406351551208 
-303.00012115983657 -314.9154396680946 856.6811771438288 
-300.5336040239589 -316.81718497017135 857.4310850188689 
-302.906428785086 -318.1519669876199 857.5129468973953 
-296.50179183761236 -317.4237792201975 855.7525871941884 
-296.5395859866508 -317.3433455139799 855.7856272732843 
-296.38227105601806 -317.6910398875492 855.5623280264724 
-298.53606964933084 -316.7244052438945 856.3049952464829 
-300.8716367358067 -315.0203061444277 853.4807656298589 
-298.4301971219719 -313.9957351645052 854.2476340741068 
-299.4269324426405 -314.9287595934077 853.9608408731783 
-302.0506563165276 -314.8606230723504 852.1871404678284 
-303.066493731973 -315.2016470676053 851.8002565107661 
-302.6720093427157 -313.436319003974 852.5481413851273 
-301.775589910017 -313.2912718512834 851.9957604923793 
-302.6839123425305 -311.6261216455976 851.1003799853376 
-306.5316398162542 -311.905377269221 850.5680639699101 
-305.73855393701 -312.85278316951445 848.5844867990551 
-306.3740500943733 -310.0886969811534 848.541920247468 
-307.4526422323945 -307.1340704293115 845.903659498068 
-307.5923254787335 -304.73996168549024 848.2769913503213 
-307.1554276362125 -304.7130631112463 848.924098750134 
-307.96708532621784 -304.40316335076693 849.2003029961472 
-306.67712056920976 -310.1890668818006 849.0509714262035 
-307.40046927424356 -310.2679255741753 849.6327716575111 
-306.0535622359895 -309.50357868192134 851.627756603091 
-308.2603354234865 -304.3403764194406 847.4550598254057 
-306.81073981514294 -306.03666903902547 848.8552241267327 
-303.8501160284952 -305.7376942340959 848.947831622953 
-302.34348167581516 -305.7807687505604 849.81497025502 
-301.77302976604875 -305.7593591550021 849.5314112681482 
-301.38248522507894 -305.7301678465749 849.5570808388012 
-298.75819738559096 -306.03195664348897 850.6896185576172 
-302.0189451921703 -303.95424460792407 849.9873022983194 
-300.5765668349476 -304.27018591816886 848.1728508891006 
-300.5853341590892 -305.38551237083954 847.6075334378702 
-300.43362737368017 -305.4973875460144 845.7113194791159 
-301.9565291041177 -298.64373995526853 842.6805075126557 
-301.69295595010516 -297.8906450882545 843.7978740791688 
-304.8791616266919 -299.787890269509 842.7932536362141 
-305.1643091952069 -296.772030875239 841.6593599052474 
-304.8236672270776 -296.14100499597663 841.5928432862939 
-304.96550864355777 -295.38211804740087 838.6696016886361 
-301.06759127834874 -294.1253248358367 837.2211968190157 
-303.110927526847 -295.4382326950365 837.583672561353 
-303.8137376360774 -294.1475159461372 836.4992817171332 
-304.52215610766274 -294.3859298387745 833.9359230775669 
-304.63419337279754 -293.98878421032566 832.9534600307039 
-301.5064901426197 -289.9519523665843 829.7544211671526 
-301.77223902580107 -288.01744950420704 827.6767457477243 
-301.7094231286355 -288.44132693449626 827.9411043055144 
-301.37959718035813 -288.09748431408656 829.2317683029504 
-296.87122302282876 -288.66040807101757 828.5843975892476 
-297.41467187780506 -288.31314164132544 823.4042419314507 
-298.59136012532826 -289.04975769276194 823.4805010657598 
-299.82852819983424 -288.3427751106715 826.4237154488139 
-300.0661294027249 -288.72706500268805 822.9450752147379 
-300.20557710252746 -288.67787737197864 822.9688311311181 
-302.39752578256986 -288.9676105115322 818.7362514291193 
-302.5922764638192 -288.09639329869987 819.2680956690898 
-303.7429150442178 -285.95351429757903 819.9034602423958 
-302.6460213759359 -285.6614503649683 820.1509664175379 
-300.72375702242977 -284.83994281997286 821.6054463416954 
-300.5905987836295 -284.65160296604927 821.7187875518615 
-299.1317654234111 -284.7412855598384 820.5176669634552 
-298.52271970288564 -287.74008922632834 821.175866730532 
-299.4131348843103 -292.99988275519365 825.5710065452355 
-302.5565078464992 -289.20559903951624 824.578861514601 
-302.91032763409305 -288.9533105437024 825.6462566443796 
-303.17561679231284 -288.6651589846339 824.1110550732603 
-305.681977512793 -292.29709583043 824.062918444028 
-305.7316123948797 -292.2981369185713 823.609345767827 
-305.69212606787084 -292.4122476101843 823.5995404205056 
-308.4184871590564 -291.7020226318801 830.4712765477096 
-308.48290465475714 -292.55054188873805 830.14530039363 
-309.76133703192477 -291.8695077946294 832.9503274778247 
-308.9243118536663 -289.60661283582056 832.8040709178522 
-308.72236189287645 -289.4711222264483 832.4815237613857 
-310.48211943891664 -288.207455858662 834.9115195317288 
-312.78210518589844 -288.3143302006299 838.1971918724249 
-312.3528294518517 -288.7752691158575 836.0058851469452 
-312.09263173868476 -288.60452759695073 835.9202994817888 
-307.4352176852811 -290.1678334585545 834.67471394527 
-305.32184329753477 -292.3124796080842 834.09826603606 
-308.35270499970346 -294.16048762160557 836.639022814675 
-306.6073355832303 -294.47201424728485 837.9144093089175 
-307.21367217118154 -294.42571923107164 837.6285460092387 
-307.52878528555016 -295.21930308766287 836.3476456570114 
-307.4246163922429 -295.718767238813 835.9225494607807 
-307.71802459624513 -295.6517487153343 833.1542046786409 
-306.9733265346747 -299.1577818734196 831.0998842988661 
-307.2689675355787 -299.20199938574916 831.2693133908642 
-309.2235400660479 -299.0542274801767 832.5377565783755 
-309.21042775600165 -299.546176758869 832.3075071280813 
-309.3736937296947 -300.03526123596885 832.618619698557 
-315.37486824095424 -299.9909090959607 828.104726358447 
-315.830409477415 -299.9943947842319 828.0604960650977 
-315.6249514003611 -299.8062267942749 827.7470020209224 
-315.64574436407446 -299.43555722015634 826.926294701556 
-316.3498530724187 -300.0020986880617 824.6316053184737 
-317.415404070627 -300.1928089956717 824.3658321591845 
-316.61892769538105 -302.21083796241516 823.4628665879331 
-316.76275457572274 -303.7757165664622 824.2931983772072 
-313.2970423841706 -306.99817081508434 822.9660368303325 
-312.6688467995909 -308.80305720791864 822.660426748768 
-312.73718271779256 -309.22187334942566 822.2461017549823 
-313.21444810688683 -308.6842823637893 821.9652494502398 
-313.313611393828 -308.60195734203677 821.9117339775844 
-312.7497239208242 -308.5320434446943 822.2502367385407 
-309.1357004446233 -313.937327750951 819.5889392683684 
-312.38013184357385 -314.43149173578774 821.0174376807726 
-312.27383063705076 -314.4119104703185 820.9296884326202 
-312.3463719511464 -314.28688727188785 820.8604673432335 
-312.3929886514471 -314.2828909074111 820.8227420945383 
-314.0594224514517 -315.818705115081 823.1377930978754 
-314.2153885521225 -317.7457792412997 823.8269892302195 
-318.0708385596579 -319.1169890681153 827.368562373792 
-314.27267619661774 -315.1504881463447 826.670295937021 
-315.4134130063205 -314.07272520569796 825.1364888101161 
-314.8322993282438 -317.5777152914009 827.7645550739516 
-314.3131609708858 -318.762452798425 826.4003247455639 
-314.29025600104103 -318.6542185482427 824.5519044640843 
-313.55462025651656 -322.3687714306312 824.4171901949699 
-312.89699353805986 -321.085321540313 824.650324869539 
-314.8650923157399 -319.6473838216417 823.8922311383635 
-312.45829455482874 -320.53409853602824 824.46441041885 
-312.30952693691904 -320.31587824231946 825.3914698520347 
-308.21883238576936 -317.71617791382965 825.2406999281612 
-307.4607569513072 -317.7996372603302 825.8106330688232 
-307.8573294816309 -319.0718523997236 821.4983980724528 
-308.23923297015904 -318.8342898180171 822.4509244840473 
-307.7958603217042 -317.0456942325013 821.4137691557462 
-307.4081688565025 -315.2555204025038 819.8894698350986 
-309.587084130656 -314.80039944102657 821.7915199891769 
-310.5379449496766 -314.3331409940046 820.571547633663 
-311.2300768616964 -313.86367082157693 820.9623274740098 
-309.6567955500368 -314.03995391450474 821.1303593645295 
-308.8651258081974 -316.5345563332267 817.5700362212217 
-310.0504765233161 -314.53524382618014 816.8402726046971 
-312.78990734062006 -315.5598081161595 819.7657333452544 
-312.907960379431 -315.39230333001285 819.9381709838937 
-313.274860478696 -314.2608564385368 823.285160791303 
-314.66242321148064 -316.07112200192114 823.6488319202289 
-316.8230747733645 -316.11079491136894 824.9119372545417 
-316.86616270216433 -316.15104794109925 824.7054162375993 
-318.8026986844601 -317.4710883010123 824.5647912699507 
-319.08083687862984 -317.43460044043775 824.2862471718886 
-315.1845698120982 -315.56727134186315 826.1791777555923 
-315.19982752471105 -314.4119068223457 829.2792951711345 
-315.4159854788017 -314.920504306134 828.1766744759758 
-315.430174798299 -311.38566511016177 824.0224894606405 
-314.97103964006436 -310.51194215589106 822.6951039961582 
-310.8665816515365 -309.4096159684516 824.7509400681488 
-311.2783971285705 -309.17499842164494 825.1016281005327 
-309.46615013509256 -308.64534862486084 825.0337112153535 
-308.53657203804204 -310.99090655906787 825.8287565581616 
-308.37908810895925 -312.0602884547698 825.5318193703292 
-307.3429605285519 -313.73485993342666 822.2097500799692 
-307.36481689016773 -313.4564353102708 822.1205631178019 
-308.62339058202724 -311.99083611215724 821.6630708903658 
-310.439537867458 -313.44581332777346 824.0299583736056 
-312.01522177733125 -314.79170615611457 821.2163530308866 
-314.2218788212362 -314.1956167581293 826.3905708740904 
-314.7010216895014 -313.61235332774584 826.3032980208612 
-314.6355179360787 -314.37319918655436 825.5417337335696 
-316.0309578233009 -312.99531113812117 824.3451767153618 
-314.09083297000575 -313.5981478538397 821.5745680357699 
-313.19922282140806 -314.1616455576017 821.6406894865631 
-313.3833382484015 -314.21700258869936 820.732204031663 
-313.79025494412707 -314.97012348867514 822.6660595468459 
-312.05628963605113 -315.98426536864866 821.1596508298685 
-312.0611931050404 -315.97202714815484 821.1608452190279 
-311.42573244913245 -313.00634375231334 821.9535148130614 
-310.6740031064415 -313.0517307548995 821.314712028893 
-313.7599983080895 -310.1946435299439 824.1502309147655 
-310.138794587796 -311.1078241741662 823.9991895616895 
-310.8205181876048 -310.1503324466018 823.6340027565944 
-312.88928785868904 -309.8076766979278 820.8120828053011 
-311.5410819241012 -308.5303967137731 820.2595426552457 
-311.2305987962257 -308.42468000297947 819.4087727108194 
-311.57610254161887 -312.8000560617803 822.3203632375945 
-312.8498006889088 -314.1908366987667 825.3279778908936 
-315.2657014055836 -313.6190314334109 822.9149742929601 
-316.7629259978795 -307.7712903134814 822.1159979503233 
-316.57822553386603 -308.5003538241758 822.6095394961972 
-316.9162862494772 -308.63588258514534 822.7965356880611 
-317.3225837366306 -311.9198733115342 826.1763736914119 
-317.36169752279574 -311.81556763419655 826.3023390675344 
-315.67504028169924 -313.6746452205144 827.0655580809347 
-315.10402720499957 -315.0403233764348 829.6630414714609 
-308.639366045336 -317.779790783149 827.5298945455644 
-308.99882957949166 -317.9706513511227 827.5994054520125 
-308.9041752628364 -317.56710258464835 828.7757731011535 
-309.44849898341175 -319.6077470197466 826.8306967211902 
-311.98175613499006 -322.09197348803906 828.6670487885043 
-310.12027807608507 -322.23506740521964 832.8688130385635 
-310.56071409262375 -321.9218667233431 833.4751376409924 
-310.10715105974754 -324.9898931602472 830.4616238465752 
-311.6107858452665 -326.25739256969126 830.6207221588325 
-312.98655659185505 -327.61168873739314 830.9321257724388 
-313.0061224190626 -327.5560658972211 831.1011836508844 
-312.76882751405833 -330.67588987967173 834.1198138916166 
-315.9676454561376 -328.42945450197067 831.8441195280524 
-315.43394575479164 -327.4693130205258 832.1224599368419 
-317.26166619262364 -329.24400269179046 831.2000159943404 
-320.444300838737 -325.47291975746276 832.0295320433748 
-320.26005246674777 -325.8677831589189 831.7694295521509 
-320.73754039293465 -324.6989838777505 834.4116021793373 
-324.33203230446856 -324.3458247577448 835.1013945935617 
-326.19566341676096 -321.2251407021653 836.2880713327248 
-326.5314294484233 -321.2202654956858 837.2777118746487 
-326.9223977083095 -324.0217675206581 839.8745061883861 
-333.7982647511831 -320.17001724128914 843.8259616799822 
-333.04603064124956 -322.62259988781796 842.1605074304617 
-330.6789138634377 -326.36237454075354 838.8603046522933 
-329.34027302086787 -332.9296805260103 835.9383412587542 
-328.9435500203044 -332.41965104008824 836.0592953363576 
-319.66657433317295 -329.4492470231465 833.7407283035249 
-319.1857979809451 -327.22136044008425 832.9524486105034 
-319.11215262638996 -327.5156697392411 832.8188869760899 
-319.87799486948984 -327.5833332571125 832.6894634021049 
-314.18388883639307 -325.58998015299926 833.8252525617183 
-312.7619505895822 -325.4856281328648 832.4727741984873 
-309.9797658709962 -323.47876763078034 832.6644583128976 
-310.10895446839476 -323.68692928038627 831.9609739855067 
-311.3237269425388 -324.0947319781248 832.3065232921617 
-312.20329308503517 -323.54245642013154 832.4798328686658 
-312.80812755986904 -321.1497928286929 831.6031280435286 
-313.373589351055 -320.68662336784854 831.8755775199935 
-315.11614047592434 -320.0960323458656 835.4445931145458 
-317.41219053610007 -325.48996389303034 835.4404106277948 
-316.8064303186326 -327.2516193714502 834.8177471962919 
-317.1659854340085 -327.21703296506587 834.6823610396729 
-317.1447231972506 -327.2169774004996 834.6606190696181 
-317.26634595950395 -327.151833799859 834.84464278373 
-320.99192378896856 -329.18220666392216 832.8771124887633 
-316.8695759105384 -328.86748557317884 831.4981469471044 
-318.62908462529344 -323.6501949346722 835.5285616741569 
-316.1934475806253 -327.33632225077974 836.5596813877925 
-316.20342363390694 -327.38770595539074 836.4417987659878 
-315.4521292601742 -326.95965095894536 835.2424308896582 
-317.29713167484135 -326.98174479086885 834.3404679820358 
-316.88956373236687 -327.9236361104876 831.9822550291028 
-317.8716398829064 -326.968547386149 832.7260924277455 
-317.0567790169608 -327.0381268407465 832.3148793117725 
-313.8114455710457 -322.75700855518187 829.2924632966566 
-311.135749142729 -322.6923497288747 832.3338349832128 
-309.76954826985315 -326.49564346773747 837.5212373056683 
-308.235246196047 -329.54116055980813 835.0878298585515 
-304.69701172729384 -334.4532788987103 838.1794989677886 
-305.07823864674396 -335.355424981469 839.7636475596614 
-306.7786252279947 -335.10435829021753 840.158709886959 
-306.56712758033905 -334.9976422716556 840.1464857868856 
-306.53639582189743 -334.6225865074215 840.7189013355738 
-307.951071682413 -334.10868553389173 842.9538489750727 
-308.34955794496335 -334.4000969536104 843.0761072894791 
-307.2368476264629 -332.6491133790314 843.6387756846842 
-308.16901528863946 -336.8597443205406 845.9233061634087 
-307.53088127451275 -336.59998574752024 844.511172236726 
-311.0560783361656 -339.8501397619792 845.4829705646698 
-312.3534118596845 -339.9430827414376 846.7388054564049 
-312.38622754801406 -336.56602097106156 844.4408571561984 
-317.4542762341037 -338.21276014945795 843.1601919111047 
-314.268828046025 -340.8787892784194 845.2572130038819 
-309.8624105093778 -339.16929022594695 846.9320935398862 
-311.942248519136 -338.1842462354747 847.72273616758 
-312.23459933565346 -336.1719848486301 845.517717212391 
-312.4122013368079 -336.68227314491406 845.9713559564766 
-312.3319553164672 -334.8204284061765 844.6809789775158 
-314.92208094150345 -336.5522866292675 845.6520116609919 
-317.85482058066674 -339.2624514428297 844.2890294534775 
-318.0310606424173 -338.9952587206133 844.5947824411039 
-318.09688765951387 -339.35433919482807 844.7684762493521 
-323.11831910336457 -342.8465006390844 839.0362494672232 
-327.3204134469769 -340.08477208703977 835.7350434796682 
-325.51933226342 -340.86810361381504 832.0498064216343 
-329.6776546543483 -341.52464261491946 835.2634422616206 
-330.1867407655647 -341.56305919832846 834.7359211949379 
-330.9086784819772 -343.2044485618423 833.4454399218953 
-331.3848838072979 -340.58912903193254 833.3510195795346 
-331.1718889977194 -340.68731843535164 832.9594601116324 
-331.2098064904171 -334.66535655069185 832.3845364408922 
-337.38054788863536 -332.6131895576474 833.8075002670041 
-335.9750016912231 -332.695092190963 832.8922655417277 
-335.1974494283493 -332.56492421085557 833.4219191878739 
-333.58762475310147 -333.9492732840013 837.3248692769781 
-334.7123506435384 -334.6866092474625 835.2059117228575 
-338.96094026594943 -333.35392654119636 836.4562432928591 
-341.11877153234076 -330.70852819002465 837.3734191120171 
-339.80783420338867 -330.4365363906654 836.1097026567712 
-338.7165716909786 -329.9476887740485 837.0844312499048 
-337.8423702787777 -328.949608481827 834.46289894651 
-337.85995542813015 -328.92080367743495 834.4351310532047 
-337.7178079459802 -329.28698131406594 834.4850421126868 
-336.79333145022105 -328.54199472259126 835.0664637086799 
-335.69813958905206 -326.7670536090817 835.1408303373483 
-338.8846638729674 -327.6795097622794 832.6534122801918 
-344.25377100934446 -329.5154087570312 828.1763237025741 
-349.7954763619219 -327.696593368621 823.1295412321089 
-349.69972052666077 -327.7689821661645 822.7253891379366 
-350.24480724002626 -327.5422337521324 822.6534612625212 
-348.7791824694564 -332.33605124621545 819.5077001882534 
-349.27489173912045 -333.3950177471799 819.5248136031785 
-348.33249183546224 -333.22205943969533 818.7539217104547 
-346.35820392025033 -329.70554832370834 816.7667735712606 
-345.5881358171732 -329.05506462023027 817.07872439931 
-345.46930857226096 -328.95038106466967 816.704426626606 
-344.28877438211293 -330.4890297951059 815.0266450414854 
-340.0398257235885 -327.6124000554744 816.384241569702 
-339.30288575945184 -328.6630749624264 816.0837584290399 
-339.35684724894344 -327.02859022805785 816.5733892314131 
-340.03018165319577 -328.4957932249009 817.80931674304 
-338.71700113426556 -325.4803529468411 818.9061810895694 
-338.2249443009869 -324.1928568203867 819.6565786236864 
-337.5927616782642 -326.68231292245054 816.3418385312536 
-337.4353333267718 -327.9925451924011 820.536753857393 
-336.6281662996912 -327.8639556917416 818.6671745560213 
-338.3105829258854 -327.044905702673 816.7757388804617 
-344.19394853038244 -326.81267106768456 819.563613686988 
-342.7833231078673 -327.5636952132753 817.503050112245 
-341.76682400533196 -328.65474826405136 819.5582022028152 
-336.1137651917667 -332.3578175875835 821.9575149939111 
-336.04198470305346 -332.81423553757764 822.570488922547 
-335.98338040506036 -332.80253233147465 822.5574729392729 
-336.94436165562576 -332.97661752091005 823.5676387578143 
-334.8062325846795 -334.8910131835692 822.0467908735778 
-334.22398906850805 -335.4524678727071 821.7345485196156 
-333.4533112245369 -335.107673225075 821.9854879396802 
-334.99929712728704 -330.60313796014486 820.9268306441317 
-335.0074724467326 -331.22364762146725 821.1109108172218 
-334.9980413761411 -327.74731285513343 822.7499966848641 
-334.9618656753826 -327.6366336417488 822.9563591891493 
-330.53536610112553 -321.9166040533258 824.9586169944528 
-332.1832203266722 -323.5907856786556 826.3128267593877 
-333.40526001912735 -322.7087021794779 825.2208032829412 
-331.04180119648873 -316.04922323827964 827.1152374954539 
-331.04754743271684 -316.0931393969487 827.1004337903382 
-330.78249931642483 -316.09166315983794 827.1140029737184 
-327.37890527520875 -319.26752136893975 826.287406688393 
-327.3834714097662 -319.2649300110609 826.2794080532192 
-325.784021540907 -320.02160413480885 826.6958273037834 
-327.4795870051874 -321.4629470400444 826.6424845942969 
-331.5937900814538 -323.63178459575226 827.5061733950116 
-331.59600142932885 -323.7062335963779 827.4961781477646 
-335.119012345684 -326.55892290593425 826.3511034639353 
-334.88189739036807 -326.33841990320866 826.5635503988625 
-334.9332185251573 -326.3480367021271 826.5804582396855 
-334.35481217578376 -326.10730291823717 825.9719617250689 
-335.34857798436815 -324.3819161398559 822.514444509585 
-333.72237426095546 -323.43516685802507 822.3201014625082 
-333.8470292209862 -323.6947348145457 822.5423376762269 
-335.43644158408017 -322.20056716961267 817.089541305747 
-337.8657538232349 -322.4140892582796 816.3206767325131 
-334.45836420275754 -316.68753091031596 814.5445070740379 
-335.38218357558793 -315.1400404819573 816.5485285155074 
-337.3173317570419 -316.16726862311384 819.8804129851294 
-342.0991351714292 -316.71903921600443 818.3257435123817 
-340.5816380774074 -318.0483584582554 818.0014820631321 
-341.0356014413696 -318.4037097311509 818.2325873306829 
-342.1379594004374 -319.07937594149456 817.5595445087179 
-342.0858599359814 -318.6419011265658 817.6653643708514 
-342.2506021004289 -316.9260081922459 816.3013114761907 
-343.2146843833663 -318.2624410446372 815.7339361980081 
-343.77006392258346 -317.9713936691226 816.7883239798499 
-344.53070757979026 -315.5747886472077 816.3723239388327 
-343.6799142369787 -313.53060768369096 817.9805630412226 
-342.21501844096963 -315.7250743195684 817.181455627344 
-337.40236873490534 -308.9070409511947 819.9717230153465 
-337.4581579542094 -308.4601730855695 819.4788274083304 
-344.28997597046583 -307.6110453602555 820.056669252752 
-339.37873420948597 -306.82310824119173 821.4987668849129 
-339.41951330518117 -308.94583535953626 820.0456372808806 
-340.6841079323691 -307.0353315190334 817.5992028809703 
-343.63344353266433 -306.4655020055744 818.4409225860599 
-342.23521678523304 -305.9409390330243 816.5332027202869 
-342.1336124810332 -307.06606944304315 817.5411418887065 
-339.1003558310051 -306.0847563720944 821.5521101442478 
-337.7747606057649 -307.7294325943989 819.9456123372598 
-334.63196315623946 -309.8292688529265 818.0799882277684 
-337.1021145248928 -311.8103568740349 818.024267397284 
-337.5545261576099 -312.5540476963555 819.0212162752889 
-335.99944170834357 -312.8368982788174 817.9538541667989 
-335.8568624507623 -312.13654166343787 819.4648995250973 
-336.6473562759012 -311.60015938717635 819.5969889015627 
-340.1822681800914 -313.1170426342587 820.5061849228612 
-339.7758533715074 -312.7888470279574 821.039505449554 
-338.5964353562888 -314.0793469462295 822.1788346178399 
-338.1682681457758 -313.97333048687966 822.9608686509289 
-338.1364571875122 -314.6048006924265 825.2017565814045 
-337.3602079482091 -312.7427153428169 823.6514791331117 
-336.85460856794646 -314.1082266290611 824.7055329508123 
-337.3433261989519 -313.3019642332585 826.3439959815958 
-337.5269674953174 -313.60491154572185 826.2913626138886 
-337.49634799777857 -313.6077324978748 826.2931002138562 
-340.56498845153334 -314.39790121129073 824.386946123948 
-341.2939563364459 -315.51195601547863 826.097669190167 
-341.04739647279433 -315.2815934751382 825.7801076477317 
-339.1885074180768 -315.94807254796365 828.5167777220938 
-340.23910428485135 -317.41367856071923 829.375334298873 
-340.23562281814884 -317.5914640049119 828.9397995669792 
-340.26367362450003 -317.8321259377522 828.1143865470991 
-342.3064018243887 -317.80598180091886 827.6663463377091 
-342.35044926739937 -319.4035684417726 829.2004851232654 
-344.9778225196595 -317.20182588119343 828.3437450801507 
-341.6481736706892 -313.05071170002054 826.298618701765 
-341.44166731144213 -313.5893447297718 824.7465807810329 
-340.8534865988357 -313.5268168341325 825.1500569265224 
-340.8251618922728 -313.5611948222567 825.1676284320895 
-340.16716000175484 -314.1723399488731 823.9610417065738 
-340.79941252299716 -314.8760412937949 823.8859336932438 
-338.3223646856418 -316.2894383021062 821.9731025256806 
-339.6611733578138 -316.98004033452463 820.0024016407519 
-339.3769033334464 -317.54766339320895 820.1685073030889 
-339.30600198271503 -317.5841366025668 820.5310668900818 
-339.2493730157758 -317.5523689540245 820.5901286391694 
-338.13142684593015 -320.5939200645014 820.1868812490665 
-338.12155027190084 -321.495935553147 819.9502061834742 
-338.07340392751865 -321.88638566144994 820.1792584804297 
-339.6868795190283 -324.7228991477195 822.0776202095966 
-339.8268630484323 -324.7420444105829 822.0478042815623 
-343.27356374750286 -322.29711288240475 822.4046801938622 
-337.2337496436938 -322.20529660111487 824.018160781832 
-334.99581936628783 -315.31623605020155 829.1113745542937 
-339.0465156061655 -309.2822067141196 831.6947149573396 
-338.86279543128234 -308.45662856553673 831.2520593420909 
