-27.567757269365174 -27.35176825873789 -27.65292218208515 -26.506404248362855 -27.747648067686 
-27.476918894189595 -27.276351485833615 -27.57752459707254 -26.41760814465576 -27.665091705382252 
-27.481869926215467 -27.272044446825802 -27.592511800568403 -26.423256316858442 -27.681190855403358 
-27.43705916714427 -27.229924199860704 -27.54885469105656 -26.376226236539964 -27.6366280167844 
-27.46179974775859 -27.25629137673934 -27.568771493557932 -26.401833271669105 -27.656807322691535 
-27.392339912971153 -27.195717948927793 -27.511724433406584 -26.33333343298075 -27.595085402061386 
-27.37432190650628 -27.176334712159687 -27.49469237996273 -26.313893822464323 -27.578352034589273 
-27.352069101641774 -27.14252839088347 -27.462034943763058 -26.28376160754405 -27.55108623110091 
-27.34952727717632 -27.137123211086006 -27.45663757405977 -26.27941302426133 -27.547065029523026 
-27.325555579306894 -27.106098043200134 -27.415519496639178 -26.246787540464908 -27.511125730325702 
-27.346152339763805 -27.127082570613467 -27.44138017632193 -26.27052369946577 -27.535906277449897 
-27.35881610393129 -27.13235957403282 -27.444771128355356 -26.279447576559804 -27.543128609196373 
-27.36097330003608 -27.137390386799055 -27.44811043819371 -26.282890220977947 -27.54537631235148 
-27.2885751310734 -27.084384990364583 -27.386877599545343 -26.213683961175107 -27.476454533875184 
-27.31707267095041 -27.111438157953017 -27.414448440887966 -26.243630093590028 -27.504552989021576 
-27.324458848409776 -27.119554091525117 -27.423664457534983 -26.25228989649426 -27.513210821879255 
-27.45357738220305 -27.25884999848398 -27.558183455704437 -26.39533731635288 -27.643327938209865 
-27.453177104591035 -27.25858278925729 -27.55782751447076 -26.394957812526172 -27.642924455487716 
-27.38825911758036 -27.20090012916465 -27.4994570560534 -26.329181588688627 -27.581375802536982 
-27.285560425139266 -27.09786806050917 -27.398734111811777 -26.219350991048728 -27.4806912858662 
-27.29355679435379 -27.102659763056394 -27.40459758741993 -26.226421432078638 -27.487885702596685 
-27.304594727272615 -27.116421544126283 -27.417809795810584 -26.239674681615043 -27.499857412032952 
-27.32131853648201 -27.13648151525156 -27.435329220444046 -26.258814642448 -27.516167667042524 
-27.331372629940944 -27.148476399569887 -27.446388076015182 -26.270454362294345 -27.52642958884418 
-27.343747680019035 -27.167339204257374 -27.46412865548662 -26.287139442241042 -27.541220350276063 
-27.345990445273713 -27.17191797262167 -27.469953569535207 -26.291249318457858 -27.545708279817276 
-27.34843917151366 -27.17348462515166 -27.47141091739384 -26.293340483763714 -27.54760019324455 
-27.353411872230296 -27.180491673216522 -27.477759579875595 -26.29966036764918 -27.553073322580644 
-27.321289041638778 -27.14241860122445 -27.445420034932752 -26.263398979091207 -27.52269254632482 
-27.29235263074031 -27.107517471496877 -27.410510302251453 -26.228893112610677 -27.49071768436717 
-27.304806950765254 -27.11825163744534 -27.419174026791822 -26.24069252231118 -27.500525548359775 
-27.269183814265872 -27.087831178459524 -27.373988783524325 -26.20119136925932 -27.455460558830936 
-27.257046878705523 -27.075716443008005 -27.36111161911765 -26.187949858337646 -27.44273516989753 
-27.242337387703586 -27.03980705275673 -27.335693357955023 -26.16307020634943 -27.425730822671824 
-27.279125952909 -27.081102347303172 -27.373453970291806 -26.204150334369146 -27.461837124107447 
-27.378874587697084 -27.18438901611924 -27.46648308754311 -26.31041835604009 -27.554659048887984 
-27.376724233312487 -27.18536067482158 -27.467501085234176 -26.309885680578375 -27.554176122184387 
-27.375261517459236 -27.183625602700175 -27.46556598484395 -26.308105444113323 -27.552409841522575 
-27.338000061937663 -27.152043458032722 -27.437216728427245 -26.27221334142307 -27.520881661997777 
-27.354557012292474 -27.160510918106837 -27.44991755922092 -26.286596092380933 -27.536695906295407 
-27.380907479913674 -27.18613851390296 -27.47519452065268 -26.31438496475849 -27.562309727229277 
-27.369746883714143 -27.174902880731395 -27.463705347713883 -26.302287088649393 -27.550929548787053 
-27.296199293944085 -27.074809695024058 -27.379805384620084 -26.212913225814887 -27.477178499525465 
-27.309702531494025 -27.087901875743256 -27.39371845942317 -26.227422364066584 -27.491111265457292 
-27.32393859313838 -27.10541388368975 -27.408698807393037 -26.24383491366399 -27.50491857708451 
-27.326137287041007 -27.10669421434892 -27.410326299178237 -26.24578054137673 -27.506920902860458 
-27.305852357027888 -27.09841122195536 -27.392960628850417 -26.2281695998455 -27.485413595224387 
-27.266659621248365 -27.064667280006944 -27.356046400086342 -26.188243136478363 -27.446533512192218 
-27.17535381690054 -26.971650570826966 -27.25575838698464 -26.087135267459274 -27.348558406129314 
-27.19023337603616 -26.98617884210651 -27.266886589164358 -26.101996211321136 -27.360398687208928 
-27.1899211376449 -26.984430644034134 -27.26601481857692 -26.101095592878124 -27.360067116693457 
-27.267349011172612 -27.043168909507983 -27.344715414195775 -26.179386442378927 -27.44409867794596 
-27.350665249326568 -27.13244742236934 -27.42692287764811 -26.270246676319417 -27.524440936087217 
-27.342215582376582 -27.12423670186959 -27.426406083969837 -26.263458797316176 -27.5225074399291 
-27.34260718318697 -27.124664504108466 -27.42685501634071 -26.263905645644684 -27.522934329262384 
-27.338012861796955 -27.10584272715039 -27.42071039531065 -26.254611304425097 -27.521438175374655 
-27.317370862952117 -27.08241565791222 -27.40022641193113 -26.23172158886112 -27.501835615291952 
-27.379947035959276 -27.12933157202049 -27.43641974630424 -26.28726690695777 -27.547231961373186 
-27.40277948413369 -27.148220461936546 -27.458009464960682 -26.310376377605024 -27.570185156680992 
-27.408893756244396 -27.15643494152036 -27.464614724776382 -26.31764683806297 -27.576045501704257 
-27.37673304449953 -27.120813465122993 -27.4311511900232 -26.281808844892396 -27.543953859003295 
-27.411057032654583 -27.152813493554575 -27.454165728027007 -26.31492699719466 -27.569555878971755 
-27.406421423756612 -27.14833436559485 -27.450261263257275 -26.31019126819308 -27.565488565139646 
-27.25056370905284 -26.976050000860297 -27.27627752446041 -26.133373276944667 -27.400113316505255 
-27.230598640210957 -26.95476639702862 -27.254431904475695 -26.111050842037486 -27.379053652368228 
-27.215943384785405 -26.939637388790985 -27.238686067755552 -26.094875696871412 -27.363682892591754 
-27.20170432612838 -26.929264403154562 -27.208669278562155 -26.076457754700925 -27.33527588618645 
-27.225332054474052 -26.941834270045973 -27.228269432744113 -26.097776209447105 -27.358910117045937 
-27.226112350647867 -26.938577010355132 -27.227769884664582 -26.097183574441388 -27.359870110781273 
-27.19575935471366 -26.901279468918204 -27.180622113616664 -26.05832023350743 -27.31788025050153 
-27.29277742028343 -27.00002345748082 -27.272525832918404 -26.16177360009388 -27.409892089903906 
-27.2819647897081 -26.979728662728732 -27.258242856639185 -26.146692375318423 -27.39915622241631 
-27.29232452860613 -26.991542041832133 -27.269315544429404 -26.158400940895064 -27.40963014349495 
-27.303332477149482 -27.01054475955287 -27.269671311873196 -26.169746752806148 -27.40937526092476 
-27.290491127024524 -27.00590005415728 -27.268810143425526 -26.161204300052376 -27.403925624999502 
-27.22525992953196 -26.938653551727114 -27.211125515089734 -26.092446985670065 -27.34571231528497 
-27.25459549814775 -26.975764226748197 -27.24667428739471 -26.12770685025052 -27.377705233422546 
-27.331427033382226 -27.03705185249798 -27.310997321766337 -26.20281499600435 -27.448788846486025 
-27.335077938218774 -27.041052843327094 -27.314843142597667 -26.206882463706037 -27.45248324578381 
-27.276179629395358 -26.981065709677154 -27.253230027605056 -26.14260829391681 -27.391839083727007 
-27.288334513457514 -26.99585975413821 -27.262949479971155 -26.155780724181156 -27.401143593783146 
-27.22241658322632 -26.929899919615607 -27.19649072069265 -26.084784787237112 -27.33496988881997 
-27.228616927171387 -26.93643505500117 -27.202676321340263 -26.09153852486527 -27.34103854118885 
-27.190576637139444 -26.890736943163333 -27.160392856777648 -26.04747472246345 -27.301954793647354 
-27.187128228821507 -26.88691987503404 -27.15529017783335 -26.043252015056893 -27.297265706705687 
-27.194926610052534 -26.892525191394185 -27.161362134217143 -26.05060502676237 -27.304293532282358 
-27.329592018757367 -27.024868417810694 -27.296305054019967 -26.1947840110833 -27.4395378202983 
-27.31344556684374 -27.010098917406808 -27.27189296258696 -26.17575471875874 -27.41620264070211 
-27.313481872378887 -27.009573618826053 -27.26977684335847 -26.1751094375025 -27.414638114026914 
-27.320065547553227 -27.02042608632604 -27.274966386282117 -26.183017566432028 -27.41874367946106 
-27.32850827003476 -27.030860051211107 -27.283889324620787 -26.192756934498107 -27.42694710736933 
-27.326880140696616 -27.016174294553863 -27.27091336786974 -26.18464684489878 -27.419989215287217 
-27.361644662662627 -27.058142590672176 -27.318624532860596 -26.227134925500394 -27.46311144856331 
-27.39435707408657 -27.092428321300943 -27.353600993527934 -26.263262714731255 -27.497118567422874 
-27.36292085921825 -27.07462101733684 -27.326677927509124 -26.234373327324107 -27.465295030503512 
-27.447180783784162 -27.151319027921218 -27.393904390806085 -26.31861615908143 -27.537618469736316 
-27.40425694981417 -27.112566671203055 -27.352445700223114 -26.27404284974746 -27.494730951598754 
-27.44852751195755 -27.157000989711193 -27.393677559170413 -26.32089893584461 -27.53632836949062 
-27.480017746808215 -27.199071880963686 -27.442657478231965 -26.36189457081467 -27.57889294546493 
-27.479648948489256 -27.192132788039757 -27.450259684783646 -26.361630687286365 -27.587122401641636 
-27.44393812397422 -27.154116860514364 -27.41119330320798 -26.321820905044433 -27.54944876361772 
-27.43256646445289 -27.140951723297306 -27.397582497381066 -26.30856073365061 -27.536813038747297 
-27.43600108950575 -27.144069232532033 -27.402316747218265 -26.312482801340607 -27.54140741881983 
-27.44215993888342 -27.150410929013603 -27.409007443404903 -26.319278200864375 -27.547932104878043 
-27.44400993984047 -27.144219162110602 -27.402357847430935 -26.31695133600411 -27.545244086452314 
-27.44216382863712 -27.14168906950951 -27.403753612585177 -26.315582194020095 -27.54628429633712 
-27.372945340350626 -27.07482230007126 -27.335365043081694 -26.242093281411726 -27.477211660683707 
-27.45141745014837 -27.15468167115972 -27.415454085358235 -26.327149287940117 -27.55638103371608 
-27.464649043147176 -27.163897730479377 -27.43103219008779 -26.34084296565996 -27.57274434981275 
-27.623784979737877 -27.317656216011684 -27.581700032090026 -26.508070325572604 -27.726133571699748 
-27.475484611659553 -27.167136153947553 -27.439182493021576 -26.349746891811037 -27.5836691491769 
-27.468307128327353 -27.156952639512184 -27.437114298810613 -26.342521261906 -27.581639580963966 
-27.635359610890333 -27.351717513140557 -27.624512293534153 -26.534469011374583 -27.756523016106087 
-27.711987121853625 -27.42626152870787 -27.7013906809444 -26.61615007010502 -27.833796585687182 
-27.725330585446983 -27.44071678438702 -27.7123029789921 -26.630135288036655 -27.844758795462027 
-27.673286394786004 -27.379762273930638 -27.643084753946397 -26.567553612095892 -27.78142690066747 
-27.686193313334854 -27.38804333883442 -27.651204781170847 -26.578941241595572 -27.79177554288252 
-27.686150164683255 -27.38797110150034 -27.651039942626994 -26.57885672214489 -27.791641154647152 
-27.697989654532137 -27.398251993567882 -27.654738455031605 -26.589112677973006 -27.797219808531807 
-27.692380705686716 -27.39099133779716 -27.648095812300483 -26.58239267860992 -27.791281416960445 
-27.708566443023813 -27.405642756039015 -27.663640308595717 -26.59917457053271 -27.807367899105785 
-27.68142883455232 -27.39079952791421 -27.635849014837135 -26.57328987350914 -27.775980256412865 
-27.669698395296678 -27.377329627984793 -27.624674339388307 -26.56036302782597 -27.765274467607497 
-27.676264645500083 -27.38548617885283 -27.636067195696256 -26.569024061860276 -27.775312752364798 
-27.715601356150515 -27.442295747077168 -27.687592299110563 -26.61905893511782 -27.819214922259732 
-27.74092588764536 -27.46962976027838 -27.716502959239506 -26.647656857180536 -27.846812899595932 
-27.734600304304834 -27.45710515296824 -27.70824429151432 -26.63866848854701 -27.840819966012617 
-27.73573854782086 -27.457977567657053 -27.706774935717647 -26.639168712687564 -27.83988587822128 
-27.869143117867097 -27.597319861047765 -27.83997540197261 -26.783740595819808 -27.970944227284264 
-27.9425924675551 -27.67342301017267 -27.92269186828048 -26.865449692486322 -28.051033858001347 
-27.94062914414728 -27.665129078091795 -27.923741346196465 -26.86235479337502 -28.053512713386652 
-28.01832620552267 -27.735772839409023 -28.00634596240424 -26.944883351503222 -28.13722814485085 
-27.983488398862946 -27.696175177454634 -27.96932958353591 -26.90573937922052 -28.10214441405853 
-27.9246474546064 -27.63254958976428 -27.911591190319584 -26.841721322736035 -28.045831722879555 
-27.978675982465944 -27.677887264434077 -27.95719379707208 -26.89510862334214 -28.095439454375523 
-27.953056533832736 -27.651881542756044 -27.930861157859894 -26.867383723374218 -28.069416525135466 
-27.89690489151735 -27.59526897280972 -27.874355248861946 -26.80701779815074 -28.013258964542203 
-27.92864145486506 -27.648949961968242 -27.913546719412423 -26.84882350418141 -28.044324919843348 
-27.945094211620088 -27.664370397052338 -27.929130498437388 -26.865942826662135 -28.06033588443293 
-27.94934687286782 -27.661543865242948 -27.93225443420738 -26.868292230997298 -28.065821787803557 
-27.885523896474098 -27.60005965270601 -27.872044603874272 -26.801481407808666 -28.00442493405069 
-27.860462128338455 -27.56884737448088 -27.837973610959878 -26.770669889427666 -27.973887460603407 
-27.868395070190275 -27.57756189916691 -27.852484157905124 -26.781059158334116 -27.986983080924603 
-27.814401955753254 -27.524786030559653 -27.785963543585694 -26.72035274502464 -27.922427037943294 
-27.818551237615836 -27.533320458147443 -27.788957386788937 -26.725710868853668 -27.924263977543106 
-27.790956323715662 -27.501336036136692 -27.760195449576415 -26.6946422688452 -27.897128777827334 
-27.770932662318486 -27.478509606715107 -27.753328035534423 -26.675742391162487 -27.88886486438858 
-27.91782701396336 -27.635625728996203 -27.91248242737528 -26.839064862494908 -28.042352696319426 
-27.994936674936582 -27.71234797235462 -27.986529624981088 -26.920750828121584 -28.11685686239936 
-27.998401192336118 -27.712659153486427 -27.99211509327236 -26.924164512976986 -28.123029571674394 
-28.00019731800714 -27.7231258846669 -28.010704509160988 -26.932817359622092 -28.13601605662285 
-28.01222628224214 -27.741172219397512 -28.016439550294507 -26.94565580207295 -28.140972975756014 
-28.015936730959794 -27.74549004525126 -28.02222513180952 -26.950335706545786 -28.146200183181335 
-27.99832323913924 -27.726290370837788 -28.003691336063866 -26.930807608948797 -28.128359418885296 
-28.055290020159916 -27.761722873473914 -28.05397829595715 -26.984306823806506 -28.186271871735357 
-28.04822559567961 -27.746611811625627 -28.04819013737489 -26.974986055730398 -28.182737228879034 
-28.0456618913054 -27.74417124203447 -28.045529322366676 -26.972247048107718 -28.180062447920307 
-27.994236974953182 -27.693687765601553 -27.996208825808253 -26.917985680704376 -28.13021611984064 
-28.007005848053225 -27.70815585868931 -28.00787790610275 -26.931807591797735 -28.141526752915823 
-27.97932934998886 -27.68001325373963 -27.97928677988004 -26.901802354613366 -28.11330984469933 
-27.97798123979146 -27.678564570130504 -27.9778699137603 -26.900314002770514 -28.111939258527784 
-27.966894017342753 -27.669374563766127 -27.968503338987787 -26.889391479978556 -28.101719013850456 
-27.972371457493566 -27.67076962452404 -27.970651911467286 -26.893309380569917 -28.105686056121797 
-28.013197831666957 -27.715553536692582 -28.01248466975595 -26.93833048724771 -28.146027768336836 
-28.04748556519067 -27.74971363755712 -28.050070541686893 -26.975889719994157 -28.182985307739457 
-28.025989615386337 -27.740687768362776 -28.03697987433179 -26.95838285593871 -28.16466189510514 
-28.024174343379187 -27.752655010164275 -28.04666671013642 -26.96317673451597 -28.16812130160956 
-28.046310934884147 -27.768762093430254 -28.071240634788623 -26.985944028831696 -28.19405917986731 
-28.07128424744451 -27.79601730175513 -28.091384467684037 -27.011969953917273 -28.214284732432105 
-28.07163946200724 -27.801547301688643 -28.098155396188474 -27.01545686846768 -28.21834930064358 
-28.146900381845782 -27.867013495002936 -28.17632803602565 -27.09423156176679 -28.298818927393086 
-28.146882873355523 -27.86699700397179 -28.176315845275298 -27.09421455539301 -28.2988055401605 
-28.100953395522495 -27.81929356926743 -28.130616163285296 -27.044662539620134 -28.25372441481794 
-28.12034920837756 -27.83885155459018 -28.13987231112317 -27.06268957234846 -28.264655791520113 
-28.14113049396292 -27.858944760692694 -28.159700487004386 -27.08449049278549 -28.284808428063087 
-28.145642089074002 -27.864514639617354 -28.164541089456307 -27.089684344674225 -28.28925624588514 
-28.188994280531517 -27.90865042334677 -28.20992856684616 -27.13682722126569 -28.333938008252616 
-28.171720311016472 -27.892013715103857 -28.195181661343298 -27.119200461270225 -28.318597925664918 
-28.17677826071082 -27.896706174520133 -28.19975025290246 -27.124383285954238 -28.323351074229763 
-28.157909062109425 -27.87269677951211 -28.17827758247695 -27.10214563997826 -28.303953434446697 
-28.080702636717604 -27.796059328122055 -28.099355104632096 -27.01919647576564 -28.225353948613233 
-28.09186452873847 -27.807666435122556 -28.10948702157779 -27.030981150109596 -28.235501641223507 
-28.09352319401657 -27.799780938947038 -28.10375094946376 -27.02827345903644 -28.23397483804972 
-28.134637388825098 -27.83954406856762 -28.145829318367348 -27.072190529493966 -28.276191892884583 
-28.13801001378897 -27.84745391556679 -28.149366581538487 -27.077018804442446 -28.278305619710224 
-28.150033662742615 -27.858836812309775 -28.161902127469844 -27.08985781549336 -28.290916646356408 
-28.10396020680048 -27.81616223112661 -28.121088354589403 -27.042855989047055 -28.248259230248294 
-28.092572959917035 -27.79876216203597 -28.107981973301804 -27.028643553443814 -28.23731980345761 
-28.100553105379774 -27.806035905052823 -28.11123963138766 -27.035721717122897 -28.241601769815446 
-28.051807423016157 -27.774962031196935 -28.05539488107705 -26.98630520601249 -28.181714853103728 
-28.00610644991437 -27.720753986097947 -28.006565831210295 -26.93428361675737 -28.136159148320743 
-28.013618481686876 -27.730339017562216 -28.015328127765287 -26.94320750011653 -28.144047818752284 
-28.11151660768364 -27.82886697733538 -28.095795817767097 -27.043649860260302 -28.227124667563373 
-28.130390782376537 -27.848956670792532 -28.115147139857697 -27.064297216096946 -28.245970821003667 
-28.08151251055689 -27.784843549889175 -28.05894039585297 -27.006028617257854 -28.19585152934735 
-28.086186107848263 -27.788997922907754 -28.063077811768437 -27.010755981321367 -28.200230475378333 
-28.08822803009518 -27.790128268552948 -28.06490536060805 -27.012644505909407 -28.20237000746704 
-28.130041541786824 -27.814249751736682 -28.092265187138565 -27.0490548341089 -28.237589073312705 
-28.10751052816245 -27.792864418571426 -28.069883396280417 -27.025277271499533 -28.21488777493488 
-28.060607545872045 -27.751701681155595 -28.024406165906 -26.976941084909583 -28.167520934145102 
-28.04012116063828 -27.724780636844244 -28.005676979082466 -26.953760340186363 -28.15050423240234 
-28.04760205605008 -27.73031645059234 -28.00909181085305 -26.96022820948302 -28.155213097608254 
-28.01070902559499 -27.692237819605523 -27.970930759608706 -26.9200917522586 -28.117733469116985 
-28.006767036820065 -27.694048256720876 -27.97466167806425 -26.919327353172633 -28.118359534427782 
-27.987547938790428 -27.670928169474692 -27.956167397759515 -26.8979094107211 -28.1009797936387 
-27.964192650741083 -27.64732447315113 -27.929343856130487 -26.871942850291276 -28.07490491189091 
-27.86458269155777 -27.55567421788882 -27.84272885396379 -26.770642083067358 -27.983819697820635 
-27.8682722199525 -27.56512400389188 -27.86730422992474 -26.781579862117823 -28.002946837535347 
-27.868361472602686 -27.565208509275124 -27.867409993868932 -26.781678672768265 -28.003050914757864 
-27.847880225734457 -27.547314895908286 -27.850368216735475 -26.761319726096033 -27.984666960794613 
-27.811239754078414 -27.510726112521894 -27.813989582891722 -26.72213054131163 -27.948321489237955 
-27.7539065493319 -27.47225367831875 -27.763621615169995 -26.66749981654138 -27.891111729450046 
-27.75679076816772 -27.474628389777564 -27.765830537294477 -26.670276673206615 -27.893587441998335 
-27.797010942552987 -27.516333207326113 -27.806928638652366 -26.714021360486797 -27.93397252437198 
-27.899678157891273 -27.630019953675045 -27.910343512233368 -26.82719499739484 -28.033610984757118 
-27.981142485392738 -27.722066711770893 -27.999682397500422 -26.91939576829732 -28.118116295713065 
-27.949572157989806 -27.68593399999753 -27.966369151650554 -26.88388704348432 -28.08658983739366 
-27.947713035703288 -27.683080699869336 -27.964471715049513 -26.881616417541906 -28.085009272498482 
-27.977774209612818 -27.71883980884121 -28.011851514882977 -26.919995273709958 -28.12754682436406 
-27.96748118156971 -27.710521784333267 -28.002579270658273 -26.909781653350223 -28.117517326983062 
-27.97670945769937 -27.717914842058647 -28.009886604324024 -26.918648246628095 -28.12569836968008 
-28.005702219559723 -27.74785316124293 -28.036310482148195 -26.949251311261875 -28.152204688770297 
-27.83800997130497 -27.572157818493892 -27.86989166135612 -26.767826335351103 -27.988450389097764 
-27.83411959185301 -27.567761416841805 -27.868218149411888 -26.764126221096248 -27.986555575263182 
-27.84188474605783 -27.57605701083071 -27.876301456034 -26.77267591584304 -27.99440084898788 
-27.720014722830854 -27.458026478361006 -27.74628757548831 -26.6408747635588 -27.86494457677989 
-27.671367489617566 -27.402325593629485 -27.695264072349815 -26.586163312412467 -27.81662620368151 
-27.646558627115937 -27.380040861147734 -27.672185189312714 -26.560700328084977 -27.792536432832662 
-27.71599756257838 -27.4565580796761 -27.739588236577504 -26.636545276443925 -27.857939919958056 
-27.691347943911012 -27.439726969756293 -27.727511034971727 -26.615621310346 -27.841338634311626 
-27.70554911483144 -27.45298588463281 -27.73813510414473 -26.629627873874625 -27.852836640716845 
-27.709407872807574 -27.45634120014266 -27.74167746985964 -26.633542456608723 -27.85657865124027 
-27.716415993104803 -27.463762221147974 -27.7489351309504 -26.641236377838837 -27.863647803631366 
-27.710231270149393 -27.462491945340645 -27.740928385676227 -26.635469546750898 -27.854462144203325 
-27.814201946147705 -27.562394834923722 -27.83826968920667 -26.744028822348184 -27.953936431078958 
-27.985513565386057 -27.72925841842411 -27.994046871456902 -26.922226372823417 -28.113342582666746 
-27.95933366543767 -27.708548074694903 -27.97385115476544 -26.89726410368131 -28.090488346551652 
-27.932264165685652 -27.67944460439209 -27.94968936160437 -26.86847497911225 -28.066517471725646 
-27.939225375569833 -27.67609998438091 -27.95979434800269 -26.87394712619077 -28.079226919908123 
-28.010695460558864 -27.750982009081397 -28.02296533806124 -26.949211212683835 -28.142611103947203 
-28.011335037918627 -27.75079979619828 -28.023032065658356 -26.949521128626543 -28.1430287762053 
-27.934029550780153 -27.677017850291918 -27.953128737678966 -26.869655491855283 -28.07095145891489 
-27.826802841991295 -27.571455261273485 -27.847142839715218 -26.75557175034841 -27.96451430467056 
-27.818315773711745 -27.569715334667862 -27.846011793293215 -26.750283365314587 -27.960050882901115 
-27.741528330655285 -27.480027192539552 -27.765095847212166 -26.663348945865437 -27.884018422209337 
-27.816569657747976 -27.561745179095425 -27.85235971570623 -26.748881601724563 -27.966910800384554 
-27.820373099080996 -27.564930862457942 -27.8473067582961 -26.750407053727997 -27.96357744807358 
-27.792957882341597 -27.537002469896734 -27.821239160365366 -26.72124708394901 -27.937504238732814 
-27.68155534891733 -27.408320770713573 -27.69515567020116 -26.59321198113257 -27.819574408544327 
-27.699640296001093 -27.42473768948949 -27.714392931484426 -26.61246223167602 -27.83907467741372 
-27.704447581389473 -27.430046077412527 -27.71922969500693 -26.617760009625627 -27.843740101654163 
-27.6635005994724 -27.389411701253067 -27.669803277529155 -26.571695279481105 -27.795806319609653 
-27.617939087847702 -27.353313629483054 -27.634009509958886 -26.527972713137274 -27.75552075918965 
-27.626661833131394 -27.36236164876111 -27.642585453922308 -26.537379851140727 -27.763999484692107 
-27.741623931151082 -27.465986817174596 -27.74205081255387 -26.653513622319053 -27.86935230604597 
-27.740817714194577 -27.464672768470095 -27.740855881931125 -26.652410224432288 -27.86838340523866 
-27.739428785235518 -27.465519575609164 -27.732142340356674 -26.649643268599633 -27.860266664990277 
-27.701575692245015 -27.434077054392873 -27.687317082170537 -26.60906662899501 -27.814783644523658 
-27.6987138996344 -27.431704215352624 -27.685039323872118 -26.606281460976902 -27.812260684712996 
-27.774765153225104 -27.516422597180025 -27.756685404674926 -26.689144384787497 -27.881801000780314 
-27.747021614327835 -27.491872026034443 -27.73404122731317 -26.66157960923873 -27.857354428948753 
-27.686464011444656 -27.44713576043992 -27.688810775037382 -26.60501063030584 -27.804726886480296 
-27.572485005482122 -27.327475563589772 -27.572104407419772 -26.480462414845604 -27.690549704567573 
-27.591083449560813 -27.347019500049697 -27.594543606137478 -26.501652386283965 -27.71198126569051 
-27.603574432861848 -27.359628704229593 -27.60887861672508 -26.515551793545058 -27.72592704611644 
-27.60646272022187 -27.363542396191207 -27.61301081910024 -26.51925782408877 -27.729518973206524 
-27.637879085162382 -27.386732100570356 -27.635469160438348 -26.548345941717386 -27.755992312605997 
-27.648907910444137 -27.375915003878944 -27.63255246571289 -26.550531147303474 -27.762216181584762 
-27.6583441557173 -27.388498471638215 -27.636416374769155 -26.560137263214614 -27.76605875393122 
-27.609487348841412 -27.343871427578932 -27.60177417424717 -26.512483778523148 -27.727759475015787 
-27.647655759126735 -27.400933729704036 -27.644702197145634 -26.559951881746073 -27.763926523519586 
-27.645390285820852 -27.39089241328253 -27.639766854216035 -26.55464265754611 -27.761864090752326 
-27.705215033334568 -27.452327051541303 -27.706678280579524 -26.62103906485946 -27.82688976797087 
-27.6769704709408 -27.423701075395925 -27.677164814827037 -26.59032554120651 -27.797788369341944 
-27.66909902245962 -27.4160236031462 -27.669418117922802 -26.581971481472337 -27.78998067708403 
-27.71417735249014 -27.46392389872902 -27.71723609755091 -26.631795608117315 -27.8363336801076 
-27.705813723480503 -27.45501651160798 -27.707478373423555 -26.62232108810271 -27.82700787310388 
-27.704142913653598 -27.453452312661824 -27.706278711036035 -26.620679721583258 -27.825697782441168 
-27.69478895734764 -27.438184515400394 -27.689561320476997 -26.607118271547193 -27.812110942066283 
-27.722232010003836 -27.459831699405314 -27.711506655117418 -26.633526859762256 -27.836730722259873 
-27.727318531713166 -27.464372189326795 -27.720244705908527 -26.639749109345445 -27.84498745546901 
-27.812947455311132 -27.547908974317295 -27.808141747114604 -26.7315232804672 -27.932911319435775 
-27.81169657901725 -27.546809571571274 -27.80701956271467 -26.730257622796927 -27.93172327147667 
-27.78358273065706 -27.520764608036913 -27.77638641719284 -26.700062911774438 -27.900964630593563 
-27.755748430551265 -27.490732170932844 -27.751384690784917 -26.670338537306634 -27.87621886138892 
-27.635979863935262 -27.35999287286286 -27.61170761815039 -26.533852713234765 -27.74371191814633 
-27.788956998518813 -27.5036216278032 -27.751655841673767 -26.692059243067533 -27.888422813678886 
-27.789252644146657 -27.50391266749115 -27.75196618096801 -26.69237845026082 -27.888731226687156 
-27.72784485592561 -27.443570277548204 -27.692835307009815 -26.627406111645783 -27.82903293381834 
-27.73972204345894 -27.460315467991464 -27.708881688217843 -26.64251795625985 -27.842817958132187 
-27.928218472277777 -27.652135178554346 -27.898621974141236 -26.84572676186258 -28.03082751046682 
-27.984316052463853 -27.715562168624288 -27.953085041233138 -26.90744158471226 -28.083169800860404 
-27.964697123492286 -27.703857319229854 -27.928305449514113 -26.887423175599565 -28.056893037043267 
-27.891323888903685 -27.62628246303916 -27.86040499787495 -26.808978965715994 -27.98952735210581 
-27.823376454151102 -27.555783504292208 -27.80132897835628 -26.73764894309531 -27.929867192694616 
-27.840217890733285 -27.58256074111081 -27.82899592991228 -26.761181910550363 -27.95253600138348 
-27.79307809259342 -27.539240170124756 -27.79040724584611 -26.71389976850172 -27.91140227216171 
-27.84879979106134 -27.58626263797933 -27.829962762286854 -26.76710410121042 -27.956314288128226 
-27.83854446946539 -27.573428639009904 -27.819267288602944 -26.755283339039522 -27.94651827575744 
-27.833988591120885 -27.567924417187584 -27.813671881601593 -26.749877742749675 -27.941408730254267 
-27.82303614000311 -27.55634042893621 -27.805001730982426 -26.738534053614586 -27.932563619089194 
-27.79873873883217 -27.541658266160127 -27.784247142903084 -26.716083541608896 -27.908285710208048 
-27.77199068971565 -27.526620547843677 -27.766365318850205 -26.6929577052597 -27.88531108397504 
-27.76463920815165 -27.52102708716069 -27.758308404621445 -26.685406045611415 -27.87685154667706 
-27.753519996243824 -27.50814509968349 -27.74689467508186 -26.672911232874597 -27.866063458258125 
-27.744830763521534 -27.493216220443912 -27.734626289059136 -26.66092648159824 -27.856369564498863 
-27.757513634312616 -27.50583812646407 -27.747878482987446 -26.674644944478274 -27.869508647950894 
-27.710021446383152 -27.457185488532318 -27.698284267636794 -26.622883560631166 -27.820762380481483 
-27.8223091679251 -27.58150707244421 -27.825738054395217 -26.750455161853992 -27.941569653773072 
-27.91273552589402 -27.667772439387576 -27.910437076440047 -26.844688464606236 -28.02831568543985 
-27.905024554005053 -27.658462073526593 -27.904956788613674 -26.836540062222966 -28.022962676329755 
-27.911693186229613 -27.66254355124977 -27.909874997647364 -26.842508651797772 -28.028967232290768 
-27.7992252776084 -27.555993124673194 -27.793501600667057 -26.72272888550833 -27.911732028296115 
-27.81847655250506 -27.581901642949944 -27.822402889748716 -26.747682241320575 -27.936849956634887 
-27.898048342268808 -27.66181573888815 -27.898387733649628 -26.832113723626165 -28.013144405273025 
-27.92627366630414 -27.69913895843098 -27.932855204462015 -26.866525755771704 -28.043639730047573 
-27.9137986545676 -27.685787804514504 -27.919729563146348 -26.852750954513127 -28.030930271755764 
-27.90298610099235 -27.67337412419583 -27.90532974862964 -26.839810518984805 -28.017674755355372 
-27.82269918731174 -27.57367615886136 -27.819940344369172 -26.746975957885823 -27.93938658043571 
-27.85880009594645 -27.611454475351096 -27.859404399310492 -26.786976945985373 -27.977654869991824 
-27.897120693775037 -27.65140497777311 -27.88668793207424 -26.82571826271277 -28.006251322810414 
-27.851448789980807 -27.61309075268852 -27.833408922940492 -26.777052948138916 -27.952128479866232 
-27.766260902203584 -27.510876902546215 -27.74221544177425 -26.67940562167466 -27.867476607558416 
-27.775578444409334 -27.514224087261354 -27.75283114887597 -26.688011032247076 -27.879688681105904 
-27.787628564819116 -27.524115413426316 -27.76306627106301 -26.6998680166965 -27.89087607039575 
-27.75540659133972 -27.491117199197234 -27.731388256403108 -26.665248170625063 -27.85942681254555 
-27.722565586193582 -27.460588542343032 -27.702421450960713 -26.631653944307345 -27.829155689601677 
-27.7582112162426 -27.4798954063517 -27.731971032455192 -26.66378054582829 -27.864717773072584 
-27.78727242594148 -27.50664749291431 -27.759861069007286 -26.69400021158752 -27.893448514824982 
-27.596537780783663 -27.318633078910636 -27.564786572926437 -26.489159473973515 -27.698794293029437 
-27.527035266134305 -27.260226414449093 -27.49610671563468 -26.41792058794337 -27.626728385465555 
-27.532806534322305 -27.269618967245265 -27.499485920184412 -26.424568367824918 -27.629389896591462 
-27.4149134317462 -27.143971933857202 -27.380298401479294 -26.29549605792029 -27.51313827704051 
-27.430285832975883 -27.166192087945475 -27.392120148290346 -26.31310721953139 -27.523421458223496 
-27.414603017586003 -27.157209711493266 -27.384488274235466 -26.300138006977846 -27.512353068796514 
-27.417694119290218 -27.1593082415837 -27.38568276517384 -26.30271291825052 -27.514177132935117 
-27.460970227606296 -27.205491167302156 -27.43390618549637 -26.351204059410037 -27.560523823519986 
-27.46111988511366 -27.206360334054594 -27.434360336259985 -26.35164630730965 -27.560701745281875 
-27.463790371817026 -27.208563962836735 -27.437803011351264 -26.354564998785534 -27.564147507266938 
-27.523063355559586 -27.275788681522158 -27.5067101283594 -26.4228216778789 -27.62875987677657 
-27.569401775144115 -27.348591549493634 -27.56720542642897 -26.483746990076327 -27.678468687455705 
-27.57269807525593 -27.350116268398438 -27.569280770891126 -26.486459254899444 -27.681296894781852 
-27.52238002698867 -27.295868349203644 -27.516062889139633 -26.43061047183953 -27.62993376882696 
-27.442259074211933 -27.21186967119631 -27.439604259903803 -26.344389263348972 -27.554258082241773 
-27.454900769209274 -27.23759164427524 -27.4682129908242 -26.365774056622328 -27.576016100842665 
-27.488535584880424 -27.260108897824978 -27.496300256416546 -26.397221915988084 -27.608421484541196 
-27.49552414767261 -27.26742433163038 -27.50122656659019 -26.404300068712132 -27.613584373524134 
-27.546288552287535 -27.30999787458623 -27.531735410358976 -26.45137666268363 -27.650005457893286 
-27.52677274228887 -27.28869117756743 -27.50633181313046 -26.42848782132188 -27.626229591154797 
-27.5028531559134 -27.26322587257839 -27.4826002171676 -26.402414123757552 -27.603008532031495 
-27.500845613446316 -27.260572643044682 -27.479173551520404 -26.399728194375655 -27.60003372081087 
-27.459089779689137 -27.22120772914863 -27.43980791385691 -26.35619558900693 -27.559621805009627 
-27.467171618027322 -27.230139768921887 -27.44999504602316 -26.365628345956765 -27.56915868543335 
-27.46569772698966 -27.22854955515794 -27.44750372670903 -26.363766211821428 -27.566883688542376 
-27.415853272979646 -27.17181236882095 -27.396255282240332 -26.30790333081987 -27.518150041176924 
-27.386304567623668 -27.145258537648928 -27.371306484741837 -26.278172198990887 -27.491552841375736 
-27.293730695142486 -27.059906545453842 -27.287357442852837 -26.182978678929686 -27.404116022683922 
-27.343520932029904 -27.112249092739532 -27.344200222803707 -26.238946289637724 -27.45881361891807 
-27.357353451470203 -27.137803196062066 -27.3696323926262 -26.260135806212205 -27.478568398508983 
-27.410111427569888 -27.17929728130501 -27.40817627071756 -26.30993340758677 -27.522922712955364 
-27.423612601192588 -27.193672898303916 -27.42166616384816 -26.324680657519906 -27.536107369085542 
-27.423797296172594 -27.19378907366277 -27.422086351337484 -26.324916982713674 -27.536507607608172 
-27.3804413692514 -27.156524314117263 -27.38643087849644 -26.28207007201948 -27.497746242225304 
-27.332295023422503 -27.097967928692256 -27.337989285584257 -26.22725068716892 -27.452711783910104 
-27.330186865085906 -27.099895497814998 -27.33613091539273 -26.226224633553585 -27.449565319224305 
-27.317335597333056 -27.086799556218494 -27.32550284398171 -26.21290775151644 -27.438662938824905 
-27.312847280332832 -27.080148948261808 -27.316243836974635 -26.206261601225577 -27.430911260807775 
-27.225988122138475 -26.99916883706345 -27.230322987007497 -26.114903298423357 -27.343237637710303 
-27.18446689628678 -26.94849849835242 -27.19562938687885 -26.06932062852681 -27.310309491349997 
-27.150227016683786 -26.917850732001583 -27.15770301304444 -26.032629884051858 -27.2720014010375 
-27.1578812168852 -26.92621115221823 -27.164147431236884 -26.04076157851287 -27.278415656914092 
-27.14098135389088 -26.913689772345833 -27.138568114779588 -26.021733250967102 -27.2530245244469 
-27.224002311398692 -26.987480781937037 -27.224791945626123 -26.109044138187002 -27.341333383146747 
-27.22542074980545 -26.99149089236566 -27.23016321604362 -26.112311159802516 -27.34521351288521 
-27.222598266852188 -26.988759781181557 -27.22716628457188 -26.109261074924063 -27.342226050797876 
-27.215556647960284 -26.981489883842443 -27.220434559647856 -26.101704791223952 -27.33553032784171 
-27.218634202997535 -26.992009318649238 -27.225066247376063 -26.10758000939218 -27.337577977263265 
-27.21675462395001 -26.99052239806298 -27.223580713291042 -26.105773966181317 -27.33590760245228 
-27.211860544750678 -26.99604318443717 -27.2283929848265 -26.10601786955624 -27.335825943426855 
-27.162334314493265 -26.948120311199375 -27.17962688181497 -26.053457013524863 -27.28656421671289 
-27.056446107668535 -26.84658544100124 -27.07935194170254 -25.942317657026194 -27.18425707369019 
-27.082785720800516 -26.879003092055754 -27.112600729955588 -25.974202440136125 -27.214358380183967 
-27.06081561671286 -26.851793444743848 -27.090699333880963 -25.94903429831784 -27.194132072120652 
-27.06410911101962 -26.855262569932478 -27.08898613419055 -25.95135819566495 -27.193216406094052 
-27.049593129843913 -26.848742366826997 -27.079530301521928 -25.939417197757436 -27.18044547452709 
-27.03551062159798 -26.83679710474773 -27.066241782866726 -25.92511458380646 -27.16639420341653 
-27.05791385774404 -26.8642284115121 -27.085323754743698 -25.949891588227473 -27.18441943744854 
-27.093338648640767 -26.89990603426149 -27.119738600643473 -25.987805972711428 -27.218832606755086 
-27.10684551856805 -26.902075350004466 -27.1336067741248 -25.99900369154703 -27.236130817680163 
-27.10746002434577 -26.902732748900945 -27.13361647665681 -25.999524504676756 -27.2362294265117 
-27.037728528751018 -26.832977547782193 -27.069337279854153 -25.92591429424155 -27.171209825706242 
-27.12035466844617 -26.918503731930798 -27.14728407170756 -26.01444357352385 -27.248835063956875 
-27.087996606421854 -26.88280810563775 -27.116876247352053 -25.97914865178646 -27.21921733765967 
-27.039643335286016 -26.83424738200941 -27.067470530958587 -25.926821676591587 -27.170187941907315 
-27.01697602934108 -26.803719538336765 -27.04303072500879 -25.8996521630272 -27.148555456675638 
-27.014686509003752 -26.80065934068007 -27.040115986935447 -25.896802229980807 -27.14599372296223 
-27.009295713485642 -26.79782599164507 -27.034788804163696 -25.891778052459003 -27.139876523856913 
-27.09509989873365 -26.891220860378183 -27.122067805239652 -25.98669387957038 -27.224311089863036 
-27.234644629506008 -27.034739133482717 -27.281361344948934 -26.142924295127372 -27.378605339448598 
-27.252156349415202 -27.052702362273678 -27.29870727372719 -26.1618288948347 -27.395792690323802 
-27.25156661725073 -27.05198725471682 -27.29800189370758 -26.161128190311402 -27.39514763111748 
-27.224841222144818 -27.02243784584138 -27.27239018809621 -26.13187183790899 -27.37029256054521 
-27.15288940413251 -26.948132458916504 -27.19797915036932 -26.053209327584256 -27.297226835229182 
-27.10245026255373 -26.888201979776554 -27.143240801585748 -25.995079903136016 -27.246304491076856 
-27.061021948426344 -26.85203855369261 -27.100788523197522 -25.951806674816993 -27.20250936754765 
-26.985956736224836 -26.767113256833838 -27.02223717937008 -25.86726374045385 -27.127816210924564 
-26.994309320281218 -26.77419952465091 -27.035720431659627 -25.877220462269534 -27.14078405410106 
-27.071605536877954 -26.844863943039996 -27.10769777523943 -25.957058686562874 -27.21551903377936 
-27.076004446474286 -26.847998288516663 -27.11272553813879 -25.961590407377443 -27.220816918712643 
-27.082224798618995 -26.84923552243903 -27.12124916499556 -25.967460362294105 -27.230463639780936 
-27.077349384155724 -26.843399207525607 -27.116089947021507 -25.96186792591641 -27.22566305530674 
-26.987282843201015 -26.755409596751065 -27.03300750310197 -25.867420068304654 -27.14097714010373 
-26.918269550825812 -26.68216028948929 -26.972637001324657 -25.79426718904098 -27.080604547507193 
-26.922163127057956 -26.69277437110634 -26.980607032378643 -25.801461392061896 -27.08579113220361 
-27.015907912018804 -26.780987745218027 -27.068302800463087 -25.899149820523263 -27.17597958001356 
-26.999858253744407 -26.78580088046064 -27.058027110204037 -25.88938369486776 -27.158318910560737 
-26.90513737098361 -26.662598164078247 -26.945022799625022 -25.774424070247548 -27.05751265684748 
-26.927482190027035 -26.68723704245238 -26.971889079852076 -25.80033439923706 -27.0828283008653 
-26.841155856975192 -26.603021921210953 -26.874709926540106 -25.70510955471265 -26.987115271033957 
-26.874826667165223 -26.641338665303095 -26.911219528327564 -25.743442917306524 -27.02160813306689 
-26.85601829167011 -26.6110934598681 -26.892220495394625 -25.719882400402298 -27.006217954757375 
-26.87398956941921 -26.635510940756802 -26.921565087940465 -25.744091839045268 -27.031558399049047 
-26.92603755545842 -26.68712825564569 -26.968396742701202 -25.798609401881933 -27.079283382012903 
-26.869849228321854 -26.622578321231842 -26.910563226497516 -25.7353179834448 -27.024461564249492 
-26.934409344976984 -26.695818990608785 -26.97435646276888 -25.80706941674501 -27.085539712596542 
-26.93015152807169 -26.69301213973837 -26.970129247456384 -25.80290646391623 -27.080871825454423 
-26.925980803007988 -26.687286735026476 -26.96664744244599 -25.798158532919558 -27.0777610703489 
-26.866539616512057 -26.63786810664776 -26.91523960007298 -25.73915865018506 -27.02203804330142 
-26.747619896966953 -26.53735608626667 -26.809920378983165 -25.620024145364667 -26.909020716040587 
-26.743479979988493 -26.53160529213939 -26.79952506444458 -25.613425656926452 -26.90021040640478 
-26.739965284751122 -26.527907417947063 -26.796103830175767 -25.60961040938558 -26.8968394343528 
-26.707083906849363 -26.49960364864519 -26.757667416576282 -25.574058951091942 -26.858032781129452 
-26.71670302093125 -26.50801414878005 -26.763420126563958 -25.5830555349564 -26.864797745848108 
-26.76038237301735 -26.55264510737358 -26.811286878380912 -25.6314895770507 -26.91152930458317 
-26.787804438346527 -26.563097655581274 -26.8227317531681 -25.651884347243907 -26.930900884179778 
-26.916171953946403 -26.700620773681422 -26.94424847437304 -25.7910225422431 -27.05041168993668 
-26.91559234220695 -26.70213685897788 -26.954480981936413 -25.793797191450167 -27.058134524822933 
-26.929860359031068 -26.718519670439008 -26.96613852199991 -25.809101698975894 -27.069546975550068 
-26.947798258660114 -26.73268792665226 -26.98025782984503 -25.826311590608526 -27.08544302768466 
-26.998432985893515 -26.783397840456033 -27.04351772788307 -25.884096184866365 -27.14636770984329 
-27.036125285244268 -26.819163137401006 -27.081832754203845 -25.92424831997468 -27.185069126179258 
-27.056586341121474 -26.844340727909824 -27.105738856945976 -25.948534990237548 -27.206867866120618 
-27.151582836672688 -26.93374229763549 -27.198663699915315 -26.048514820648847 -27.301622895599124 
-27.151612692597993 -26.933734193946535 -27.19867868704037 -26.04853202820742 -27.30165209702514 
-27.086874007980228 -26.87829349425627 -27.13817158342829 -25.982741730188565 -27.23771552954284 
-27.13798866834219 -26.923365339820663 -27.18100720994846 -26.033762966447924 -27.283707525389218 
-27.082948743764746 -26.865250935183525 -27.127489071349018 -25.97408853603315 -27.231027097515934 
-27.067859723885903 -26.842984741249097 -27.10974910623132 -25.955090181931098 -27.216003102812167 
-27.087868129433943 -26.86221288247225 -27.127365668369563 -25.97575466414851 -27.234219345578424 
-27.030922943542137 -26.808680050782442 -27.070341646187046 -25.915470010928757 -27.17630879557329 
-27.031148464809263 -26.808897926270788 -27.07058593914745 -25.915715312476067 -27.17655160190708 
-27.030752482076807 -26.80849973169468 -27.07019256447512 -25.915289386303485 -27.176159536324008 
-26.94834964517419 -26.73185636965009 -26.991227876949324 -25.829202016218616 -27.095045386568287 
-26.964987714044028 -26.750833430936297 -27.011040467972222 -25.848620963815378 -27.11354234339784 
-26.951887573974588 -26.73721027615194 -26.998003263530137 -25.834387876761895 -27.1006918372251 
-26.91765367705507 -26.697381153169857 -26.96761956146443 -25.7969370064248 -27.071467851046947 
-26.935007733430183 -26.7158277708987 -26.987464872272383 -25.816593939357247 -27.090498997427744 
-26.85724208121627 -26.635833930147484 -26.90118997556837 -25.729980831449936 -27.006592119195417 
-26.904586940679764 -26.68569955028562 -26.949831512950027 -25.782024471493315 -27.054101297011513 
-26.97273920759129 -26.762077368614655 -27.015074800008534 -25.857012265917817 -27.117113883596872 
-26.954829846732494 -26.74364841131097 -27.000508724309825 -25.8384611992459 -27.10218250354663 
-26.9285526800942 -26.716349051672196 -26.980809775000992 -25.811615063507446 -27.081740033542374 
-26.92004991747511 -26.70844484284119 -26.97465620494532 -25.80326061495873 -27.075020513614078 
-26.964108962811054 -26.74982827975984 -27.019680774624106 -25.850158379013266 -27.12058578549059 
-27.00304358124312 -26.78128747765834 -27.05584046713315 -25.889157858079088 -27.159425916493234 
-26.99202663300585 -26.76801882910698 -27.046341734311227 -25.87706644694056 -27.150389968616977 
-26.992544203281014 -26.762114477032497 -27.046289121059175 -25.87564327675814 -27.152413581231002 
-26.93297624134898 -26.692692139995074 -26.979615101296673 -25.806836597435776 -27.090164660557775 
-27.004585996585575 -26.77061677568976 -27.042523784013824 -25.88337505732433 -27.15243913080826 
-27.015882888098034 -26.782278773961792 -27.053368165936476 -25.89551452481622 -27.163218451855982 
-26.969465196275294 -26.736045027591672 -27.013475467665657 -25.84734906237334 -27.122266860861828 
-26.842917738987097 -26.618098370903596 -26.89705273272456 -25.716279043380382 -27.001789920830802 
-26.842789806452373 -26.61785137452506 -26.899972915916337 -25.71692671867163 -27.00422121502757 
-26.87400375152089 -26.656090373996506 -26.921784812965868 -25.7500521408422 -27.025400225425642 
-26.958585057513446 -26.740409294498917 -27.00895919504987 -25.8417043109296 -27.111977713599998 
-26.980007972480564 -26.758526152329253 -27.02624234498478 -25.862705471350992 -27.130937333695428 
-27.05162697684996 -26.82851694542559 -27.08341965976878 -25.93550313885015 -27.190914426066755 
-27.032896629735532 -26.805782517572837 -27.06220795776045 -25.913550866050713 -27.1714204656936 
-27.024855777805683 -26.781223902217192 -27.04832340785056 -25.898637446207772 -27.16367000308901 
-27.006672312359868 -26.761275989477696 -27.028961755387115 -25.878264767449195 -27.145106269120603 
-27.02989221722008 -26.792198434317356 -27.05882262741099 -25.907173585993675 -27.17137711956063 
-27.153375896625704 -26.923804574670328 -27.189968184163348 -26.04430418565417 -27.298356128243597 
-27.161608628569383 -26.92988805499442 -27.196492275295114 -26.05209101604099 -27.305816882742022 
-27.23216559833618 -27.006111970963516 -27.258125292238248 -26.127236180893064 -27.36705072881854 
-27.225355306297402 -27.000849556188157 -27.2523614726867 -26.12063630249908 -27.360645497159283 
-27.21396034062097 -26.988403638823087 -27.23441288488803 -26.106405284080964 -27.344184332011423 
-27.229823190496646 -27.003657934437655 -27.249395062500923 -26.123049951273998 -27.359464477993825 
-27.230832623006975 -27.00255066509682 -27.25242585496619 -26.124036195738896 -27.36279867038084 
-27.11323935078559 -26.879309003621557 -27.120958473376547 -25.99247034840161 -27.23579606015248 
-27.034245601108978 -26.814276184584983 -27.04539230750177 -25.912485604505946 -27.155522802714543 
-26.977239223823304 -26.75798310945406 -26.994611222036724 -25.852929960996292 -27.103601782298156 
-26.8760048604003 -26.66115962767242 -26.889897290077187 -25.744422974348808 -26.998394998202187 
-26.86037225615378 -26.64486596818446 -26.874422524653056 -25.727435320608905 -26.983141331497123 
-26.919010830881675 -26.692152374480983 -26.912337967731247 -25.78206061641434 -27.027999907659336 
-26.89739830469769 -26.66575367101875 -26.878747213325 -25.75447699705687 -26.998028450630642 
-26.89618414089523 -26.664536990466445 -26.876939078872468 -25.753027413943286 -26.9963272639379 
-26.899075732826716 -26.675682087400105 -26.885356197832152 -25.759947243166238 -27.00121290768523 
-26.943249837405872 -26.720062998600156 -26.93791038369308 -25.80957058246051 -27.05213421890059 
-26.98043309517719 -26.760002563550643 -26.974638771519807 -25.850297929725798 -27.08798220075046 
