-27.24292543209785 -27.19047812250635 -27.78453692161743 -26.3673404749303 -27.75378173012612 
-27.21406851232483 -27.18027209824335 -27.773525802401892 -26.348769262620735 -27.734340701535558 
-27.231763210003734 -27.197055982950218 -27.791834257733086 -26.367917293904924 -27.752772861751055 
-27.20813351298756 -27.16847980668703 -27.770585675525325 -26.342446775213787 -27.73267924567648 
-27.206768979154916 -27.169121088548422 -27.764962074086725 -26.339434472159965 -27.727157173517753 
-27.17967638027848 -27.132952172865785 -27.73387367324223 -26.306314442515287 -27.699513298493287 
-27.17709357617244 -27.12746704203701 -27.728967994694145 -26.30179415280334 -27.695863573370858 
-27.125927289529884 -27.072387617489113 -27.68204957171791 -26.24774289551557 -27.64955650973451 
-27.14404559752785 -27.078816221822166 -27.677390502666142 -26.25408729790834 -27.65208773859453 
-27.07346038199671 -27.012131433655583 -27.6093381100182 -26.180021410719547 -27.582647712973454 
-27.14734188607234 -27.056619995947358 -27.649962535594213 -26.237966391185722 -27.637341815107987 
-27.18796631327382 -27.096139456604405 -27.684123456764823 -26.278595192986955 -27.67279418897573 
-27.189749497553606 -27.09773074978 -27.68574203297429 -26.280400132686722 -27.674492484568077 
-27.22536577008252 -27.136292763394124 -27.726059122422825 -26.321543058300037 -27.71305264011508 
-27.171248604541233 -27.08030629714395 -27.674627600379765 -26.264026362101006 -27.661881079731927 
-27.125116939863403 -27.04141654595287 -27.634111129059036 -26.218448980584085 -27.618399720046796 
-27.084181877750083 -27.00060049717554 -27.59813206116972 -26.17658798232806 -27.5816767466021 
-27.13975993799849 -27.04940712514265 -27.658347601721374 -26.237143302148766 -27.642987141507334 
-27.13249623286984 -27.04336819203141 -27.650137116985945 -26.229143978337078 -27.634589282202384 
-27.070772788305263 -27.000292673786575 -27.604921861701314 -26.17428073223836 -27.581255475972142 
-27.081438794585665 -27.016792965957023 -27.615724741354754 -26.187148049530137 -27.59026528334934 
-27.172394773650012 -27.110789057595582 -27.699696479404153 -26.28269029860938 -27.674229184374212 
-27.275730837690404 -27.220474535857917 -27.80323519226114 -26.395563956060755 -27.775551451271014 
-27.26586965203684 -27.21296019287142 -27.79808098363695 -26.387627892070114 -27.768947114864616 
-27.324971441921406 -27.271438873928574 -27.852841239085322 -26.449155637442615 -27.82444690791121 
-27.32582657314184 -27.272127270564866 -27.853421882746346 -26.449913131095073 -27.825120324376826 
-27.293266600499408 -27.240886211290672 -27.82613647541092 -26.417560913489112 -27.796661097798165 
-27.239569562340904 -27.194464374444962 -27.783861296441728 -26.366627582899866 -27.750478033922107 
-27.26188032608225 -27.209030683272104 -27.80301514034373 -26.387452003706727 -27.772406745256703 
-27.268669212872 -27.21683591526012 -27.80920787737331 -26.394719417359042 -27.778374972294216 
-27.226372995487182 -27.179326725349043 -27.772942459046206 -26.35302103433048 -27.739802432008034 
-27.309706096348833 -27.263638804269107 -27.856628503566768 -26.443186992550807 -27.822909533437738 
-27.283539043443383 -27.225322432287342 -27.82220156627416 -26.408437485649216 -27.793545033992615 
-27.305909575395233 -27.25000930496313 -27.836773460338378 -26.429459366278053 -27.80864727021722 
-27.317169324939215 -27.261910600385804 -27.843379465608223 -26.43960274888974 -27.81579647809717 
-27.377044745593835 -27.333817215356348 -27.912229113537535 -26.5109297157953 -27.879402836292087 
-27.361799528140807 -27.313841054947275 -27.88329243191704 -26.487192770800533 -27.854174857884985 
-27.426579158483293 -27.366200273190543 -27.928793826573028 -26.54537782502065 -27.906401588272416 
-27.414715653468676 -27.337016114045937 -27.911164170117317 -26.526072763432907 -27.89494801607563 
-27.48301040513256 -27.40259394924024 -27.971630079977402 -26.595446075089768 -27.957339946377942 
-27.505747838215825 -27.427688816682434 -27.996948887174966 -26.62158892225942 -27.98146413721895 
-27.518228129535885 -27.446573358704967 -28.011158447345736 -26.63723949971714 -27.993435094427966 
-27.540251642662355 -27.473222919820955 -28.031330979254705 -26.661163353982587 -28.0124666402249 
-27.551741617145368 -27.48607911822704 -28.04802598304026 -26.676148771887327 -28.02786139336503 
-27.48667507810225 -27.421940969292663 -27.9935762394815 -26.611137829951616 -27.971555418363153 
-27.47155902767568 -27.40270882827045 -27.97916824050003 -26.59426124829278 -27.9583040746207 
-27.519308294902004 -27.446307388179335 -28.024444833729277 -26.64357965929554 -28.005103175418185 
-27.509571046644908 -27.432549522650348 -28.01404364724 -26.63190557333104 -27.996040517096517 
-27.503924497034077 -27.427336811323897 -28.007791104351085 -26.625652925676988 -27.989773782380027 
-27.543770734333762 -27.465966885792724 -28.05241770075071 -26.670422612195978 -28.03386513586831 
-27.553666417901013 -27.47043758157129 -28.054987495329243 -26.67653434681509 -28.039243025519895 
-27.486808163949362 -27.409708056682945 -27.99136693740499 -26.60743705686764 -27.973434292908195 
-27.488349420340384 -27.410508324281395 -27.992557491090338 -26.60877133686634 -27.9749002784837 
-27.471196079778096 -27.393912338295124 -27.977307402024678 -26.59130186344963 -27.959214655938766 
-27.49711837039912 -27.419289337729182 -28.003311788230874 -26.619109868745284 -27.985298572773857 
-27.49657901673072 -27.418524282019433 -28.001471916257728 -26.617888790567008 -27.98374298814292 
-27.522899886871357 -27.44252584319881 -28.030330502284443 -26.64684853945154 -28.012803185926856 
-27.535320911405748 -27.45588002741671 -28.042732403969026 -26.66040788366618 -28.024896186336477 
-27.41022415051495 -27.338347161724286 -27.931316709230984 -26.53372130173031 -27.90929488225963 
-27.49216164400991 -27.429025919373245 -28.010858064618134 -26.622756110858248 -27.986397454715316 
-27.361084103925606 -27.303750663685292 -27.88599453253866 -26.485824321734114 -27.85912739841112 
-27.320708011177402 -27.257720005598955 -27.84836434000252 -26.44232874802438 -27.822846207919284 
-27.4237295152099 -27.352945302779133 -27.94366802018544 -26.547971421464823 -27.921474008806896 
-27.441535446465153 -27.370814406551688 -27.957749528188685 -26.56544501766936 -27.93610406818371 
-27.467057358945524 -27.392302466134552 -27.981049581225264 -26.59100056290849 -27.96090792735542 
-27.532433428976717 -27.467695928573065 -28.043295158494416 -26.662152341907884 -28.020498645335593 
-27.578389799315985 -27.520401351773913 -28.092275754278248 -26.714481359722797 -28.06683488461958 
-27.592151048525338 -27.53299171103386 -28.109541830894855 -26.73061079504467 -28.083837314944503 
-27.639754503078905 -27.587303458298408 -28.156014947492736 -26.7828023175729 -28.12835815136914 
-27.635751032810973 -27.58369813807721 -28.153045745772403 -26.7790597497806 -28.125109965570573 
-27.635053353656673 -27.582927341330972 -28.15211216236925 -26.77818564940047 -28.124239004449308 
-27.456372323003592 -27.41744026883468 -27.968751836813908 -26.586994433736933 -27.93816018493807 
-27.424260227388473 -27.382765192091114 -27.931453947566126 -26.549532877799123 -27.902570981703406 
-27.408617713862313 -27.3664845629325 -27.91615078161138 -26.53270091555322 -27.88744653425003 
-27.45272341043706 -27.40845427337402 -27.952212062777875 -26.57608798616633 -27.925352436070142 
-27.48088559262942 -27.426752751043026 -27.973426923158428 -26.6009774407937 -27.950604196304 
-27.48562029825152 -27.430411522589324 -27.977006732043762 -26.60530767975412 -27.954685228813673 
-27.431088750631616 -27.37741154801064 -27.927011609303733 -26.54900830108828 -27.90362919669657 
-27.434273178820177 -27.367809939261264 -27.926849349277063 -26.547964540115387 -27.907852674228593 
-27.326485436171566 -27.275434081059046 -27.82099175882469 -26.43644944619031 -27.79733424351373 
-27.359796464187795 -27.314462535974002 -27.86251095336469 -26.4772715634752 -27.8356931930405 
-27.362009686028657 -27.31613143968943 -27.86510206927329 -26.47969029275488 -27.838380210468728 
-27.362670605190104 -27.317759783040145 -27.866081402400354 -26.48077276109538 -27.83901415638789 
-27.423088247734484 -27.37742182355845 -27.92949512887637 -26.54693211948414 -27.90200043373936 
-27.41949026503977 -27.369424750900265 -27.925294413264723 -26.541755225657994 -27.899231874291402 
-27.41150757245738 -27.361791867288147 -27.918272879057298 -26.533675630648546 -27.89196870912484 
-27.393014555167 -27.35678635068571 -27.912978388807645 -26.522854228946443 -27.88050094168426 
-27.36625507900058 -27.337054669986102 -27.899627986155934 -26.50175930210706 -27.86291384229395 
-27.31304457681466 -27.290191310589947 -27.857607171867357 -26.45106169980005 -27.817300294807424 
-27.348300430498185 -27.33222622134383 -27.895247602976283 -26.49172060753328 -27.852415311567327 
-27.367743085437198 -27.365994522312093 -27.916618227828778 -26.516981581167656 -27.869098582480518 
-27.323307352018105 -27.317476685530977 -27.873736814285152 -26.46885971777455 -27.827317905745133 
-27.318258023876467 -27.317155128610594 -27.875802954476285 -26.467813397764402 -27.82681601076189 
-27.311576870220975 -27.31076593730731 -27.870388861574895 -26.46126978202298 -27.82112645129054 
-27.343950489069712 -27.354631633153133 -27.901512991765884 -26.49836354500283 -27.84889298200453 
-27.35618040946973 -27.360462947984956 -27.90575377512063 -26.506330050941003 -27.856329364814982 
-27.345247006370343 -27.35270489978923 -27.897392416620548 -26.496507516458507 -27.846620612856185 
-27.35859592365199 -27.365320328671828 -27.90994545719444 -26.510335273580196 -27.859488174301973 
-27.355123901263923 -27.35696692007842 -27.901469900097823 -26.503135059960982 -27.85330922432736 
-27.452896592661347 -27.453957006669967 -27.990421115442388 -26.604186466669205 -27.94366336988739 
-27.418802664413136 -27.426172445797164 -27.961446666465164 -26.57136712027571 -27.912040584675083 
-27.446322530246903 -27.45669851527383 -27.985874126341926 -26.600342472673873 -27.935983110493694 
-27.509627571479044 -27.509289029257616 -28.050703373437727 -26.66645842733395 -28.003640111545295 
-27.374125374514392 -27.372304575965615 -27.912685462707984 -26.519183561576952 -27.866844400755767 
-27.38243786696289 -27.382091682812145 -27.92228183457408 -26.529068582414553 -27.875763834234405 
-27.386950187308926 -27.385182875800012 -27.926531835263233 -26.533456282920113 -27.880474089116248 
-27.4298260485766 -27.428121582541976 -27.96535656350919 -26.57779147974152 -27.91982143882892 
-27.4394399901053 -27.439265358696105 -27.97475428042847 -26.588416252937066 -27.928765242036462 
-27.404918095357218 -27.402386870976287 -27.935213024782087 -26.548455823442296 -27.89084520843842 
-27.316614738381872 -27.327496910752586 -27.874279198697522 -26.469030653156636 -27.821656233518326 
-27.206843150422657 -27.221369667417008 -27.788530401825298 -26.362720316868035 -27.7312234077109 
-27.21612389630151 -27.234094922648254 -27.800500037488405 -26.374807965900857 -27.74169374797043 
-27.413389340512325 -27.42440676491657 -27.981765469143085 -26.57814104321976 -27.927105968329982 
-27.371611204531035 -27.378917857273294 -27.93445002491218 -26.529721178784598 -27.88192102504719 
-27.3459420621965 -27.365668664593926 -27.922166079217504 -26.511284265068525 -27.863790048534767 
-27.387986299821918 -27.402420282138536 -27.955895251553926 -26.551416963267116 -27.900347805224726 
-27.444623888114833 -27.4513120139341 -28.000255589337016 -26.604852620658562 -27.948882811937963 
-27.43636506596947 -27.448322783360524 -28.000441149187708 -26.60111799172863 -27.94613086305938 
-27.475374913141962 -27.486455169555285 -28.029651771064593 -26.63839915747188 -27.97708671110361 
-27.48302336125444 -27.496353671157763 -28.036444850172003 -26.64679482525453 -27.98331629541407 
-27.49305208494222 -27.511260277858668 -28.04982618541871 -26.660314525510955 -27.994651150823643 
-27.493560741293948 -27.51151844630462 -28.049833950799112 -26.66057199575002 -27.994814342296536 
-27.43790921348551 -27.443488592504508 -28.002620553261323 -26.60152211915232 -27.95012998436394 
-27.414677368506887 -27.42133114281073 -27.986098715894272 -26.57988275609489 -27.932259887453796 
-27.396620555034275 -27.40284323457631 -27.966895123560803 -26.559809937959585 -27.91342112767167 
-27.336792935982075 -27.3295728771798 -27.911311513740927 -26.494180337976942 -27.86135965924747 
-27.3331566017398 -27.317426135224096 -27.896786808198485 -26.483185417185624 -27.851174520375835 
-27.35750548871995 -27.340441263041868 -27.918770132976547 -26.507993944954777 -27.873877729719723 
-27.34448236925516 -27.328936529671097 -27.905894655211995 -26.494394146367114 -27.860557313792185 
-27.429797509465303 -27.419616260145588 -27.990365580066836 -26.587113260539226 -27.94332018599144 
-27.402079849101142 -27.391868102950383 -27.963029871931838 -26.557447588144612 -27.916006706436306 
-27.382276422648303 -27.380264037275325 -27.93926331245484 -26.536260025017924 -27.89046725846812 
-27.35556165149228 -27.35327599595894 -27.91475598451153 -26.50844814520208 -27.865756616795863 
-27.353803674945325 -27.351660174173574 -27.91324439673754 -26.50670286819016 -27.864166944193883 
-27.440100525347404 -27.43817171953313 -27.99464621646925 -26.597395553918645 -27.946064553738623 
-27.410356481226998 -27.411090081204534 -27.96619484206458 -26.566621438443832 -27.916680262261778 
-27.41021559149108 -27.408358982699596 -27.964856164376073 -26.565295162375165 -27.916318206479716 
-27.516942018689647 -27.512571034643344 -28.055518672676854 -26.672211471057977 -28.01006091989315 
-27.50259596980152 -27.49567558161661 -28.038666665653906 -26.655031254425737 -27.994425349972857 
-27.386107518385316 -27.397808492234063 -27.926201863112993 -26.536135107421245 -27.87598373161275 
-27.377109639772996 -27.39367313924251 -27.91877323524946 -26.52838086057089 -27.866850204303304 
-27.3541220401372 -27.3789454108408 -27.89620439593915 -26.505942172474178 -27.841766080052977 
-27.417753966869952 -27.45151352968442 -27.96138309214537 -26.57739775128813 -27.90380368849013 
-27.390939144790735 -27.41983723451726 -27.933826697721614 -26.546962952712974 -27.877919374764872 
-27.399833664049382 -27.431093818353332 -27.94442349079314 -26.55789525662088 -27.88749918335037 
-27.433339520905832 -27.466683317442104 -27.977816708342132 -26.59442835731889 -27.920185599376694 
-27.420480231137915 -27.450943360865892 -27.96913845154552 -26.58170417403406 -27.911746431404296 
-27.38817572153404 -27.41494466226561 -27.937238897577004 -26.54618098040558 -27.880992344438653 
-27.492796199858162 -27.51835122052529 -28.042129127985817 -26.65853321336442 -27.985925868930323 
-27.442110852029884 -27.46963947495108 -27.992318887553637 -26.604911454360263 -27.935511369580937 
-27.44342614867493 -27.471639831285444 -27.993210460443564 -26.606312199222828 -27.936259380339976 
-27.431048366009662 -27.457238769149 -27.98297835754296 -26.593440129888194 -27.926329971475795 
-27.28731926592465 -27.32258247657346 -27.845534523045302 -26.443897551393462 -27.78550676386314 
-27.34677324221846 -27.382895912003704 -27.898257643036416 -26.505117362782286 -27.83888810346086 
-27.38774115990195 -27.408438340525393 -27.93530787584406 -26.543498693218723 -27.88114825565468 
-27.50022418737636 -27.52320573396345 -28.04795376160753 -26.66515047718697 -27.992770826557987 
-27.4615510811482 -27.48577147851921 -28.012843671548012 -26.625466810129396 -27.956814088866736 
-27.52225804352429 -27.528309140302852 -28.060814102553366 -26.680487045024805 -28.012191077933622 
-27.504694694927252 -27.512721073740252 -28.05165125552574 -26.66586658668942 -28.001116537586455 
-27.534195498680916 -27.542652358069304 -28.080831869966403 -26.69755510563789 -28.03013936918083 
-27.528582454672346 -27.537449366048463 -28.076007883792613 -26.691976827317347 -28.025078535322777 
-27.48001971500186 -27.495442859545335 -28.02625442587656 -26.640844478952104 -27.973661332804454 
-27.571007798205187 -27.57695624750461 -28.111250303663667 -26.733635248917466 -28.062254460098586 
-27.59661640957316 -27.61436979546025 -28.13511292791138 -26.76333735088984 -28.0827500346725 
-27.613540649514334 -27.637044538481064 -28.149871659358723 -26.782028536519846 -28.096064829891162 
-27.5298399042709 -27.564612617548264 -28.07235746047418 -26.697704460355112 -28.014346714837075 
-27.46573093453884 -27.51139063867133 -28.013078506692125 -26.6337544068314 -27.9511437530538 
-27.414707602166175 -27.452342523192996 -27.95169147828979 -26.572222822634345 -27.894006200135834 
-27.434520416488255 -27.46910525685219 -27.96585580601257 -26.59026806964549 -27.909955590130735 
-27.29608776081423 -27.31767185023837 -27.813261083666575 -26.431812996848734 -27.763981066484277 
-27.401544133518982 -27.422757637930545 -27.91531467252554 -26.54370345673577 -27.866411782568733 
-27.39927468831651 -27.41447171544884 -27.908050447805266 -26.537543935265376 -27.86179506555777 
-27.38705378482105 -27.40244705283797 -27.894797568469926 -26.524011751684455 -27.848681902251357 
-27.374227774682282 -27.387909282621365 -27.882158160876827 -26.50984659321624 -27.83656887035427 
-27.361195883281056 -27.374811827120467 -27.8715982551431 -26.496868085724486 -27.825664633342285 
-27.3434823278307 -27.366135457222327 -27.864365146563486 -26.484682153220206 -27.814032934669 
-27.432193806855366 -27.45588242595376 -27.951472646482102 -26.579681298887806 -27.900844149403497 
-27.43205527211211 -27.455741239653833 -27.951355349955904 -26.579540777323274 -27.900724610876324 
-27.42836475360474 -27.456319554208108 -27.94815932215542 -26.57691076426714 -27.896156068541416 
-27.452779933675828 -27.477221917629407 -27.967095193468253 -26.59988369115979 -27.916981458679885 
-27.432152330530712 -27.457124343475925 -27.94563257269479 -26.57748780317128 -27.895546891863845 
-27.333747358450978 -27.357090288341226 -27.844558272457107 -26.470082457719542 -27.79566514318894 
-27.413756576941623 -27.45948036652807 -27.92841985070089 -26.563802484516714 -27.871842083131057 
-27.348261131285767 -27.398825776495514 -27.865062026587466 -26.49560298660265 -27.8068328000885 
-27.284842176893463 -27.34609805467626 -27.81212269399866 -26.434760783975506 -27.749107461715695 
-27.312906186957647 -27.37356571573443 -27.838244741369948 -26.463966790263086 -27.77564657740382 
-27.259882521864895 -27.325334957596752 -27.790926730190293 -26.410664129791684 -27.726089588370442 
-27.256717858712875 -27.318061858761027 -27.792181350850214 -26.4079948220742 -27.7279102707366 
-27.25750747198235 -27.323170841933887 -27.79545259997755 -26.411096992521877 -27.729457821251387 
-27.273550700176287 -27.33942296282531 -27.806597620805974 -26.426336098974332 -27.741275369495384 
-27.27779816946216 -27.333265834075533 -27.796152201435063 -26.421817211699903 -27.736359231208965 
-27.284974366847663 -27.33949146271698 -27.801932823233372 -26.42868862226848 -27.742635446839785 
-27.36302047466789 -27.416038152277125 -27.881719930602102 -26.5129525143915 -27.822394180380883 
-27.45208882584683 -27.507062527021745 -27.96751321825043 -26.60788054640335 -27.907870810098558 
-27.437177314992752 -27.492507747563096 -27.953614430363913 -26.592375680039822 -27.893740521747162 
-27.403388632469316 -27.4616118525869 -27.911126036903354 -26.553229985276943 -27.8518424294397 
-27.40023169368949 -27.457547052491137 -27.907314750896404 -26.54930978875663 -27.848423599882167 
-27.379805528056167 -27.440839097976394 -27.890894301063426 -26.53005628338451 -27.83027386585607 
-27.350700431548773 -27.421847438083645 -27.875573727949416 -26.50736049933755 -27.809721115252046 
-27.43133920615881 -27.48649948758751 -27.948056081958185 -26.58617002312741 -27.888205413665716 
-27.558246030545504 -27.598141950682333 -28.06319443286158 -26.713413289594072 -28.009575920941728 
-27.526924841074177 -27.558544125370517 -28.033681160623843 -26.67827885491579 -27.98239187777628 
-27.53541280993224 -27.568559884598983 -28.04046383470073 -26.68709137122049 -27.98895834329332 
-27.534009208523756 -27.56696933693975 -28.03902631304375 -26.68551835296313 -27.98758727675093 
-27.534342043326475 -27.567279026674512 -28.039326752847884 -26.685856084798033 -27.98789912748984 
-27.651837671601427 -27.672173137976273 -28.14162652279363 -26.80229365436614 -28.09619327014005 
-27.662952388666227 -27.68734264393366 -28.15633199207379 -26.816821724346 -28.109048858112857 
-27.675612226189145 -27.69874098302735 -28.16702469808004 -26.82925170684109 -28.120411563042595 
-27.67351527682999 -27.696555796247182 -28.164992866688934 -26.827003760785217 -28.118401785437626 
-27.533235014294675 -27.54558476597778 -28.022740401692516 -26.67264275896916 -27.98010990240779 
-27.611767983825445 -27.623606756433148 -28.10812079172507 -26.75976995642729 -28.064330290687366 
-27.637422356906114 -27.65045254055447 -28.133976343695764 -26.787725075640566 -28.08972159608311 
-27.622813589506592 -27.637455216394187 -28.116061781921573 -26.771060348947202 -28.071887972228623 
-27.74450747642861 -27.750803419156085 -28.238742429863095 -26.899969590524535 -28.1966349172816 
-27.845381579296742 -27.845182304561604 -28.33582846242433 -27.004944066558252 -28.296050119092783 
-27.817050185258637 -27.82509673465448 -28.312706013745725 -26.978896744384386 -28.269643824375436 
-27.73531875227374 -27.736298821107013 -28.22779224634516 -26.887977375136558 -28.1876147656007 
-27.735022960009303 -27.739096186220863 -28.229545857594402 -26.889333896611916 -28.1880942533422 
-27.743050136828685 -27.745932289757818 -28.237792632864668 -26.897738269999323 -28.19664721841714 
-27.78698411868882 -27.79646592429394 -28.27663386407457 -26.944446442222073 -28.23418519696844 
-27.795568573961873 -27.8249233877562 -28.29921659045837 -26.964853731625738 -28.24840982120834 
-27.796214828178535 -27.82558282161807 -28.299838858141428 -26.965540605954857 -28.249030221101165 
-27.782139136759994 -27.798675658699196 -28.281909085642667 -26.945399102283062 -28.235682020101166 
-27.827255935403585 -27.85449435794044 -28.333779529437436 -26.99952521659459 -28.283073838430212 
-27.99281469203497 -28.01698927719059 -28.500397754912115 -27.176774128523135 -28.4500255405803 
-27.96416903964827 -27.98833512636314 -28.475497292758718 -27.147672511129457 -28.424597910461245 
-27.977724020878753 -28.00878810911078 -28.48900436178849 -27.163994838449042 -28.43596948672112 
-27.97553128999111 -28.005676933500922 -28.48585618624614 -27.160989216109442 -28.433261774319533 
-28.000556049798845 -28.029705710014426 -28.511507690535296 -27.18783343596678 -28.45905177473351 
-27.93466862789154 -27.97342206486384 -28.44346152329065 -27.11879355178533 -28.388584849597095 
-27.905533981786988 -27.968997314370924 -28.43532260328334 -27.103239902240134 -28.36957752158142 
-27.909051784880788 -27.972499309558927 -28.439920143534323 -27.10747535237209 -28.373998378263693 
-27.95209267516644 -28.013437765775535 -28.48249388717872 -27.152867782588828 -28.417180000219204 
-27.94720941383852 -28.008268675839176 -28.478437630110136 -27.14791118565863 -28.41309213399599 
-27.996641733396558 -28.05689169291975 -28.521623778500143 -27.198002044492483 -28.457395978714402 
-27.91588010344489 -27.979750855533823 -28.448703447392717 -27.115761070536323 -28.38232180435972 
-27.89868536597075 -27.95961697953794 -28.4309213926757 -27.09626290245491 -28.365580880154653 
-27.865487773602865 -27.923496961282723 -28.397519957587832 -27.059766187972826 -28.333195699861662 
-27.8661498992642 -27.923929930079012 -28.39858356264108 -27.060588972735715 -28.334263683069963 
-27.866927961682407 -27.924929369565447 -28.400692724377123 -27.062061735726616 -28.33609013004049 
-27.947359541210247 -28.002512787534968 -28.47746091934735 -27.145989647171234 -28.41410719726933 
-27.984911154086348 -28.040176561071036 -28.511533041875992 -27.184782766108185 -28.44860378729885 
-27.95675343603868 -28.009086053806485 -28.481748129726327 -27.153092071118436 -28.42005222531583 
-27.975598626841773 -28.01979862445677 -28.495866056609927 -27.16907992749151 -28.43737142389567 
-27.95403976915614 -27.999046999585175 -28.495576876404613 -27.15549592536763 -28.433478294213444 
-27.987855323246762 -28.0398411819006 -28.533454049777774 -27.195400791180134 -28.468483415705947 
-28.13298567213731 -28.193112903767712 -28.677196239639713 -27.352543069219323 -28.609579198406266 
-28.133913777534033 -28.193668944489986 -28.67877497015604 -27.353728309066867 -28.611165457540437 
-28.08549980223846 -28.145366379564734 -28.632336501154967 -27.302737577622267 -28.564502460776723 
-28.076550815989464 -28.144115686930576 -28.63539376969186 -27.30054376587978 -28.56330821179577 
-28.10866871084761 -28.177198768957737 -28.66862851632017 -27.335737100070517 -28.595985783462453 
-28.183860676116552 -28.248786590333665 -28.747155247035664 -27.416902533822736 -28.674888104660425 
-28.273708952309136 -28.344877129213998 -28.840045066999707 -27.516198718053488 -28.765150839251064 
-28.251021911970128 -28.31961934403803 -28.818127534793575 -27.491570002016744 -28.743955529109456 
-28.274016417986033 -28.343644038501026 -28.842451605530186 -27.517083883579417 -28.76769303528691 
-28.3252347420445 -28.406736022842438 -28.894333640283378 -27.575374210652427 -28.815701276301283 
-28.3358586365959 -28.41774435476796 -28.90479571665371 -27.58678139881775 -28.82604393652474 
-28.32452787669149 -28.406665989130317 -28.89416972444242 -27.57503286262505 -28.81525752691313 
-28.357904027843773 -28.434005128262086 -28.917793694899544 -27.60475747045706 -28.842199646988902 
-28.344635444799934 -28.419482579550987 -28.905262168715893 -27.59054925390531 -28.829969146769386 
-28.349982453732167 -28.422483968678947 -28.905083956228438 -27.593162957321624 -28.8313771736769 
-28.328095719205166 -28.401896536035395 -28.884609136623894 -27.570704248634797 -28.810334866313127 
-28.25312302976336 -28.318653215880232 -28.808064773739474 -27.487504678636896 -28.73676819454637 
-28.255674089461337 -28.320550466410353 -28.810394825080778 -27.489966460402883 -28.739327161538284 
-28.283539290997737 -28.34211526059798 -28.82326768696865 -27.511452047048536 -28.756455027960413 
-28.33007147195977 -28.386262668136865 -28.86060866211797 -27.556587853787065 -28.795879009161965 
-28.261252557932295 -28.335328453049698 -28.805149263166484 -27.493567203913898 -28.732972438271048 
-28.271080731192328 -28.348676225185727 -28.815602594987624 -27.505322323389663 -28.74221916533611 
-28.226241426617406 -28.305526976114507 -28.76962528060953 -27.45725453488849 -28.696018249354623 
-28.246891215296642 -28.323399241748902 -28.787139363197383 -27.477240398992592 -28.71483270891295 
-28.260687805155555 -28.346103957972844 -28.810382330974832 -27.49860294924322 -28.733797251005868 
-28.24554923295109 -28.326735459150385 -28.790032918265396 -27.47893801139429 -28.715616547307334 
-28.204660909340006 -28.292122824410797 -28.75454960379676 -27.439233945899446 -28.677447957915675 
-28.1390258557319 -28.230204531812177 -28.69223016592109 -27.371388887571356 -28.613627285031 
-28.149454103952294 -28.246312291182363 -28.70659165723859 -27.385866451340334 -28.625588641327795 
-28.16274630388618 -28.259830741637685 -28.716164257331272 -27.398538555510456 -28.635645844862836 
-28.177975089080988 -28.278601397237523 -28.73297436160773 -27.41653676226825 -28.651073742780213 
-28.198325432693196 -28.299969373161744 -28.751023803076748 -27.437616704018694 -28.6691203467536 
-28.186176563880153 -28.285134426799644 -28.73987809085466 -27.424288928670762 -28.65867641532094 
-28.17727947221549 -28.27650451594036 -28.731843528524664 -27.415209342184724 -28.650445923472063 
-28.178218032643997 -28.277828364860028 -28.733896527104505 -27.416811401195034 -28.652201359429128 
-28.125480580910605 -28.22942681294535 -28.68342576250275 -27.36250756154074 -28.600170498587033 
-28.10577659396843 -28.20900082561171 -28.67295084390284 -27.3452561606765 -28.588511391645028 
-28.08726898527584 -28.19499840231562 -28.657380025692106 -27.327972666303154 -28.571135775656956 
-28.143291198705555 -28.250910725666046 -28.717163717484482 -27.38966646184025 -28.630214340403356 
-28.130014774921605 -28.238173208553818 -28.70853636398492 -27.377666512910906 -28.620721596680752 
-28.2684126585676 -28.37422734462679 -28.837969520036154 -27.521303456975346 -28.751934898708342 
-28.308589179265184 -28.406765010533874 -28.86781073298087 -27.557622972033926 -28.785662064483574 
-28.326493630493033 -28.42039999543401 -28.88116760621827 -27.573604096241056 -28.80100916054529 
-28.32610732043038 -28.420019029442003 -28.880797509851533 -27.57319910006545 -28.800635836506714 
-28.448779306362766 -28.551123963437902 -29.001893744004178 -27.706147416444978 -28.919067532885265 
-28.433327619543775 -28.52379697439531 -28.979360767267366 -27.683204742329124 -28.90135939384163 
-28.541999437454578 -28.63639995092079 -29.090509701817084 -27.801646161087135 -29.010628006493903 
-28.548193287922004 -28.64711846578804 -29.098408170898495 -27.810274143912665 -29.016844700175454 
-28.57573102770354 -28.677915905011517 -29.13253389897561 -27.84354888124267 -29.048852161570878 
-28.531414892726872 -28.623159404342275 -29.078185136180196 -27.788824810993333 -28.999425169130177 
-28.53189545425279 -28.623700496046027 -29.07859729823811 -27.78932529809569 -28.999828304660383 
-28.532768519015406 -28.62588590218131 -29.07307151995056 -27.7878098932008 -28.99491028658467 
-28.538433521903073 -28.631722728647276 -29.078265790203275 -27.79371074902076 -29.000111854156415 
-28.610357187877355 -28.702456117531085 -29.147455044347254 -27.869096445694026 -29.06992123131954 
-28.623900762956154 -28.71056795589442 -29.154478133635664 -27.879227958838612 -29.07962237960217 
-28.730074080143126 -28.810898975491398 -29.248628641466382 -27.98587384442294 -29.177223071179284 
-28.803220933197437 -28.87946467042542 -29.3175652329014 -28.060931601342475 -29.248062928571585 
-28.818384604006198 -28.891246000570334 -29.330333953337515 -28.075163855837587 -29.262219771227365 
-28.816726603347178 -28.890129991153486 -29.32895424995965 -28.073661950119075 -29.260632546368896 
-28.702593358226963 -28.771831121613346 -29.22534565605369 -27.95515995395772 -29.156912006688543 
-28.759444917041705 -28.83059805281225 -29.28129014410362 -28.016032421065788 -29.21226989556665 
-28.836326835891583 -28.91529905012814 -29.362423162413577 -28.10214667381443 -29.290124788402423 
-28.8140898093784 -28.89609817673619 -29.341884311717564 -28.079968171346565 -29.268434337078133 
-28.787336173779494 -28.871520804564213 -29.321156022649703 -28.054627842982214 -29.24614269627432 
-28.734815503740094 -28.821876350305246 -29.2684201926497 -27.999205292963538 -29.192684640665703 
-28.84379072418818 -28.935200160249835 -29.378023892453385 -28.117098180205645 -29.300575276860172 
-28.823263978903853 -28.911025280538283 -29.360805050669597 -28.095627357982423 -29.28400784903478 
-28.757775253631095 -28.845825081993354 -29.29823313186489 -28.02702810921609 -29.221046382627932 
-28.843435060344802 -28.93378537085404 -29.388435459264898 -28.12119015748499 -29.309604769735316 
-28.870522990599937 -28.96207361468207 -29.408541866844956 -28.1473538772005 -29.330382442786075 
-28.91596933998197 -29.003492009299563 -29.451145471418954 -28.193525822163807 -29.37456826585843 
-28.91437486854035 -29.001777951175725 -29.449510998755372 -28.191772957110402 -29.372980980726837 
-28.845675027939365 -28.939059464752177 -29.39247329902919 -28.125211034953082 -29.312416091298473 
-28.838779140116486 -28.93344922974741 -29.385686427936562 -28.118244564647057 -29.305232502099386 
-28.9345382092733 -29.039116062104313 -29.477588035019892 -28.221534355670016 -29.394447639606184 
-28.93525697138371 -29.04261252911256 -29.470647568139384 -28.219721256828564 -29.38785666261515 
-28.93469738349023 -29.04191188170637 -29.469398797315975 -28.218783762660266 -29.38676192136637 
-28.948741030409806 -29.051204567616722 -29.484365984915627 -28.232842738353412 -29.40301986090273 
-28.952615882083137 -29.05499185063877 -29.487231548663928 -28.236512930611823 -29.406062759002054 
-28.953039581307692 -29.054835321371016 -29.486610103861295 -28.23634588240597 -29.40578534693296 
-28.949725272114208 -29.052826618916214 -29.479750143114813 -28.231630674619282 -29.399090420597673 
-28.99045620851662 -29.093408934988148 -29.524202520753633 -28.276683899367043 -29.442899745649484 
-29.013794759826027 -29.11677234045277 -29.54540155607222 -28.300663568006428 -29.46437247348392 
-29.061309895294087 -29.162921632942172 -29.595130821896063 -28.351950663610268 -29.51405772536819 
-28.986192355377582 -29.091979387980288 -29.519957331524466 -28.27293784649467 -29.43778418416119 
-29.02550321310565 -29.129384207817097 -29.55801307270677 -28.313805596952136 -29.47653253812193 
-29.023865093218276 -29.127866187857904 -29.558257733205906 -28.312914313267513 -29.47644605995302 
-28.920532631486722 -29.02354141789216 -29.45507693650889 -28.202409374260426 -29.373802567346544 
-28.976442266676187 -29.079824944117604 -29.510700067345752 -28.26207090003703 -29.429217635337338 
-28.98255829941263 -29.087757869494098 -29.514474651487504 -28.268088316153836 -29.432784843597858 
-28.922557613689406 -29.03153305569782 -29.461286838564703 -28.20807868890813 -29.377497686429166 
-28.930624774875014 -29.03999520479772 -29.469211972755176 -28.216740431523633 -29.3853029767931 
-28.87575216970086 -28.97741596069919 -29.411548636863685 -28.15476644952514 -29.33060297899766 
-28.871922485465404 -28.97419296360718 -29.407742876864873 -28.150857399738555 -29.326615139181698 
-28.927146077675843 -29.033093391399575 -29.466366029647887 -28.212340281663515 -29.383425873870692 
-28.95770159028197 -29.07447002065669 -29.50364978835151 -28.250964175669125 -29.41621912052507 
-28.980908590963224 -29.09854955397651 -29.52656676584384 -28.27585579461305 -29.43885412263208 
-28.935674093226908 -29.046637885177518 -29.480947837373208 -28.22551436807835 -29.395476585782106 
-28.955095608188657 -29.066915872211325 -29.505168677523756 -28.248610895073128 -29.418626384276592 
-28.944030781294884 -29.064869448579387 -29.497258863387685 -28.24073254768531 -29.407452674423084 
-29.01449945691212 -29.137961404004656 -29.57506424541546 -28.31996169698779 -29.483115844471754 
-29.026967429415194 -29.149068109426793 -29.58544607133885 -28.331954593059052 -29.494217329416685 
-29.001038261065133 -29.122368698089005 -29.56087272941717 -28.30466738454649 -29.46973283466255 
-29.000536929248284 -29.121890071392684 -29.560453476028385 -28.30417530218513 -29.469294852397695 
-29.00821751796275 -29.127775061760417 -29.56792495728837 -28.31177730998583 -29.477336418884448 
-29.01341790418607 -29.134108003246027 -29.574594206154373 -28.318303375216885 -29.48341068693543 
-29.017575724166335 -29.138501930475115 -29.57935856089071 -28.32307964219973 -29.487996117340472 
-29.01526695340263 -29.130508151131835 -29.567269408340778 -28.31465593642922 -29.479215255868596 
-29.060896853410043 -29.174215701426746 -29.612711095275074 -28.36273266061326 -29.525169752499977 
-29.120420888846155 -29.232461601187367 -29.677014877893683 -28.428033771571307 -29.588968101171275 
-29.128386182349857 -29.23969485571888 -29.68365105718611 -28.43573218773969 -29.596021200498427 
-29.132246169812234 -29.244572406584908 -29.68850625278145 -28.44057915848157 -29.600395017804473 
-29.114735554499475 -29.233548842514693 -29.677551076339626 -28.426647161923356 -29.58644116612699 
-29.124336121586808 -29.238538834550027 -29.68758574401828 -28.43581387002328 -29.597809546951325 
-29.1054816586351 -29.222066656907216 -29.682547494844954 -28.422661116889444 -29.58989998144864 
-29.159432041652693 -29.283260000583255 -29.745681005901517 -28.48646068141423 -29.649216766628953 
-29.150233630307156 -29.27630350359253 -29.733245704076552 -28.475755391315772 -29.636621702056487 
-29.125990042199064 -29.2455781306234 -29.702754245242716 -28.445228338081634 -29.609176873941777 
-29.112242154689056 -29.231551398672863 -29.6873941487746 -28.429739270434794 -29.59419100340881 
-29.124923542714114 -29.254728609767028 -29.7067467348503 -28.44922539636852 -29.609217298089945 
-29.123841346805435 -29.254660854807668 -29.70709433469942 -28.44900889235194 -29.609028878594714 
-29.111331804162447 -29.24130564213003 -29.69489924962015 -28.43556926177854 -29.597076625310308 
-29.12790657649876 -29.26095694573995 -29.712172747919823 -28.454431460595217 -29.61324784771746 
-29.173244100306334 -29.300688452057614 -29.75442991692624 -28.499843328260894 -29.657612272564407 
-29.146112540127078 -29.271318944463758 -29.72299268215825 -28.468296850511095 -29.627611532360646 
-29.129731319950068 -29.251480540871782 -29.701774188044936 -28.447650141336183 -29.608264411394572 
-29.184286757417098 -29.29950382913107 -29.749615550329025 -28.5009992726402 -29.65905085019098 
-29.198655414028266 -29.315614625485594 -29.761392599071627 -28.51562836167217 -29.670663461704237 
-29.16255810368986 -29.278287271337263 -29.725750003761632 -28.476988366438135 -29.63541755630746 
-29.098535352453865 -29.213095211868023 -29.664737688612604 -28.409720634369577 -29.57444803454044 
-29.122041329096632 -29.232870416644403 -29.684454475736075 -28.43205999197022 -29.595858407362655 
-29.048518020099934 -29.165975521164015 -29.61712675735859 -28.358227712831876 -29.525684785167215 
-29.047716044420312 -29.16057337819086 -29.611274801897835 -28.353814376818875 -29.522053593309153 
-29.069956348437984 -29.17852175774489 -29.626838892336394 -28.373355874563686 -29.53994435797921 
-29.038980868897525 -29.14625218747568 -29.598090583813402 -28.340945169113013 -29.51131957337347 
-29.02832338975007 -29.138059767157458 -29.588576834112686 -28.330761813875554 -29.500889863137118 
-29.072116638055988 -29.174562912930625 -29.631280179050947 -28.375022177149077 -29.545908226582654 
-29.12184763126743 -29.221133950916638 -29.67911981090228 -28.426380477577936 -29.594900122052948 
-29.143347968905985 -29.241985022043323 -29.702841047918653 -28.450159443816958 -29.618416535010283 
-29.17736439801301 -29.28417458696751 -29.745144048129816 -28.492449200597235 -29.656803712815957 
-29.165809804328603 -29.277312339449892 -29.73230037943776 -28.480801741557045 -29.64274456870254 
-29.1613682607111 -29.26582219136222 -29.723181111074695 -28.472013547619994 -29.63655148731266 
-29.219399287868953 -29.32074618764284 -29.772095168301874 -28.52893180814715 -29.687727405261597 
-29.210853469033452 -29.31147647138704 -29.76089887433433 -28.518422687974095 -29.677195571270403 
-29.228782899114236 -29.323350539511026 -29.772297048835043 -28.53295890333706 -29.691455468770783 
-29.200611167431774 -29.303247844230427 -29.743734932914577 -28.504945160244517 -29.66053147933991 
-29.21584779724475 -29.314016109101942 -29.755137043089178 -28.51825656697615 -29.673885572297692 
-29.147667560686216 -29.241636363981655 -29.690015355739973 -28.445755502210062 -29.60974122377479 
-29.165486544338208 -29.258372818233966 -29.706056925203526 -28.463673989198313 -29.626355714775016 
-29.166085411731828 -29.25618790555407 -29.707516003804386 -28.463943602748728 -29.628535376543496 
-29.168709814079946 -29.258836331203696 -29.708903580452457 -28.46619517076016 -29.630105777006577 
-29.21411554711146 -29.309309504451917 -29.759520507069695 -28.51833671683997 -29.678221060286788 
-29.210416924326168 -29.3079697219827 -29.7555367191641 -28.514904441680955 -29.67356354229217 
-29.224240108096453 -29.315351918491615 -29.774251466530416 -28.530119817636816 -29.69345392891229 
-29.215028852221664 -29.310297182633647 -29.770692284877654 -28.523980854395035 -29.68773857572927 
-29.219711056180557 -29.320270484580675 -29.779620728744348 -28.532334337093644 -29.69435118572771 
-29.19978025162689 -29.313731641088637 -29.75764345317812 -28.51379289599282 -29.668611489686484 
-29.212721219461244 -29.32688859646018 -29.77018136453303 -28.5274731761738 -29.681114747230126 
-29.162744194291832 -29.282249646441343 -29.730086378266904 -28.480113176995857 -29.637930836962468 
-29.16274057356297 -29.281982534154167 -29.729933498572052 -28.47996872212252 -29.63788299246295 
-29.00203102187389 -29.124377378243906 -29.56979573065209 -28.309574897503893 -29.477089514921047 
-29.004487850183537 -29.124800134322356 -29.571781684724954 -28.311419240129254 -29.479772916539616 
-28.980982747908186 -29.096573366925668 -29.54009508705751 -28.281330192037103 -29.45089526233417 
-28.979234981778646 -29.093902174582084 -29.537793366884202 -28.278959133626927 -29.448970938695794 
-28.975141397974767 -29.09072145211192 -29.532316308477263 -28.274223917831463 -29.4434398785952 
-28.917544677790715 -29.041239784239806 -29.479302807414314 -28.21704916979712 -29.387333642064746 
-28.910897265460136 -29.03780222625214 -29.476466680333672 -28.212558726837628 -29.382919725261658 
-28.926090253545453 -29.05249939761049 -29.493846844712493 -28.22962405773096 -29.400071824339705 
-28.948461439168966 -29.056528395905005 -29.518279432128665 -28.24937966082328 -29.429792421031934 
-28.938519247431216 -29.046600500959215 -29.51267353907761 -28.240750583022873 -29.42352085565686 
-28.92993528226212 -29.044867280629944 -29.506175942709973 -28.2343993469878 -29.414602399611425 
-28.925550914944836 -29.04050913570198 -29.50223694139072 -28.22992754881564 -29.410595878307873 
-28.936425085872074 -29.051462430710203 -29.513218943265997 -28.24161330112929 -29.421509454781557 
-28.95344889949112 -29.073890499643312 -29.527277956829295 -28.25992316698749 -29.43432522949 
-28.962981886939986 -29.080608637421733 -29.531017187483144 -28.266695106565436 -29.439824421001575 
-28.95889498627544 -29.078253654903634 -29.524743912977115 -28.261823869698944 -29.43337048522912 
-28.95949798610279 -29.0802393992917 -29.52570809226424 -28.26301542949244 -29.433848470973047 
-28.966129795674732 -29.081915508109205 -29.52689513787007 -28.266268381634447 -29.437410784652542 
-28.96210305029568 -29.077259557695513 -29.522116364031632 -28.2614566801456 -29.43295524290984 
-29.007814842090923 -29.121984313060437 -29.565545243258498 -28.30895955485508 -29.476937036202514 
-29.009405181730912 -29.122669370883372 -29.566720355569004 -28.310219653231044 -29.47845380227396 
-28.99495431813122 -29.112118891047288 -29.552301584355845 -28.29589444253348 -29.462858701907933 
-28.94868926644837 -29.069577095761346 -29.505262516326596 -28.247203423436744 -29.4149026339243 
-28.939456876795873 -29.05402746344008 -29.493432695961005 -28.23441698448346 -29.405461589612216 
-28.911988817333096 -29.01871774797597 -29.469950876168 -28.204692076282328 -29.383842354393636 
-28.836304101693415 -28.94465621536871 -29.398457761115367 -28.12618029201154 -29.311373167762383 
-28.828535703907818 -28.940567998870662 -29.39280990733785 -28.11984986869365 -29.304273099553342 
-28.847436162808705 -28.963439505118714 -29.412571139362242 -28.14152916829798 -29.322624296091817 
-28.90412128252541 -29.019113680142766 -29.467432668116814 -28.200976614198368 -29.377945292871843 
-28.904528728473522 -29.023506934520597 -29.473007469979933 -28.204846446840122 -29.38147177158598 
-28.913005054518408 -29.03166180320673 -29.48031528998777 -28.213282713910033 -29.389042183971725 
-28.900704600508192 -29.01984915581231 -29.46733690040702 -28.19997559334574 -29.37605031993604 
-28.986151330821386 -29.100010348635294 -29.549756213926756 -28.288389589424824 -29.46036990465626 
-28.994468209274714 -29.09458474412685 -29.546881865810164 -28.28845546598957 -29.463489296437487 
-29.05272872202383 -29.159363159733985 -29.60668686704544 -28.353123399483778 -29.520893836665266 
-29.02235973428924 -29.129834106492495 -29.578822717790928 -28.322065898508967 -29.49244858625549 
-29.08134332981544 -29.208253093899415 -29.648835727556346 -28.395382903133196 -29.554564325335917 
-29.07002135818469 -29.196100276830478 -29.63669262264463 -28.382696963557606 -29.542835617847217 
-29.093955595348874 -29.215764744481547 -29.66147605818547 -28.407432656434807 -29.5687483504051 
-29.080970498959402 -29.205242585080754 -29.661172778453803 -28.400043770829853 -29.5657171424414 
-29.081410515879412 -29.20551090979953 -29.661629852851092 -28.400474133313892 -29.566223497517257 
-29.029878714102466 -29.1561450146676 -29.62303112007939 -28.35204109587272 -29.525046042640056 
-29.033620535062397 -29.14201865707261 -29.612082350010823 -28.344382428288398 -29.521915144391343 
-29.009286188337114 -29.11844039966158 -29.59180346142388 -28.320482860908584 -29.500821952005367 
-28.919456086847305 -29.036051376564544 -29.502217485699816 -28.226656382863254 -29.4091276220379 
-28.940479570175455 -29.05676889776612 -29.523161904366418 -28.24899398293823 -29.43012662392013 
-28.933206989298967 -29.047361833270486 -29.51639981144278 -28.24088352610113 -29.42395996665772 
-28.954163007741286 -29.073768214715415 -29.537221994955345 -28.264685145848304 -29.443070534178602 
-28.973473624052517 -29.090542449000523 -29.555345001563992 -28.28407099797701 -29.462115474957685 
-28.987840106918867 -29.100197411706418 -29.569259707106482 -28.29793024440623 -29.477518381807457 
-28.9641548431716 -29.070387482399013 -29.542702348469888 -28.26965959856298 -29.453360246955626 
-28.96584349298392 -29.071849603732105 -29.543928768681354 -28.271188612948322 -29.45472538607133 
-28.99494370374032 -29.097512049037732 -29.573012088218036 -28.30134291705656 -29.484797114748872 
-28.989823118455263 -29.094026596959395 -29.561480633583557 -28.293349617599716 -29.47379072597863 
-28.988440720501558 -29.092065240485752 -29.560356814626488 -28.29183684971808 -29.47280767113294 
-28.97808187392559 -29.081459613016477 -29.54738624715904 -28.279509260539356 -29.46035243575662 
-29.008524556772926 -29.11197445095297 -29.577872978906626 -28.312055828649505 -29.490734720440358 
-29.021999004795973 -29.12679355898932 -29.58790391476184 -28.325228851827504 -29.500863392155438 
-29.01471610728413 -29.12219776350308 -29.580071943524544 -28.317932398594536 -29.49230757810065 
-28.967097574510603 -29.082082090856147 -29.54053108347759 -28.27281853052719 -29.44929240960184 
-29.03539995914211 -29.149891991044186 -29.605275789381025 -28.343986788195295 -29.51458221533619 
-29.08316514495951 -29.201545985165467 -29.651676460327167 -28.39541826535202 -29.55987925766432 
-29.035682978181896 -29.159064842133162 -29.604500279141064 -28.34626272701604 -29.511224865714127 
-29.113372841557833 -29.23524318961458 -29.680386363637666 -28.42794046254832 -29.587671985054456 
-29.017131226077055 -29.131552330157746 -29.591086173395865 -28.32632837384655 -29.499815355309778 
-29.014760035124525 -29.129280996768088 -29.589472690808734 -28.324171271489945 -29.498057246654668 
-28.915819905824236 -29.027145357655854 -29.505484473245772 -28.224558036152843 -29.412936477500793 
-28.95077577647328 -29.055696000573604 -29.53798674186777 -28.259053868735364 -29.447709698019764 
-28.95489238795112 -29.05959480537092 -29.543323315203935 -28.26396618671353 -29.452909724114903 
-29.007065856239763 -29.11417584015294 -29.59618103251583 -28.32065317479612 -29.50478961396786 
-28.999804790930412 -29.098013721989076 -29.588707332029372 -28.3104642021011 -29.500101070140772 
-28.932644479879514 -29.02971964128865 -29.52991551986986 -28.242391433711617 -29.440495357168558 
-28.930499668393495 -29.027527347468478 -29.528235064243816 -28.24030882096855 -29.43876106357041 
-28.925383024650216 -29.020624941065435 -29.524203565382663 -28.234901210551897 -29.435116826614248 
-28.944900902265587 -29.03969701223963 -29.544894851887975 -28.256207675730522 -29.455709391440962 
-28.957491454211592 -29.055483479604817 -29.559161246712193 -28.271283441026398 -29.468699825294294 
-28.879175447608745 -28.979050724705118 -29.484014558660704 -28.18958566946162 -29.39266926132524 
-28.800911771226637 -28.89921653105064 -29.412780252995418 -28.108890362385523 -29.320996684546202 
-28.802814838172694 -28.895733693499352 -29.415734880268417 -28.11007309025645 -29.325425227558384 
-28.767667588935538 -28.85943042806508 -29.376034370518298 -28.069983193183702 -29.28689040309999 
-28.7285605354233 -28.820319045423417 -29.3442835412787 -28.031713502858366 -29.25407018161441 
-28.796166625174152 -28.884919143688137 -29.404571424704713 -28.099724737700427 -29.316268804346095 
-28.840543848299944 -28.934728559245627 -29.451927797703803 -28.14999401747356 -29.361380636606683 
-28.753858808539903 -28.84599208945221 -29.36951446536351 -28.058840404840822 -29.279133376099452 
-28.796672190463923 -28.88392528285594 -29.40946794992493 -28.10202521639421 -29.320922558499035 
-28.832521009737803 -28.918962216383278 -29.44322562731419 -28.13914454276356 -29.35517049488368 
-28.833764086895357 -28.920491141490842 -29.444470528457558 -28.140545932463453 -29.356324787769296 
-28.849128689313986 -28.93300288436359 -29.457689827317964 -28.155222215048383 -29.37071727669975 
-28.846772493388997 -28.9320479742196 -29.454171364438395 -28.152485570810825 -29.366962582056942 
-28.819401105349115 -28.900595367991258 -29.424163882553316 -28.120920227434723 -29.338688931942812 
-28.73824890454499 -28.822684141284654 -29.341093946437 -28.034005343769408 -29.255140617501397 
-28.725432397097308 -28.813222239400616 -29.331213458706713 -28.02255351233157 -29.243800952192473 
-28.65244029904396 -28.740336062709474 -29.260839869315134 -27.94574182321942 -29.173163430198926 
