1.452844559027578e-06 1.445081202027453e-06 1.3803723465690382e-06 1.3103069483934785e-06 1.400122822103315e-06 
1.4509271121109078e-06 1.4429971447297498e-06 1.378730167962807e-06 1.3082968242552955e-06 1.3984936087505433e-06 
1.4509144886960781e-06 1.4430134756649391e-06 1.3787128057604342e-06 1.3082976080347462e-06 1.398467115158173e-06 
1.4559662405163634e-06 1.4485982160281593e-06 1.3841658760775964e-06 1.3136065955729902e-06 1.4036715002844876e-06 
1.4558656613610727e-06 1.44858745224001e-06 1.3839911853897174e-06 1.313549006542032e-06 1.403478097101754e-06 
1.453961059487299e-06 1.4483544631180496e-06 1.3810749514095994e-06 1.3124442505282749e-06 1.4001529531072452e-06 
1.4507795499243658e-06 1.447593861151957e-06 1.376381581395373e-06 1.3104535069167758e-06 1.394871057820998e-06 
1.4471281590219651e-06 1.4438090023068342e-06 1.3733741670962003e-06 1.3066961300061387e-06 1.3918071787273738e-06 
1.4487438516263361e-06 1.445896872143968e-06 1.3755428544440842e-06 1.3085227052593225e-06 1.3937239631293134e-06 
1.4478385759222664e-06 1.444886173412155e-06 1.3746969168692282e-06 1.3075608243410872e-06 1.3929050517809517e-06 
1.4530504729575134e-06 1.452098886013286e-06 1.3827693261272468e-06 1.3136501911305514e-06 1.3998283652537923e-06 
1.4718040432830513e-06 1.468521184326819e-06 1.401568594075766e-06 1.331375465997828e-06 1.4194178829785445e-06 
1.4812698247063382e-06 1.4775984969711092e-06 1.4107206540449335e-06 1.3407071947528088e-06 1.4287514709079612e-06 
1.4798640839306608e-06 1.4744431372748644e-06 1.4110334932763836e-06 1.3384385202545621e-06 1.4293875679670223e-06 
1.4798260564617226e-06 1.4728669894479238e-06 1.4090491903293098e-06 1.3377323107859805e-06 1.4282431600816777e-06 
1.4798027309451149e-06 1.4728337371858344e-06 1.4090186288383102e-06 1.3377044801837584e-06 1.4282171666758302e-06 
1.4844938320879892e-06 1.4786913530485108e-06 1.4146604142917943e-06 1.3429324708997395e-06 1.4333054979972469e-06 
1.4954146820990715e-06 1.4853817902236042e-06 1.4221776588693366e-06 1.3520375247809458e-06 1.4428151143601245e-06 
1.4921974736076057e-06 1.4817315136774542e-06 1.4190578446247443e-06 1.3486076516060542e-06 1.4398281089676706e-06 
1.4951877888591274e-06 1.4872853992404007e-06 1.4240038362638804e-06 1.352734265522632e-06 1.443581880657972e-06 
1.4921007146001338e-06 1.4844390211719192e-06 1.4213309887548883e-06 1.3497355413101975e-06 1.4407606967169208e-06 
1.4880690687839468e-06 1.4801222934696197e-06 1.4165164886622923e-06 1.3455739989181973e-06 1.4361711655262502e-06 
1.4938542544511696e-06 1.4858266462880415e-06 1.4223947646448252e-06 1.3513440599709002e-06 1.442060460800785e-06 
1.4913922210634566e-06 1.4855097331292096e-06 1.420173164274656e-06 1.3498561218899919e-06 1.4390672291102942e-06 
1.4908144101867514e-06 1.4845647924625604e-06 1.420943906354997e-06 1.3490738955707587e-06 1.4397463336527871e-06 
1.4963183972526683e-06 1.491295588241141e-06 1.4277147450939793e-06 1.3551419350904573e-06 1.4458923401147469e-06 
1.5005575219649779e-06 1.495106813891307e-06 1.4323779750214004e-06 1.3591934486802951e-06 1.450632613063406e-06 
1.508155831647525e-06 1.4989773543285977e-06 1.4370374810184288e-06 1.3651721100188561e-06 1.4570368253508496e-06 
1.499360439936003e-06 1.490847645392397e-06 1.4260574048110896e-06 1.3566972389300051e-06 1.4461854428039727e-06 
1.4910460710330499e-06 1.4834874026028318e-06 1.4174112448924857e-06 1.3487993336572573e-06 1.4372688967185673e-06 
1.4736191445319856e-06 1.4650616401004127e-06 1.3961404271176625e-06 1.3309751022406094e-06 1.416966956259014e-06 
1.4730007099589235e-06 1.4644341265561017e-06 1.3954902962668585e-06 1.3303511872735722e-06 1.4163252680420694e-06 
1.4653680430802843e-06 1.456836817531909e-06 1.3864648577808052e-06 1.3227652286847886e-06 1.4075155881240773e-06 
1.4602766437698402e-06 1.4521479704189152e-06 1.3814592114429379e-06 1.3178381902852527e-06 1.4023594688433908e-06 
1.4607964629570548e-06 1.4525148118623955e-06 1.3824634235400694e-06 1.3182656718820872e-06 1.4033377008793489e-06 
1.4546188436846274e-06 1.4487679073241129e-06 1.377736319116274e-06 1.3131455126762267e-06 1.3975425140055612e-06 
1.4568166710911964e-06 1.451546777768107e-06 1.3803027297515806e-06 1.3156125219232883e-06 1.3998488358221786e-06 
1.4503107048465874e-06 1.44162879632496e-06 1.3726219780734758e-06 1.3075193126567582e-06 1.3935328552529555e-06 
1.4581786054964495e-06 1.4489600835760973e-06 1.380707908175749e-06 1.315160983259304e-06 1.4017648881256804e-06 
1.4500318042919183e-06 1.4379496389462513e-06 1.369824118534534e-06 1.3057690844370986e-06 1.3923099500430668e-06 
1.4451150460600037e-06 1.4330636455137742e-06 1.3644659848820403e-06 1.300865835002094e-06 1.3870150811629397e-06 
1.4431823926623417e-06 1.4319303800973434e-06 1.3630451837863505e-06 1.2992717018552317e-06 1.385237735317482e-06 
1.4440983384168255e-06 1.4327650428617062e-06 1.364064139797799e-06 1.3001490851568088e-06 1.3862674400100577e-06 
1.4469289631141157e-06 1.433595897267429e-06 1.3665523482820007e-06 1.3020850054165614e-06 1.3894949293316057e-06 
1.4371202521084337e-06 1.4252622081002608e-06 1.357906306592557e-06 1.2928620260407095e-06 1.380158367623226e-06 
1.442406018866993e-06 1.4313458923648533e-06 1.363041772630298e-06 1.2985459946779596e-06 1.3850430629225104e-06 
1.4359367066130168e-06 1.4239057395723406e-06 1.3569548829059664e-06 1.2915839742313833e-06 1.3792287275549084e-06 
1.432047581864587e-06 1.4197626644882796e-06 1.3525424924643616e-06 1.2875830843298664e-06 1.3749900690659496e-06 
1.4309567452574131e-06 1.4185991467020562e-06 1.3511425991067568e-06 1.2864673848081183e-06 1.3736659021541137e-06 
1.4243516228546979e-06 1.4125507448103309e-06 1.3459983490199976e-06 1.2800281105247584e-06 1.3680953067306506e-06 
1.4251379153696953e-06 1.413288417571361e-06 1.3467112340500502e-06 1.2807984911371177e-06 1.3688365072014262e-06 
1.4259956865536385e-06 1.413994035502209e-06 1.3481923060688577e-06 1.2815658971740223e-06 1.370267610572968e-06 
1.418327098184416e-06 1.4082810757243273e-06 1.3425894930135152e-06 1.2746859279466128e-06 1.363661898049956e-06 
1.4136696882918933e-06 1.4040954649799662e-06 1.3385047480912844e-06 1.2702050387512797e-06 1.3593240618118101e-06 
1.4180074033376655e-06 1.4077333110666584e-06 1.3428143133740807e-06 1.2742414975864535e-06 1.3638762221196702e-06 
1.4116743913430942e-06 1.4019278745091475e-06 1.337217457536573e-06 1.2680981198688852e-06 1.3579812049268581e-06 
1.4079436947137358e-06 1.3981499849669348e-06 1.332429631378205e-06 1.2643636851320618e-06 1.3533828409323824e-06 
1.4053721011018217e-06 1.395667033345021e-06 1.330514802960979e-06 1.261798772989664e-06 1.3513316417307285e-06 
1.4049584123405924e-06 1.395521739454847e-06 1.3301430330866541e-06 1.2615054019780458e-06 1.3508613148320207e-06 
1.4047786897089371e-06 1.3936814123190051e-06 1.3272233824448847e-06 1.2606590957480955e-06 1.3489566622645424e-06 
1.4049226719039737e-06 1.3938414002340339e-06 1.3272153405086208e-06 1.2608171172471344e-06 1.3489678837116237e-06 
1.4092407479274321e-06 1.3992613215167232e-06 1.3312458098675471e-06 1.2656767306243729e-06 1.352665987302406e-06 
1.4093823626477394e-06 1.3997597178718243e-06 1.3324198075008289e-06 1.2659421945915113e-06 1.3535496014959218e-06 
1.3911765920216785e-06 1.3814371259179759e-06 1.3108566209862839e-06 1.2477512814072597e-06 1.3325797311848417e-06 
1.3919291951774632e-06 1.38220787931998e-06 1.3114829609769313e-06 1.2485223231954348e-06 1.3332200848988534e-06 
1.392593875583216e-06 1.3829326258539975e-06 1.3136566184970588e-06 1.2491442838413007e-06 1.3351271888386885e-06 
1.3918039114621434e-06 1.381755562592853e-06 1.3122132848021606e-06 1.2482005424879526e-06 1.3339235473994847e-06 
1.390051956158007e-06 1.381966464824855e-06 1.3126906991220636e-06 1.2472577251992115e-06 1.3333643950219413e-06 
1.3899597098368123e-06 1.3820609271619143e-06 1.3129434930249407e-06 1.247237613784027e-06 1.3334970018826677e-06 
1.392259144351909e-06 1.3846382088526839e-06 1.3148649720514031e-06 1.2496952595489239e-06 1.3353834558817467e-06 
1.3988901964261839e-06 1.3870812134512686e-06 1.3192321430214111e-06 1.2545037862613768e-06 1.3415547316893696e-06 
1.3977268445498819e-06 1.3856914538252866e-06 1.3180014386860849e-06 1.253233555276751e-06 1.340413084837363e-06 
1.4057196142375444e-06 1.3952345186680564e-06 1.326997184019404e-06 1.2619361517889382e-06 1.3487105776694767e-06 
1.4067515497179978e-06 1.3962970695853855e-06 1.3279275721239303e-06 1.2629914834630864e-06 1.3496466152437644e-06 
1.3967104166644393e-06 1.384508654282627e-06 1.315982668260756e-06 1.2521819552167133e-06 1.3386155692851304e-06 
1.3985551062723944e-06 1.3859643847806702e-06 1.3170252429217698e-06 1.2538939941757432e-06 1.3399218697022235e-06 
1.4153113827147027e-06 1.4013360189540522e-06 1.3350091858227584e-06 1.2700323300590794e-06 1.3581719045553727e-06 
1.4161338540379192e-06 1.4027500456051342e-06 1.3363073603405433e-06 1.271108548046916e-06 1.359189638076248e-06 
1.4135589463814452e-06 1.4006278080854985e-06 1.335618063141447e-06 1.2686539443111493e-06 1.3580381915071302e-06 
1.404921114180397e-06 1.3913551997651527e-06 1.327117598106687e-06 1.2596832637153504e-06 1.3497353583169596e-06 
1.3940598997327096e-06 1.3777951289713576e-06 1.3132751046790387e-06 1.2476666113433578e-06 1.3373078574749372e-06 
1.3846892564848466e-06 1.3700216156132508e-06 1.305546707762333e-06 1.2389081292202214e-06 1.3287684803662489e-06 
1.386047813608583e-06 1.3716336028456284e-06 1.30653449925897e-06 1.2404025113468464e-06 1.329730060992875e-06 
1.3790809439219717e-06 1.364390915230788e-06 1.2986322022961537e-06 1.2333164986145684e-06 1.3220786989837022e-06 
1.379316220573802e-06 1.3659436570604487e-06 1.3002915885540418e-06 1.234093650255037e-06 1.3230537897593395e-06 
1.3833325029783583e-06 1.3695313138857514e-06 1.3051585520733808e-06 1.2379008937766773e-06 1.3279260137661873e-06 
1.383167521522529e-06 1.3693545466895026e-06 1.3049901126634052e-06 1.2377299159661133e-06 1.3277622339525876e-06 
1.3873763094462576e-06 1.3707899029448774e-06 1.3053156839144376e-06 1.24086158371041e-06 1.32967135888475e-06 
1.3944637624145638e-06 1.377751817067518e-06 1.3132464907487685e-06 1.2478888899445743e-06 1.3375027769777767e-06 
1.3987416953214772e-06 1.3809259168804865e-06 1.317992884858958e-06 1.2516739067584985e-06 1.3425459883613777e-06 
1.3913851202836368e-06 1.3749046239127097e-06 1.3103006656873168e-06 1.2448946849466425e-06 1.3344575398716061e-06 
1.3930999306226685e-06 1.378788303168478e-06 1.3130571589541464e-06 1.247555753702385e-06 1.3363015890145126e-06 
1.388551346419127e-06 1.3747109993881665e-06 1.3085887730880689e-06 1.2431975315298749e-06 1.3316608783935568e-06 
1.3864859859984577e-06 1.3730139633808014e-06 1.3074035917145936e-06 1.24125408126399e-06 1.3302062911018577e-06 
1.3661610477890523e-06 1.3538465083541487e-06 1.2878810640737206e-06 1.2213295156308884e-06 1.3101646509360996e-06 
1.3624590395192941e-06 1.3497455839885944e-06 1.284262849434033e-06 1.2174236042636797e-06 1.3066707464999488e-06 
1.3714289522587918e-06 1.3616837552866462e-06 1.2943403166689567e-06 1.2277599279870618e-06 1.3155465339686703e-06 
1.3754776502270178e-06 1.3636794419704315e-06 1.2983679403313238e-06 1.2308819963547957e-06 1.3202794927934033e-06 
1.3798877038571456e-06 1.3668868947053969e-06 1.3018215559309912e-06 1.2347996587878023e-06 1.3242992751510232e-06 
1.3711160702662463e-06 1.3559693360213378e-06 1.2921137231141216e-06 1.225048753050762e-06 1.315481761416567e-06 
1.3628912792498736e-06 1.3487104730617117e-06 1.2862828397858183e-06 1.2171359023656662e-06 1.3089310169147148e-06 
1.3628531072851197e-06 1.3486827087384751e-06 1.2862420272002496e-06 1.2171023085151697e-06 1.308887105095126e-06 
1.3531138395949292e-06 1.337771883881255e-06 1.2740074770181916e-06 1.2068749791971736e-06 1.2974671932188894e-06 
1.3740457962196782e-06 1.359459359403442e-06 1.2949313228174234e-06 1.2282499524278546e-06 1.3181252979690113e-06 
1.3764927086172485e-06 1.3567664125592154e-06 1.2957277292905897e-06 1.2284760540972918e-06 1.3209432932114003e-06 
1.3793367057369902e-06 1.359821188232233e-06 1.2984621461872011e-06 1.2314301898772154e-06 1.3236229360900721e-06 
1.3839387078459442e-06 1.3640796122873957e-06 1.3032794476885876e-06 1.2358952614333528e-06 1.3285190337041488e-06 
1.3860026927547254e-06 1.3669632913813835e-06 1.305041645520068e-06 1.2383407868286074e-06 1.3300518361716107e-06 
1.3834439586326487e-06 1.3677734225074992e-06 1.304274865316148e-06 1.2372056992572206e-06 1.3278436634798343e-06 
1.3862345923816532e-06 1.3708255103673172e-06 1.3063539434336144e-06 1.2401544371994881e-06 1.3299494471360916e-06 
1.3810112907958926e-06 1.3659984318344247e-06 1.3019596519761822e-06 1.235053353690395e-06 1.3252858623166366e-06 
1.3831829951396266e-06 1.3675606498657466e-06 1.3039601108374217e-06 1.2369671630521922e-06 1.3275214458772927e-06 
1.3783434894397485e-06 1.3629059167460749e-06 1.2992580414010787e-06 1.232182767086327e-06 1.3227358377340328e-06 
1.3791286827653401e-06 1.3639086014983492e-06 1.3005430746399462e-06 1.2330512744222285e-06 1.3238641090675325e-06 
1.3794756330303108e-06 1.3634147553314965e-06 1.300690875527358e-06 1.2330296693341552e-06 1.3243311123901016e-06 
1.3754278014678825e-06 1.3591728937710849e-06 1.2967940151446895e-06 1.2288705130069229e-06 1.3204772079840612e-06 
1.3976509985328058e-06 1.3787817089804766e-06 1.3162376633465472e-06 1.2501353575797743e-06 1.3412593952489167e-06 
1.396612447232709e-06 1.3778490549448892e-06 1.3153300712970878e-06 1.2491339913333481e-06 1.3402946281477055e-06 
1.3969143705792303e-06 1.3778130374254104e-06 1.31512393833159e-06 1.2493070562726165e-06 1.3402872731842394e-06 
1.400928826945224e-06 1.3823189563063443e-06 1.3205171915468564e-06 1.2535062737532325e-06 1.3452836731885394e-06 
1.3891573139267148e-06 1.3708475646800817e-06 1.3079495019750763e-06 1.2418429679607971e-06 1.332750896418084e-06 
1.3900650168893136e-06 1.3726084376663475e-06 1.309106993390683e-06 1.2431255097488098e-06 1.3335762824469079e-06 
1.3732635986145238e-06 1.3540479275846247e-06 1.2926249161234998e-06 1.2254519418970746e-06 1.3176476376037443e-06 
1.3769275846867335e-06 1.3583755803993512e-06 1.298671129672526e-06 1.2293482301526219e-06 1.323072260891062e-06 
1.3740177941496636e-06 1.3516247565034841e-06 1.2946601656857044e-06 1.2247878641807786e-06 1.3205463605360966e-06 
1.3613185160889055e-06 1.3406811735575693e-06 1.2847122337586785e-06 1.2127158604063314e-06 1.3095528222756835e-06 
1.357954447061074e-06 1.3386812169381517e-06 1.2826673235923612e-06 1.2098964846436292e-06 1.306828896254393e-06 
1.3591450331267392e-06 1.3401244408052925e-06 1.2846602489802142e-06 1.211187728048202e-06 1.3086027306893548e-06 
1.3590801634758671e-06 1.3400523256333624e-06 1.2846125977348494e-06 1.2111191192966285e-06 1.3085547000013271e-06 
1.357133056674414e-06 1.336957848588759e-06 1.2797382870691565e-06 1.2087265167319519e-06 1.3045555273966773e-06 
1.3588500413333938e-06 1.3391281912387918e-06 1.2813926404809425e-06 1.2106500489427822e-06 1.306066000576006e-06 
1.364882899173495e-06 1.348751379681926e-06 1.2906923590554272e-06 1.2182065319349149e-06 1.3136050569863319e-06 
1.3761935463449981e-06 1.359748314557305e-06 1.302905441173267e-06 1.229418674184157e-06 1.3257712739063752e-06 
1.37651977792611e-06 1.359800800820194e-06 1.3030113180812252e-06 1.2296307444418852e-06 1.3260061658006421e-06 
1.3706986775849243e-06 1.3533502509955138e-06 1.2999495679750844e-06 1.223473876281649e-06 1.3227036794705363e-06 
1.371157235076927e-06 1.353822765054727e-06 1.30067148087169e-06 1.2239388483615312e-06 1.3233771702383647e-06 
1.3866804906398203e-06 1.3686765571120734e-06 1.3140645365196756e-06 1.2392709737317206e-06 1.3373429651639688e-06 
1.3997977782155908e-06 1.3813789843867946e-06 1.3279561954320205e-06 1.2522656843256006e-06 1.351241900797193e-06 
1.4069059060420351e-06 1.3895484279526874e-06 1.3330833265052461e-06 1.2598901723817958e-06 1.3563348080108237e-06 
1.396785524162651e-06 1.3790356823977553e-06 1.3240874197730302e-06 1.249535509718112e-06 1.3472897874968317e-06 
1.39288396579953e-06 1.3751326387564805e-06 1.321112372361241e-06 1.2456043024517076e-06 1.3441636111690924e-06 
1.3957538266939847e-06 1.3779738435555542e-06 1.3238651296337805e-06 1.2484768653849903e-06 1.346944361676311e-06 
1.3932834988334109e-06 1.3736652212488143e-06 1.3196787415562314e-06 1.2452249738413748e-06 1.343663573564116e-06 
1.3835507219551252e-06 1.3661556949019318e-06 1.3114283223349199e-06 1.2363827937127019e-06 1.3344204889590997e-06 
1.3868888363630626e-06 1.3698172134631327e-06 1.3156925631473767e-06 1.239867343696595e-06 1.3384212393814673e-06 
1.3753202003487402e-06 1.3592432088710678e-06 1.3054503755364155e-06 1.2286602319503323e-06 1.3276279288893339e-06 
1.3764680870226325e-06 1.3605494296791258e-06 1.3067617172330982e-06 1.2298812064246251e-06 1.3288583816570064e-06 
1.369609579254185e-06 1.3537016493815663e-06 1.2994594074645364e-06 1.2229961784618234e-06 1.3216279907972942e-06 
1.371175416931137e-06 1.3558847547343187e-06 1.3022934630364691e-06 1.224828742430551e-06 1.3240436193127545e-06 
1.3524028379060798e-06 1.3399469210760294e-06 1.2864247532290042e-06 1.207182571689927e-06 1.3067435558658032e-06 
1.357366655443568e-06 1.3453774795657414e-06 1.291085536993013e-06 1.2123772856326107e-06 1.311294404226229e-06 
1.356836479715469e-06 1.3450367659488765e-06 1.290626292332263e-06 1.2119272967083522e-06 1.3107594374116817e-06 
1.3493007518844881e-06 1.3365001968255167e-06 1.2848022205134163e-06 1.2039158575916392e-06 1.3049955603834169e-06 
1.345084830879069e-06 1.3330508283686748e-06 1.2816814133580795e-06 1.2000148917127882e-06 1.3014367728476864e-06 
1.3409209890380902e-06 1.3308779107130124e-06 1.279123508845568e-06 1.196705904951585e-06 1.2979427669894446e-06 
1.341800941497109e-06 1.3315178755493144e-06 1.2782428361993988e-06 1.1974772387780878e-06 1.2974313653672e-06 
1.340150960457521e-06 1.3308554178646688e-06 1.2780605853111425e-06 1.196257766849335e-06 1.2966745378787402e-06 
1.3332432324887648e-06 1.3249605365710448e-06 1.2743646039999515e-06 1.189785598229903e-06 1.2921122593235822e-06 
1.3276418641977755e-06 1.32226533398642e-06 1.268863405084014e-06 1.185438866246088e-06 1.2856094546411025e-06 
1.325518215323509e-06 1.320969175701137e-06 1.2701360964793702e-06 1.18371461297557e-06 1.2860499864594594e-06 
1.319453479115634e-06 1.3158244221154417e-06 1.2639949307945954e-06 1.1780234352422052e-06 1.2796096747615188e-06 
1.3230841818845897e-06 1.3227651161611736e-06 1.2695528069491906e-06 1.1831924639353224e-06 1.2837286663878976e-06 
1.3307161504622828e-06 1.3296489928778323e-06 1.2729198812099339e-06 1.1904846861368469e-06 1.2880370827629173e-06 
1.3329205462067181e-06 1.3331868477900078e-06 1.2745186157218103e-06 1.1933141935950409e-06 1.2892766190803922e-06 
1.3316526639089439e-06 1.3320383323992867e-06 1.2733577143933162e-06 1.1920946872815322e-06 1.2880578284417683e-06 
1.3415339911654843e-06 1.3394249550193907e-06 1.2815182505192003e-06 1.2008805598273489e-06 1.2973476295571657e-06 
1.3364303626675315e-06 1.3356735063928094e-06 1.277724347105604e-06 1.1963704896366142e-06 1.292881014087892e-06 
1.3381004081703901e-06 1.3389347295368873e-06 1.2795310549306412e-06 1.198785849546164e-06 1.2941204479080979e-06 
1.3329997874408675e-06 1.332975932929621e-06 1.2739981795711273e-06 1.1932600730415448e-06 1.2889520042657287e-06 
1.3406566304193884e-06 1.3394740268160413e-06 1.281645425368653e-06 1.2004235124974914e-06 1.2969961755695443e-06 
1.3406376721988336e-06 1.3392451546936301e-06 1.2815562151349781e-06 1.2003079896479786e-06 1.2969900818005191e-06 
1.3409533145630743e-06 1.3429237583700302e-06 1.2832821977655399e-06 1.2021824349543079e-06 1.29733742089337e-06 
1.3333157660534188e-06 1.3380624317859061e-06 1.2746603629814554e-06 1.1958201596418585e-06 1.2879190515460887e-06 
1.3340788533114749e-06 1.3382797949309292e-06 1.2749682566597922e-06 1.1963311640914392e-06 1.2884875621554689e-06 
1.3359448969380238e-06 1.3399273146957002e-06 1.2768152732736565e-06 1.1981032412984817e-06 1.2904126655810628e-06 
1.3359804856664233e-06 1.3399759090782568e-06 1.2769062801828303e-06 1.1981447075510984e-06 1.2904903410830583e-06 
1.3525908283922577e-06 1.3598984710492922e-06 1.295573268378116e-06 1.2164121408472529e-06 1.307685795297646e-06 
1.3553316407622701e-06 1.362227084952618e-06 1.2959012620760465e-06 1.2189951989285919e-06 1.3085386602455617e-06 
1.3583203200507252e-06 1.3663156829579636e-06 1.3000681670123621e-06 1.2225173969481612e-06 1.3121380994725634e-06 
1.3571645100355797e-06 1.36489562767168e-06 1.2992273139270484e-06 1.2212233658870904e-06 1.3113388600484897e-06 
1.357367843946872e-06 1.3649426244594367e-06 1.3008098996693607e-06 1.2213393402989527e-06 1.3127568950898757e-06 
1.3642108065149183e-06 1.3693782344462735e-06 1.305989468634467e-06 1.2270741381951853e-06 1.3190302696387763e-06 
1.3626526323020289e-06 1.3673904114233084e-06 1.3039547371728474e-06 1.225306710642576e-06 1.3172196215499603e-06 
1.3547070316821801e-06 1.3592781051505274e-06 1.2970124185296463e-06 1.2172338385646318e-06 1.3101758382444708e-06 
1.3429970900416526e-06 1.3480030961998876e-06 1.2842996042381871e-06 1.2056772102821127e-06 1.297474375921775e-06 
1.3513644490754835e-06 1.3586388995762928e-06 1.2921326892137274e-06 1.2151888111648237e-06 1.304607912408158e-06 
1.3558123859607225e-06 1.3619945940039566e-06 1.2958853634405161e-06 1.2191401123037656e-06 1.3088481219624685e-06 
1.3547157569936009e-06 1.3603919299773578e-06 1.2968934402772874e-06 1.2177703827786038e-06 1.3096964851181583e-06 
1.3636273323811585e-06 1.3677574187188527e-06 1.304668149351741e-06 1.2259990356608907e-06 1.318183845818578e-06 
1.3610109746672807e-06 1.3650935498330468e-06 1.3024422150527415e-06 1.2233437155805643e-06 1.3159123537818142e-06 
1.3626802590900902e-06 1.369014930878228e-06 1.3044692912900426e-06 1.2260953530085777e-06 1.3171060913210937e-06 
1.3617002586633048e-06 1.3676521267089177e-06 1.3054497844958046e-06 1.2249144724790038e-06 1.3179071887978696e-06 
1.3743791811337608e-06 1.3781322457166305e-06 1.316673330330374e-06 1.2366198293242683e-06 1.3301175203449368e-06 
1.3768908289983574e-06 1.3807313343303718e-06 1.3194068741330754e-06 1.23918482459018e-06 1.3327853209864707e-06 
1.371182512095468e-06 1.3728990916772926e-06 1.313204263633286e-06 1.2324517640267036e-06 1.3273914749822583e-06 
1.3814152712563181e-06 1.3855426725796527e-06 1.322320032270112e-06 1.2438766934822357e-06 1.3358560681433947e-06 
1.3811736463367141e-06 1.3864040417874422e-06 1.3226996850165418e-06 1.2441547643999083e-06 1.3357570277222998e-06 
1.3824011182231795e-06 1.3885883630185682e-06 1.3252676423138168e-06 1.2458367780438367e-06 1.3377821865392577e-06 
1.405847849388128e-06 1.4119579976160002e-06 1.3463985103158518e-06 1.2693817898463417e-06 1.3593046908088922e-06 
1.412289766009974e-06 1.4151669906416162e-06 1.3501753204547864e-06 1.27434023850971e-06 1.3646186457102697e-06 
1.4076263397928974e-06 1.4110029469338917e-06 1.3440209645315883e-06 1.269920134539316e-06 1.3585304963048718e-06 
1.4035514704795783e-06 1.4061552515027375e-06 1.3413044783786147e-06 1.2654320719265174e-06 1.3558643947648324e-06 
1.4109709866288433e-06 1.4122946543439999e-06 1.348525805706522e-06 1.2722824739234583e-06 1.3635564974630579e-06 
1.4113583358649465e-06 1.413390044823463e-06 1.349943071795117e-06 1.2729939621351596e-06 1.3645658042549915e-06 
1.4154949842804317e-06 1.4182549944156736e-06 1.353866590491154e-06 1.2774980776201763e-06 1.3682722837498417e-06 
1.4140079790437465e-06 1.416776888569107e-06 1.3536860315331049e-06 1.2759940660823966e-06 1.3678805276908215e-06 
1.41481997407721e-06 1.4186905045460287e-06 1.3548590127760394e-06 1.2773293622185786e-06 1.368617058302395e-06 
1.4130571336560722e-06 1.4161604349547988e-06 1.3518586611661197e-06 1.2752065829769617e-06 1.366078051536555e-06 
1.4099263456721209e-06 1.4133324833846852e-06 1.3492098939873212e-06 1.2721993591812273e-06 1.3632486998986254e-06 
1.409775509902436e-06 1.4133010522151122e-06 1.349066926289207e-06 1.2721045624762154e-06 1.3630634073012342e-06 
1.4115915480745444e-06 1.41505366964895e-06 1.3508403911346273e-06 1.2738995302074936e-06 1.3648652331716064e-06 
1.4091953673389214e-06 1.4132601214799904e-06 1.347666197117825e-06 1.2717902160640957e-06 1.361607693613635e-06 
1.4108995835966909e-06 1.414593763033096e-06 1.348678909412263e-06 1.2733357409683844e-06 1.3628579524483943e-06 
1.4001364174844743e-06 1.4044258382275198e-06 1.3385303934510518e-06 1.2627970775857289e-06 1.3524078992152625e-06 
1.3939512515929019e-06 1.3979901262884033e-06 1.3313003171582012e-06 1.2564798685875306e-06 1.3454314215971726e-06 
1.38704990121812e-06 1.3903647643643878e-06 1.3244193185097107e-06 1.2491968212882617e-06 1.3387979566646746e-06 
1.3888252241975516e-06 1.3958233757895084e-06 1.3278463384200396e-06 1.2527319182388928e-06 1.3406900178333322e-06 
1.3871362813349567e-06 1.3943330326560794e-06 1.3270138041520749e-06 1.2511162336080639e-06 1.3396533201800683e-06 
1.3843520291406468e-06 1.3921968152833003e-06 1.3248928512497682e-06 1.2486234693606392e-06 1.337203478870147e-06 
1.383739223352989e-06 1.39180919366505e-06 1.3245317051305973e-06 1.2481136151275025e-06 1.3367246659569887e-06 
1.3794802858224087e-06 1.388881955321978e-06 1.3205378024889131e-06 1.2444821354553173e-06 1.3322280726599449e-06 
1.3849766515329317e-06 1.3950460945845278e-06 1.326982051502695e-06 1.2503187270636617e-06 1.3382909945908196e-06 
1.3699027585176477e-06 1.3810731767096543e-06 1.3128136159412225e-06 1.235699845155258e-06 1.3235991023897875e-06 
1.36285919784698e-06 1.3730257435089752e-06 1.3034986273508447e-06 1.2281640507982644e-06 1.3149907653869e-06 
1.3614838304980007e-06 1.3721451128660272e-06 1.3012563201498553e-06 1.2270470137933648e-06 1.3127132305103489e-06 
1.3585985511589942e-06 1.3688846367846266e-06 1.2970315858600687e-06 1.223994668051643e-06 1.3088302388886145e-06 
1.3586460211571769e-06 1.3689328392294152e-06 1.2970777395918336e-06 1.224042777426582e-06 1.3088763411009023e-06 
1.3653133802647634e-06 1.374759333919849e-06 1.302590273652064e-06 1.2303561505075985e-06 1.3148629099830113e-06 
1.3674405500251911e-06 1.3766161047012281e-06 1.3045722157065757e-06 1.2323631442975027e-06 1.3169616076116724e-06 
1.3668275849394911e-06 1.37623214652388e-06 1.3042800651740987e-06 1.231851986509798e-06 1.3165392497652201e-06 
1.3619343033566827e-06 1.3709727563364798e-06 1.299070935276846e-06 1.2267612564476257e-06 1.3115077911448395e-06 
1.359595203312448e-06 1.3692767036493317e-06 1.2966372805969616e-06 1.2247346519048662e-06 1.3088655458354046e-06 
1.360761426169865e-06 1.370552628067399e-06 1.2972574381735543e-06 1.2259791164014767e-06 1.3095334920341537e-06 
1.359488895469588e-06 1.370968503466695e-06 1.2979161531468062e-06 1.2254887078202876e-06 1.3092999622306564e-06 
1.357773292546672e-06 1.368645379084663e-06 1.2966713460440491e-06 1.223445818347121e-06 1.308192857264619e-06 
1.3593016697274347e-06 1.3703742732836559e-06 1.2982956079204872e-06 1.2250797119789593e-06 1.3097320996112503e-06 
1.3591389272300386e-06 1.3707891765053216e-06 1.2992045802226679e-06 1.225177752932787e-06 1.310271413522594e-06 
1.361593412076142e-06 1.3745477335565089e-06 1.3013429291009133e-06 1.2283098292593752e-06 1.3120047929583938e-06 
1.3420763522022778e-06 1.3514240924881422e-06 1.280080033613088e-06 1.2069326812914913e-06 1.2922744114140925e-06 
1.3423558388279482e-06 1.351601692487224e-06 1.280355272692707e-06 1.2071629769202367e-06 1.2925857339679428e-06 
1.328389213174144e-06 1.3390873619975624e-06 1.2665998364247926e-06 1.1938445857886653e-06 1.2782925648027132e-06 
1.32401555760661e-06 1.3345275315276728e-06 1.262682619462471e-06 1.1893413935107402e-06 1.2743686493512433e-06 
1.3355080125810854e-06 1.3431476383295595e-06 1.2733941168547395e-06 1.1994871461204954e-06 1.2862013957722716e-06 
1.331605916401194e-06 1.3392914246744907e-06 1.2697055804605865e-06 1.195582017669333e-06 1.2824635437905672e-06 
1.3316434345405403e-06 1.3393309403220077e-06 1.2697430100283983e-06 1.195620718385647e-06 1.2825002895733681e-06 
1.3313029176741401e-06 1.3390894113570314e-06 1.2693273560525016e-06 1.1953291067141393e-06 1.2820622142491026e-06 
1.3338646860781687e-06 1.341879584468565e-06 1.272640200688716e-06 1.1979987003424878e-06 1.2851764925508476e-06 
1.3292546550762106e-06 1.3389044802210027e-06 1.2688609791057538e-06 1.1941536260957368e-06 1.280698397771795e-06 
1.329592780110834e-06 1.337146402567813e-06 1.2688170438386945e-06 1.1934677795057602e-06 1.2814427239224473e-06 
1.3287075986881369e-06 1.3365789976978465e-06 1.2677463015778335e-06 1.1927379898760585e-06 1.2802912625208314e-06 
1.3181326729394272e-06 1.3258786613005627e-06 1.255810706148584e-06 1.1820784533197972e-06 1.2686160930276949e-06 
1.304936633000774e-06 1.3119334280563002e-06 1.2421372570226686e-06 1.1684547413283455e-06 1.2552803544092543e-06 
1.30414905347435e-06 1.310935490083853e-06 1.241243282320592e-06 1.1675621621507941e-06 1.2544764562217417e-06 
1.3043424103759806e-06 1.3114211553116444e-06 1.241766104373358e-06 1.1678916889604225e-06 1.254845384421037e-06 
1.293285389686949e-06 1.3014015831033735e-06 1.2320734793652123e-06 1.1572509016523263e-06 1.244577109736365e-06 
1.295667312174979e-06 1.3022970474916558e-06 1.2342241147844944e-06 1.1589208505866587e-06 1.2472803131578759e-06 
1.2953428194888012e-06 1.3016525099288218e-06 1.2336913856692699e-06 1.158442729249321e-06 1.2468917558688175e-06 
1.2952514081486302e-06 1.3015923973094358e-06 1.2336416439935712e-06 1.1583651719991717e-06 1.246824541805726e-06 
1.2930120953610947e-06 1.2992099226802318e-06 1.2309469599852665e-06 1.1560539143966606e-06 1.2442522867064846e-06 
1.2931207256615504e-06 1.299323347663211e-06 1.2312334435337115e-06 1.1561613399901498e-06 1.2445087838938924e-06 
1.2947009045962754e-06 1.300519682967665e-06 1.2329331949360953e-06 1.1575602745304013e-06 1.246322362001629e-06 
1.296124639583089e-06 1.3017443730532675e-06 1.2343483326966903e-06 1.1588951679301698e-06 1.2478076452108384e-06 
1.2956585986007504e-06 1.3009968371855927e-06 1.2337874616348324e-06 1.158291683186607e-06 1.2473594753850393e-06 
1.2903161763302325e-06 1.2964211781448093e-06 1.2282763508928798e-06 1.1532970047467796e-06 1.241610224450605e-06 
1.2884759576162573e-06 1.294674464909901e-06 1.2257504275090239e-06 1.1515092177175256e-06 1.2391612786628404e-06 
1.2829577358770466e-06 1.2887867067619406e-06 1.2188711203150894e-06 1.145816561262869e-06 1.2326278946936247e-06 
1.2829835760172792e-06 1.2887275306736033e-06 1.2188209270338196e-06 1.14580300376701e-06 1.2326193493362635e-06 
1.2697966248903063e-06 1.2732338717300684e-06 1.2051508856914293e-06 1.13142841183551e-06 1.2198292330102531e-06 
1.2486546568274017e-06 1.2528064572145476e-06 1.1832863989812518e-06 1.1105334311107807e-06 1.1978365494838893e-06 
1.2378689262721426e-06 1.2412388350452354e-06 1.1708042630125272e-06 1.0993586491089026e-06 1.1859001870745633e-06 
1.2365148678228558e-06 1.2399626907576e-06 1.1691720514121306e-06 1.0980449911132296e-06 1.1842857889621396e-06 
1.236328334708755e-06 1.2394200047795707e-06 1.1694746210989558e-06 1.0976651404609596e-06 1.1846337494478886e-06 
1.2285794571618082e-06 1.233119763403159e-06 1.1636759776072184e-06 1.0905137478600635e-06 1.178020565563007e-06 
1.2257317695780154e-06 1.230789447197489e-06 1.1640711361555656e-06 1.0878135860607764e-06 1.177717543181785e-06 
1.2186578797584365e-06 1.224713624639735e-06 1.1579741299687548e-06 1.0811601867264827e-06 1.1711190658833013e-06 
1.2127471991796896e-06 1.220268582529002e-06 1.1509856150495738e-06 1.075958433013846e-06 1.163793558151824e-06 
1.2104086489056683e-06 1.218051336677771e-06 1.1493524911899474e-06 1.0736463406344242e-06 1.1620061419322976e-06 
1.202936727576763e-06 1.2118175046210104e-06 1.142664810365962e-06 1.0667197500610564e-06 1.1547631540725508e-06 
1.2101013368659286e-06 1.2177447037745812e-06 1.1493432412892463e-06 1.0733299286207221e-06 1.1619492257773054e-06 
1.2089565224381852e-06 1.2179946937781615e-06 1.1484923658938601e-06 1.0728609682146013e-06 1.1605657016528514e-06 
1.2151013707401127e-06 1.2257105978977768e-06 1.1546743297197856e-06 1.0798281701388051e-06 1.1661926634529533e-06 
1.2154207278691386e-06 1.2260441079087594e-06 1.1549855550398465e-06 1.0801568535354925e-06 1.166500201467742e-06 
1.2152540602750041e-06 1.226149732877202e-06 1.154552403919313e-06 1.080133950284519e-06 1.166014026753649e-06 
1.2229948695266244e-06 1.2351498662747655e-06 1.1630666462937257e-06 1.0885347674525007e-06 1.1739649287393881e-06 
1.2135227578093692e-06 1.2292970170755144e-06 1.1563807683424156e-06 1.0807672958673898e-06 1.1655726740074317e-06 
1.2090335430161671e-06 1.2231603202741063e-06 1.1516876478781935e-06 1.0754145689694947e-06 1.161489437177841e-06 
1.2279617674848362e-06 1.2471113106796445e-06 1.1748328196759296e-06 1.0969335473405636e-06 1.1822135240725403e-06 
1.2295685035638578e-06 1.2483908829709098e-06 1.1753092096742023e-06 1.0984064493434506e-06 1.1829807878963853e-06 
1.2293580392919894e-06 1.247534601460386e-06 1.1743793907937854e-06 1.0978786356555281e-06 1.1823899222463241e-06 
1.2136891351326627e-06 1.2281485226824703e-06 1.1556297082503188e-06 1.0802879676736766e-06 1.1654268906237127e-06 
1.2376430917311952e-06 1.2540281103466329e-06 1.1812599994693372e-06 1.1053275400870119e-06 1.1901189542675815e-06 
1.2375710051651917e-06 1.2539828856512587e-06 1.180889273918821e-06 1.1052767005688766e-06 1.189785482061081e-06 
1.235347792850506e-06 1.2505890528694067e-06 1.1802292862574579e-06 1.1024063710117e-06 1.1892910194407584e-06 
1.233669038401548e-06 1.2490310210988147e-06 1.1786439512392319e-06 1.1007767433740287e-06 1.1876488020634289e-06 
1.2460696667677423e-06 1.2619231727564798e-06 1.1907191163072904e-06 1.1135084959670124e-06 1.199602947098538e-06 
1.245597711631965e-06 1.2607356845032584e-06 1.1894374701190153e-06 1.1126876530775731e-06 1.1986985651409266e-06 
1.2459772054812147e-06 1.2611038366813288e-06 1.1897560856357993e-06 1.1130650245294004e-06 1.199030687302634e-06 
1.2463380061125616e-06 1.2613892077141125e-06 1.190015811473493e-06 1.1133919516530543e-06 1.1993326513279035e-06 
1.2347845156232418e-06 1.245655805213395e-06 1.1783013055495907e-06 1.0996749658862042e-06 1.1891029387077765e-06 
1.2339679059474528e-06 1.2447138516662908e-06 1.1774187537482862e-06 1.0987923484024308e-06 1.1882744952063148e-06 
1.2339260444000583e-06 1.2450742508764779e-06 1.1778807736544384e-06 1.0989414693044812e-06 1.1885168348069401e-06 
1.2341612240394547e-06 1.244880085388958e-06 1.1784957122038886e-06 1.0989604986588881e-06 1.1892211092695693e-06 
1.2289174963979703e-06 1.236084798874271e-06 1.1706922614651258e-06 1.091980762485823e-06 1.1830579576529476e-06 
1.2284581210105538e-06 1.2356976310347316e-06 1.1702707041083144e-06 1.0915530885735482e-06 1.1826053808252417e-06 
1.2284592868316873e-06 1.2356984020976585e-06 1.170271778731377e-06 1.0915540709172068e-06 1.1826066067819511e-06 
1.2190433731914383e-06 1.2263618486049093e-06 1.1620757302808258e-06 1.0821010203156427e-06 1.1741897266878995e-06 
1.2190934819723103e-06 1.226512066303307e-06 1.1621584374570585e-06 1.0821996263801032e-06 1.1742325307495894e-06 
1.2147637071624543e-06 1.2225161884292833e-06 1.1572820169667775e-06 1.0780117172438012e-06 1.1693277975852577e-06 
1.2193670198770163e-06 1.2275132933645248e-06 1.1628922245989716e-06 1.0828231506583578e-06 1.1746406669433106e-06 
1.2213302745169897e-06 1.2290529173497316e-06 1.164748853139066e-06 1.0845941703984434e-06 1.176660991137992e-06 
1.225914991969156e-06 1.2341041759902465e-06 1.17052121495992e-06 1.0894228973240899e-06 1.1820822617162938e-06 
1.226919003999991e-06 1.2345704780972344e-06 1.1708694129407087e-06 1.0901783903886303e-06 1.1827210124833726e-06 
1.228522018479478e-06 1.2358556115648248e-06 1.1722559324637347e-06 1.0916396851994666e-06 1.1842519553855155e-06 
1.2290415353582215e-06 1.236759132764311e-06 1.1731841213770332e-06 1.0923446090760293e-06 1.1849820263218978e-06 
1.2263674246170915e-06 1.2266776393363476e-06 1.1644524380772071e-06 1.086185463465522e-06 1.1797811419019635e-06 
1.226629495757615e-06 1.2265780491298043e-06 1.164622341106197e-06 1.0862802324243923e-06 1.1800904827616896e-06 
1.2286707264792499e-06 1.2286664614993958e-06 1.1658336823239286e-06 1.0883693391436766e-06 1.1814192141118783e-06 
1.2343251679433943e-06 1.233830894517958e-06 1.172633046407562e-06 1.0938120664105522e-06 1.18820104148544e-06 
1.223406199679243e-06 1.2249775057152841e-06 1.1610015481964838e-06 1.083811216712546e-06 1.1759747528820727e-06 
1.2222408775087361e-06 1.2234105715218622e-06 1.159668237373244e-06 1.082450591154136e-06 1.174807463806371e-06 
1.2182125825263642e-06 1.2180714413339056e-06 1.1549661646328355e-06 1.077788073238384e-06 1.1706674396827192e-06 
1.2180213570937292e-06 1.2184065310903347e-06 1.1551186177214885e-06 1.0778383053211e-06 1.1705828303723024e-06 
1.2294393291125748e-06 1.227499259335539e-06 1.1652804255613706e-06 1.0882556441221824e-06 1.1817465170610248e-06 
1.230657948677743e-06 1.2284419162220736e-06 1.1664617180229627e-06 1.08935342313368e-06 1.1830285113903519e-06 
1.2326193746665877e-06 1.2298099318824031e-06 1.1676536750508597e-06 1.0910635964180767e-06 1.1845489886622964e-06 
1.231395848993006e-06 1.2284257701112348e-06 1.1676524880813409e-06 1.089737651015894e-06 1.1844047762044411e-06 
1.2292175414109779e-06 1.2259467863176612e-06 1.1652274807181542e-06 1.0874098744081428e-06 1.1821237088374764e-06 
1.223853385496147e-06 1.2206570437155844e-06 1.1591090692649873e-06 1.0820587671646185e-06 1.1761038113887085e-06 
1.2340899242570155e-06 1.2303252523820064e-06 1.1652696274780693e-06 1.0921871100012182e-06 1.1831199708537243e-06 
1.232519296911276e-06 1.2284534885782012e-06 1.1625232506134144e-06 1.0905012149077757e-06 1.1806692651272017e-06 
1.228396237670702e-06 1.224868551469159e-06 1.1575660358360682e-06 1.0866365441152146e-06 1.1756633871401036e-06 
1.2240078178218012e-06 1.2185013690834197e-06 1.1535889846391174e-06 1.081274556789746e-06 1.172303360016776e-06 
1.2314380062114088e-06 1.2224481651469478e-06 1.159206196129376e-06 1.0871900991249114e-06 1.1794123580628384e-06 
1.2417040382599611e-06 1.235097145492985e-06 1.1730934723004463e-06 1.0985180173365914e-06 1.1918845862048123e-06 
1.2396719370534723e-06 1.2305051000026321e-06 1.1680334057978447e-06 1.0953748401243613e-06 1.1881995407437315e-06 
1.2357361601007823e-06 1.2256330128882587e-06 1.1661092676484497e-06 1.090940239747351e-06 1.1862665042592785e-06 
1.2422599488663598e-06 1.2314829809620398e-06 1.1708123288353946e-06 1.0972398377626471e-06 1.1914972974556472e-06 
1.244965711368945e-06 1.2337653033789663e-06 1.1775617137977088e-06 1.099699572603972e-06 1.1977235868665632e-06 
1.2491938324159278e-06 1.2368239058905666e-06 1.181122424888262e-06 1.1034425882630052e-06 1.2017908658923078e-06 
1.2535059749797762e-06 1.2390098891489182e-06 1.1871342745996204e-06 1.1068407810106516e-06 1.2082411824845456e-06 
1.264265092706e-06 1.2496254777616879e-06 1.1994476575087817e-06 1.1176046877952742e-06 1.2203417312814376e-06 
1.2604788215718071e-06 1.2476555775084686e-06 1.1987260115027751e-06 1.1145956094338045e-06 1.2185004685198934e-06 
1.2690377687688277e-06 1.2596061492234284e-06 1.209264417743212e-06 1.1246953692849877e-06 1.227562985666873e-06 
1.2659527712337543e-06 1.2556098997286268e-06 1.205337817661464e-06 1.1211861643226513e-06 1.2240841459128966e-06 
1.2628310945623142e-06 1.2519754940120851e-06 1.2013554708298484e-06 1.1178151344594383e-06 1.2204179102377915e-06 
1.2720554129280746e-06 1.2635264174285363e-06 1.2115981578535565e-06 1.1281209703781086e-06 1.229701964930228e-06 
1.272649220785959e-06 1.2642877739829008e-06 1.2117883338299084e-06 1.1287897393393022e-06 1.2299012069371583e-06 
1.2705544152031196e-06 1.2626267285768732e-06 1.2099366573155646e-06 1.1268753616226171e-06 1.2278628967797874e-06 
1.2747270664837072e-06 1.2681347414144101e-06 1.2162683022183506e-06 1.1316806746274493e-06 1.233386930191665e-06 
1.2750946721588562e-06 1.2686381403816545e-06 1.2167939365728356e-06 1.132112219546921e-06 1.2338405508272455e-06 
1.2698700047858805e-06 1.2649138333280055e-06 1.212595971480002e-06 1.12753338015724e-06 1.2289662206000255e-06 
1.2586431495349708e-06 1.2532592408125198e-06 1.2019477983678177e-06 1.1160540411789906e-06 1.2183715635359947e-06 
1.2595430073866454e-06 1.2541604701520604e-06 1.2028934842089328e-06 1.1169606862271986e-06 1.2193091277956846e-06 
1.245836343376741e-06 1.2433630381611535e-06 1.1900799134003316e-06 1.1044804363594007e-06 1.2053623161419644e-06 
1.2686211254745518e-06 1.2646790888159594e-06 1.212628666207791e-06 1.126744565832673e-06 1.2284456286702672e-06 
1.2666628146032932e-06 1.262593354736117e-06 1.2111162687747631e-06 1.1247234428981104e-06 1.226904486313325e-06 
1.282892315249431e-06 1.2786569478917615e-06 1.2278352776710158e-06 1.1409853710473984e-06 1.243597383748863e-06 
1.2747864461060286e-06 1.2707289102413892e-06 1.2187223775186104e-06 1.132894892974562e-06 1.234589118887889e-06 
1.2707028884188754e-06 1.2712199979176454e-06 1.2167504653562361e-06 1.1308791343677092e-06 1.2307159359973131e-06 
1.2691023738915882e-06 1.269672053929503e-06 1.2145688188239108e-06 1.1292868593987207e-06 1.228610181775689e-06 
1.2704597923906626e-06 1.2736259736908668e-06 1.2182232658070867e-06 1.1318726264211792e-06 1.2310063231177347e-06 
1.268673997788697e-06 1.2718708751665067e-06 1.2164270413274598e-06 1.1300900151106387e-06 1.2292014495175857e-06 
1.284069310642837e-06 1.2874055337093693e-06 1.233426808469345e-06 1.1456661678429478e-06 1.2458947346396932e-06 
1.2701423348245999e-06 1.273685706930123e-06 1.2193439307563534e-06 1.1317475638906657e-06 1.2317673061037213e-06 
1.2735066812293837e-06 1.2772306734788028e-06 1.2225817394698912e-06 1.1352137992654291e-06 1.2349632111909762e-06 
1.2736630355347205e-06 1.2771392067882166e-06 1.2227133580094255e-06 1.1352563871550708e-06 1.2351836339252146e-06 
1.273519423431311e-06 1.2775778490143403e-06 1.2228121167456745e-06 1.1353844904623851e-06 1.2350441905183454e-06 
1.2684016936947969e-06 1.273456099583655e-06 1.2184705219902423e-06 1.1307090917597217e-06 1.2302375801356187e-06 
1.270729252978919e-06 1.275991564059164e-06 1.220934575055675e-06 1.1331496435983904e-06 1.2326083557239408e-06 
1.2713496214275034e-06 1.2757804495731347e-06 1.221402597936911e-06 1.1333859618853892e-06 1.233385636591469e-06 
1.2760393451989353e-06 1.278920109182065e-06 1.2259167088802113e-06 1.1373881865137886e-06 1.2384578228279952e-06 
1.2711698985887545e-06 1.274713669923605e-06 1.2213702203512015e-06 1.1327990999349389e-06 1.233633316445999e-06 
1.275368339095513e-06 1.276617810668873e-06 1.2235472762441958e-06 1.1359374116827755e-06 1.236918694909532e-06 
1.2773678119619464e-06 1.2785209723564308e-06 1.2251600683408881e-06 1.13789877463538e-06 1.2386263583555937e-06 
1.2808258524617092e-06 1.2820518408774183e-06 1.2288615517624819e-06 1.1414148789340628e-06 1.242263373125332e-06 
1.2624016011079846e-06 1.2627380644821458e-06 1.210728306025941e-06 1.1224788599797667e-06 1.224389191296541e-06 
1.2654526401900233e-06 1.2659927322587505e-06 1.2124679173454196e-06 1.1256196886447146e-06 1.2262703104431707e-06 
1.2693238520180869e-06 1.269726554185994e-06 1.2158092011869127e-06 1.1294448063516523e-06 1.2297434147280278e-06 
1.2739994313766526e-06 1.2753051118837693e-06 1.2197461690773852e-06 1.134554137981862e-06 1.2334898591799078e-06 
1.273420267927718e-06 1.2735538376275558e-06 1.2181814469784212e-06 1.1334248297414363e-06 1.2324850168672954e-06 
1.274563951258941e-06 1.2736527554204282e-06 1.2202310859628702e-06 1.1341088856039961e-06 1.234745222193063e-06 
1.276074811982486e-06 1.2768832126852862e-06 1.2232607472349864e-06 1.1364314904049187e-06 1.236942572831183e-06 
1.2752224055966699e-06 1.278037281595477e-06 1.2231738299065404e-06 1.136504399962803e-06 1.2360465348488165e-06 
1.2793711185013224e-06 1.2791166632700762e-06 1.2248058124598074e-06 1.1392406896510405e-06 1.2391325040017132e-06 
1.2896034808139311e-06 1.284655947242975e-06 1.2304473543109908e-06 1.1473734754518038e-06 1.2471167185527891e-06 
1.2996140418655165e-06 1.2942879640231966e-06 1.2412759462387192e-06 1.1572785985548896e-06 1.2579390312197348e-06 
1.294785063182557e-06 1.2872411278806482e-06 1.2361461397848382e-06 1.1514358396024954e-06 1.2536127647632433e-06 
1.2971672176339061e-06 1.2895555964910085e-06 1.2390164195614465e-06 1.1538082156031367e-06 1.2564257406710847e-06 
1.2957655311286096e-06 1.2880951844383022e-06 1.2376618500370053e-06 1.1523731905514916e-06 1.2550836954163613e-06 
1.3015723868092033e-06 1.2932698393159348e-06 1.2436385894124065e-06 1.157939820271579e-06 1.2612456036840662e-06 
1.2953146705973073e-06 1.288639331462044e-06 1.2375999440176308e-06 1.1523624156073488e-06 1.2546208777276344e-06 
1.3053426227593371e-06 1.2991511150704325e-06 1.250767157020779e-06 1.1627163447643302e-06 1.2671104526160637e-06 
1.3017982857087112e-06 1.29696495095046e-06 1.2485276183536371e-06 1.1597758439025024e-06 1.2641991198860538e-06 
1.3051394498699133e-06 1.2996423837041469e-06 1.2518665335115233e-06 1.1628459632932325e-06 1.2677626825604587e-06 
1.313385406770907e-06 1.3075564431114766e-06 1.258362028121483e-06 1.1709550658715156e-06 1.2746539593184562e-06 
1.3110473768054294e-06 1.3049855446843898e-06 1.2547382399921603e-06 1.1684775297354027e-06 1.27131881411232e-06 
1.31438674346703e-06 1.3095225259904754e-06 1.2595433052114656e-06 1.1723902567463461e-06 1.275478665726375e-06 
1.3200296960474535e-06 1.3142354523426203e-06 1.2646209312119293e-06 1.1776450500638243e-06 1.280962577463571e-06 
1.3199441254189422e-06 1.3142334935160695e-06 1.2649029496679149e-06 1.1776029461217524e-06 1.2811564875438362e-06 
1.3208325680766763e-06 1.3163447599665004e-06 1.2645939918852374e-06 1.1790161858251291e-06 1.2806268739907033e-06 
1.31696035709064e-06 1.3126461045418513e-06 1.2603838123890992e-06 1.1751947562856773e-06 1.276413234899862e-06 
1.300303756402723e-06 1.2986580404735581e-06 1.2445220298972396e-06 1.1596515656388518e-06 1.2595167706406034e-06 
1.3053041046408449e-06 1.3049126046162783e-06 1.2486648328331305e-06 1.1652454911542077e-06 1.2633687328054647e-06 
1.3067884148464881e-06 1.3074649639288206e-06 1.2512225579209645e-06 1.1672354811067824e-06 1.265388077025855e-06 
1.3182167405314883e-06 1.3184229305861094e-06 1.2629405566177345e-06 1.1785151784660947e-06 1.2772186673401615e-06 
1.31823187046175e-06 1.3185476521708538e-06 1.2630958175049415e-06 1.1785818563388747e-06 1.2773139258611645e-06 
1.3176561098255336e-06 1.3172439906132044e-06 1.2623264589158567e-06 1.177668435976813e-06 1.2768244900112292e-06 
1.3196613183606996e-06 1.3189703250060057e-06 1.2640696520530583e-06 1.1795552702869509e-06 1.2787048211506386e-06 
1.3315940226460378e-06 1.3308972484239726e-06 1.2765581171984145e-06 1.1915579189928816e-06 1.2911039323494412e-06 
1.3261443760335496e-06 1.3252351903354708e-06 1.2691122326474196e-06 1.1859637053899182e-06 1.2840530519429742e-06 
1.3461444247278073e-06 1.3416698544292682e-06 1.2894116159785896e-06 1.204467227324888e-06 1.305515585605384e-06 
1.3459153845147036e-06 1.3417007677430136e-06 1.2896520718906587e-06 1.204359277040991e-06 1.3055916724481436e-06 
1.34340442430999e-06 1.3405124077379274e-06 1.2886513621475843e-06 1.202448265014248e-06 1.3038974206157814e-06 
1.3520154803708272e-06 1.3504606000655267e-06 1.2996114618136541e-06 1.2117493218429111e-06 1.3140224871180167e-06 
1.3530661609884814e-06 1.351989900878398e-06 1.3012853500861413e-06 1.213033681212681e-06 1.3154331097514638e-06 
1.3627295837449152e-06 1.3631729229340778e-06 1.3106662983600946e-06 1.2234265659124067e-06 1.3243412361784983e-06 
1.3611962926662656e-06 1.3630472340714465e-06 1.3108167277719941e-06 1.2225581310665308e-06 1.323742114457365e-06 
1.3625890152300473e-06 1.3604986556544977e-06 1.3101408752796734e-06 1.2221402529973292e-06 1.324739540996663e-06 
1.3621015825933138e-06 1.3599031622213555e-06 1.3095209761744754e-06 1.2215990818878185e-06 1.324177776751253e-06 
1.362134250849131e-06 1.3589249375276373e-06 1.3107440226971363e-06 1.2212148984856274e-06 1.3255514509961617e-06 
1.3569700145770765e-06 1.3552188874455437e-06 1.3067714008874597e-06 1.216699959287891e-06 1.3208927765756537e-06 
1.3642086134104883e-06 1.361897215093163e-06 1.31506256311887e-06 1.223764140457717e-06 1.329203102085956e-06 
1.3640399962334573e-06 1.3615946217620348e-06 1.3147694758912741e-06 1.2235316752779977e-06 1.3289754861200541e-06 
1.3677321800137557e-06 1.3633209533033206e-06 1.317759055351581e-06 1.2263625507834215e-06 1.3327430543708184e-06 
1.367140563229493e-06 1.3624788000284358e-06 1.3168799234086004e-06 1.2256491956539186e-06 1.3319952173470078e-06 
1.3742574046042197e-06 1.3682390598893016e-06 1.322872917946743e-06 1.2321799251478546e-06 1.338627563868255e-06 
1.3709453542546097e-06 1.3644236445580416e-06 1.3189263313103839e-06 1.2286124585973404e-06 1.3349544122156441e-06 
1.3705840202746395e-06 1.3640896299165387e-06 1.3184060676162345e-06 1.2282559127186042e-06 1.3344508135464896e-06 
1.3768632083001824e-06 1.370089516838018e-06 1.323485554441855e-06 1.2344120283386211e-06 1.3398185938623304e-06 
1.374034978719631e-06 1.3693411657903636e-06 1.3219212012214755e-06 1.2325084233870996e-06 1.3373466310185855e-06 
1.3753856509227507e-06 1.37463779273401e-06 1.3232587169880955e-06 1.2356119759091999e-06 1.3373477911925633e-06 
1.3856097925495919e-06 1.3864245500364236e-06 1.3363619657749937e-06 1.2466626208366117e-06 1.3494561812900937e-06 
1.3868355225105452e-06 1.3870335427242137e-06 1.3367473785496407e-06 1.247595334961045e-06 1.3501859420322769e-06 
1.3872443849516492e-06 1.3900903560875595e-06 1.336719632266409e-06 1.2491931367554525e-06 1.3493265274124387e-06 
1.3867929660118941e-06 1.3902662427930767e-06 1.3371380414314397e-06 1.249044769018783e-06 1.349392019598985e-06 
1.3882166385541034e-06 1.3880342903177853e-06 1.3347373900439771e-06 1.2487380144517668e-06 1.3488498063097008e-06 
1.3785396343531827e-06 1.379801677522956e-06 1.3289255331975767e-06 1.23974628781608e-06 1.341927071009194e-06 
1.3902318040133905e-06 1.3919081076489999e-06 1.3391201902199029e-06 1.2516511083781052e-06 1.3522194757855955e-06 
1.3904143075654455e-06 1.3920207932696247e-06 1.3392179912159807e-06 1.2518010704244083e-06 1.3523546128206113e-06 
1.3922485746272438e-06 1.3946386912728842e-06 1.3408294139262043e-06 1.2539970376117386e-06 1.3537343375056592e-06 
1.3984342875394833e-06 1.4007377042556224e-06 1.3466813163813238e-06 1.2601683862263936e-06 1.3596685911679528e-06 
1.3982356472325273e-06 1.4034637588038605e-06 1.3486745429229136e-06 1.2613544082881567e-06 1.3603134022840417e-06 
1.3975679756961247e-06 1.403017799624724e-06 1.3482209261429812e-06 1.2607901176153818e-06 1.3597499781616036e-06 
1.3878330428639807e-06 1.3924302670025375e-06 1.3373875519918986e-06 1.250590489156635e-06 1.3493836729913896e-06 
1.387251961286401e-06 1.3916001486389632e-06 1.3366916205058999e-06 1.2498894087544457e-06 1.3487912248510695e-06 
1.389692224969776e-06 1.3918752200437633e-06 1.3388988059254985e-06 1.2513457761222205e-06 1.351774520640374e-06 
1.3969062977140378e-06 1.4000360329984026e-06 1.349062390026075e-06 1.2591005182359772e-06 1.3611434329385915e-06 
1.3926839700014087e-06 1.3968752714144277e-06 1.3444191806357799e-06 1.2553276304518884e-06 1.3562059685749961e-06 
1.38872592823031e-06 1.3948433292874914e-06 1.342137014840812e-06 1.2522759911350091e-06 1.3529998966234263e-06 
1.3887504911943172e-06 1.393592525061805e-06 1.3422514793965896e-06 1.2517195495542123e-06 1.3535351840521942e-06 
1.392735878888988e-06 1.4002139448633474e-06 1.3467133285548244e-06 1.2569496329106117e-06 1.357021179309291e-06 
1.3891124200279594e-06 1.396690576844107e-06 1.34330644601377e-06 1.253359610632297e-06 1.3535458719840756e-06 
1.3939072341169817e-06 1.4001445871101668e-06 1.3463684197099579e-06 1.2575147735680046e-06 1.3573410194187563e-06 
1.3896430636677246e-06 1.394538771492975e-06 1.3429377483069595e-06 1.2526351593314368e-06 1.3542359692872812e-06 
1.3794439690157334e-06 1.3836665606120766e-06 1.3325214972019177e-06 1.2420697376785502e-06 1.3440844148312063e-06 
1.3797939975322762e-06 1.3840788077519091e-06 1.3328333037405581e-06 1.2424487880928224e-06 1.3443810919319308e-06 
1.3791791123398013e-06 1.383523145074327e-06 1.3321867173610666e-06 1.2418566817384033e-06 1.3437194164185597e-06 
1.3790757389920053e-06 1.3834361375639747e-06 1.3320886380402842e-06 1.2417603645723822e-06 1.3436149208551253e-06 
1.386520379362636e-06 1.3893361823690143e-06 1.3400413501676369e-06 1.2485614153384652e-06 1.3520118086617493e-06 
1.3823911730598805e-06 1.3832691923121543e-06 1.3336976777211988e-06 1.2434715456989663e-06 1.3466817686218898e-06 
1.3834382471719993e-06 1.384779589065706e-06 1.335472266586976e-06 1.2447536957172755e-06 1.3481821709763522e-06 
1.3808081088500693e-06 1.3810071500245895e-06 1.331826945904353e-06 1.2415682427055237e-06 1.3450879876983316e-06 
1.3720728295517214e-06 1.3721276978073467e-06 1.323583262969689e-06 1.2327374632998392e-06 1.3368151159154717e-06 
1.3718442898754678e-06 1.3716281882968148e-06 1.3234547902494023e-06 1.2323905288782791e-06 1.3367625244602947e-06 
1.3692590533254891e-06 1.3691882404953024e-06 1.3207936088637026e-06 1.2298534716425935e-06 1.3340645123090237e-06 
1.3633856703951407e-06 1.3646955197876436e-06 1.3157749841453852e-06 1.2245910298288942e-06 1.3284403470235003e-06 
1.3582829560964688e-06 1.3601342537695213e-06 1.3096185615923835e-06 1.2196722200890375e-06 1.322269222474439e-06 
1.3495102786258273e-06 1.3506843490639841e-06 1.3017438568238632e-06 1.2105738956688396e-06 1.3144815713549748e-06 
1.3495585056383443e-06 1.3509397088282378e-06 1.3017322327335862e-06 1.2107132288174823e-06 1.3144091491803512e-06 
1.3442497376797542e-06 1.3456648410805597e-06 1.2965130318762898e-06 1.2053929163808087e-06 1.3091645199724839e-06 
1.3450213797849228e-06 1.3461066222035886e-06 1.2971939925911668e-06 1.2060184230359148e-06 1.3099720865510882e-06 
1.3543737706781357e-06 1.3533490049794953e-06 1.304857870262889e-06 1.214431374761325e-06 1.3186230916670672e-06 
1.3532691372794199e-06 1.3516550686876923e-06 1.3029779894067005e-06 1.213036822557937e-06 1.317068239449627e-06 
1.3513958917511362e-06 1.351363574492226e-06 1.3003176874302417e-06 1.2118384865905516e-06 1.3139975407696224e-06 
1.3517666438108159e-06 1.351891612971637e-06 1.3005272584865887e-06 1.2122782702735203e-06 1.314179467540583e-06 
1.3520106979239784e-06 1.3526730321433662e-06 1.3017858541621548e-06 1.2127894581588294e-06 1.3150921275581916e-06 
1.3523977673249729e-06 1.3524779668230171e-06 1.3018526486966219e-06 1.2129091906204044e-06 1.3154083901845506e-06 
1.3491343239276498e-06 1.3483064796768382e-06 1.2977246258902271e-06 1.2092001275002487e-06 1.31172864432173e-06 
1.3514248815532616e-06 1.3504101139002363e-06 1.2995808082509156e-06 1.211409513396883e-06 1.3137180603204947e-06 
1.34857205089065e-06 1.3470556944265404e-06 1.2964739819780945e-06 1.2083111077392966e-06 1.3108230322100954e-06 
1.3547109181675447e-06 1.3548131657653715e-06 1.301675152060713e-06 1.2151925339366058e-06 1.3156235276831993e-06 
1.3586365107232483e-06 1.3563324307364949e-06 1.3036351268875896e-06 1.2180221289957254e-06 1.3187189724500457e-06 
1.358521426477836e-06 1.35627473283959e-06 1.3036115335493656e-06 1.2179336050739655e-06 1.3186611067907564e-06 
1.3569384107001397e-06 1.3547214672553628e-06 1.301990400433209e-06 1.2163548871369765e-06 1.3170362399047389e-06 
1.3564130771345998e-06 1.3525251898912912e-06 1.298731011592635e-06 1.2150423501304468e-06 1.3147873413708382e-06 
1.3576032880604178e-06 1.3536348531523947e-06 1.3006392889811004e-06 1.216210660383371e-06 1.3166066126178899e-06 
1.3576954860449123e-06 1.3536383717306439e-06 1.3006708595383034e-06 1.2162629621750133e-06 1.3166781346720856e-06 
1.3521111111149145e-06 1.3479230401069421e-06 1.295989813317893e-06 1.2106024678931082e-06 1.311896321828606e-06 
1.3598281482664638e-06 1.3558938587016293e-06 1.3028742170971661e-06 1.2184627473425161e-06 1.3188279118329037e-06 
1.3593444901796126e-06 1.3542621356455252e-06 1.300685896563289e-06 1.2174454373791615e-06 1.317306161754144e-06 
1.3583554239033172e-06 1.3547805845311655e-06 1.3008314823156883e-06 1.2171371304363058e-06 1.3167553415097359e-06 
1.3555457321477412e-06 1.3536672315019213e-06 1.299521263573549e-06 1.2150928882031707e-06 1.31462571306824e-06 
1.3581178241920345e-06 1.3561348457120205e-06 1.3015377164487047e-06 1.2176255035873607e-06 1.3167669696669467e-06 
1.3640056281268384e-06 1.3619214708854827e-06 1.3073736131221697e-06 1.2234981191493748e-06 1.322644779810665e-06 
1.3596011294796388e-06 1.3578300196651962e-06 1.3034412952093671e-06 1.2192169314838009e-06 1.3185303397706528e-06 
1.362833933193928e-06 1.359863107847504e-06 1.3043402872279968e-06 1.2219042214722872e-06 1.320214289484596e-06 
1.3631355182556659e-06 1.3600838150372673e-06 1.3045128838696451e-06 1.222170030013448e-06 1.3204352365386876e-06 
1.3720107335992096e-06 1.3708924064602826e-06 1.3148154279112694e-06 1.2319790138210454e-06 1.329846662272805e-06 
1.3712372197434509e-06 1.3704288597186524e-06 1.3145942480347813e-06 1.2313469776442071e-06 1.3294309400597835e-06 
